x1	x2	x3	v1	v2	v3	mass	rel_mass	water_fraction
-745168.6363945329 90678848.52673064 5584.487077159768 -4.268477439464655 2166.513718091896 0.2238198837219753 1.1598512244099999e+24 0.9052623487582169 0.09620617588389009 
2414097.2176673515 -923676761.2267973 156839.60930365793 -75.60334857647538 -22065.194653313094 1.1224904985248527 9.744389874999996e+22 0.07605483427032202 0.07497299526889536 
5052538.88573367 -852770538.6399212 -22324589.002357684 28.04744313994044 -20515.40182230167 -484.45080580324947 4.7362664e+20 0.000369664966958 0.0 
7890113.861 -870239752.78 -902163.30109 93.467985286 -20984.618119 -37.157478837 2.7522508e+20 0.00021481281142 0.0 
-16791505.894 -815661398.57 -79334564.681 -492.41192582 -19545.547717 -1841.8418257 2.0046539e+20 0.00015646297212 0.0 
15763622.426 -872605587.45 19280255.47 238.91831149 -21028.553121 388.32204028 1.3588576e+20 0.0001060586562 0.0 
2572902.3017 -796858155.13 -10422754.655 -20.666283976 -19119.29794 -244.86365954 1.3466173e+20 0.0001051033024 0.0 
11796843.424 -840712290.01 -46519349.549 168.64460287 -20185.323011 -1046.5105417 1.3411063e+20 0.00010467316958 0.0 
8153497.7745 -785918081.97 -23065700.972 89.715291232 -18858.900898 -529.81094261 1.3356798e+20 0.00010424963197 0.0 
11892640.150922809 -888131723.1164315 33705268.58323466 148.95460271434445 -21373.877339208568 640.4896643230363 1.9968797e+20 0.000155856196834 0.0 
33916430.077 -792354979.77 12941188.177 690.14879883 -19007.991479 298.09205155 8.842652e+19 6.9016782067e-05 0.25059213005 
7436680.598 -866716446.18 -9010166.3681 88.158362075 -20890.179516 -187.53221321 6.873289e+19 5.3645929863e-05 0.0 
10056858.375 -869462668.96 -10437327.607 120.12755161 -20948.15255 -205.77638041 6.873289e+19 5.3645929863e-05 0.0 
7197496.7861 -862804250.79 -20929319.548 77.364619771 -20747.932201 -433.07607505 6.865862e+19 5.3587962226e-05 0.0 
14344501.34 -870046097.97 14948045.993 223.78963703 -20981.722186 317.8676964 6.850958e+19 5.3471636703e-05 0.0 
-3257872.0266 -900037511.91 29812070.86 -101.55250501 -21672.065817 504.91817217 6.843482e+19 5.3413286621e-05 0.0 
10125820.526 -854528931.88 18173315.507 126.74792643 -20554.910557 390.8500751 6.828478e+19 5.32961806e-05 0.0 
3343916.9426 -859783462.3 -8477346.7687 -4.8500136834 -20705.351766 -188.59048581 6.828478e+19 5.32961806e-05 0.0 
3316283.1889 -853270617.02 -10056618.841 31.632517393 -20544.725822 -214.95930287 6.828478e+19 5.32961806e-05 0.0 
6417964.9814 -848812839.03 38324759.306 63.50852448 -20390.542042 838.24443809 6.798264e+19 5.3060360729e-05 0.0 
6152035.6374 -853390991.51 33442207.75 46.551826899 -20502.360696 731.85294947 6.775418e+19 5.2882048e-05 0.0 
10517141.775 -844782411.75 45768081.812 152.16139379 -20275.394724 1014.1718651 6.775418e+19 5.2882048e-05 0.0 
7740448.6461 -884890186.45 -31739109.248 104.48503481 -21285.224694 -607.23647769 6.775418e+19 5.2882048e-05 0.0 
4058252.791 -862359266.55 38845.080067 -5.2790558535 -20798.878355 -25.4681113 6.767767e+19 5.2822332047e-05 0.0 
2863618.0423 -917174598.8 -38942123.523 6.1717286638 -21950.644031 -653.04519407 6.767767e+19 5.2822332047e-05 0.0 
8012158.4724 -850543694.08 19075614.897 87.218214257 -20476.448658 417.37923393 6.760098e+19 5.2762475603e-05 0.0 
9015789.915647248 -880371918.2887117 17552087.18918598 86.94220660741479 -21237.528123139462 321.8782431487721 1.3442632e+20 0.00010491956521 0.0 
3645961.792 -854789020.18 -7901604.3092 -34.73256678 -20595.919729 -192.40824258 6.736978e+19 5.2582024308e-05 0.0 
3000152.5357 -905147685.11 -46852633.16 1.1810720738 -21698.004265 -911.43413436 6.736978e+19 5.2582024308e-05 0.0 
2175407.6642 -892282182.14 63869588.2 -31.193691559 -21398.530757 1387.9304289 6.729233e+19 5.2521574685e-05 0.0 
7633122.8502 -801202006.05 -8205889.1748 66.145198918 -19217.744297 -194.5037785 6.72147e+19 5.2460984573e-05 0.0 
6578805.6196 -847339989.61 30988607.394 44.462756739 -20375.530574 685.66670062 6.705885e+19 5.2339343854e-05 0.0 
17176095.79 -857265336.63 51044462.094 295.71891388 -20576.752948 1128.0836555 6.705885e+19 5.2339343854e-05 0.0 
5872465.7349 -767790852.54 23292476.89 39.692812762 -18416.737969 530.15775125 6.690222e+19 5.2217094346e-05 0.0 
-14641629.432 -749645970.63 23886635.525 -445.33671019 -17963.172909 558.52242398 6.690222e+19 5.2217094346e-05 0.0 
4663715.8702 -882836061.52 -36405600.852 25.225589003 -21217.524031 -704.95804806 6.690222e+19 5.2217094346e-05 0.0 
-9397901.4549 -714565471.95 -52738207.239 -321.33061979 -17108.817043 -1247.6249966 6.666576e+19 5.2032537628e-05 0.0 
14047593.68 -865971760.12 -17326421.563 207.55042145 -20844.8384 -357.12900651 6.666576e+19 5.2032537628e-05 0.0 
5757374.252239714 -877638414.3417225 -37761655.39781848 21.686827569931403 -21116.40303893051 -768.3301933439606 1.3261083e+20 0.00010350257766300001 0.0 
-3767741.3009 -854088604.57 -68864331.711 -181.30583849 -20473.913319 -1552.1203066 6.666576e+19 5.2032537628e-05 0.0 
10983666.828 -876849425.62 33373010.816 135.94699624 -21105.162138 668.41134275 6.658653e+19 5.1970698718e-05 0.0 
5392189.4749 -825426851.05 56296989.595 25.531194664 -19805.193647 1280.967978 6.658653e+19 5.1970698718e-05 0.0 
-8971161.3852 -824700973.64 68493913.314 -305.91651196 -19771.846772 1574.4405191 6.658653e+19 5.1970698718e-05 0.0 
4629108.6747 -881697513.73 76537823.933 19.158324163 -21119.597738 1706.2638411 6.658653e+19 5.1970698718e-05 0.0 
5862714.165494415 -897577496.3041803 56666299.586453915 39.94679750901236 -21508.058438952256 1183.3849747345323 1.3269327e+20 0.000103566921974 0.0 
6118658.539 -788907658.86 36074324.821 48.064925654 -18920.446091 825.04487939 6.658653e+19 5.1970698718e-05 0.0 
2921840.8697 -764658828.5 45379308.157 -28.978077093 -18326.768405 1054.1460336 6.658653e+19 5.1970698718e-05 0.0 
3396469.4927 -762789206.44 -57129648.494 -22.602194156 -18280.992228 -1341.0691141 6.658653e+19 5.1970698718e-05 0.0 
2293746.3999 -732547912.85 -67681782.623 -46.020575735 -17543.68848 -1592.078778 6.658653e+19 5.1970698718e-05 0.0 
5689579.0049 -886251993.86 -11780657.13 -1.2187554967 -21438.970565 -189.80496337 6.658653e+19 5.1970698718e-05 0.0 
3245667.6389 -849907762.13 -28068473.735 -19.180075212 -20464.623513 -579.3389815 6.658653e+19 5.1970698718e-05 0.0 
11355174.891 -858384709.16 -34605627.134 171.51154923 -20612.237137 -727.01485791 6.658653e+19 5.1970698718e-05 0.0 
5102267.2306 -882785818.22 -22251242.461 -6.0568080006 -21301.363168 -407.60019085 6.658653e+19 5.1970698718e-05 0.0 
-1275209.1175 -833376812.79 -60978124.184 -126.23296476 -19992.832165 -1391.6052425 6.658653e+19 5.1970698718e-05 0.0 
11413519.947 -867434833.43 -86504858.054 169.03056071 -20774.030813 -1967.5045458 6.658653e+19 5.1970698718e-05 0.0 
6339761.8965 -796859943.98 -4234814.9414 35.808984548 -19133.350333 -117.51750313 6.65071e+19 5.1908703708e-05 0.0 
37507515.227 -711087917.45 -1353940.4488 790.07638109 -17028.317425 -29.970692075 6.65071e+19 5.1908703708e-05 0.0 
-16803464.641 -883828292.24 -83434709.013 -482.13624857 -21155.004886 -1884.4948745 6.65071e+19 5.1908703708e-05 0.0 
8563111.6573 -838944365.27 21642935.577 81.410570092 -20178.615178 486.0214727 6.642745e+19 5.1846536988e-05 0.0 
6098620.9093 -770152510.04 20081299.12 33.31699886 -18463.569724 481.10656962 6.642745e+19 5.1846536988e-05 0.0 
30683806.58 -691226175.38 17204675.842 631.17659958 -16550.442605 399.27804161 6.642745e+19 5.1846536988e-05 0.0 
18843860.272 -821305024.07 32882433.541 346.79003376 -19718.241722 750.09609804 6.642745e+19 5.1846536988e-05 0.0 
-3825186.0672 -930673149.25 -36967895.187 -120.40863252 -22180.345923 -609.26150803 6.642745e+19 5.1846536988e-05 0.0 
8051925.7729 -853250076.31 -1133730.8383 53.628616546 -20556.721814 -43.29107339 6.626753e+19 5.1721719639e-05 0.0 
5119281.8222 -900263530.88 41738476.02 10.628280653 -21620.614076 787.34271502 6.610674e+19 5.1596223256e-05 0.0 
10178716.922 -837620675.41 46086864.097 128.20703625 -20117.768041 1030.8922954 6.610674e+19 5.1596223256e-05 0.0 
27733959.439 -818386658.49 80007785.614 552.04288719 -19615.172735 1855.0614115 6.610674e+19 5.1596223256e-05 0.0 
560973.01103 -918402760.06 73043726.719 -63.820817452 -21937.252529 1583.8457706 6.610674e+19 5.1596223256e-05 0.0 
12636657.242 -873058602.18 20704558.671 151.1518771 -21035.693994 370.32205105 6.610674e+19 5.1596223256e-05 0.0 
9655080.9751 -790842103.24 30037082.733 118.30981901 -18969.711494 693.54787906 6.610674e+19 5.1596223256e-05 0.0 
36680322.116 -694239684.55 45397261.261 772.06734765 -16616.876505 1063.2180112 6.610674e+19 5.1596223256e-05 0.0 
26513782.539 -818325650.95 89420897.784 524.71507985 -19600.108485 2072.1709756 6.610674e+19 5.1596223256e-05 0.0 
13325691.018 -788529968.72 -40648630.391 206.65007807 -18913.491682 -942.4894255 6.610674e+19 5.1596223256e-05 0.0 
20668950.228 -765112189.26 -73354400.454 387.09157707 -18339.414532 -1719.7478157 6.610674e+19 5.1596223256e-05 0.0 
5323131.4535 -840487159.32 -51116647.56 22.922092104 -20175.781568 -1142.8685522 6.610674e+19 5.1596223256e-05 0.0 
3785208.3784 -833667581.22 -66529769.158 -8.4829100677 -19984.446137 -1506.7825124 6.610674e+19 5.1596223256e-05 0.0 
14467438.249 -841558586.92 -5827303.6225 199.93926528 -20251.455753 -131.63477403 6.594507e+19 5.1470040035e-05 0.0 
5374121.497 -793888345.86 -17895121.032 15.82856569 -19049.379653 -409.58768375 6.594507e+19 5.1470040035e-05 0.0 
72799028.626 -692958134.63 -34110574.151 1637.2746873 -16590.238084 -802.74309353 6.594507e+19 5.1470040035e-05 0.0 
21155493.797910888 -787875133.9492958 -56940902.1290132 394.50131724811115 -18889.047255003985 -1326.3466285189024 1.3056293e+20 0.000101904194418 0.0 
-11637280.359 -845409222.09 -127123053.03 -374.5351557 -20232.877231 -2970.2159054 6.594507e+19 5.1470040035e-05 0.0 
-4723696.1193 -894627378.5 -92970072.525 -199.66455651 -21399.435782 -2110.419748 6.594507e+19 5.1470040035e-05 0.0 
3302284.3555 -878016628.24 73679269.529 -25.730914122 -21059.996317 1648.9027805 6.586391e+19 5.1406694762e-05 0.0 
17920789.37474645 -835916851.0531764 34001776.25824653 288.2687102866425 -20083.27103717924 757.7075330384752 1.3098683e+20 0.000102235047808 0.0 
66772506.487 -684227533.6 104069040.28 1492.1535633 -16370.564517 2456.130475 6.586391e+19 5.1406694762e-05 0.0 
5119522.8075 -915375423.7 70181388.813 26.005399137 -21877.880191 1508.2448404 6.586391e+19 5.1406694762e-05 0.0 
10286301.889 -719702179.52 -47856262.051 149.91542214 -17227.754552 -1133.6264541 6.586391e+19 5.1406694762e-05 0.0 
7454758.2081 -924707626.04 -39139423.041 94.548264994 -22073.254067 -655.7523147 6.586391e+19 5.1406694762e-05 0.0 
9336422.125 -886174968.9 47922795.768 101.79669045 -21287.718727 987.36682884 6.561903e+19 5.1215566246e-05 0.0 
1391850.9536 -861176018.08 98385964.94 -68.119403365 -20623.238465 2260.6932154 6.561903e+19 5.1215566246e-05 0.0 
8043650.2715 -890171585.86 73930927.034 81.041119013 -21312.084912 1623.9822483 6.561903e+19 5.1215566246e-05 0.0 
-6965139.7872 -684247390.78 -66735502.392 -261.314038 -16368.054825 -1573.1300984 6.561903e+19 5.1215566246e-05 0.0 
-20605159.891 -895636043.3 -145084101.78 -583.16330599 -21410.646497 -3400.3900917 6.561903e+19 5.1215566246e-05 0.0 
17324544.267 -784489280.76 15157837.979 293.99909454 -18821.912558 350.37064641 6.545462e+19 5.1087244458e-05 0.0 
128311454.35 -505616709.42 -1542097.165 2971.4776683 -12074.374186 -46.055962646 6.545462e+19 5.1087244458e-05 0.0 
9531331.8797 -912342438.45 38210805.463 124.86690499 -21837.385218 635.31476403 6.545462e+19 5.1087244458e-05 0.0 
-5089944.6012 -921677557.54 -78805988.466 -207.74397585 -22022.953146 -1736.8750091 6.545462e+19 5.1087244458e-05 0.0 
14930821.419 -873359741.94 28761469.58 191.69269736 -21024.983038 569.492678 6.537206e+19 5.1022806487e-05 0.0 
7057227.3658 -694495836.85 78776549.478 62.95496095 -16623.691893 1853.7392578 6.537206e+19 5.1022806487e-05 0.0 
26589465.654 -827324485.17 164061271.17 532.17477456 -19793.209181 3861.7827899 6.537206e+19 5.1022806487e-05 0.0 
2750515.6944 -924177338.88 45984957.761 -20.396062571 -22041.949816 851.42884399 6.537206e+19 5.1022806487e-05 0.0 
12185518.595 -850774869.9 -26971604.86 129.92574778 -20472.081636 -580.00334357 6.537206e+19 5.1022806487e-05 0.0 
167197666.23 -556029723.23 -113374820.96 3898.6963519 -13285.438094 -2680.9116831 6.537206e+19 5.1022806487e-05 0.0 
17588821.684 -810054479.21 -2391156.2098 289.05448972 -19452.0045 -60.718092416 6.528926e+19 5.0958181196e-05 0.0 
-11720376.407 -687558271.04 -10501218.56 -382.21802137 -16464.873964 -246.26453535 6.528926e+19 5.0958181196e-05 0.0 
52171698.396 -635041840.51 -35072209.926 1147.6891796 -15195.456642 -833.11007429 6.528926e+19 5.0958181196e-05 0.0 
88474643.073 -280587979.11 -68832115.701 2017.2079042 -6634.3768438 -1637.150786 6.528926e+19 5.0958181196e-05 0.0 
-128224316.24 -921781690.45 99083174.985 -3138.5474821 -22024.09741 2325.6333468 6.528926e+19 5.0958181196e-05 0.0 
6762670.341 -877291279.76 -50345682.001 52.315067995 -21059.341895 -1055.6399755 6.528926e+19 5.0958181196e-05 0.0 
8785861.6332 -864400622.4 -74824625.02 99.805709786 -20718.442955 -1682.388985 6.528926e+19 5.0958181196e-05 0.0 
8564888.3143 -904319570.18 -83876300.064 100.3437771 -21627.824741 -1867.7762493 6.528926e+19 5.0958181196e-05 0.0 
10894975.532 -815386974.73 97937539.01 152.38116497 -19536.641527 2277.7342442 6.512292e+19 5.0828353046e-05 0.0 
22561017.967 -833558422.79 100846288.71 429.10086873 -19966.462998 2337.8247036 6.512292e+19 5.0828353046e-05 0.0 
4176837.4311 -913512669.53 66301113.928 -0.62282356153 -21857.493714 1420.3915595 6.512292e+19 5.0828353046e-05 0.0 
20529356.403 -765019849.08 63187182.224 378.74304068 -18334.579524 1472.916663 6.512292e+19 5.0828353046e-05 0.0 
44202959.04 -604643067.48 103441047.04 954.66355623 -14457.499238 2446.7790468 6.512292e+19 5.0828353046e-05 0.0 
120294661.09 -478432209.11 214184539.59 2775.8291422 -11420.37392 5086.6306024 6.512292e+19 5.0828353046e-05 0.0 
16004098.081 -862188176.61 110620581.54 280.0572439 -20628.735933 2553.7347634 6.512292e+19 5.0828353046e-05 0.0 
4860501.4367 -918697260.95 51026248.911 25.818843736 -21945.523586 991.45520928 6.512292e+19 5.0828353046e-05 0.0 
23082500.925 -795387047.89 30973895.767 424.96920831 -19083.531657 710.83879054 6.512292e+19 5.0828353046e-05 0.0 
137194644.04 -447717638.39 184490088.74 3184.2243847 -10687.615913 4389.8700461 6.512292e+19 5.0828353046e-05 0.0 
-6638713.612 -900567947.41 94900804.753 -238.5276865 -21527.487182 2154.2580131 6.512292e+19 5.0828353046e-05 0.0 
16473490.68 -808214558.54 -30404266.824 268.38730482 -19400.584586 -694.03110577 6.512292e+19 5.0828353046e-05 0.0 
115753846.17 -331705956.68 -179958921.11 2662.6480619 -7893.8373706 -4270.7026772 6.512292e+19 5.0828353046e-05 0.0 
-111781153.43 -1013575282.5 40440697.557 -2742.1490902 -24176.149611 947.82827564 6.512292e+19 5.0828353046e-05 0.0 
6871945.5215 -755271584.7 -77798239.563 58.981340823 -18096.234287 -1821.1554049 6.512292e+19 5.0828353046e-05 0.0 
19045744.288 -770961184.48 -72106289.55 351.56970438 -18464.455188 -1679.6474213 6.512292e+19 5.0828353046e-05 0.0 
62043391.005 -580698277.8 -100531075.79 1389.2473113 -13874.066368 -2379.7868132 6.512292e+19 5.0828353046e-05 0.0 
-60171308.818 -760959779.78 -137017058.98 -1531.9043231 -18196.842317 -3236.9502433 6.512292e+19 5.0828353046e-05 0.0 
8449561.4858 -854394212.52 -33525753.621 67.455377073 -20547.176875 -709.76547471 6.512292e+19 5.0828353046e-05 0.0 
85047590.137 -732010151.01 -216406861.27 1932.4794035 -17509.813308 -5132.8368947 6.512292e+19 5.0828353046e-05 0.0 
1847004.4113 -921878474.55 -51765591.867 -38.248357953 -22023.174626 -1016.9428832 6.512292e+19 5.0828353046e-05 0.0 
12936497.252 -880184239.28 10269445.769 115.12055314 -21254.029602 186.31310513 6.495559e+19 5.0697752202e-05 0.0 
10813923.421 -709255483.15 4693998.9676 162.28543136 -16987.893173 107.0429977 6.495559e+19 5.0697752202e-05 0.0 
102762075.67 -141918657.88 200582124.94 2338.4514177 -3320.9934689 4719.6644312 6.495559e+19 5.0697752202e-05 0.0 
8210275.3456 -897143752.27 -46362927.263 76.116508408 -21530.494145 -910.26543728 6.495559e+19 5.0697752202e-05 0.0 
21415859.177 -853183883.04 155813761.98 406.79236373 -20410.559641 3654.8068013 6.487154e+19 5.0632151288e-05 0.0 
26992092.971 -683574498.29 49039050.56 543.44199982 -16370.465768 1152.8946846 6.487154e+19 5.0632151288e-05 0.0 
12636365.379 -854529932.84 -13193553.565 137.08104203 -20578.574101 -285.52233067 6.487154e+19 5.0632151288e-05 0.0 
112029658.7 -348497479.17 -140438178.85 2575.8637502 -8292.2010961 -3330.3049332 6.487154e+19 5.0632151288e-05 0.0 
-48958562.47 -607539558.57 71540667.521 -1265.6564093 -14516.522395 1702.4058099 6.487154e+19 5.0632151288e-05 0.0 
12063350.949 -890146772.85 -17014269.827 77.192239707 -21513.149853 -273.50822483 6.487154e+19 5.0632151288e-05 0.0 
57747676.706 -760331993.38 -181855644.33 1279.46738 -18184.375287 -4300.7624977 6.487154e+19 5.0632151288e-05 0.0 
-6976284.2946 -955869623.81 -15463945.962 -155.75014039 -22603.601777 -242.72042332 6.487154e+19 5.0632151288e-05 0.0 
21704113.977 -710415787.03 -15294063.633 408.61913573 -17018.51249 -358.9574171 6.478724e+19 5.0566355249e-05 0.0 
44442998.353 -471942753.96 -50014190.214 965.07710911 -11263.619535 -1190.8517141 6.478724e+19 5.0566355249e-05 0.0 
1166261.4992 -955294552.82 59425104.228 -56.346635036 -22727.259954 1282.0179712 6.478724e+19 5.0566355249e-05 0.0 
10540525.47 -874501548.51 -45949947.797 110.58863191 -21011.455882 -961.29930456 6.478724e+19 5.0566355249e-05 0.0 
-203844.50675 -860886036.9 -119328470.79 -108.50905925 -20602.676011 -2767.8433697 6.478724e+19 5.0566355249e-05 0.0 
17241878.818 -848226606.27 15987523.48 254.53584951 -20411.760931 350.25002845 6.470268e+19 5.0500356281e-05 0.0 
15842936.19 -699309055.53 3763509.5635 272.5422692 -16752.672375 84.882987398 6.470268e+19 5.0500356281e-05 0.0 
87317531.897 -501996823.1 29809234.744 1990.8598664 -11990.003679 708.64958791 6.470268e+19 5.0500356281e-05 0.0 
-2203116.2984 -2752332.1111 58353588.761 -204.74640288 341.45465792 1128.2046156 6.470268e+19 5.0500356281e-05 0.0 
104813543.04 -250076583.54 250635988.73 2406.6965016 -5927.4183894 5941.1801882 6.470268e+19 5.0500356281e-05 0.0 
20280857.27 -812805591.05 -15722116.965 351.62813473 -19519.774582 -358.17961459 6.470268e+19 5.0500356281e-05 0.0 
186964829.86 -242461234.53 -75285694.385 4355.7920526 -5744.3335636 -1777.5769716 6.470268e+19 5.0500356281e-05 0.0 
-24361717.751 -970360259.85 45017070.889 -623.0669322 -23088.8624 987.68535545 6.470268e+19 5.0500356281e-05 0.0 
12901224.369 -881020168.82 -25327085.511 133.82536303 -21232.633423 -472.77809446 6.470268e+19 5.0500356281e-05 0.0 
14074009.277 -731433900.1 -184910529.85 235.50064802 -17492.274296 -4370.490964 6.470268e+19 5.0500356281e-05 0.0 
-46982047.782 -968291389.68 -42155266.25 -1160.0719022 -23042.156744 -941.14441272 6.470268e+19 5.0500356281e-05 0.0 
11221422.059 -900308906.19 -30739523.447 101.66308045 -21664.644483 -490.6682643 6.470268e+19 5.0500356281e-05 0.0 
7958375.6138 -890063094.81 -67551293.203 80.190332617 -21320.530606 -1464.6610969 6.470268e+19 5.0500356281e-05 0.0 
4442617.0604 -921758657.31 -57316843.289 7.0306902524 -22002.11633 -1158.2962837 6.470268e+19 5.0500356281e-05 0.0 
18509951.996 -833827854.18 52987906.834 314.04481034 -20010.05413 1187.0182922 6.461786e+19 5.0434154383e-05 0.0 
87298360.4 -781156937.23 166824640.64 1978.2056879 -18691.955059 3939.265368 6.461786e+19 5.0434154383e-05 0.0 
8501551.3128 -885102610.25 124972321.2 99.520299721 -21163.700408 2892.7692856 6.461786e+19 5.0434154383e-05 0.0 
10505251.104 -697751194.43 35403050.009 146.70989485 -16710.042026 830.01305968 6.461786e+19 5.0434154383e-05 0.0 
71544306.541 -502332455.0 59687249.238 1610.661984 -11997.000376 1412.4474465 6.461786e+19 5.0434154383e-05 0.0 
17059295.508 -930462464.33 42830085.271 256.84854629 -22163.10819 779.81207783 6.461786e+19 5.0434154383e-05 0.0 
11489253.572 -888470090.37 -9457369.5479 59.182820972 -21497.997372 -138.45312207 6.461786e+19 5.0434154383e-05 0.0 
103209317.66 -570203611.41 -178873702.86 2367.9002711 -13631.422248 -4246.7426886 6.461786e+19 5.0434154383e-05 0.0 
20537597.258 -265175508.94 -171787487.51 389.405811 -6267.2652458 -4058.6825108 6.461786e+19 5.0434154383e-05 0.0 
-78599234.29 -886837662.18 -74828943.892 -1936.6310495 -21205.277691 -1739.7040219 6.461786e+19 5.0434154383e-05 0.0 
12246652.826 -909495344.99 -56841618.615 159.56558231 -21768.0909 -1160.9513951 6.461786e+19 5.0434154383e-05 0.0 
2631832.9462 -910008773.97 -222209832.26 -36.85627692 -21730.743745 -5251.7478233 6.453278e+19 5.0367749555e-05 0.0 
15213029.572 -888309630.02 -281602.54846 119.68754083 -21498.302629 -7.6286680906 6.444742e+19 5.0301126188e-05 0.0 
10187893.586 -671764447.05 -52048188.211 138.06507728 -16083.482359 -1228.2347936 6.444742e+19 5.0301126188e-05 0.0 
91203329.015 -607918408.43 -25700923.162 2080.5375637 -14544.065611 -599.92693241 6.444742e+19 5.0301126188e-05 0.0 
-1167400.9895 -432627955.28 11454545.019 -123.82180183 -10305.194966 274.18019746 6.444742e+19 5.0301126188e-05 0.0 
7919566.4906 -823081402.12 -60754492.029 75.082467036 -19745.783135 -1380.3747318 6.444742e+19 5.0301126188e-05 0.0 
18394680.478 -810760588.45 -108472921.29 331.01706766 -19418.860604 -2529.0069856 6.444742e+19 5.0301126188e-05 0.0 
-30809124.327 -758230118.29 -343239209.32 -833.50054373 -18121.317985 -8163.1114952 6.444742e+19 5.0301126188e-05 0.0 
-116621623.86 -843916507.07 -235615092.08 -2881.3508718 -20159.400547 -5590.9223237 6.444742e+19 5.0301126188e-05 0.0 
34811739.919 -789379066.52 44076671.984 707.00647819 -18932.38876 1013.8478111 6.43618e+19 5.0234299891e-05 0.0 
73678034.851 -484609936.88 126834785.38 1660.5020047 -11569.236164 3000.7275188 6.43618e+19 5.0234299891e-05 0.0 
-14882295.894 -891437279.76 129171192.58 -449.0183674 -21303.142828 2995.8017501 6.43618e+19 5.0234299891e-05 0.0 
20959213.866 -863403042.8 2025664.6891 314.88154002 -20805.362977 36.606312729 6.42759e+19 5.0167255055e-05 0.0 
13817186.547 3256076.9954 36502849.617 59.95582324 541.14495022 647.62735309 6.42759e+19 5.0167255055e-05 0.0 
24272066.006 -7587285.8253 29227345.01 321.33849848 266.31736019 545.95150641 6.42759e+19 5.0167255055e-05 0.0 
-4691727.086 -880053175.2 -247754835.26 -210.06862106 -21026.551315 -5864.2823827 6.42759e+19 5.0167255055e-05 0.0 
-92761946.919 -1001577671.9 -271604846.77 -2314.0020125 -23910.584506 -6448.2077417 6.42759e+19 5.0167255055e-05 0.0 
156386538.61 -163153373.3 -196518063.19 3627.3311705 -3833.9857984 -4640.9584608 2.498546e+19 1.9501118529e-05 1.0 
202889085.33 -74889042.667 91407249.251 4688.8650444 -1710.7808307 2124.3274695 2.492755e+19 1.9455919851e-05 1.0 
128675073.17 -60279581.31 -50959072.979 2870.2084995 -1287.7156298 -1186.6318424 2.492755e+19 1.9455919851e-05 1.0 
128606268.74 -122587196.94 -14539335.978 2924.716523 -2789.4976355 -369.63098091 2.486973e+19 1.9410791417e-05 1.0 
65977145.738 -175699863.24 54887538.403 1464.7532719 -4067.3946549 1280.712445 2.486973e+19 1.9410791417e-05 1.0 
96598326.64 -24942151.184 -119202597.83 2110.3871858 -484.98060681 -2683.9805954 2.475436e+19 1.9320745285e-05 1.0 
15685035.442 -58628328.773 24918035.512 234.32375327 -1074.0886207 535.89107831 2.469681e+19 1.9275827586e-05 1.0 
161350243.26 -95053058.753 -200060317.12 3739.736336 -2204.542804 -4704.9887651 2.469681e+19 1.9275827586e-05 1.0 
62232717.474 -29739957.998 -54478691.067 1260.8204281 -448.22126826 -1141.557158 2.469681e+19 1.9275827586e-05 1.0 
49278402.857 -12105058.442 22936260.562 888.79050546 96.149188328 487.37981016 2.466807e+19 1.9253396053e-05 1.0 
15859119.541 -224421756.67 -21135846.165 279.86278177 -5246.2603662 -494.82533994 2.466807e+19 1.9253396053e-05 1.0 
52874905.089 -83885807.547 -11627143.216 1101.2314805 -1757.4713033 -276.44314499 2.458197e+19 1.9186195117e-05 1.0 
100444365.92 -165817991.34 26480920.185 2263.6644009 -3844.6564772 642.8802098 2.452467e+19 1.9141472543e-05 1.0 
1328017.6445 28062338.121 -81578512.867 -123.45670625 1007.4967617 -1539.2127492 2.452467e+19 1.9141472543e-05 1.0 
35145871.305 -186270567.21 150434723.86 739.30582347 -4352.9502103 3541.874607 2.446745e+19 1.9096812408e-05 1.0 
23880670.331 -116613814.47 124847945.23 461.0068883 -2639.6017912 2884.2153839 2.443887e+19 1.9074505756e-05 1.0 
78157221.837 -171597649.71 30167136.022 1753.0407294 -3960.0749187 702.51699606 2.44103e+19 1.9052206909e-05 1.0 
7344666.1144 -40717503.696 -37057006.898 31.468766286 -604.12901841 -800.81282741 2.44103e+19 1.9052206909e-05 1.0 
31436739.018 -31253952.8 60951389.678 557.70201082 -439.72958967 1288.0525314 2.438176e+19 1.9029931477e-05 1.0 
9167101.3282 -174882442.58 70497736.363 119.42691962 -4040.9328641 1635.2627484 2.438176e+19 1.9029931477e-05 1.0 
69737716.528 -136091481.67 197802376.57 1559.9400493 -3167.2495352 4644.8042843 2.435324e+19 1.9007671654e-05 1.0 
89552693.6 17891111.992 -173262112.83 1971.9006888 511.82211929 -3964.7278019 2.418248e+19 1.88743937e-05 1.0 
46413600.999 -347470535.09 -58461702.051 1015.8849408 -8250.4837469 -1383.6873565 2.415408e+19 1.8852227537e-05 1.0 
159786229.26 -93047963.154 104879781.95 3671.6507771 -2119.3654832 2432.6172659 2.41257e+19 1.8830076985e-05 1.0 
78307071.622 -20842366.771 148949424.67 1709.1956844 -371.98508465 3391.1557607 2.409734e+19 1.8807942042e-05 1.0 
110106262.68 -101618065.65 83439526.325 2480.3151552 -2282.2678757 1926.5497625 2.406899e+19 1.8785814905e-05 1.0 
-3743453.7816 -174141432.74 11190996.809 -187.15132412 -4000.1491496 261.77551307 2.406899e+19 1.8785814905e-05 1.0 
49243442.646 -34198206.523 -6341263.3109 943.78443952 -472.96588806 -114.52443973 2.406899e+19 1.8785814905e-05 1.0 
79243044.258 -135170459.24 -40421298.749 1763.4681434 -3067.6198725 -924.65625934 2.406899e+19 1.8785814905e-05 1.0 
107101069.57 -25511853.678 -97277016.413 2351.077277 -445.30648292 -2198.2071449 2.401234e+19 1.8741599655e-05 1.0 
84860424.547 -101807097.85 -192922214.86 1911.4740075 -2327.6797286 -4530.6081376 2.401234e+19 1.8741599655e-05 1.0 
70250215.216 -63631220.719 -55005367.72 1500.4627592 -1290.5996878 -1217.6902253 2.384277e+19 1.8609250494e-05 1.0 
4445416.6595 2378222.7735 64567523.639 -49.453424905 453.89688132 1248.9483051 2.373001e+19 1.8521241462e-05 1.0 
284767926.96 -138142410.01 -149513740.37 6695.9924868 -3261.8339775 -3527.7073767 2.370186e+19 1.8499270425e-05 1.0 
163327502.56 -161046535.78 -172731671.57 3781.4900768 -3790.6504077 -4058.5863281 2.367372e+19 1.8477307192e-05 1.0 
124856781.2 -158006053.87 117894448.43 2861.2898113 -3676.095548 2761.5243039 2.356128e+19 1.838954792e-05 1.0 
128754808.0 171876217.76 -14784904.486 2754.2346546 3918.4607046 -306.85111046 2.356128e+19 1.838954792e-05 1.0 
6152001.5329 21564748.757 -161650468.29 22.634119648 631.70365988 -3605.3643359 2.356128e+19 1.838954792e-05 1.0 
25590406.525 -265436082.58 -120954998.42 508.05152209 -6258.7638564 -2853.1786826 2.350513e+19 1.8345722919e-05 1.0 
-30411395.689 -61997856.334 -93086442.767 -808.16253642 -1238.1955381 -2084.6186425 2.350513e+19 1.8345722919e-05 1.0 
182072474.83 -80798907.654 -2971307.9864 4160.6842862 -1848.9197041 -38.055222984 2.350513e+19 1.8345722919e-05 1.0 
197201330.28 120853296.19 32131526.102 4449.6225159 2854.794191 714.44347106 2.347708e+19 1.8323829932e-05 1.0 
48518105.538 30938926.882 159952334.17 980.680322 799.74145812 3567.3246198 2.344903e+19 1.8301936944e-05 1.0 
96308267.776 45144807.165 136959960.58 2070.0786099 1113.7837771 3048.9523838 2.3421e+19 1.8280059566e-05 1.0 
-8768199.0608 -446794959.54 126657617.82 -306.22689757 -10645.920922 3016.0315308 2.339298e+19 1.8258189993e-05 1.0 
186920236.31 -153004469.98 55065470.448 4338.5620714 -3563.6626741 1295.7068683 2.339298e+19 1.8258189993e-05 1.0 
87870149.311 -385182809.51 -173107873.43 2008.2168352 -9166.0955325 -4121.8971156 2.339298e+19 1.8258189993e-05 1.0 
-36325153.537 -121720810.4 -60387546.939 -949.97347447 -2709.1902039 -1373.3272407 2.339298e+19 1.8258189993e-05 1.0 
184702049.77 51625461.931 -150008574.28 4224.5109115 1246.4624629 -3464.1283067 2.339298e+19 1.8258189993e-05 1.0 
53722186.738 -74687893.555 -154735804.66 1144.9832196 -1669.6218558 -3549.4947058 2.339298e+19 1.8258189993e-05 1.0 
20985299.076 72278981.367 -90325625.455 236.71785533 1814.369321 -1616.3022632 2.339298e+19 1.8258189993e-05 1.0 
150571230.57 -111193206.07 -50253786.819 3429.699008 -2564.3412565 -1164.8260021 2.3281e+19 1.8170789751e-05 1.0 
35389963.947 35850686.755 111721921.17 631.73877831 1025.3335278 2320.9414903 2.322507e+19 1.8127136459e-05 1.0 
118827948.64 -143830684.63 279978425.78 2735.1849398 -3395.4093163 6624.3341663 2.322507e+19 1.8127136459e-05 1.0 
48245966.205 122762523.35 -90539638.692 825.82735293 2788.6762688 -1761.1290386 2.322507e+19 1.8127136459e-05 1.0 
169340316.97 -227559678.21 251731032.18 3948.9658834 -5396.949491 5959.743428 2.316918e+19 1.8083514388e-05 1.0 
-10250826.963 -387710651.78 13742960.563 -332.7621537 -9221.9352534 307.47434333 2.316918e+19 1.8083514388e-05 1.0 
-23782901.989 -23599816.527 -3627927.7185 -628.78490191 -87.077373758 -86.073367538 2.316918e+19 1.8083514388e-05 1.0 
35657649.217 -159627351.82 390925219.18 755.17346667 -3779.4442196 9284.6790908 2.311332e+19 1.8039915732e-05 1.0 
-28703003.455 -48742408.165 29771994.906 -752.9197204 -800.91289353 643.11135454 2.311332e+19 1.8039915732e-05 1.0 
169172765.17 143536293.81 18271679.392 3746.8360164 3318.4746803 419.28932905 2.311332e+19 1.8039915732e-05 1.0 
16495444.931 -152044679.97 -146598109.14 293.7127815 -3509.789376 -3422.6138405 2.311332e+19 1.8039915732e-05 1.0 
-3351338.3134 -97050608.229 -253270774.07 -173.86363175 -2228.434636 -5960.8808576 2.311332e+19 1.8039915732e-05 1.0 
24535841.527 -724090.92462 222393055.02 468.54329347 44.026334823 5133.5440605 2.30854e+19 1.8018124209e-05 1.0 
-45042118.301 -168180710.98 80335068.802 -1162.8851889 -3861.4620416 1872.4175273 2.30854e+19 1.8018124209e-05 1.0 
18457555.213 -220002659.73 33458514.862 342.8073608 -5134.9217648 782.19776052 2.30854e+19 1.8018124209e-05 1.0 
-16401511.935 74471344.791 163093081.53 -497.98361001 1788.5341985 3576.6066634 2.30575e+19 1.7996348296e-05 1.0 
164060157.07 104197902.32 146734999.5 3707.3910626 2451.7583603 3364.2338364 2.30575e+19 1.7996348296e-05 1.0 
76437012.457 44308956.971 -215470764.12 1677.2404435 1108.1521378 -4975.0510324 2.30575e+19 1.7996348296e-05 1.0 
4922096.1606 -28919612.05 -156969967.6 6.1701432469 -542.01924834 -3560.2620073 2.30575e+19 1.7996348296e-05 1.0 
4447384.8776 86482864.034 -108216125.39 -70.298663624 2070.3479599 -2084.78719 2.30575e+19 1.7996348296e-05 1.0 
-98654612.857 -450480361.6 -228183598.17 -2458.1220448 -10735.27473 -5447.6756717 2.30017e+19 1.7952796469e-05 1.0 
13583171.434 -159355915.74 -96508731.323 224.20679819 -3664.3264539 -2230.7254537 2.30017e+19 1.7952796469e-05 1.0 
88587554.779 126353170.33 -12398193.931 1567.6700469 2776.3727752 -243.55239183 2.30017e+19 1.7952796469e-05 1.0 
214887455.48 -52073316.313 -145264051.96 4985.6117911 -1189.8240629 -3398.1242119 2.30017e+19 1.7952796469e-05 1.0 
35462395.107 -174063132.35 -297965041.49 745.43290548 -4122.6949056 -7032.4205834 2.297382e+19 1.7931036166e-05 1.0 
-9293303.6875 -472038173.23 -222873446.08 -317.94099306 -11264.343091 -5301.2009871 2.294594e+19 1.7909275863e-05 1.0 
-52472818.792 -232261783.65 -269861809.52 -1343.7586434 -5483.0328476 -6395.6360825 2.294594e+19 1.7909275863e-05 1.0 
-41380561.255 -6323414.2535 -50279027.426 -999.49092905 262.41750728 -963.8637668 2.294594e+19 1.7909275863e-05 1.0 
-33622021.732 -10301429.314 182842315.02 -889.4785151 -140.99011306 4152.9176328 2.289021e+19 1.7865778672e-05 1.0 
54379500.058 -230824241.27 171968821.69 1198.9227096 -5438.5725304 4054.1922655 2.289021e+19 1.7865778672e-05 1.0 
-22689818.353 -113432930.65 -12024649.905 -628.46584593 -2471.9613868 -268.00556466 2.289021e+19 1.7865778672e-05 1.0 
197226781.54 55618846.083 158290274.41 4535.1621658 1342.275359 3680.8460376 2.289021e+19 1.7865778672e-05 1.0 
-26686852.074 -571595992.22 -50554840.202 -730.56217797 -13646.496641 -1206.2428264 2.289021e+19 1.7865778672e-05 1.0 
-168806390.9 -359817499.47 -6516200.8872 -4129.02182 -8536.4482326 -155.69348781 2.289021e+19 1.7865778672e-05 1.0 
134510165.51 -98317366.951 -333486920.42 3110.3234749 -2319.7742802 -7884.682772 2.289021e+19 1.7865778672e-05 1.0 
10571168.407 -35072316.62 -272746191.71 150.58850194 -779.55143891 -6384.8275414 2.289021e+19 1.7865778672e-05 1.0 
-117141130.87 -149564063.98 153295773.62 -2873.8393616 -3455.1844529 3581.3411617 2.28345e+19 1.782229709e-05 1.0 
-154573755.69 -269492514.63 126062700.71 -3780.7718137 -6361.8811392 2966.9065642 2.28345e+19 1.782229709e-05 1.0 
-71687420.226 -235456036.42 182629021.38 -1803.8352803 -5538.5464893 4329.1423492 2.28345e+19 1.782229709e-05 1.0 
-13272012.66 -233802785.47 -22158714.231 -406.82348771 -5464.3137446 -534.79764262 2.28345e+19 1.782229709e-05 1.0 
-537649.80877 -838754254.69 37090239.471 -75.190933644 -20128.907072 844.13652674 2.280666e+19 1.7800568007e-05 1.0 
-29230089.587 -483651863.79 -124987321.57 -794.81635079 -11532.656853 -2984.2138205 2.280666e+19 1.7800568007e-05 1.0 
36246566.797 -194531119.55 -70804302.666 768.17652846 -4517.4005118 -1649.5957544 2.280666e+19 1.7800568007e-05 1.0 
-37214589.243 -565806563.86 180000375.44 -988.10627689 -13505.141151 4277.6171761 2.277882e+19 1.7778838924e-05 1.0 
-138588632.49 -600612529.5 195813298.52 -3414.1138163 -14344.920979 4666.8526243 2.277882e+19 1.7778838924e-05 1.0 
92489950.418 -269492469.61 -174581111.27 2109.2390429 -6380.702768 -4110.9686135 2.275099e+19 1.7757117646e-05 1.0 
-20848641.471 64660555.019 -91022350.211 -574.3023802 1682.2758083 -1605.8397653 2.275099e+19 1.7757117646e-05 1.0 
129908477.62 -117311668.74 367361433.39 3004.7094 -2778.9271851 8700.7863821 2.272316e+19 1.7735396367e-05 1.0 
-26910210.658 -26515199.606 34936768.68 -701.61126881 -215.69043657 692.86812745 2.272316e+19 1.7735396367e-05 1.0 
-121303234.43 -644354877.56 92875958.864 -2995.3812352 -15394.865844 2221.59979 2.272316e+19 1.7735396367e-05 1.0 
-92355372.864 -704304052.67 -21011239.84 -2303.3135917 -16840.551552 -504.98973964 2.272316e+19 1.7735396367e-05 1.0 
-137221660.45 -274659834.97 -80189337.513 -3366.2076145 -6468.6721108 -1904.2139931 2.272316e+19 1.7735396367e-05 1.0 
-21431976.38 -185341679.38 259044629.61 -602.97341748 -4352.7363158 6125.6976889 2.266752e+19 1.7691969421e-05 1.0 
-77789084.818 -336999332.83 169782586.64 -1947.4841838 -7991.1062402 4031.5816653 2.266752e+19 1.7691969421e-05 1.0 
20628391.908 -128144682.28 -205500941.27 384.68736761 -2965.2379953 -4806.5710939 2.266752e+19 1.7691969421e-05 1.0 
160554103.29 -337149108.92 -368031533.36 3750.839118 -8027.9872858 -8760.8582311 2.266752e+19 1.7691969421e-05 1.0 
-15129201.06 55698361.113 -162850307.02 -469.91311796 1372.4130565 -3578.3091905 2.266752e+19 1.7691969421e-05 1.0 
205419553.05 82732112.351 30830387.282 4644.6005042 1941.9695483 670.86916691 2.26397e+19 1.7670255948e-05 1.0 
-29394002.612 -518582869.63 197533651.2 -799.25522876 -12375.784223 4708.8205549 2.26397e+19 1.7670255948e-05 1.0 
-7745129.115 -73323719.056 -29477132.579 -286.34315715 -1448.632736 -645.61375902 2.26397e+19 1.7670255948e-05 1.0 
285163464.85 172472314.16 -9914067.7858 6636.3408019 4054.9038649 -199.93779604 2.26397e+19 1.7670255948e-05 1.0 
107997284.85 2970609.6991 -280808613.0 2454.4142978 98.797915359 -6584.6098592 2.26397e+19 1.7670255948e-05 1.0 
-48993201.71 -26248850.186 -223718909.32 -1254.6374807 -541.48513335 -5181.0831801 2.26397e+19 1.7670255948e-05 1.0 
39728066.877 -716454437.4 260311537.14 856.21415473 -17135.17042 6201.7135882 2.26119e+19 1.7648558084e-05 1.0 
-79788888.656 -550407507.58 117718454.04 -2000.7778801 -13137.743479 2801.6989554 2.26119e+19 1.7648558084e-05 1.0 
51965240.933 -467994505.16 -387151325.22 1145.0380386 -11167.042963 -9235.4892083 2.26119e+19 1.7648558084e-05 1.0 
-84917933.206 -269594358.64 -105315024.53 -2115.0771379 -6352.7430951 -2459.8469745 2.26119e+19 1.7648558084e-05 1.0 
145823461.65 93067372.344 -16177105.33 3105.9672277 2164.7272141 -327.33106076 2.255629e+19 1.7605154553e-05 1.0 
235326667.3 -13069606.8 -279152068.63 5503.4904322 -291.2865757 -6592.3945077 2.255629e+19 1.7605154553e-05 1.0 
-38192084.598 -32172304.694 -96826863.981 -980.16479082 -523.6239694 -2092.7433815 2.255629e+19 1.7605154553e-05 1.0 
131753068.86 161886410.37 -49697930.789 2842.1009033 3700.9147738 -1076.0325213 2.255629e+19 1.7605154553e-05 1.0 
62517937.259 67103012.531 -114475254.5 1216.245744 1628.9112609 -2399.8513423 2.255629e+19 1.7605154553e-05 1.0 
-7476968.004 -8500159.7593 91838647.135 -287.91880975 73.884154396 1906.622718 2.247291e+19 1.7540076573e-05 1.0 
-108707222.72 -924917429.55 189479153.87 -2701.5405635 -22119.729183 4503.8178121 2.247291e+19 1.7540076573e-05 1.0 
-206613710.87 -562848839.59 6354457.2189 -5040.3102202 -13429.147368 155.56803643 2.247291e+19 1.7540076573e-05 1.0 
281121632.21 47344433.498 -222688771.1 6586.6980175 1121.8624761 -5247.9202786 2.247291e+19 1.7540076573e-05 1.0 
177335471.04 118597675.11 -90163600.674 3986.4353861 2765.0510914 -2032.5013544 2.247291e+19 1.7540076573e-05 1.0 
200317684.39 62164723.443 243656240.52 4641.1764756 1472.5297539 5714.2485556 2.244513e+19 1.751839432e-05 1.0 
261542312.6 192404779.47 2116280.1739 6065.0315186 4503.1871743 35.674391207 2.244513e+19 1.751839432e-05 1.0 
-36773083.753 -205809704.85 162542768.2 -972.89923746 -4817.4532972 3826.6752663 2.241734e+19 1.7496704261e-05 1.0 
-108738720.67 -308380236.02 37473535.936 -2688.7387969 -7288.4704633 892.01703738 2.241734e+19 1.7496704261e-05 1.0 
271517781.39 104134086.79 -98074283.773 6315.3963693 2470.7669539 -2287.4826644 2.241734e+19 1.7496704261e-05 1.0 
135959391.27 -167120908.37 -263084820.95 3146.442204 -3947.5851823 -6215.5117912 2.241734e+19 1.7496704261e-05 1.0 
25481810.146 -372449227.48 -287480820.68 516.95566964 -8863.4623695 -6828.889034 2.241734e+19 1.7496704261e-05 1.0 
5242693.1254 83195655.129 -203535482.54 1.6427597001 1977.8704003 -4619.3655491 2.241734e+19 1.7496704261e-05 1.0 
4279311.0333 -3694392.5207 135935700.34 -17.228161443 84.942826531 2988.797731 2.238956e+19 1.7475022008e-05 1.0 
-25070959.269 -20354285.952 107367986.82 -675.78184865 -243.07281302 2325.4255837 2.238956e+19 1.7475022008e-05 1.0 
-27095290.457 83164967.31 223985962.72 -742.42721728 2005.837061 5133.696394 2.238956e+19 1.7475022008e-05 1.0 
-41969542.316 -33749953.984 69996047.815 -1049.5943286 -492.27026902 1492.568696 2.238956e+19 1.7475022008e-05 1.0 
-153212247.04 -699478804.46 154161538.48 -3766.707953 -16710.263604 3686.42834 2.238956e+19 1.7475022008e-05 1.0 
-141047936.49 -415653175.48 -69156542.694 -3466.5907026 -9881.6340029 -1642.7695883 2.238956e+19 1.7475022008e-05 1.0 
60080185.937 -349580110.11 127134733.89 1340.1539272 -8305.4762075 3010.6695732 2.238956e+19 1.7475022008e-05 1.0 
216300774.29 173720935.18 -88637749.01 4965.896992 4049.331727 -2052.8006382 2.238956e+19 1.7475022008e-05 1.0 
271911214.72 86800701.801 -121826683.43 6321.3247195 2047.1822534 -2835.2715134 2.238956e+19 1.7475022008e-05 1.0 
153265922.84 -6207409.3515 146913214.19 3479.6132452 -88.233378823 3372.660612 2.236178e+19 1.7453339755e-05 1.0 
-89414834.539 -153250474.7 30249704.032 -2199.2049598 -3485.8546755 699.21995529 2.236178e+19 1.7453339755e-05 1.0 
-2905848.5711 106924076.67 89851974.75 -240.55206672 2417.6349425 1553.6889977 2.2334e+19 1.7431657501e-05 1.0 
186996028.6 18798389.132 219958271.51 4325.0338894 474.10189362 5144.2413723 2.2334e+19 1.7431657501e-05 1.0 
-65714448.283 -144893316.82 239052741.25 -1662.2919112 -3380.196227 5621.5288339 2.2334e+19 1.7431657501e-05 1.0 
-126313450.47 -369600217.37 75383675.878 -3109.8446563 -8774.6468088 1774.2917289 2.2334e+19 1.7431657501e-05 1.0 
-65593028.963 -76113025.888 33998004.172 -1606.5649837 -1540.2296804 753.33827545 2.2334e+19 1.7431657501e-05 1.0 
271914719.41 -6460018.4815 94251109.722 6326.7483716 -151.503057 2177.9985204 2.2334e+19 1.7431657501e-05 1.0 
241357456.86 -178405680.69 105412748.99 5645.8232051 -4216.7222117 2459.7537852 2.2334e+19 1.7431657501e-05 1.0 
-73005909.167 -121696680.97 11959976.79 -1802.8354197 -2691.1386118 280.60370397 2.2334e+19 1.7431657501e-05 1.0 
161312897.63 118102616.47 31836916.156 3528.7927483 2723.0185024 698.98954618 2.2334e+19 1.7431657501e-05 1.0 
35017542.862 -48363430.616 -53996905.946 657.36950031 -868.15968142 -1177.4264206 2.2334e+19 1.7431657501e-05 1.0 
-37150637.578 -235655794.44 -136764315.04 -977.50543907 -5539.059217 -3220.1109976 2.2334e+19 1.7431657501e-05 1.0 
60049341.116 -622355637.73 372899371.49 1340.6251085 -14870.266284 8902.3799667 2.227845e+19 1.73883008e-05 1.0 
-168164417.71 -431766198.18 98885923.279 -4117.4250276 -10272.244403 2351.3938948 2.227845e+19 1.73883008e-05 1.0 
-97535635.813 -413814821.45 286238002.84 -2430.1655768 -9856.3907007 6809.5745577 2.222291e+19 1.7344951903e-05 1.0 
301017561.32 -118340096.03 135279056.52 7063.6963636 -2819.1371103 3182.6558789 2.222291e+19 1.7344951903e-05 1.0 
-97868049.382 -786983879.0 -88094247.729 -2426.2260132 -18827.316129 -2083.0485331 2.222291e+19 1.7344951903e-05 1.0 
-215628726.04 -452223345.58 -117453021.13 -5255.8669837 -10766.731427 -2789.7175913 2.222291e+19 1.7344951903e-05 1.0 
274656407.05 -26164548.968 -418781183.95 6463.3147522 -623.77099647 -9945.000544 2.222291e+19 1.7344951903e-05 1.0 
-50157127.443 -55479590.925 -183034939.08 -1278.0323281 -1206.7111938 -4207.319396 2.222291e+19 1.7344951903e-05 1.0 
42855563.539 -693837974.66 172273316.05 917.48208936 -16600.219866 4088.8894119 2.221413e+19 1.7338099125e-05 1.0 
15017003.52 -926345687.78 70099360.446 234.96927554 -22116.957698 1505.1511962 2.221413e+19 1.7338099125e-05 1.0 
22968789.602 -871321036.73 21801398.082 344.31934187 -20981.921209 441.05054796 2.221413e+19 1.7338099125e-05 1.0 
34370474.111 -839678914.01 27794948.776 657.9925257 -20175.291596 620.68875522 2.221413e+19 1.7338099125e-05 1.0 
109444550.45 -20981731.165 8341661.9283 2318.1509537 -318.40707946 142.61600458 2.221413e+19 1.7338099125e-05 1.0 
32543966.971 21804328.124 72849923.786 487.71381104 806.39502086 1379.0855679 2.221413e+19 1.7338099125e-05 1.0 
80110933.489 -628509954.35 -81803673.317 1815.3352733 -15036.171098 -1934.1983582 2.221413e+19 1.7338099125e-05 1.0 
105751395.84 -711072620.3 -159834634.69 2420.3113028 -17016.082761 -3787.0002791 2.221413e+19 1.7338099125e-05 1.0 
98572.852719 -951577559.12 -102198830.57 -100.73347152 -22703.061097 -2333.8546209 2.221413e+19 1.7338099125e-05 1.0 
6372806.2043 -932147370.46 -38117865.763 45.17961177 -22170.343952 -632.47118406 2.221413e+19 1.7338099125e-05 1.0 
298709492.74 171372226.86 -14356336.397 6967.0686338 4026.855111 -333.9102771 2.216736e+19 1.7301595201e-05 1.0 
-83096053.437 -22472860.387 -86204487.871 -1982.4634798 -277.92705422 -1866.766939 2.216736e+19 1.7301595201e-05 1.0 
31417696.429 -706890094.03 9858763.0144 635.96798382 -16935.01411 228.3985591 2.215899e+19 1.7295062427e-05 1.0 
138570829.52 -391527740.14 -14097667.07 3213.0487082 -9338.8392563 -339.7062688 2.215899e+19 1.7295062427e-05 1.0 
41405617.298 -87153261.912 104541391.04 832.10521915 -1927.9130522 2394.7208089 2.215899e+19 1.7295062427e-05 1.0 
130588672.65 -570318397.39 464573742.06 3028.7691117 -13632.474852 11073.686382 2.215899e+19 1.7295062427e-05 1.0 
-211242661.46 -1016855251.6 311660753.33 -5147.2727831 -24285.658364 7414.6512491 2.215899e+19 1.7295062427e-05 1.0 
28543249.988 -844241709.22 -3960477.9562 510.59737087 -20307.421034 -87.10988085 2.215899e+19 1.7295062427e-05 1.0 
60282768.232 -682621471.42 -38116156.82 1332.497444 -16347.835827 -897.22621712 2.215899e+19 1.7295062427e-05 1.0 
143550045.34 -344479688.47 -105104139.39 3326.271921 -8203.7738418 -2490.518522 2.215899e+19 1.7295062427e-05 1.0 
-128130043.73 -465741350.5 -26711717.149 -3166.2527502 -11094.250488 -643.10287842 2.215899e+19 1.7295062427e-05 1.0 
-151675031.65 -1000028970.3 43275153.339 -3703.3267035 -23847.64766 1006.522834 2.215899e+19 1.7295062427e-05 1.0 
33495977.554 -834857579.3 -72126481.19 669.09081105 -20021.453061 -1650.7486824 2.215899e+19 1.7295062427e-05 1.0 
27136018.211 -674572850.62 -277381448.43 546.39604031 -16127.565357 -6595.8737615 2.215899e+19 1.7295062427e-05 1.0 
56925138.149 -490007109.93 -393856823.05 1264.7965301 -11701.777399 -9367.0803995 2.215899e+19 1.7295062427e-05 1.0 
-126728094.56 -989805086.01 -176318907.31 -3119.9521507 -23635.078853 -4171.4895353 2.215899e+19 1.7295062427e-05 1.0 
23990648.609 -891222990.35 -39438461.585 382.45187801 -21412.043543 -778.04750196 2.215899e+19 1.7295062427e-05 1.0 
13718704.966 -879425609.44 -121656216.47 222.0426021 -21032.155528 -2814.3681709 2.215899e+19 1.7295062427e-05 1.0 
-36728470.013 -893120054.65 -148666476.45 -971.42477174 -21346.690923 -3474.7103833 2.215899e+19 1.7295062427e-05 1.0 
-29395446.345 -75259770.818 289067221.46 -793.85552409 -1746.9538084 6790.5048724 2.213959e+19 1.7279920753e-05 1.0 
-58432179.256 -28516928.111 70384478.186 -1417.2743919 -387.52547933 1473.2859639 2.213959e+19 1.7279920753e-05 1.0 
-3209059.8674 110989304.07 126438194.41 -217.81295234 2576.3608363 2603.4779152 2.213959e+19 1.7279920753e-05 1.0 
-35752098.428 -409075121.52 344433550.66 -948.74306525 -9749.5766509 8195.9682652 2.213959e+19 1.7279920753e-05 1.0 
-151556689.37 -417216117.14 249795899.32 -3720.4469235 -9935.7623039 5943.9912124 2.213959e+19 1.7279920753e-05 1.0 
246201596.84 -63476392.562 162163448.94 5737.3146149 -1497.3315319 3800.1805754 2.213959e+19 1.7279920753e-05 1.0 
272688253.41 175430177.27 -22180953.192 6331.9365005 4104.9379314 -510.38436645 2.213959e+19 1.7279920753e-05 1.0 
84809469.252 -760350600.23 110869660.76 1915.721811 -18209.044725 2610.9127525 2.213168e+19 1.7273747009e-05 1.0 
165001532.16 -555999776.35 156425845.87 3848.712033 -13292.785772 3708.0956363 2.213168e+19 1.7273747009e-05 1.0 
32360577.805 -924089192.67 163657497.06 670.10314114 -22081.964622 3834.6396838 2.213168e+19 1.7273747009e-05 1.0 
33861644.477 -725741109.01 31039579.119 695.13879169 -17390.572391 725.57386478 2.213168e+19 1.7273747009e-05 1.0 
197722585.59 -312495014.7 152098468.76 4624.2118105 -7440.2675323 3613.5659107 2.213168e+19 1.7273747009e-05 1.0 
-229174795.37 -852585028.49 269346409.92 -5576.0583999 -20359.808345 6392.0565124 2.213168e+19 1.7273747009e-05 1.0 
31009193.705 -716592628.5 -81298637.266 633.0836277 -17166.027358 -1920.991515 2.213168e+19 1.7273747009e-05 1.0 
192780030.68 -428473687.47 -46899625.205 4507.9107879 -10229.13908 -1096.9544981 2.213168e+19 1.7273747009e-05 1.0 
35773835.702 -777879450.97 -88224003.017 735.27711414 -18638.151872 -2060.7470872 2.213168e+19 1.7273747009e-05 1.0 
163043658.36 -628286401.57 -219894234.37 3799.5457672 -15023.859538 -5225.6061374 2.213168e+19 1.7273747009e-05 1.0 
24339860.523 -905893526.39 -96013019.012 459.90665423 -21659.387951 -2171.0059901 2.213168e+19 1.7273747009e-05 1.0 
31338841.709 137516520.59 65222301.612 341.97821633 2989.9532189 1146.4773683 2.211182e+19 1.7258246305e-05 1.0 
39536432.638 -699150834.1 -160685278.64 847.15603864 -16726.732067 -3807.3597261 2.211182e+19 1.7258246305e-05 1.0 
-145805233.98 -373147548.28 -208988460.8 -3578.9379976 -8872.6121327 -4957.8070869 2.211182e+19 1.7258246305e-05 1.0 
49753663.114 -738206471.33 -9117799.5261 1072.1125104 -17695.149977 -213.79486037 2.210454e+19 1.7252564274e-05 1.0 
138435329.14 -297092563.3 12230373.142 3201.5715831 -7057.6659369 299.55986048 2.210454e+19 1.7252564274e-05 1.0 
-207945224.99 -969194313.62 64898791.818 -5053.4626625 -23142.106184 1512.443488 2.210454e+19 1.7252564274e-05 1.0 
55619772.313 -828776752.18 -241020835.27 1223.6729188 -19820.565485 -5708.8004751 2.210454e+19 1.7252564274e-05 1.0 
-6439691.7369 -956010548.95 -21242932.594 -198.09949662 -22605.123429 -355.9939794 2.210454e+19 1.7252564274e-05 1.0 
-55782041.165 -538116053.41 -418916287.61 -1430.2536646 -12843.11689 -9996.9597675 2.208405e+19 1.7236571856e-05 1.0 
33621391.429 -888429987.98 86124962.055 667.24460367 -21270.531401 1941.90949 2.207757e+19 1.7231514225e-05 1.0 
116154542.1 -28687796.562 353813257.7 2666.6211761 -671.86298627 8357.3634018 2.205628e+19 1.7214897408e-05 1.0 
-65415030.514 -63710846.862 51592489.787 -1596.4059471 -1239.1537027 1137.4121702 2.205628e+19 1.7214897408e-05 1.0 
-43822227.996 -687810725.85 463589065.41 -1149.5774827 -16446.529735 11067.542787 2.205628e+19 1.7214897408e-05 1.0 
-102895515.28 -798317417.42 127245247.58 -2554.469026 -19106.298144 3015.7629383 2.205628e+19 1.7214897408e-05 1.0 
-93221547.091 -613394225.96 -108136858.16 -2320.5749499 -14650.876401 -2583.2436995 2.205628e+19 1.7214897408e-05 1.0 
-92515875.019 -163609520.76 -50122915.395 -2281.5860353 -3748.5375846 -1174.8167578 2.205628e+19 1.7214897408e-05 1.0 
-15817423.75 -560371653.37 69023985.543 -470.27848673 -13387.641424 1647.8592195 2.205628e+19 1.7214897408e-05 1.0 
-91570488.98 -913370133.62 -25526520.644 -2222.0988899 -21848.277512 -577.96307204 2.205628e+19 1.7214897408e-05 1.0 
-69990161.536 -542913215.49 -230658556.99 -1767.7327359 -12952.201066 -5502.2510799 2.205628e+19 1.7214897408e-05 1.0 
-76394113.743 -203190127.19 -92032630.745 -1907.8099185 -4730.5451866 -2155.0429319 2.205628e+19 1.7214897408e-05 1.0 
26171717.477 -885883476.14 30781223.051 421.64428556 -21312.733633 598.18452104 2.205076e+19 1.7210589055e-05 1.0 
34923429.263 -844311974.14 51486389.345 687.81616696 -20264.250765 1152.7478205 2.205076e+19 1.7210589055e-05 1.0 
199512339.42 -484061037.33 250127332.69 4671.6827583 -11559.46031 5936.9060235 2.205076e+19 1.7210589055e-05 1.0 
95292259.02 -694853560.89 272449466.65 2176.631531 -16608.213631 6459.5346918 2.205076e+19 1.7210589055e-05 1.0 
31373846.51 -877200040.38 26669684.033 542.05447992 -21105.003866 541.52241085 2.205076e+19 1.7210589055e-05 1.0 
40864203.789 -845360218.48 33219521.415 812.34520208 -20305.086229 736.73532632 2.205076e+19 1.7210589055e-05 1.0 
34666767.284 -629328677.4 64133241.123 724.98104199 -15057.927459 1510.7255955 2.205076e+19 1.7210589055e-05 1.0 
127434631.86 -493352072.77 58665366.946 2945.5989641 -11785.92773 1377.7029404 2.205076e+19 1.7210589055e-05 1.0 
210057341.52 -73662176.685 215768786.07 4885.6329085 -1722.4356237 5076.8770816 2.205076e+19 1.7210589055e-05 1.0 
303255417.57 -398571461.11 414408648.26 7161.1255818 -9532.2001251 9869.6178663 2.205076e+19 1.7210589055e-05 1.0 
21172742.966 -946353658.41 68383672.975 375.92739649 -22554.877058 1482.4938358 2.205076e+19 1.7210589055e-05 1.0 
6575121.2799 -938905544.99 90412632.963 53.578047411 -22398.055611 2031.6385103 2.205076e+19 1.7210589055e-05 1.0 
46985036.783 -808808973.9 25794855.818 980.05618992 -19411.734245 589.14524392 2.205076e+19 1.7210589055e-05 1.0 
221332903.77 -250894824.04 85738660.861 5175.9226881 -5967.6192814 2020.9255725 2.205076e+19 1.7210589055e-05 1.0 
240758856.94 -200915436.25 283451220.53 5647.9400934 -4779.2672816 6717.4583165 2.205076e+19 1.7210589055e-05 1.0 
39686671.052 -826146223.88 -21990431.458 798.42251534 -19843.245294 -495.15769933 2.205076e+19 1.7210589055e-05 1.0 
223641457.63 -79433439.992 -104024821.48 5181.4742847 -1858.4956744 -2432.031774 2.205076e+19 1.7210589055e-05 1.0 
-230430085.48 -964085376.06 84337005.212 -5603.0737815 -23014.503062 2009.1687845 2.205076e+19 1.7210589055e-05 1.0 
31468180.911 -853867054.41 -22364411.652 575.57541565 -20536.278421 -482.90687169 2.205076e+19 1.7210589055e-05 1.0 
33311939.922 -797893796.82 -49855104.417 664.79765638 -19139.261504 -1152.3358216 2.205076e+19 1.7210589055e-05 1.0 
78845117.844 -461667770.61 -211466696.1 1785.8162337 -11024.233309 -5019.8110334 2.205076e+19 1.7210589055e-05 1.0 
370894500.58 -216771438.7 -220324876.36 8762.7818862 -5173.0480681 -5224.3570945 2.205076e+19 1.7210589055e-05 1.0 
-200691312.43 -855211466.25 -109658010.32 -4888.2142866 -20426.631871 -2608.7249654 2.205076e+19 1.7210589055e-05 1.0 
-275539307.65 -1094537218.2 47208904.617 -6679.5168446 -26117.914355 1125.3929044 2.205076e+19 1.7210589055e-05 1.0 
28525055.304 -866657500.67 -26751609.799 497.91100732 -20851.353739 -558.39938337 2.205076e+19 1.7210589055e-05 1.0 
341844850.64 -403198888.17 -363056618.01 8078.0547279 -9641.2693808 -8642.1695915 2.205076e+19 1.7210589055e-05 1.0 
-239186577.31 -1052267734.9 -34730288.026 -5809.2569861 -25118.694034 -819.39947592 2.205076e+19 1.7210589055e-05 1.0 
10720959.121 -926549684.55 -119963348.77 149.22937444 -22128.181311 -2764.0997163 2.205076e+19 1.7210589055e-05 1.0 
18763806.961 -916455111.14 -37328255.914 246.00166695 -21943.002128 -632.27698474 2.205076e+19 1.7210589055e-05 1.0 
21015894.494 -932948159.73 -51342295.787 347.92953161 -22234.981218 -1022.3345818 2.205076e+19 1.7210589055e-05 1.0 
11629151.132 -937966913.69 -33836822.588 125.23721173 -22275.766206 -534.80985949 2.205076e+19 1.7210589055e-05 1.0 
126442705.26 -439874098.85 -215766908.51 2933.4300336 -10490.796314 -5139.9243155 2.202851e+19 1.719322296e-05 1.0 
-72334684.671 -35235427.398 -69464892.345 -1739.7083926 -552.90459423 -1494.4790887 2.202851e+19 1.719322296e-05 1.0 
43143527.988 -823107899.57 -4359259.2641 877.5210156 -19770.903875 -104.35932139 2.202412e+19 1.7189796571e-05 1.0 
-197199854.61 -853444791.9 186358969.96 -4813.9242679 -20393.183813 4432.5263345 2.202412e+19 1.7189796571e-05 1.0 
-31187407.235 -766842585.2 -435523343.89 -844.97930754 -18323.299178 -10367.931129 2.202412e+19 1.7189796571e-05 1.0 
-115564347.26 -1016369146.4 -139762723.49 -2851.8823307 -24244.717826 -3296.0181771 2.202412e+19 1.7189796571e-05 1.0 
-60946239.06 -564692880.63 -292838038.13 -1553.8281785 -13484.400301 -6980.7314255 2.200073e+19 1.7171540707e-05 1.0 
-127200288.18 -544328213.66 -277100931.32 -3137.4550894 -12979.782324 -6603.2329603 2.200073e+19 1.7171540707e-05 1.0 
258614212.76 -96966729.506 -575883249.46 6096.6365507 -2297.0158585 -13737.477225 2.200073e+19 1.7171540707e-05 1.0 
-61048831.19 -385636034.25 -218709014.32 -1552.8436462 -9173.2127218 -5180.6841219 2.200073e+19 1.7171540707e-05 1.0 
26704968.599 99530565.686 -194985378.04 492.34473082 2348.2107055 -4415.6842027 2.200073e+19 1.7171540707e-05 1.0 
22685219.293 -893088238.05 53824816.073 382.38022797 -21418.7851 1123.669263 2.199763e+19 1.7169121161e-05 1.0 
42400333.549 -866879034.76 83345582.0 877.98832998 -20768.741276 1893.7423222 2.199763e+19 1.7169121161e-05 1.0 
17456856.136 -909583305.68 42740825.838 237.88774185 -21802.26612 789.23247053 2.199763e+19 1.7169121161e-05 1.0 
57200147.957 -829174034.94 134179081.87 1250.8551216 -19844.290266 3137.99433 2.199763e+19 1.7169121161e-05 1.0 
19647882.287 -905193729.39 61066231.894 321.94590088 -21669.185185 1282.3833537 2.199763e+19 1.7169121161e-05 1.0 
43126094.137 -877716691.82 108090083.9 906.34743511 -21001.028338 2485.4740037 2.199763e+19 1.7169121161e-05 1.0 
-129731074.08 -236309597.04 280720535.06 -3190.4756998 -5588.2376911 6651.4292542 2.197296e+19 1.7149866258e-05 1.0 
57997154.409 -788521012.79 55001385.7 1259.173662 -18903.076127 1267.4907964 2.189321e+19 1.7087621489e-05 1.0 
171699364.53 -446369963.37 179342288.84 4004.3830471 -10654.184379 4249.5909684 2.189321e+19 1.7087621489e-05 1.0 
38694700.372 -816080591.77 335453163.51 826.94695798 -19508.45625 7968.4349957 2.189321e+19 1.7087621489e-05 1.0 
57371843.236 -804808941.65 31903112.052 1231.1428427 -19308.634465 726.55542547 2.189321e+19 1.7087621489e-05 1.0 
67513345.212 -687867085.19 63612166.665 1507.6364088 -16470.684088 1499.9964993 2.189321e+19 1.7087621489e-05 1.0 
112405506.37 -368000025.72 132753448.69 2582.7913862 -8764.5442761 3145.3101203 2.189321e+19 1.7087621489e-05 1.0 
261384130.17 -225667189.9 94216702.071 6128.9062018 -5367.0760347 2206.2669962 2.189321e+19 1.7087621489e-05 1.0 
183491968.15 -276019190.25 487792339.96 4288.1853461 -6586.7676874 11608.237988 2.189321e+19 1.7087621489e-05 1.0 
-23272827.913 -927705074.56 260726954.96 -654.40959224 -22158.103189 6173.8406504 2.189321e+19 1.7087621489e-05 1.0 
56909029.048 -747311650.34 -30214027.126 1244.2235502 -17912.420541 -697.07533001 2.189321e+19 1.7087621489e-05 1.0 
210637609.23 -349031839.11 -57088344.152 4926.2799207 -8325.3556992 -1340.4315325 2.189321e+19 1.7087621489e-05 1.0 
-269065947.65 -1169099185.9 77346373.889 -6528.2918871 -27899.983282 1831.4285237 2.189321e+19 1.7087621489e-05 1.0 
53884968.773 -805287727.19 -43289691.867 1154.0137151 -19314.568291 -985.81179868 2.189321e+19 1.7087621489e-05 1.0 
250265454.98 -593648620.54 -171282318.49 5883.2598343 -14200.12062 -4055.0301736 2.189321e+19 1.7087621489e-05 1.0 
261368358.0 -343465578.36 -164013485.79 6143.4618764 -8196.2149405 -3873.9450827 2.189321e+19 1.7087621489e-05 1.0 
145200282.23 -13707580.305 -164498094.91 3295.4628184 -266.41405031 -3805.2512547 2.189321e+19 1.7087621489e-05 1.0 
-86446445.683 -1137482202.8 913002.5748 -2165.3794003 -27124.516665 24.151002765 2.189321e+19 1.7087621489e-05 1.0 
20609473.495 -917211201.37 -39859529.395 298.44707298 -21932.311436 -693.69904863 2.189321e+19 1.7087621489e-05 1.0 
26884001.648 -926983832.92 -59908995.885 490.33932505 -22122.994681 -1251.0584097 2.189321e+19 1.7087621489e-05 1.0 
-101074081.81 -248153702.21 381646392.79 -2510.4770455 -5892.2336824 9067.0872351 2.188962e+19 1.7084819498e-05 1.0 
-141180339.26 -264752690.36 223064689.23 -3464.1062575 -6265.4298551 5276.9467694 2.188962e+19 1.7084819498e-05 1.0 
59074167.711 -246145761.56 310646783.77 1319.3648015 -5837.1840982 7363.0628206 2.188962e+19 1.7084819498e-05 1.0 
-151231097.45 -435117924.23 145283820.86 -3710.4011994 -10361.51576 3443.5778649 2.188962e+19 1.7084819498e-05 1.0 
-221741916.18 -792109833.47 65685634.002 -5405.7162918 -18935.032411 1552.90006 2.188962e+19 1.7084819498e-05 1.0 
-117634999.26 -506859526.47 -44174469.445 -2905.5083812 -12081.177565 -1042.549097 2.188962e+19 1.7084819498e-05 1.0 
186498723.42 72963336.835 -164815046.66 4267.5715619 1755.3118507 -3812.4831006 2.188962e+19 1.7084819498e-05 1.0 
-104403793.12 -43213150.317 -124108758.2 -2526.1233132 -859.89616421 -2795.4632991 2.188962e+19 1.7084819498e-05 1.0 
170225699.48 146146469.45 -196265338.06 3898.625591 3443.0898122 -4559.6154508 2.188962e+19 1.7084819498e-05 1.0 
28732368.096 -882336230.22 50668316.021 524.70631173 -21178.337777 1073.3808761 2.184187e+19 1.7047550686e-05 1.0 
157755267.66 -774758766.99 155993419.49 3668.6113568 -18539.242167 3681.8188617 2.184187e+19 1.7047550686e-05 1.0 
89437736.129 -843402196.29 188934141.21 2027.9956462 -20176.429228 4457.3786749 2.184187e+19 1.7047550686e-05 1.0 
41018154.265 -893703055.02 100361321.65 852.01752386 -21371.664109 2287.688811 2.184187e+19 1.7047550686e-05 1.0 
44774734.271 -821405681.74 -12624621.338 917.58972877 -19728.339881 -286.52135177 2.184187e+19 1.7047550686e-05 1.0 
62798268.849 -745883116.42 -27739290.314 1379.3439546 -17879.521818 -650.01100924 2.184187e+19 1.7047550686e-05 1.0 
172772051.5 -277480335.96 3444777.7125 4010.4670037 -6598.3380531 101.02793941 2.184187e+19 1.7047550686e-05 1.0 
-210392242.18 -850725526.52 395568391.18 -5140.091993 -20342.904552 9457.2774782 2.184187e+19 1.7047550686e-05 1.0 
-267971257.04 -1008156019.9 127115596.9 -6498.5294949 -24067.829948 3013.8774226 2.184187e+19 1.7047550686e-05 1.0 
29634133.496128075 -883124024.1549418 -26658073.032202262 491.12138494685485 -21252.22139026667 -520.7814638559959 4.348374e+19 3.3939001636e-05 1.0 
41539355.112 -841864096.88 -48955930.268 842.82951566 -20205.104412 -1099.150265 2.184187e+19 1.7047550686e-05 1.0 
167489084.02 -619395494.81 -249631425.2 3906.2966459 -14811.515388 -5924.778628 2.184187e+19 1.7047550686e-05 1.0 
185453398.73 -396476811.45 -401954970.07 4334.6876978 -9466.395213 -9558.4133483 2.184187e+19 1.7047550686e-05 1.0 
-173619343.99 -982155229.05 15260318.982 -4224.9911114 -23439.3215 394.81011026 2.184187e+19 1.7047550686e-05 1.0 
-108252318.69 -1177755545.3 -74530702.709 -2689.08716 -28094.894364 -1766.9452681 2.184187e+19 1.7047550686e-05 1.0 
-65146090.228 -3796688.6699 109529473.89 -1583.3798633 120.98143012 2352.3842433 2.183406e+19 1.7041454992e-05 1.0 
172794244.1 -201111826.58 376964899.78 4033.5952931 -4776.2926769 8951.297848 2.183406e+19 1.7041454992e-05 1.0 
-157737620.31 -279436066.29 31968165.717 -3853.464282 -6583.9573413 739.90276798 2.183406e+19 1.7041454992e-05 1.0 
12158597.452 -516801023.54 318077764.99 194.37983987 -12341.390515 7582.0624985 2.183406e+19 1.7041454992e-05 1.0 
-164435821.64 -311794448.54 47658095.644 -4016.712634 -7366.5015834 1132.8464821 2.183406e+19 1.7041454992e-05 1.0 
109747133.35 -546791269.79 -37171176.988 2526.4855426 -13072.878299 -879.63175135 2.179109e+19 1.7007916963e-05 1.0 
76125320.844 -811217177.42 -123068704.7 1703.1972393 -19421.144205 -2881.2274263 2.179109e+19 1.7007916963e-05 1.0 
115755097.09 -322772933.37 468198244.45 2674.0220347 -7688.4043427 11163.104711 2.177848e+19 1.6998074875e-05 1.0 
-185293957.12 -405980363.46 51969893.045 -4524.1574015 -9650.7723552 1233.5724486 2.177848e+19 1.6998074875e-05 1.0 
25354210.288 -896486979.24 33339399.631 393.96997658 -21544.17159 611.18047632 2.17659e+19 1.6988256202e-05 1.0 
51386129.626 -808905681.79 91543154.583 1104.7514986 -19379.895098 2124.6539649 2.17659e+19 1.6988256202e-05 1.0 
125305015.84 -791932757.5 224398617.72 2891.1927096 -18947.325164 5320.2719144 2.17659e+19 1.6988256202e-05 1.0 
48561042.041 -874150854.13 158158099.91 1048.7572194 -20905.107666 3703.8305314 2.17659e+19 1.6988256202e-05 1.0 
53372972.624 -757868155.23 5334065.6098 1151.796163 -18173.800133 121.60806805 2.17659e+19 1.6988256202e-05 1.0 
238966940.14 -135984330.35 -10169457.679 5563.4788439 -3212.3571769 -241.6726857 2.17659e+19 1.6988256202e-05 1.0 
-190445455.55 -693205111.93 406268684.11 -4653.7788511 -16562.090942 9673.8626654 2.17659e+19 1.6988256202e-05 1.0 
25059639.47 -893456318.45 -26179691.082 362.98119593 -21500.89605 -459.45317029 2.17659e+19 1.6988256202e-05 1.0 
95503412.348 -858226000.96 -237529060.74 2178.7396563 -20514.612907 -5617.3686142 2.17659e+19 1.6988256202e-05 1.0 
29877501.125 -960287220.95 -26364287.506 536.08027471 -22767.788512 -508.39240289 2.17659e+19 1.6988256202e-05 1.0 
-70821525.312 -14642444.126 135938362.66 -1734.8432997 -193.21900886 3012.1382244 2.175068e+19 1.6976377012e-05 1.0 
-79635896.512 16594910.248 75165497.605 -1840.4271614 675.9736595 1498.4377678 2.175068e+19 1.6976377012e-05 1.0 
149871269.52 -79415211.033 39064389.689 3390.3207352 -1776.2473607 896.10847199 2.175068e+19 1.6976377012e-05 1.0 
-212027654.27 -433953689.93 -216972523.08 -5171.1008674 -10334.903724 -5162.3749951 2.175068e+19 1.6976377012e-05 1.0 
-176839635.45 -687928944.79 -122772684.08 -4323.228732 -16434.840566 -2902.7468599 2.175068e+19 1.6976377012e-05 1.0 
-70875642.307 46607222.538 -22321973.216 -1381.4175399 1626.8509319 -289.90224774 2.175068e+19 1.6976377012e-05 1.0 
114092384.42 -635705246.32 104255779.58 2625.5944215 -15209.501979 2463.9731198 2.174084e+19 1.6968696905e-05 1.0 
146997095.6 -529581115.0 92840370.058 3416.3556048 -12655.278103 2182.9605479 2.174084e+19 1.6968696905e-05 1.0 
25337490.115 -925694378.97 69035231.592 465.2477405 -22094.133831 1484.9902712 2.174084e+19 1.6968696905e-05 1.0 
46488601.181 -922205826.42 126168099.73 994.50112738 -22025.49892 2918.4561841 2.174084e+19 1.6968696905e-05 1.0 
55034768.185 -772200620.86 26783491.947 1188.4654288 -18520.511579 622.44377745 2.174084e+19 1.6968696905e-05 1.0 
154775847.01 -541992939.41 69025057.964 3605.5452536 -12956.833201 1642.8600214 2.174084e+19 1.6968696905e-05 1.0 
144093180.19 -446019911.67 44933920.822 3348.1798576 -10642.72714 1063.5043256 2.174084e+19 1.6968696905e-05 1.0 
190918915.98 -263465445.62 -42903998.128 4438.7689444 -6268.3430544 -1038.180033 2.174084e+19 1.6968696905e-05 1.0 
168113765.98 -512248071.53 548751422.41 3926.0222202 -12243.080539 13082.881707 2.174084e+19 1.6968696905e-05 1.0 
49329068.444 -944023888.67 114614072.62 1057.9936348 -22518.140692 2645.3153344 2.174084e+19 1.6968696905e-05 1.0 
32568559.278 -861688306.13 -14112695.962 582.73268734 -20738.778163 -304.67410563 2.174084e+19 1.6968696905e-05 1.0 
99597212.209 -202763129.47 5360469.5231 2253.301325 -4738.0379591 147.19946946 2.174084e+19 1.6968696905e-05 1.0 
26489245.505797796 -882211134.2374812 -13718814.919022072 392.9510376066538 -21269.21329931378 -258.1800670203958 4.333395e+19 3.382209074e-05 1.0 
428972555.53 -70694350.409 -252643711.28 10145.997254 -1694.9136068 -5985.6601938 2.174084e+19 1.6968696905e-05 1.0 
261288226.02 -313733230.72 -310912463.32 6152.3409885 -7478.1349449 -7389.817985 2.174084e+19 1.6968696905e-05 1.0 
25126649.347 -896916725.48 -49159862.715 429.94799388 -21506.680772 -996.64008911 2.174084e+19 1.6968696905e-05 1.0 
37311633.324 -900257796.55 -62643591.563 730.80009431 -21555.69758 -1348.092566 2.174084e+19 1.6968696905e-05 1.0 
42540826.982 -895812377.1 -159278314.19 905.53528575 -21410.609763 -3726.4733982 2.174084e+19 1.6968696905e-05 1.0 
-58458700.485 15546245.423 283756072.31 -1483.8964914 406.75265139 6628.8571808 2.172288e+19 1.6954679148e-05 1.0 
-79396121.847 6043488.3131 61274425.826 -1827.5170993 475.95552204 1222.9024163 2.172288e+19 1.6954679148e-05 1.0 
28817851.236 100351016.07 235669013.33 562.02212538 2387.9004706 5433.9350695 2.172288e+19 1.6954679148e-05 1.0 
-79894175.65 -24683260.854 58939445.628 -1890.0828743 -275.20851005 1251.5655073 2.172288e+19 1.6954679148e-05 1.0 
269308621.12 226581767.52 134382668.63 6282.1237406 5347.9634642 3142.4077231 2.172288e+19 1.6954679148e-05 1.0 
16864403.431 -451819954.09 199252368.79 310.20828096 -10768.076198 4736.8902291 2.172288e+19 1.6954679148e-05 1.0 
-56061017.781 -111610746.92 -63485138.34 -1408.3341163 -2451.8401074 -1458.3913023 2.172288e+19 1.6954679148e-05 1.0 
-111647291.3 -997094288.79 58215847.224 -2740.5948616 -23819.31109 1390.5287408 2.172288e+19 1.6954679148e-05 1.0 
-4553366.3129 -657110927.32 -121258635.82 -197.84235388 -15705.896225 -2874.4339119 2.172288e+19 1.6954679148e-05 1.0 
95194588.825 -655772165.37 -16633705.025 2172.4669507 -15701.363189 -390.14632772 2.171591e+19 1.6949239073e-05 1.0 
191102632.02 -413958795.24 -38165010.403 4469.3952518 -9887.1867657 -902.67515539 2.171591e+19 1.6949239073e-05 1.0 
-96184829.236 -1087123182.3 135225823.13 -2395.400297 -25933.504698 3193.6122605 2.171591e+19 1.6949239073e-05 1.0 
42234263.396 -842586092.28 -62758975.203 870.02451172 -20206.567618 -1416.3522436 2.171591e+19 1.6949239073e-05 1.0 
111866794.53 -760448897.43 -238857238.28 2572.0837208 -18190.150605 -5667.8567252 2.171591e+19 1.6949239073e-05 1.0 
276288852.97 141295766.54 33472635.584 6414.3998611 3308.2104345 782.70192352 2.169508e+19 1.6932981285e-05 1.0 
28786193.457 -882255951.44 7184179.2629 440.71919821 -21274.658524 126.83926716 2.16911e+19 1.69298749e-05 1.0 
38958104.515 -857014623.62 8203801.5748 740.37158526 -20615.47837 171.2381124 2.16911e+19 1.69298749e-05 1.0 
69365402.948 -601798153.19 -21746098.29 1557.4366492 -14400.63117 -520.1008627 2.16911e+19 1.69298749e-05 1.0 
107257190.93 -479913137.29 -12965513.317 2467.9655295 -11462.231553 -307.7825353 2.16911e+19 1.69298749e-05 1.0 
215436199.64 98344450.046 -19834528.276 4897.0333743 2317.7588181 -478.00334062 2.16911e+19 1.69298749e-05 1.0 
82941871.152 104265304.72 88990169.792 1616.7780711 2413.72815 1846.2045946 2.16911e+19 1.69298749e-05 1.0 
29893564.355 -875414531.59 -66457603.142 572.70681235 -20987.94038 -1465.7536995 2.16911e+19 1.69298749e-05 1.0 
50171921.347 -860071963.26 -98836684.819 1072.2885699 -20594.711655 -2271.9080867 2.16911e+19 1.69298749e-05 1.0 
2881485.7137 -884132397.99 -367190997.45 -31.381099466 -21115.481666 -8721.7141786 2.16911e+19 1.69298749e-05 1.0 
24425260.617 -976457806.0 -368973830.73 482.09518742 -23316.523057 -8766.9814312 2.16911e+19 1.69298749e-05 1.0 
118601347.74 -568176711.76 -38098014.372 2730.4890647 -13583.97102 -878.78669662 2.166642e+19 1.6910612193e-05 1.0 
108125177.61 82615544.252 -144384327.89 2347.0347887 1966.0661397 -3253.0205513 2.166642e+19 1.6910612193e-05 1.0 
54434470.857 -775107524.83 -6798231.8359 1171.1488676 -18592.347723 -158.24785365 2.164187e+19 1.689145095e-05 1.0 
-357025173.24 -894390444.85 302900349.42 -8648.1092389 -21380.974005 7224.283721 2.164187e+19 1.689145095e-05 1.0 
74530951.758 -694484962.75 -403782050.45 1682.8708241 -16599.874775 -9604.2236132 2.164187e+19 1.689145095e-05 1.0 
-166653016.63 -1187138756.1 -187419731.33 -4083.9008139 -28336.299065 -4448.7196402 2.164187e+19 1.689145095e-05 1.0 
-42684166.784 -150384066.67 388823720.16 -1114.6478352 -3555.7687469 9216.6407796 2.163946e+19 1.6889569949e-05 1.0 
-130327643.62 -278205845.12 213744144.6 -3203.2790019 -6583.007145 5065.9752943 2.163946e+19 1.6889569949e-05 1.0 
242261519.97 74180094.45 -263802556.71 5655.4235195 1765.8231472 -6211.682907 2.163946e+19 1.6889569949e-05 1.0 
-76998097.067 -31293107.218 -127147531.81 -1880.9732626 -566.94555067 -2833.5200532 2.163946e+19 1.6889569949e-05 1.0 
44480489.216 -846645891.08 42713307.928 902.04451053 -20324.199196 950.89780251 2.159311e+19 1.6853393835e-05 1.0 
100227797.84 -718932217.86 57094332.957 2283.0702511 -17219.167594 1333.2972022 2.159311e+19 1.6853393835e-05 1.0 
209798201.54 -452557285.35 119593681.71 4912.7546303 -10811.236409 2820.014456 2.159311e+19 1.6853393835e-05 1.0 
233582134.48 -167474598.27 394156062.24 5478.2335546 -3992.0944935 9363.5122562 2.159311e+19 1.6853393835e-05 1.0 
47818011.569 -862085653.0 271323095.3 1042.0662243 -20592.392813 6425.1236434 2.159311e+19 1.6853393835e-05 1.0 
57924325.679 -753592053.4 33155239.086 1264.2380863 -18066.091526 767.3241175 2.159311e+19 1.6853393835e-05 1.0 
301869293.06 -321549829.9 30475097.628 7102.5282687 -7684.8690666 704.65970963 2.159311e+19 1.6853393835e-05 1.0 
-29196028.44 -705789947.33 509443680.9 -795.16650627 -16863.504542 12126.488449 2.159311e+19 1.6853393835e-05 1.0 
103319858.48 -681181049.45 24705142.919 2362.2461351 -16314.238988 580.7487115 2.159311e+19 1.6853393835e-05 1.0 
212575611.05 -391324645.55 15492431.432 4980.1509057 -9343.473851 362.32365508 2.159311e+19 1.6853393835e-05 1.0 
-50070297.451 -940064636.37 396374257.54 -1296.264779 -22447.208543 9425.406264 2.159311e+19 1.6853393835e-05 1.0 
49323524.354 -816685955.33 -32799838.527 1033.7880025 -19601.825105 -746.03187662 2.159311e+19 1.6853393835e-05 1.0 
106039866.67 -713682487.34 -44405393.332 2423.5278762 -17093.867359 -1033.3628305 2.159311e+19 1.6853393835e-05 1.0 
156805209.84 -495915680.94 -130752991.13 3647.8387111 -11851.899003 -3094.8759923 2.159311e+19 1.6853393835e-05 1.0 
409116780.66 -76664130.049 -168358886.48 9666.7061525 -1832.3755754 -3980.1695932 2.159311e+19 1.6853393835e-05 1.0 
305009964.85 34810152.775 -36549443.935 7115.4444478 814.68704529 -827.80003501 2.159311e+19 1.6853393835e-05 1.0 
202014843.24 -43618041.004 -174544464.69 4668.606214 -1008.6286473 -4085.4588205 2.159311e+19 1.6853393835e-05 1.0 
-156677912.69 -1018840165.5 -19230381.031 -3826.3741634 -24325.363858 -453.05414551 2.159311e+19 1.6853393835e-05 1.0 
-16354656.445 -990536506.51 20958477.843 -462.65673155 -23518.005729 461.72241592 2.159311e+19 1.6853393835e-05 1.0 
28402550.008 -894271337.54 -42722579.065 484.08368284 -21460.75826 -851.86582532 2.159311e+19 1.6853393835e-05 1.0 
49100911.541 -897334183.79 -89267677.773 1037.5754007 -21466.154232 -2017.1501803 2.159311e+19 1.6853393835e-05 1.0 
35214874.715 -927123033.14 -68197492.999 692.04532309 -22142.079601 -1471.8684619 2.159311e+19 1.6853393835e-05 1.0 
224787040.78 178801717.96 76991405.236 5170.9356954 4177.2685813 1774.7287337 2.1556e+19 1.6824429529e-05 1.0 
-17415073.573 -196835893.1 -397468478.28 -511.27473843 -4666.4655861 -9429.3365205 2.1556e+19 1.6824429529e-05 1.0 
1368144.6006 -60614075.731 -359621687.75 -68.864954858 -1422.6290828 -8492.1875478 2.1556e+19 1.6824429529e-05 1.0 
36406573.255 -884133761.82 40196812.153 679.13329743 -21233.234595 831.61575216 2.154481e+19 1.6815695749e-05 1.0 
59512152.438 -843196050.91 60925463.972 1277.7688859 -20219.755023 1382.6904871 2.154481e+19 1.6815695749e-05 1.0 
135281470.76 -729367332.41 125119817.2 3127.7782263 -17458.508716 2953.6846608 2.154481e+19 1.6815695749e-05 1.0 
149285760.27 -653746735.35 178696315.76 3466.777326 -15638.676777 4232.4190776 2.154481e+19 1.6815695749e-05 1.0 
292514142.55 -581806599.4 251979334.98 6893.4921412 -13909.797142 5975.7440901 2.154481e+19 1.6815695749e-05 1.0 
140427455.84 -782952185.21 363055887.41 3259.5666998 -18721.814265 8632.6428777 2.154481e+19 1.6815695749e-05 1.0 
43905361.182 -920347725.75 75650882.794 900.28091892 -21989.107989 1669.304466 2.154481e+19 1.6815695749e-05 1.0 
55177229.781 -885383893.74 163326100.63 1210.0942516 -21159.992906 3827.1306493 2.154481e+19 1.6815695749e-05 1.0 
23077682.877 -893292018.63 7247168.425 254.75002716 -21580.162461 100.81750597 2.154481e+19 1.6815695749e-05 1.0 
40419674.532 -815047310.82 5775776.451 816.45297252 -19573.262977 125.67927685 2.154481e+19 1.6815695749e-05 1.0 
79222580.907 -690066170.79 -1665755.8861 1785.0862527 -16531.358751 -40.129331151 2.154481e+19 1.6815695749e-05 1.0 
232663414.3 -329930586.76 1152993.1114 5455.9902401 -7867.6200442 30.558408059 2.154481e+19 1.6815695749e-05 1.0 
407600793.06 -19045727.07 101474225.03 9614.8021707 -469.61185287 2381.1147857 2.154481e+19 1.6815695749e-05 1.0 
-182040160.42 -1046764008.3 246999898.6 -4446.7629668 -24989.724795 5860.2304641 2.154481e+19 1.6815695749e-05 1.0 
36278585.009 -876854465.93 -55186307.288 703.69178154 -21036.946613 -1199.624132 2.154481e+19 1.6815695749e-05 1.0 
111295129.6 -788591254.33 -191446596.37 2553.799686 -18861.363118 -4519.7453838 2.154481e+19 1.6815695749e-05 1.0 
-5540150.0829 -857195537.89 -384074100.56 -230.69339058 -20485.321981 -9128.7925346 2.154481e+19 1.6815695749e-05 1.0 
14716280.158 -1066666430.2 -294074023.4 248.67730527 -25459.855001 -6980.8459776 2.154481e+19 1.6815695749e-05 1.0 
