x1	x2	x3	v1	v2	v3	mass	rel_mass	water_fraction
46423803.914754026 79884456.77713932 35992.827175267106 1333.0755965920491 2043.2368236243508 1.2871442922091063 6.4221694356e+23 0.5010710736262055 0.1015752898556537 
-46692504.17907603 -80597542.0648317 57020.73575437494 -1341.839386016224 -2064.312478757921 2.3868493034247305 6.375310551300002e+23 0.4974150456000169 0.19453186880007703 
2493602.4285 17270951.658 573870.98399 198.05952873 602.15088983 -12.23029197 7.623308e+19 5.9478641329e-05 0.0 
-8724043.9546 -4206123.415 6246920.0487 -255.94635414 -179.81890978 167.67058988 7.485501e+19 5.8403442331e-05 0.0 
-12739538.363 -27374938.526 -13252163.546 -511.0900165 -1015.3670704 -450.76518362 2.802693e+19 2.1867196197e-05 1.0 
1823411.6143 6804615.7934 -20130463.09 185.76987484 230.83895902 -550.44676538 2.689049e+19 2.0980521971e-05 1.0 
-8111609.6552 -31018801.231 -3817126.4983 -469.7471572 -1095.3240898 -103.05397427 2.677139e+19 2.0887597664e-05 1.0 
-4987593.0418 1927333.0968 -7704881.5624 -206.02835553 54.862468942 -208.59460603 2.665292e+19 2.0795164895e-05 1.0 
3774313.487 29779253.16 19297525.273 359.33763182 1002.4518976 590.72382986 2.654543e+19 2.0711298952e-05 1.0 
-2105596.2626 3738005.3548 13836730.702 48.063171121 80.124246819 572.49548603 2.653506e+19 2.0703208061e-05 1.0 
-6702898.1849 -16705757.72 -23165455.371 -254.25158262 -603.83689393 -746.26512 2.624288e+19 2.0475243122e-05 1.0 
-4892406.9781 -4753044.5116 -12925766.188 -74.227718953 -191.36219057 -313.70212288 2.61683e+19 2.0417054249e-05 1.0 
4068157.9846 18493798.697 -16218723.158 107.67623534 681.1032163 -494.63393436 2.612694e+19 2.0384784313e-05 1.0 
-7333975.5754 -38364872.831 9823480.8763 -355.95154943 -1390.5572012 247.7359468 2.595395e+19 2.0249813901e-05 1.0 
3635117.8755 13928809.962 3747424.6292 172.32855682 496.23924157 381.6448691 2.592522e+19 2.0227398155e-05 1.0 
8582050.65 24003638.886 -22635071.232 484.73163448 822.24792252 -577.71864764 2.586389e+19 2.0179547208e-05 1.0 
-4300124.4107 5180931.7818 4540745.442 -102.16040502 172.73698972 -239.88594231 2.57967e+19 2.0127124167e-05 1.0 
1434192.4033 -13161741.76 16109136.7 -151.76314402 -404.97514895 594.84169171 2.566791e+19 2.0026639519e-05 1.0 
3965495.4818 13404830.608 22173469.972 142.4936106 482.08310161 756.38170938 2.566791e+19 2.0026639519e-05 1.0 
-8020636.7261 7665025.6596 18351509.893 -53.631826116 184.84405742 651.88582555 2.566791e+19 2.0026639519e-05 1.0 
-8471503.7161 2753157.825 8641961.8669 -109.6823984 23.57448456 505.23068635 2.562942e+19 1.9996608817e-05 1.0 
-8079519.7923 -19642062.815 -10770135.637 -424.56624765 -694.34203845 -332.57170423 2.561102e+19 1.9982252752e-05 1.0 
15298410.272 23437458.945 7655800.4708 458.00672108 871.79414974 -183.07308069 2.561102e+19 1.9982252752e-05 1.0 
350768.61075 -18767828.286 -8094512.4926 -132.72723408 -609.70354625 138.21344945 2.549753e+19 1.9893705484e-05 1.0 
-10527463.275 -22077606.489 18071110.177 -290.99926207 -840.19929942 491.87651542 2.542991e+19 1.9840946947e-05 1.0 
1826055.6681 38886802.503 -11353807.341 448.46026022 1267.8352376 -293.94256892 2.539678e+19 1.9815098229e-05 1.0 
7259432.7295 35801853.067 -7972392.9585 282.44115887 1320.4754685 -204.90981903 2.538442e+19 1.9805454699e-05 1.0 
4379127.752130114 -8812416.917950807 118902.33523983647 -92.65242263533683 -235.45881811570396 29.782689483408642 5.057155e+19 3.945697962e-05 1.0 
11846377.05 18367339.945 -29629319.279 361.475503 614.43546641 -352.88700674 2.532801e+19 1.9761442439e-05 1.0 
12087032.691 -4736080.4113 233513.52628 204.91313439 -77.52084476 -317.70785218 2.524354e+19 1.9695537181e-05 1.0 
2120422.4581 37552161.417 -15812782.573 418.82646054 1240.3081593 -556.73086792 2.523162e+19 1.9686236948e-05 1.0 
-4588332.3159 17426766.348 -2080075.6034 159.26923391 529.95020532 -73.861349731 2.523162e+19 1.9686236948e-05 1.0 
-10177971.315 16189589.106 15997530.062 -29.285171361 450.44662497 622.04180909 2.523162e+19 1.9686236948e-05 1.0 
16354882.159 28725758.401 4948702.6912 484.29912592 1109.7472216 441.97231183 2.515926e+19 1.9629780164e-05 1.0 
-3178943.4024 31652202.466 5513730.8885 182.05155514 982.88576893 -227.81130445 2.510006e+19 1.9583591088e-05 1.0 
-5519725.0648 -79279.538195 -9897457.7447 -257.98954059 0.024747778431 -275.38281127 2.504717e+19 1.9542325205e-05 1.0 
-7795524.9463 -34852421.696 -955490.831 -447.75790825 -1202.7610141 -392.64084194 2.504717e+19 1.9542325205e-05 1.0 
-12289408.904 -16666709.05 -17971919.13 -272.48287071 -665.57215005 -650.22162417 2.503446e+19 1.9532408598e-05 1.0 
2701377.6899 -21539176.876 4398606.8154 128.16871028 -739.86458575 174.00300908 2.503446e+19 1.9532408598e-05 1.0 
-17202214.804 -9347142.5993 37925.430378 -262.83997348 -439.54221447 37.26236531 2.503446e+19 1.9532408598e-05 1.0 
-15958028.753 -21226004.329 15003960.215 -385.73028103 -844.00474857 532.00884092 2.499124e+19 1.9498687451e-05 1.0 
-1655368.1651 45629671.497 42576344.056 136.88894569 1295.1197918 659.41274833 2.493537e+19 1.945509651e-05 1.0 
-12177972.988 -41042266.301 -42660653.806 -425.28422794 -1226.3737444 -613.83125771 2.493537e+19 1.945509651e-05 1.0 
-7270857.7207 -13892553.014 -8397309.4508 -85.069715175 -548.94069378 -239.9910822 2.490359e+19 1.943030109e-05 1.0 
-21182020.361 -31282000.657 54768394.927 -570.16018574 -941.5369286 997.97982375 2.485171e+19 1.938982323e-05 1.0 
4572122.2536 29069567.258 4693231.8721 170.60318332 1066.3568649 135.04498134 2.482386e+19 1.9368094079e-05 1.0 
15306665.111 22197161.082 8157150.0223 407.60214839 881.47021572 484.88861058 2.482386e+19 1.9368094079e-05 1.0 
6017421.7612 20146036.156 11412002.306 130.98607168 761.66855665 349.68521151 2.479602e+19 1.9346372729e-05 1.0 
3961808.8866 1809767.0763 -32534954.483 111.07355354 74.551149619 -451.44799387 2.477315e+19 1.9328529077e-05 1.0 
-10843109.327 -30978431.482 2232605.3789 -438.26633335 -1114.1421687 423.56286704 2.477315e+19 1.9328529077e-05 1.0 
-30912918.492 -23147414.896 7278669.0067 -661.20399096 -994.9683599 413.04298233 2.47406e+19 1.9303132888e-05 1.0 
1591004.0108 40960774.246 13837849.936 462.88941116 1310.1739351 591.05475038 2.470807e+19 1.9277752302e-05 1.0 
-5020064.9307 -22852284.181 -16604714.337 -89.579862232 -836.11766331 -475.09547305 2.467557e+19 1.9252395123e-05 1.0 
-9178892.7539 -27523795.358 -14357882.748 -491.72152916 -971.35948112 -555.8370962 2.465706e+19 1.9237953235e-05 1.0 
584143.49651 -32533033.995 30440145.102 -137.04877357 -985.52294168 357.10990987 2.465706e+19 1.9237953235e-05 1.0 
-2526282.9252 -9125145.8773 -780037.10996 -249.94323403 -291.20017419 -43.94829997 2.465706e+19 1.9237953235e-05 1.0 
12270300.726 -11860436.089 -16133913.324 204.98466432 -321.20076845 -47.313422086 2.465706e+19 1.9237953235e-05 1.0 
-13649086.482 -4289059.9571 -7538095.2646 -229.9570541 -243.3393236 -480.2522683 2.46431e+19 1.9227061351e-05 1.0 
-15795310.1 -26642129.921 -16519846.877 -335.79678045 -1043.5592225 -490.89361818 2.46431e+19 1.9227061351e-05 1.0 
1646460.7693 -5866464.414 -3689880.0219 -134.52244832 -160.23008268 -132.2309712 2.460158e+19 1.919466658e-05 1.0 
3568477.0383 69144606.995 -68085894.483 217.61218555 1834.2186201 -1354.3418072 2.457821e+19 1.9176432818e-05 1.0 
-19296927.613 -6740812.0716 -3594022.6949 -397.34854048 -337.66514225 234.21415693 2.457821e+19 1.9176432818e-05 1.0 
-10285925.81 -29216499.987 -7659453.524 -567.2365164 -1043.1415375 -243.33853525 2.454616e+19 1.9151426738e-05 1.0 
6534814.5454 -16726915.361 -6393628.7331 15.596472323 -497.74336023 195.75026547 2.451847e+19 1.9129822422e-05 1.0 
24463042.277 39425751.194 -53158055.003 670.99911057 1158.6752483 -914.82575334 2.449079e+19 1.9108225908e-05 1.0 
-7929580.1283 24746142.096 -50005656.309 -105.97740251 683.5645358 -924.40894141 2.449079e+19 1.9108225908e-05 1.0 
-304078.12343 19235839.335 -26467588.891 263.54297688 603.82387148 -742.93671418 2.444869e+19 1.9075378608e-05 1.0 
-2513286.1471 24053962.147 30248570.49 59.455481944 711.14651953 385.11348008 2.444869e+19 1.9075378608e-05 1.0 
671745.80075 10144295.702 15436667.541 214.94456561 323.27018803 512.82811813 2.444869e+19 1.9075378608e-05 1.0 
-8877102.9695 2456264.7357 17804137.433 -39.950082124 9.9393134545 584.61852055 2.444869e+19 1.9075378608e-05 1.0 
4549070.0847 22064725.808 -20845107.729 179.12961527 782.8745344 -705.01902029 2.440783e+19 1.9043498783e-05 1.0 
19369260.037 8512566.0341 20535649.828 456.9219395 358.04311369 141.64967843 2.440783e+19 1.9043498783e-05 1.0 
-104018.40602 -4636458.0213 15991088.373 -129.35227533 -137.70516106 579.74944868 2.440783e+19 1.9043498783e-05 1.0 
-13586694.259 -29479307.96 10798601.953 -454.64015667 -1114.1677689 541.08634863 2.440783e+19 1.9043498783e-05 1.0 
