#   x1                  x2                  x3                  v1                  v2                  v3                  mass                rel_mass            mat0_frac           mat1_frac           mat2_frac
    4.6463772414e+07    7.9917177011e+07    3.5618536795e+04    1.3330799201e+03    2.0429795480e+03    1.4329895905e+00    6.4111046865e+23    5.0020777879e-01    8.9973168651e-01    1.0026831349e-01    0.0000000000e+00
   -4.6727766777e+07   -8.0634839534e+07    5.7793944438e+04   -1.3417485750e+03   -2.0643448798e+03    2.4561175526e+00    6.3646946635e+23    4.9658677186e-01    8.0668989996e-01    1.9331010004e-01    0.0000000000e+00
    9.3317439884e+06    3.6054753221e+07    7.8374370200e+06    4.9691223730e+02    1.3030995153e+03    1.7829902203e+02    7.9114140000e+19    6.1726504519e-05    1.0000000000e+00    0.0000000000e+00    0.0000000000e+00
   -2.6285600020e+07   -5.3997641371e+07   -3.0929582139e+06   -1.1692543206e+03   -2.2077624101e+03   -9.2806352688e+01    7.7457420000e+19    6.0433896970e-05    1.0000000000e+00    0.0000000000e+00    0.0000000000e+00
    3.0627023552e+07    7.2796888378e+07    7.7439145372e+06    1.9410128323e+03    2.9225988269e+03   -2.3267880553e+02    7.7054030000e+19    6.0119163667e-05    1.0000000000e+00    0.0000000000e+00    0.0000000000e+00
    2.4936024285e+06    1.7270951658e+07    5.7387098399e+05    1.9805952873e+02    6.0215088983e+02   -1.2230291970e+01    7.6233080000e+19    5.9478641329e-05    1.0000000000e+00    0.0000000000e+00    0.0000000000e+00
   -8.7240439546e+06   -4.2061234150e+06    6.2469200487e+06   -2.5594635414e+02   -1.7981890978e+02    1.6767058988e+02    7.4855010000e+19    5.8403442331e-05    1.0000000000e+00    0.0000000000e+00    0.0000000000e+00
   -1.6850389261e+07   -4.7558666304e+07    7.1065682185e+06   -7.4573889606e+02   -1.7808273931e+03    3.3882369816e+02    2.8411530000e+19    2.2167269150e-05    0.0000000000e+00    1.0000000000e+00    0.0000000000e+00
   -3.5321346022e+07   -7.3352355923e+07   -9.5809395113e+06   -1.9365570787e+03   -3.1969883436e+03    3.6932507704e+02    2.8346800000e+19    2.2116765452e-05    0.0000000000e+00    1.0000000000e+00    0.0000000000e+00
    1.4494088642e+07    4.7855372532e+07    1.0539835935e+07    7.1669383434e+02    1.7839718068e+03    1.8616600360e+02    2.8314530000e+19    2.2091587724e-05    0.0000000000e+00    1.0000000000e+00    0.0000000000e+00
   -1.9294042269e+07   -4.3864932332e+07    1.6483246390e+07   -7.8823260214e+02   -1.6644740196e+03    4.4886190888e+02    2.8122240000e+19    2.1941559049e-05    0.0000000000e+00    1.0000000000e+00    0.0000000000e+00
   -1.2739538363e+07   -2.7374938526e+07   -1.3252163546e+07   -5.1109001650e+02   -1.0153670704e+03   -4.5076518362e+02    2.8026930000e+19    2.1867196197e-05    0.0000000000e+00    1.0000000000e+00    0.0000000000e+00
   -3.4415391759e+07   -7.5613067837e+07    9.4779653449e+06   -1.8878669986e+03   -3.2600668542e+03   -4.1220505771e+02    2.7373700000e+19    2.1357532506e-05    0.0000000000e+00    1.0000000000e+00    0.0000000000e+00
   -1.9860598476e+07   -3.1996351945e+07    2.7921417678e+06   -8.1394882424e+02   -1.2236611722e+03    8.9498952789e+01    2.7343160000e+19    2.1333704560e-05    0.0000000000e+00    1.0000000000e+00    0.0000000000e+00
   -9.7239632790e+06   -4.4781948009e+07   -1.5031325667e+07   -4.6044166199e+02   -1.6128049093e+03   -3.2895756750e+02    2.7251820000e+19    2.1262439184e-05    0.0000000000e+00    1.0000000000e+00    0.0000000000e+00
   -2.0858011815e+07   -4.7180744457e+07   -1.6455192832e+06   -1.0031329290e+03   -1.8061459421e+03   -2.0607720293e+01    2.7070370000e+19    2.1120868104e-05    0.0000000000e+00    1.0000000000e+00    0.0000000000e+00
    1.1161771292e+07    5.4365697956e+07   -9.0454040047e+06    7.1118123872e+02    1.9498853101e+03   -2.1639149347e+02    2.7010240000e+19    2.1073953423e-05    0.0000000000e+00    1.0000000000e+00    0.0000000000e+00
    4.0657281307e+07    8.1952027787e+07    2.0536154589e+06    4.1068046581e+03    3.0933913597e+03   -8.0445052680e+02    2.6920360000e+19    2.1003827169e-05    0.0000000000e+00    1.0000000000e+00    0.0000000000e+00
    1.8234116143e+06    6.8046157934e+06   -2.0130463090e+07    1.8576987484e+02    2.3083895902e+02   -5.5044676538e+02    2.6890490000e+19    2.0980521971e-05    0.0000000000e+00    1.0000000000e+00    0.0000000000e+00
   -1.4178416327e+07   -3.6573703181e+07   -5.6646165900e+06   -6.0049443423e+02   -1.3826480959e+03   -1.4619190825e+02    2.6860650000e+19    2.0957240180e-05    0.0000000000e+00    1.0000000000e+00    0.0000000000e+00
    4.2439024959e+07    8.4357180911e+07    6.3237174503e+06    3.2467242446e+03    2.7485838164e+03   -1.4658724131e+03    2.6858620000e+19    2.0955656332e-05    0.0000000000e+00    1.0000000000e+00    0.0000000000e+00
   -2.8958251833e+07   -5.1311041609e+07   -5.1227847886e+06   -1.0808154606e+03   -2.1664693837e+03   -2.7824782154e+01    2.6858620000e+19    2.0955656332e-05    0.0000000000e+00    1.0000000000e+00    0.0000000000e+00
    1.1908695282e+07    4.2094227109e+07    1.2411696139e+07    5.5952846573e+02    1.5481984663e+03    4.5332582403e+02    2.6830860000e+19    2.0933997400e-05    0.0000000000e+00    1.0000000000e+00    0.0000000000e+00
   -8.1116096552e+06   -3.1018801231e+07   -3.8171264983e+06   -4.6974715720e+02   -1.0953240898e+03   -1.0305397427e+02    2.6771390000e+19    2.0887597664e-05    0.0000000000e+00    1.0000000000e+00    0.0000000000e+00
    3.2847499841e+07    7.7364016981e+07   -5.4152766772e+06    2.1355367080e+03    3.3516311961e+03    2.5183733855e+02    2.6771390000e+19    2.0887597664e-05    0.0000000000e+00    1.0000000000e+00    0.0000000000e+00
    1.2846006026e+07    5.2189673864e+07    8.9454545722e+06    6.8396866018e+02    1.9271487325e+03    1.8757996222e+02    2.6771390000e+19    2.0887597664e-05    0.0000000000e+00    1.0000000000e+00    0.0000000000e+00
   -4.9875930418e+06    1.9273330968e+06   -7.7048815624e+06   -2.0602835553e+02    5.4862468942e+01   -2.0859460603e+02    2.6652920000e+19    2.0795164895e-05    0.0000000000e+00    1.0000000000e+00    0.0000000000e+00
    3.7743134870e+06    2.9779253160e+07    1.9297525273e+07    3.5933763182e+02    1.0024518976e+03    5.9072382986e+02    2.6545430000e+19    2.0711298952e-05    0.0000000000e+00    1.0000000000e+00    0.0000000000e+00
   -2.1055962626e+06    3.7380053548e+06    1.3836730702e+07    4.8063171121e+01    8.0124246819e+01    5.7249548603e+02    2.6535060000e+19    2.0703208061e-05    0.0000000000e+00    1.0000000000e+00    0.0000000000e+00
   -2.5226381600e+07   -6.6858468225e+07   -9.4999549523e+06   -1.5148558984e+03   -2.5481640272e+03   -1.4439235400e+02    2.6476350000e+19    2.0657401293e-05    0.0000000000e+00    1.0000000000e+00    0.0000000000e+00
   -2.4186077646e+07   -6.8602082045e+07    9.3911577789e+06   -1.5961165389e+03   -2.5952279525e+03    2.2225145821e+02    2.6447040000e+19    2.0634533019e-05    0.0000000000e+00    1.0000000000e+00    0.0000000000e+00
    6.4334332735e+06    3.6235745826e+07   -2.3665903483e+05    4.1288130334e+02    1.2984799291e+03   -2.8127881447e+00    2.6373280000e+19    2.0576983926e-05    0.0000000000e+00    1.0000000000e+00    0.0000000000e+00
    3.2185300241e+07    7.2765585559e+07   -1.4567579639e+07    1.8858833557e+03    2.8136794878e+03   -2.4067176330e+01    2.6304760000e+19    2.0523523191e-05    0.0000000000e+00    1.0000000000e+00    0.0000000000e+00
    1.8194512351e+07    7.0266060882e+07   -1.1008511804e+07    1.2356942929e+03    2.4565373577e+03   -2.1235245026e+01    2.6304760000e+19    2.0523523191e-05    0.0000000000e+00    1.0000000000e+00    0.0000000000e+00
   -3.9594735574e+07   -8.5776180523e+07    1.3787469916e+05   -3.7092411824e+03   -2.5437872822e+03   -4.8668125361e+02    2.6304760000e+19    2.0523523191e-05    0.0000000000e+00    1.0000000000e+00    0.0000000000e+00
   -6.7028981849e+06   -1.6705757720e+07   -2.3165455371e+07   -2.5425158262e+02   -6.0383689393e+02   -7.4626512000e+02    2.6242880000e+19    2.0475243122e-05    0.0000000000e+00    1.0000000000e+00    0.0000000000e+00
    1.0114759654e+07    4.1779806494e+07   -1.6346611559e+07    6.4622628762e+02    1.4536249962e+03   -5.6906636444e+02    2.6168300000e+19    2.0417054249e-05    0.0000000000e+00    1.0000000000e+00    0.0000000000e+00
    1.6266623306e+07    5.0689528494e+07   -1.9416099623e+07    8.8659816565e+02    1.8084153260e+03   -4.5383911073e+02    2.6168300000e+19    2.0417054249e-05    0.0000000000e+00    1.0000000000e+00    0.0000000000e+00
    4.1832405765e+07    7.8206675657e+07   -2.6801460140e+06    1.7027209845e+03    4.6238963479e+03   -1.2541047510e+03    2.6168300000e+19    2.0417054249e-05    0.0000000000e+00    1.0000000000e+00    0.0000000000e+00
   -4.8924069781e+06   -4.7530445116e+06   -1.2925766188e+07   -7.4227718953e+01   -1.9136219057e+02   -3.1370212288e+02    2.6168300000e+19    2.0417054249e-05    0.0000000000e+00    1.0000000000e+00    0.0000000000e+00
    4.0681579846e+06    1.8493798697e+07   -1.6218723158e+07    1.0767623534e+02    6.8110321630e+02   -4.9463393436e+02    2.6126940000e+19    2.0384784313e-05    0.0000000000e+00    1.0000000000e+00    0.0000000000e+00
    6.6611864422e+06    3.7149251061e+07    6.5581901565e+05    3.5890540008e+02    1.3390805676e+03   -2.0241826316e+01    2.6100350000e+19    2.0364038239e-05    0.0000000000e+00    1.0000000000e+00    0.0000000000e+00
    2.9576756985e+07    7.3123459351e+07   -1.5019037615e+07    1.6760328253e+03    2.8037627767e+03   -3.1978444532e+01    2.6032580000e+19    2.0311162670e-05    0.0000000000e+00    1.0000000000e+00    0.0000000000e+00
   -1.2737902224e+07   -3.5581487864e+07   -9.6827286899e+06   -6.8872760558e+02   -1.2637457223e+03   -2.8983435692e+02    2.5953950000e+19    2.0249813901e-05    0.0000000000e+00    1.0000000000e+00    0.0000000000e+00
   -7.3339755754e+06   -3.8364872831e+07    9.8234808763e+06   -3.5595154943e+02   -1.3905572012e+03    2.4773594680e+02    2.5953950000e+19    2.0249813901e-05    0.0000000000e+00    1.0000000000e+00    0.0000000000e+00
   -1.8617955777e+07   -4.6763569009e+07   -1.7892947209e+07   -8.4061574761e+02   -1.7400401044e+03   -5.2876734249e+02    2.5925220000e+19    2.0227398155e-05    0.0000000000e+00    1.0000000000e+00    0.0000000000e+00
    3.6351178755e+06    1.3928809962e+07    3.7474246292e+06    1.7232855682e+02    4.9623924157e+02    3.8164486910e+02    2.5925220000e+19    2.0227398155e-05    0.0000000000e+00    1.0000000000e+00    0.0000000000e+00
    3.5495045865e+07    7.7521014808e+07   -1.2393297621e+07    2.4419361173e+03    2.8148034020e+03    1.4245838903e+02    2.5863890000e+19    2.0179547208e-05    0.0000000000e+00    1.0000000000e+00    0.0000000000e+00
    8.5820506500e+06    2.4003638886e+07   -2.2635071232e+07    4.8473163448e+02    8.2224792252e+02   -5.7771864764e+02    2.5863890000e+19    2.0179547208e-05    0.0000000000e+00    1.0000000000e+00    0.0000000000e+00
   -4.1608115393e+07   -8.2254463792e+07   -8.5589346214e+06   -2.8863125418e+03   -3.2908451396e+03    9.9419536733e+02    2.5839200000e+19    2.0160283554e-05    0.0000000000e+00    1.0000000000e+00    0.0000000000e+00
   -4.3001244107e+06    5.1809317818e+06    4.5407454420e+06   -1.0216040502e+02    1.7273698972e+02   -2.3988594231e+02    2.5796700000e+19    2.0127124167e-05    0.0000000000e+00    1.0000000000e+00    0.0000000000e+00
   -1.8034695825e+07   -6.3573157359e+07   -9.6517561650e+06   -9.6216624723e+02   -2.3976689942e+03   -1.5161152464e+02    2.5796700000e+19    2.0127124167e-05    0.0000000000e+00    1.0000000000e+00    0.0000000000e+00
   -5.0999556502e+07   -8.4597494532e+07   -4.8836134059e+05   -3.5246423261e+03   -6.5433088856e+01   -5.6552252907e+01    2.5696220000e+19    2.0048727572e-05    0.0000000000e+00    1.0000000000e+00    0.0000000000e+00
   -1.9711047227e+07   -4.3966827631e+07    2.9530300406e+06   -9.5723778982e+02   -1.6598247127e+03    4.9402950401e+01    2.5667910000e+19    2.0026639519e-05    0.0000000000e+00    1.0000000000e+00    0.0000000000e+00
    3.1913434203e+07    8.0101653315e+07    2.8243604765e+06    2.4280643652e+03    3.1124554012e+03   -2.3999103919e+02    2.5667910000e+19    2.0026639519e-05    0.0000000000e+00    1.0000000000e+00    0.0000000000e+00
    4.9403420791e+07    7.6977647705e+07   -5.8610599139e+06    3.4554185623e+02   -4.1992653593e+02   -8.9576833764e+02    2.5667910000e+19    2.0026639519e-05    0.0000000000e+00    1.0000000000e+00    0.0000000000e+00
    1.4341924033e+06   -1.3161741760e+07    1.6109136700e+07   -1.5176314402e+02   -4.0497514895e+02    5.9484169171e+02    2.5667910000e+19    2.0026639519e-05    0.0000000000e+00    1.0000000000e+00    0.0000000000e+00
    3.9654954818e+06    1.3404830608e+07    2.2173469972e+07    1.4249361060e+02    4.8208310161e+02    7.5638170938e+02    2.5667910000e+19    2.0026639519e-05    0.0000000000e+00    1.0000000000e+00    0.0000000000e+00
   -2.3081542165e+07   -5.7417246355e+07    8.8855431100e+06   -1.1347745075e+03   -2.2324490552e+03    5.1773581807e+02    2.5667910000e+19    2.0026639519e-05    0.0000000000e+00    1.0000000000e+00    0.0000000000e+00
   -8.0206367261e+06    7.6650256596e+06    1.8351509893e+07   -5.3631826116e+01    1.8484405742e+02    6.5188582555e+02    2.5667910000e+19    2.0026639519e-05    0.0000000000e+00    1.0000000000e+00    0.0000000000e+00
   -8.4715037161e+06    2.7531578250e+06    8.6419618669e+06   -1.0968239840e+02    2.3574484560e+01    5.0523068635e+02    2.5629420000e+19    1.9996608817e-05    0.0000000000e+00    1.0000000000e+00    0.0000000000e+00
   -8.0795197923e+06   -1.9642062815e+07   -1.0770135637e+07   -4.2456624765e+02   -6.9434203845e+02   -3.3257170423e+02    2.5611020000e+19    1.9982252752e-05    0.0000000000e+00    1.0000000000e+00    0.0000000000e+00
    1.5298410272e+07    2.3437458945e+07    7.6558004708e+06    4.5800672108e+02    8.7179414974e+02   -1.8307308069e+02    2.5611020000e+19    1.9982252752e-05    0.0000000000e+00    1.0000000000e+00    0.0000000000e+00
   -1.3120861913e+07   -4.1811677122e+07    1.5958058212e+07   -7.4358727724e+02   -1.4745677649e+03    4.6635090766e+02    2.5582610000e+19    1.9960086677e-05    0.0000000000e+00    1.0000000000e+00    0.0000000000e+00
    1.2966268115e+07    5.0397910290e+07   -5.2460985240e+06    7.7552258085e+02    1.7265686458e+03    3.5173044004e+02    2.5529500000e+19    1.9918649146e-05    0.0000000000e+00    1.0000000000e+00    0.0000000000e+00
   -2.5234127962e+07   -6.2858786873e+07   -1.1691949769e+07   -1.3842260165e+03   -2.4311353699e+03   -3.9992386517e+02    2.5497530000e+19    1.9893705484e-05    0.0000000000e+00    1.0000000000e+00    0.0000000000e+00
   -1.7765863569e+07   -5.1152786588e+07    4.3657069465e+06   -1.0090543358e+03   -1.8486552659e+03    8.5890222538e+01    2.5497530000e+19    1.9893705484e-05    0.0000000000e+00    1.0000000000e+00    0.0000000000e+00
    1.6952611385e+07    4.1454236646e+07    1.3242051348e+07    5.7549640654e+02    1.6121957468e+03    4.5602939117e+02    2.5497530000e+19    1.9893705484e-05    0.0000000000e+00    1.0000000000e+00    0.0000000000e+00
    3.5076861075e+05   -1.8767828286e+07   -8.0945124926e+06   -1.3272723408e+02   -6.0970354625e+02    1.3821344945e+02    2.5497530000e+19    1.9893705484e-05    0.0000000000e+00    1.0000000000e+00    0.0000000000e+00
   -4.6622847153e+07   -6.8636498772e+07    3.9109920193e+06   -2.8549714243e+02   -1.0795544737e+03   -6.9894700338e+02    2.5440930000e+19    1.9849544982e-05    0.0000000000e+00    1.0000000000e+00    0.0000000000e+00
    1.2130723783e+07    4.7239071316e+07   -1.6309377477e+07    7.9462116237e+02    1.6396747221e+03   -4.9524836064e+02    2.5429910000e+19    1.9840946947e-05    0.0000000000e+00    1.0000000000e+00    0.0000000000e+00
   -1.0527463275e+07   -2.2077606489e+07    1.8071110177e+07   -2.9099926207e+02   -8.4019929942e+02    4.9187651542e+02    2.5429910000e+19    1.9840946947e-05    0.0000000000e+00    1.0000000000e+00    0.0000000000e+00
    1.8260556681e+06    3.8886802503e+07   -1.1353807341e+07    4.4846026022e+02    1.2678352376e+03   -2.9394256892e+02    2.5396780000e+19    1.9815098229e-05    0.0000000000e+00    1.0000000000e+00    0.0000000000e+00
    7.2594327295e+06    3.5801853067e+07   -7.9723929585e+06    2.8244115887e+02    1.3204754685e+03   -2.0490981903e+02    2.5384420000e+19    1.9805454699e-05    0.0000000000e+00    1.0000000000e+00    0.0000000000e+00
   -1.9120246133e+07   -3.0734462262e+07    9.3345480801e+06   -5.7607299129e+02   -1.1486912669e+03   -1.8942722724e+02    2.5363680000e+19    1.9789272918e-05    0.0000000000e+00    1.0000000000e+00    0.0000000000e+00
    1.6818778214e+07    6.2061559150e+07   -1.3410678262e+07    1.2156822101e+03    2.1122206399e+03   -2.4252930390e+02    2.5363680000e+19    1.9789272918e-05    0.0000000000e+00    1.0000000000e+00    0.0000000000e+00
    1.3354678532e+07    3.6927346962e+07    2.0032182676e+07    5.3666709465e+02    1.2413096261e+03    4.5150591117e+01    2.5363680000e+19    1.9789272918e-05    0.0000000000e+00    1.0000000000e+00    0.0000000000e+00
    1.5099543062e+07    5.1742837740e+07    1.1356354292e+07    7.7337670396e+02    1.9203885927e+03    2.4467973186e+02    2.5363680000e+19    1.9789272918e-05    0.0000000000e+00    1.0000000000e+00    0.0000000000e+00
   -5.7891885991e+06   -4.7146729013e+07   -1.9439189685e+07   -4.2005571647e+02   -1.6282600790e+03   -5.1967764414e+02    2.5330620000e+19    1.9763478816e-05    0.0000000000e+00    1.0000000000e+00    0.0000000000e+00
    4.8084590324e+06   -8.8291739132e+06    7.1235371216e+05   -9.7460729675e+01   -2.3188011715e+02    5.1770356908e+01    2.5328010000e+19    1.9761442439e-05    0.0000000000e+00    1.0000000000e+00    0.0000000000e+00
    1.1846377050e+07    1.8367339945e+07   -2.9629319279e+07    3.6147550300e+02    6.1443546641e+02   -3.5288700674e+02    2.5328010000e+19    1.9761442439e-05    0.0000000000e+00    1.0000000000e+00    0.0000000000e+00
   -2.4854640228e+07   -5.1907876781e+07   -3.3595751669e+06   -1.0955498409e+03   -2.0391605476e+03   -1.2130623827e+02    2.5271670000e+19    1.9717484794e-05    0.0000000000e+00    1.0000000000e+00    0.0000000000e+00
    1.2087032691e+07   -4.7360804113e+06    2.3351352628e+05    2.0491313439e+02   -7.7520844760e+01   -3.1770785218e+02    2.5243540000e+19    1.9695537181e-05    0.0000000000e+00    1.0000000000e+00    0.0000000000e+00
    3.9483598424e+06   -8.7956038504e+06   -4.7653485024e+05   -8.7828026026e+01   -2.3904949414e+02    7.7214468682e+00    2.5243540000e+19    1.9695537181e-05    0.0000000000e+00    1.0000000000e+00    0.0000000000e+00
   -2.2067498707e+07   -5.5509080621e+07    1.2705537129e+07   -1.1681492522e+03   -2.0785491509e+03    2.8784899253e+02    2.5243540000e+19    1.9695537181e-05    0.0000000000e+00    1.0000000000e+00    0.0000000000e+00
   -3.3806944820e+07   -7.4448771151e+07    1.4850030952e+07   -1.9826695114e+03   -2.8535882393e+03   -6.3413521617e+01    2.5243540000e+19    1.9695537181e-05    0.0000000000e+00    1.0000000000e+00    0.0000000000e+00
    3.2909017760e+07    7.5975080403e+07   -1.1773621614e+07    2.3038251884e+03    2.7702576088e+03   -1.2792759240e+01    2.5231620000e+19    1.9686236948e-05    0.0000000000e+00    1.0000000000e+00    0.0000000000e+00
    2.1204224581e+06    3.7552161417e+07   -1.5812782573e+07    4.1882646054e+02    1.2403081593e+03   -5.5673086792e+02    2.5231620000e+19    1.9686236948e-05    0.0000000000e+00    1.0000000000e+00    0.0000000000e+00
   -4.5883323159e+06    1.7426766348e+07   -2.0800756034e+06    1.5926923391e+02    5.2995020532e+02   -7.3861349731e+01    2.5231620000e+19    1.9686236948e-05    0.0000000000e+00    1.0000000000e+00    0.0000000000e+00
    1.8403367072e+07    6.7002102794e+07    1.0406158657e+07    1.3959944921e+03    2.2327923972e+03    5.0441320519e+02    2.5231620000e+19    1.9686236948e-05    0.0000000000e+00    1.0000000000e+00    0.0000000000e+00
   -1.0177971315e+07    1.6189589106e+07    1.5997530062e+07   -2.9285171361e+01    4.5044662497e+02    6.2204180909e+02    2.5231620000e+19    1.9686236948e-05    0.0000000000e+00    1.0000000000e+00    0.0000000000e+00
   -2.8869285114e+07   -6.7656723712e+07   -6.4333407850e+06   -1.7702748897e+03   -2.7034112180e+03   -1.1131938406e+02    2.5159260000e+19    1.9629780164e-05    0.0000000000e+00    1.0000000000e+00    0.0000000000e+00
   -3.1819013644e+07   -7.5560059586e+07   -1.1738160207e+07   -2.1825078937e+03   -2.7765842103e+03   -1.9864405201e+02    2.5159260000e+19    1.9629780164e-05    0.0000000000e+00    1.0000000000e+00    0.0000000000e+00
    1.6354882159e+07    2.8725758401e+07    4.9487026912e+06    4.8429912592e+02    1.1097472216e+03    4.4197231183e+02    2.5159260000e+19    1.9629780164e-05    0.0000000000e+00    1.0000000000e+00    0.0000000000e+00
   -3.1789434024e+06    3.1652202466e+07    5.5137308885e+06    1.8205155514e+02    9.8288576893e+02   -2.2781130445e+02    2.5100060000e+19    1.9583591088e-05    0.0000000000e+00    1.0000000000e+00    0.0000000000e+00
   -5.5197250648e+06   -7.9279538195e+04   -9.8974577447e+06   -2.5798954059e+02    2.4747778431e-02   -2.7538281127e+02    2.5047170000e+19    1.9542325205e-05    0.0000000000e+00    1.0000000000e+00    0.0000000000e+00
   -7.7955249463e+06   -3.4852421696e+07   -9.5549083100e+05   -4.4775790825e+02   -1.2027610141e+03   -3.9264084194e+02    2.5047170000e+19    1.9542325205e-05    0.0000000000e+00    1.0000000000e+00    0.0000000000e+00
   -1.2289408904e+07   -1.6666709050e+07   -1.7971919130e+07   -2.7248287071e+02   -6.6557215005e+02   -6.5022162417e+02    2.5034460000e+19    1.9532408598e-05    0.0000000000e+00    1.0000000000e+00    0.0000000000e+00
    2.7013776899e+06   -2.1539176876e+07    4.3986068154e+06    1.2816871028e+02   -7.3986458575e+02    1.7400300908e+02    2.5034460000e+19    1.9532408598e-05    0.0000000000e+00    1.0000000000e+00    0.0000000000e+00
   -1.7202214804e+07   -9.3471425993e+06    3.7925430378e+04   -2.6283997348e+02   -4.3954221447e+02    3.7262365310e+01    2.5034460000e+19    1.9532408598e-05    0.0000000000e+00    1.0000000000e+00    0.0000000000e+00
   -1.8535892379e+07   -6.5253342141e+07    7.7047919124e+06   -9.5477595936e+02   -2.5058925116e+03    1.1536304951e+02    2.5001700000e+19    1.9506848561e-05    0.0000000000e+00    1.0000000000e+00    0.0000000000e+00
    3.2379543281e+07    7.6756147229e+07    1.6488617013e+07    2.2036255865e+03    2.4755209699e+03    8.9404607829e+01    2.5001700000e+19    1.9506848561e-05    0.0000000000e+00    1.0000000000e+00    0.0000000000e+00
   -1.5958028753e+07   -2.1226004329e+07    1.5003960215e+07   -3.8573028103e+02   -8.4400474857e+02    5.3200884092e+02    2.4991240000e+19    1.9498687451e-05    0.0000000000e+00    1.0000000000e+00    0.0000000000e+00
    2.2245793962e+07    6.2600504055e+07    6.0395399604e+06    1.4647800603e+03    2.2970322079e+03    5.8982377410e+01    2.4968970000e+19    1.9481311932e-05    0.0000000000e+00    1.0000000000e+00    0.0000000000e+00
   -1.6553681651e+06    4.5629671497e+07    4.2576344056e+07    1.3688894569e+02    1.2951197918e+03    6.5941274833e+02    2.4935370000e+19    1.9455096510e-05    0.0000000000e+00    1.0000000000e+00    0.0000000000e+00
   -3.9133923637e+07   -8.0724321740e+07    9.2140934266e+06   -3.0468875836e+03   -2.9288322755e+03   -3.1464895307e+02    2.4935370000e+19    1.9455096510e-05    0.0000000000e+00    1.0000000000e+00    0.0000000000e+00
   -1.2177972988e+07   -4.1042266301e+07   -4.2660653806e+07   -4.2528422794e+02   -1.2263737444e+03   -6.1383125771e+02    2.4935370000e+19    1.9455096510e-05    0.0000000000e+00    1.0000000000e+00    0.0000000000e+00
   -7.2708577207e+06   -1.3892553014e+07   -8.3973094508e+06   -8.5069715175e+01   -5.4894069378e+02   -2.3999108220e+02    2.4903590000e+19    1.9430301090e-05    0.0000000000e+00    1.0000000000e+00    0.0000000000e+00
   -2.1182020361e+07   -3.1282000657e+07    5.4768394927e+07   -5.7016018574e+02   -9.4153692860e+02    9.9797982375e+02    2.4851710000e+19    1.9389823230e-05    0.0000000000e+00    1.0000000000e+00    0.0000000000e+00
   -1.9599918159e+07   -3.3471005596e+07    4.6238965154e+06   -5.6492958201e+02   -1.3064809568e+03    4.4181348831e+02    2.4838320000e+19    1.9379376073e-05    0.0000000000e+00    1.0000000000e+00    0.0000000000e+00
    4.5721222536e+06    2.9069567258e+07    4.6932318721e+06    1.7060318332e+02    1.0663568649e+03    1.3504498134e+02    2.4823860000e+19    1.9368094079e-05    0.0000000000e+00    1.0000000000e+00    0.0000000000e+00
    1.5306665111e+07    2.2197161082e+07    8.1571500223e+06    4.0760214839e+02    8.8147021572e+02    4.8488861058e+02    2.4823860000e+19    1.9368094079e-05    0.0000000000e+00    1.0000000000e+00    0.0000000000e+00
   -3.5639847422e+07   -6.8180067644e+07    5.2910955446e+05   -1.5598834194e+03   -3.1435931088e+03   -8.6039522827e+02    2.4796020000e+19    1.9346372729e-05    0.0000000000e+00    1.0000000000e+00    0.0000000000e+00
    6.0174217612e+06    2.0146036156e+07    1.1412002306e+07    1.3098607168e+02    7.6166855665e+02    3.4968521151e+02    2.4796020000e+19    1.9346372729e-05    0.0000000000e+00    1.0000000000e+00    0.0000000000e+00
    3.9618088866e+06    1.8097670763e+06   -3.2534954483e+07    1.1107355354e+02    7.4551149619e+01   -4.5144799387e+02    2.4773150000e+19    1.9328529077e-05    0.0000000000e+00    1.0000000000e+00    0.0000000000e+00
   -1.0843109327e+07   -3.0978431482e+07    2.2326053789e+06   -4.3826633335e+02   -1.1141421687e+03    4.2356286704e+02    2.4773150000e+19    1.9328529077e-05    0.0000000000e+00    1.0000000000e+00    0.0000000000e+00
    1.5760395459e+07    5.3283176546e+07    7.1884452849e+06    7.0265417916e+02    2.0460360737e+03    1.0220041818e+02    2.4768200000e+19    1.9324666984e-05    0.0000000000e+00    1.0000000000e+00    0.0000000000e+00
    8.5087823669e+06    4.0799399035e+07   -1.5878295554e+07    6.5258104300e+02    1.3945490861e+03   -4.6593436001e+02    2.4740600000e+19    1.9303132888e-05    0.0000000000e+00    1.0000000000e+00    0.0000000000e+00
   -3.0912918492e+07   -2.3147414896e+07    7.2786690067e+06   -6.6120399096e+02   -9.9496835990e+02    4.1304298233e+02    2.4740600000e+19    1.9303132888e-05    0.0000000000e+00    1.0000000000e+00    0.0000000000e+00
   -2.9600572671e+07   -7.1550275289e+07   -1.5056951714e+07   -1.7309877606e+03   -2.7003720841e+03   -1.1028479306e+02    2.4740390000e+19    1.9302969041e-05    0.0000000000e+00    1.0000000000e+00    0.0000000000e+00
   -1.6563311613e+07   -5.6749540190e+07   -4.1178270687e+06   -1.0248465505e+03   -1.8925897713e+03   -4.0695315625e+02    2.4740390000e+19    1.9302969041e-05    0.0000000000e+00    1.0000000000e+00    0.0000000000e+00
    1.5910040108e+06    4.0960774246e+07    1.3837849936e+07    4.6288941116e+02    1.3101739351e+03    5.9105475038e+02    2.4708070000e+19    1.9277752302e-05    0.0000000000e+00    1.0000000000e+00    0.0000000000e+00
    1.9711757822e+07    7.0840253422e+07    1.1808168437e+07    1.2304543422e+03    2.1322089242e+03   -5.5197749889e+02    2.4675570000e+19    1.9252395123e-05    0.0000000000e+00    1.0000000000e+00    0.0000000000e+00
   -5.0200649307e+06   -2.2852284181e+07   -1.6604714337e+07   -8.9579862232e+01   -8.3611766331e+02   -4.7509547305e+02    2.4675570000e+19    1.9252395123e-05    0.0000000000e+00    1.0000000000e+00    0.0000000000e+00
   -9.1788927539e+06   -2.7523795358e+07   -1.4357882748e+07   -4.9172152916e+02   -9.7135948112e+02   -5.5583709620e+02    2.4657060000e+19    1.9237953235e-05    0.0000000000e+00    1.0000000000e+00    0.0000000000e+00
    4.3620836526e+07    8.2401078396e+07   -3.4623589586e+06    3.2151136375e+03    4.4339123333e+03    1.0749586203e+03    2.4657060000e+19    1.9237953235e-05    0.0000000000e+00    1.0000000000e+00    0.0000000000e+00
    5.8414349651e+05   -3.2533033995e+07    3.0440145102e+07   -1.3704877357e+02   -9.8552294168e+02    3.5710990987e+02    2.4657060000e+19    1.9237953235e-05    0.0000000000e+00    1.0000000000e+00    0.0000000000e+00
   -2.5262829252e+06   -9.1251458773e+06   -7.8003710996e+05   -2.4994323403e+02   -2.9120017419e+02   -4.3948299970e+01    2.4657060000e+19    1.9237953235e-05    0.0000000000e+00    1.0000000000e+00    0.0000000000e+00
    1.2270300726e+07   -1.1860436089e+07   -1.6133913324e+07    2.0498466432e+02   -3.2120076845e+02   -4.7313422086e+01    2.4657060000e+19    1.9237953235e-05    0.0000000000e+00    1.0000000000e+00    0.0000000000e+00
   -1.3649086482e+07   -4.2890599571e+06   -7.5380952646e+06   -2.2995705410e+02   -2.4333932360e+02   -4.8025226830e+02    2.4643100000e+19    1.9227061351e-05    0.0000000000e+00    1.0000000000e+00    0.0000000000e+00
   -1.5795310100e+07   -2.6642129921e+07   -1.6519846877e+07   -3.3579678045e+02   -1.0435592225e+03   -4.9089361818e+02    2.4643100000e+19    1.9227061351e-05    0.0000000000e+00    1.0000000000e+00    0.0000000000e+00
    1.6464607693e+06   -5.8664644140e+06   -3.6898800219e+06   -1.3452244832e+02   -1.6023008268e+02   -1.3223097120e+02    2.4601580000e+19    1.9194666580e-05    0.0000000000e+00    1.0000000000e+00    0.0000000000e+00
    3.5684770383e+06    6.9144606995e+07   -6.8085894483e+07    2.1761218555e+02    1.8342186201e+03   -1.3543418072e+03    2.4578210000e+19    1.9176432818e-05    0.0000000000e+00    1.0000000000e+00    0.0000000000e+00
   -1.9296927613e+07   -6.7408120716e+06   -3.5940226949e+06   -3.9734854048e+02   -3.3766514225e+02    2.3421415693e+02    2.4578210000e+19    1.9176432818e-05    0.0000000000e+00    1.0000000000e+00    0.0000000000e+00
   -1.0285925810e+07   -2.9216499987e+07   -7.6594535240e+06   -5.6723651640e+02   -1.0431415375e+03   -2.4333853525e+02    2.4546160000e+19    1.9151426738e-05    0.0000000000e+00    1.0000000000e+00    0.0000000000e+00
    6.5348145454e+06   -1.6726915361e+07   -6.3936287331e+06    1.5596472323e+01   -4.9774336023e+02    1.9575026547e+02    2.4518470000e+19    1.9129822422e-05    0.0000000000e+00    1.0000000000e+00    0.0000000000e+00
    2.4643705674e+07    6.0650147595e+07    1.0676195544e+07    1.4296875466e+03    2.2805813677e+03    7.2824164836e+01    2.4513410000e+19    1.9125874504e-05    0.0000000000e+00    1.0000000000e+00    0.0000000000e+00
    4.9123389732e+07    7.4178916337e+07    1.1513033940e+06   -6.8451974598e+02    1.1728445818e+03   -5.3876490971e+02    2.4490790000e+19    1.9108225908e-05    0.0000000000e+00    1.0000000000e+00    0.0000000000e+00
   -1.9898023674e+07   -5.5958994488e+07    1.6650447531e+07   -1.1309065166e+03   -2.0103100329e+03    4.2539645194e+02    2.4490790000e+19    1.9108225908e-05    0.0000000000e+00    1.0000000000e+00    0.0000000000e+00
    2.4463042277e+07    3.9425751194e+07   -5.3158055003e+07    6.7099911057e+02    1.1586752483e+03   -9.1482575334e+02    2.4490790000e+19    1.9108225908e-05    0.0000000000e+00    1.0000000000e+00    0.0000000000e+00
   -7.9295801283e+06    2.4746142096e+07   -5.0005656309e+07   -1.0597740251e+02    6.8356453580e+02   -9.2440894141e+02    2.4490790000e+19    1.9108225908e-05    0.0000000000e+00    1.0000000000e+00    0.0000000000e+00
    4.1142675914e+07    8.1571106447e+07   -1.2767763979e+07    2.6258024637e+03    2.6187966276e+03    8.6076047069e+02    2.4448690000e+19    1.9075378608e-05    0.0000000000e+00    1.0000000000e+00    0.0000000000e+00
   -3.0407812343e+05    1.9235839335e+07   -2.6467588891e+07    2.6354297688e+02    6.0382387148e+02   -7.4293671418e+02    2.4448690000e+19    1.9075378608e-05    0.0000000000e+00    1.0000000000e+00    0.0000000000e+00
   -2.5132861471e+06    2.4053962147e+07    3.0248570490e+07    5.9455481944e+01    7.1114651953e+02    3.8511348008e+02    2.4448690000e+19    1.9075378608e-05    0.0000000000e+00    1.0000000000e+00    0.0000000000e+00
    6.7174580075e+05    1.0144295702e+07    1.5436667541e+07    2.1494456561e+02    3.2327018803e+02    5.1282811813e+02    2.4448690000e+19    1.9075378608e-05    0.0000000000e+00    1.0000000000e+00    0.0000000000e+00
   -8.8771029695e+06    2.4562647357e+06    1.7804137433e+07   -3.9950082124e+01    9.9393134545e+00    5.8461852055e+02    2.4448690000e+19    1.9075378608e-05    0.0000000000e+00    1.0000000000e+00    0.0000000000e+00
    4.5490700847e+06    2.2064725808e+07   -2.0845107729e+07    1.7912961527e+02    7.8287453440e+02   -7.0501902029e+02    2.4407830000e+19    1.9043498783e-05    0.0000000000e+00    1.0000000000e+00    0.0000000000e+00
    1.9369260037e+07    8.5125660341e+06    2.0535649828e+07    4.5692193950e+02    3.5804311369e+02    1.4164967843e+02    2.4407830000e+19    1.9043498783e-05    0.0000000000e+00    1.0000000000e+00    0.0000000000e+00
    1.6434836380e+07    5.1224241642e+07    2.6339591570e+06    6.7536107888e+02    2.0053515454e+03    2.2027157011e+01    2.4407830000e+19    1.9043498783e-05    0.0000000000e+00    1.0000000000e+00    0.0000000000e+00
   -1.0401840602e+05   -4.6364580213e+06    1.5991088373e+07   -1.2935227533e+02   -1.3770516106e+02    5.7974944868e+02    2.4407830000e+19    1.9043498783e-05    0.0000000000e+00    1.0000000000e+00    0.0000000000e+00
   -1.3586694259e+07   -2.9479307960e+07    1.0798601953e+07   -4.5464015667e+02   -1.1141677689e+03    5.4108634863e+02    2.4407830000e+19    1.9043498783e-05    0.0000000000e+00    1.0000000000e+00    0.0000000000e+00
   -5.0303561689e+07   -8.4150144679e+07    5.4171731627e+05   -4.2557039279e+03   -1.6288192842e+02    3.1869602189e+02    2.4384060000e+19    1.9024952932e-05    0.0000000000e+00    1.0000000000e+00    0.0000000000e+00
    2.7523663714e+07    7.6011419044e+07    2.8287575185e+05    1.8367789394e+03    3.0569983589e+03   -9.4061200989e+01    2.4324970000e+19    1.8978849680e-05    0.0000000000e+00    1.0000000000e+00    0.0000000000e+00
