#   x1                  x2                  x3                  v1                  v2                  v3                  mass                rel_mass            mat0_frac           mat1_frac           mat2_frac
    2.8754604568e+06    5.3819633754e+06   -5.0759607906e+02    8.5752990816e+01    1.3728694051e+02   -1.7840770845e-01    1.2532233856e+21    6.6580289684e-01    8.0198475246e-01    1.9801524754e-01    0.0000000000e+00
   -5.7720192374e+06   -1.0763631372e+07    1.5737187933e+03   -1.7236674407e+02   -2.7446720208e+02    5.2464554792e-02    6.2622967893e+20    3.3269849501e-01    7.9891475242e-01    2.0108524758e-01    0.0000000000e+00
   -2.8610412181e+06   -4.9678832580e+06   -7.5161838138e+05   -8.8245680106e+01   -1.4648792990e+02   -1.5072383031e+01    1.7447856000e+17    9.2695629539e-05    7.4636792051e-01    2.5363207949e-01    0.0000000000e+00
   -3.1205379592e+06   -6.1047625444e+06   -4.3082936373e+05   -1.0386987471e+02   -1.9212899232e+02   -5.3700777210e+00    1.3027500000e+17    6.9211501620e-05    1.0000000000e+00    0.0000000000e+00    0.0000000000e+00
   -1.5296070792e+06    1.8115980749e+05   -3.9571328239e+05   -1.4528851293e+01    5.3144534596e+01   -6.7598889921e+00    1.3022520000e+17    6.9185044259e-05    1.0000000000e+00    0.0000000000e+00    0.0000000000e+00
   -5.2126981414e+06   -1.0499865128e+07   -2.9178769119e+04   -3.7649929347e+02   -5.0442394782e+02    1.8197789746e+01    1.3021140000e+17    6.9177712701e-05    1.0000000000e+00    0.0000000000e+00    0.0000000000e+00
   -2.5386904439e+06   -3.7417386531e+06   -8.5031106296e+05   -7.0557222755e+01   -9.9954758742e+01   -2.2322866217e+01    8.8510070000e+16    4.7022950322e-05    0.0000000000e+00    1.0000000000e+00    0.0000000000e+00
   -3.6442462001e+06   -7.8246226825e+06   -3.3844768632e+05   -1.3654159581e+02   -2.7111596550e+02   -1.5430764887e-02    8.8505430000e+16    4.7020485219e-05    0.0000000000e+00    1.0000000000e+00    0.0000000000e+00
   -8.9626622228e+05    2.0657780279e+06   -8.1660815816e+05    2.5823274369e+01    1.2845725709e+02   -1.2931659251e+01    8.8453190000e+16    4.6992731553e-05    0.0000000000e+00    1.0000000000e+00    0.0000000000e+00
   -2.0113063786e+06   -2.7601498456e+06   -8.7033614716e+05   -4.7806626768e+01   -6.0451982371e+01   -1.7921626454e+01    4.4274950000e+16    2.3522055449e-05    0.0000000000e+00    1.0000000000e+00    0.0000000000e+00
   -1.4988984534e+06    3.2007673809e+05   -8.9433563256e+05   -9.9924826705e+00    5.6596964261e+01   -1.4177066976e+01    4.4272570000e+16    2.3520791021e-05    0.0000000000e+00    1.0000000000e+00    0.0000000000e+00
    2.3178407650e+06    5.7224675758e+06    6.5911583025e+04    5.1741513849e+02    2.1319483026e+02   -2.7069325983e+01    4.4269610000e+16    2.3519218455e-05    0.0000000000e+00    1.0000000000e+00    0.0000000000e+00
   -2.3976251810e+06   -3.4060355982e+06   -6.7064779848e+05   -6.7128849297e+01   -8.7435819337e+01   -1.3201613295e+01    4.4266080000e+16    2.3517343064e-05    0.0000000000e+00    1.0000000000e+00    0.0000000000e+00
   -3.3655630156e+06   -5.6738429100e+06   -5.7504059094e+05   -1.1206334204e+02   -1.7705076365e+02   -1.3990763466e+01    4.4264340000e+16    2.3516418650e-05    0.0000000000e+00    1.0000000000e+00    0.0000000000e+00
    1.5913128942e+06    5.5562775737e+06    3.9016166864e+04    3.2199559859e+02    2.6637840875e+02   -4.9299022785e+00    4.4262610000e+16    2.3515499549e-05    0.0000000000e+00    1.0000000000e+00    0.0000000000e+00
   -5.1270854721e+06   -1.0474715569e+07   -5.0503925435e+04   -3.6137456860e+02   -4.8981406127e+02    9.3470288775e+00    4.4257510000e+16    2.3512790060e-05    0.0000000000e+00    1.0000000000e+00    0.0000000000e+00
   -1.6203955440e+05    3.4244476195e+06   -5.4133700611e+05    8.1293017203e+01    1.8946864691e+02    6.8826424144e-01    4.4255840000e+16    2.3511902835e-05    0.0000000000e+00    1.0000000000e+00    0.0000000000e+00
   -1.0856592197e+06    1.9015537080e+06   -6.8136631521e+05    2.2832884949e+01    1.1865581263e+02   -7.4736774462e+00    4.4253360000e+16    2.3510585280e-05    0.0000000000e+00    1.0000000000e+00    0.0000000000e+00
   -1.3940075302e+06    7.2631862922e+05   -1.4679357900e+05   -1.0660116535e+01    7.6500395469e+01   -2.6614346905e+00    4.4250900000e+16    2.3509278350e-05    0.0000000000e+00    1.0000000000e+00    0.0000000000e+00
   -3.7148597492e+06   -7.3479392774e+06   -6.5179847567e+05   -1.3409073649e+02   -2.5054868497e+02   -1.3670754423e+01    4.4244480000e+16    2.3505867582e-05    0.0000000000e+00    1.0000000000e+00    0.0000000000e+00
   -1.4783691370e+06   -5.6328614466e+05   -7.5073426439e+05   -2.1335616704e+01    2.7861610235e+01   -1.7025363490e+01    4.4244450000e+16    2.3505851644e-05    0.0000000000e+00    1.0000000000e+00    0.0000000000e+00
    5.9553357030e+05    4.9796136304e+06   -7.3185201286e+04    1.7621275307e+02    2.4907501699e+02   -3.6158049368e-01    4.4242120000e+16    2.3504613779e-05    0.0000000000e+00    1.0000000000e+00    0.0000000000e+00
   -3.2951696088e+06   -6.6852159280e+06   -6.0477598131e+05   -1.1307042798e+02   -2.1655786003e+02   -1.0144701424e+01    4.4241340000e+16    2.3504199387e-05    0.0000000000e+00    1.0000000000e+00    0.0000000000e+00
    1.0083005314e+05    3.9890814595e+06   -8.1224447914e+04    1.0877676236e+02    2.1729299092e+02   -1.9794065900e-01    4.4235180000e+16    2.3500926749e-05    0.0000000000e+00    1.0000000000e+00    0.0000000000e+00
   -4.9750436897e+06   -1.0613444878e+07   -1.7275086192e+04   -3.6595184050e+02   -4.3914852885e+02    2.1898839315e+01    4.4234340000e+16    2.3500480480e-05    0.0000000000e+00    1.0000000000e+00    0.0000000000e+00
   -3.8727027001e+06   -8.1654162598e+06   -4.2872420337e+05   -1.4952585508e+02   -2.8864177633e+02   -5.8973013787e+00    4.4229380000e+16    2.3497845370e-05    0.0000000000e+00    1.0000000000e+00    0.0000000000e+00
   -1.4826699181e+06    9.0029230997e+05   -2.2392237617e+05   -8.1805277596e+00    7.8892118846e+01   -7.9214613459e+00    4.4227720000e+16    2.3496963458e-05    0.0000000000e+00    1.0000000000e+00    0.0000000000e+00
   -1.5775495704e+06    5.9236136270e+05    3.3472128446e+05   -2.2284079209e+01    7.0675929858e+01    4.0293427576e+00    4.4227720000e+16    2.3496963458e-05    0.0000000000e+00    1.0000000000e+00    0.0000000000e+00
   -1.6025166742e+06   -1.5070075003e+04   -7.9290348819e+05   -2.1513761383e+01    4.7610483669e+01   -1.7982535726e+01    4.4224480000e+16    2.3495242135e-05    0.0000000000e+00    1.0000000000e+00    0.0000000000e+00
    2.1446140597e+05    4.5605186059e+06   -2.7809381670e+05    1.3791139600e+02    2.2772764576e+02    7.4909222296e-01    4.4224070000e+16    2.3495024314e-05    0.0000000000e+00    1.0000000000e+00    0.0000000000e+00
   -3.3809544020e+06   -5.6741701688e+06   -6.8094343243e+05   -1.0560848639e+02   -1.7850805806e+02   -1.5298620065e+01    4.4224070000e+16    2.3495024314e-05    0.0000000000e+00    1.0000000000e+00    0.0000000000e+00
   -1.5554671868e+06    5.4404118368e+05    2.4866993508e+05   -1.5833602895e+01    6.7902251403e+01    6.2780912923e+00    4.4221910000e+16    2.3493876765e-05    0.0000000000e+00    1.0000000000e+00    0.0000000000e+00
   -4.3480565653e+06   -8.7914604821e+06   -3.2209570460e+05   -1.8135723643e+02   -3.3138493884e+02   -1.9275891749e+00    4.4220480000e+16    2.3493117046e-05    0.0000000000e+00    1.0000000000e+00    0.0000000000e+00
   -3.0188879223e+06   -4.5289163017e+06   -8.2112420407e+05   -9.1054602112e+01   -1.3253446598e+02   -1.7253431029e+01    4.4214840000e+16    2.3490120670e-05    0.0000000000e+00    1.0000000000e+00    0.0000000000e+00
   -2.8597228502e+06   -4.3999308006e+06   -2.4478428006e+06   -8.9960651815e+01   -1.2292128709e+02   -8.2533610529e+01    4.4212170000e+16    2.3488702173e-05    0.0000000000e+00    1.0000000000e+00    0.0000000000e+00
   -3.9555895208e+06   -7.5576298783e+06    6.0928369484e+03   -1.4959017900e+02   -2.6245268917e+02   -1.5421913988e+00    4.4207970000e+16    2.3486470829e-05    0.0000000000e+00    1.0000000000e+00    0.0000000000e+00
   -7.8373992084e+05    2.6907618452e+06   -2.0129291225e+05    3.5154044340e+01    1.5679609321e+02   -7.1882801606e+00    4.4207290000e+16    2.3486109564e-05    0.0000000000e+00    1.0000000000e+00    0.0000000000e+00
    2.9168470131e+05    1.9043837377e+06    6.8837521191e+06    5.6397923238e+00    6.5889550532e+01    1.1627453555e+02    4.4206150000e+16    2.3485503914e-05    0.0000000000e+00    1.0000000000e+00    0.0000000000e+00
   -2.5862553250e+06   -3.7395541018e+06   -9.5314366881e+05   -7.6719554692e+01   -9.3578202498e+01   -2.2812820014e+01    4.4206150000e+16    2.3485503914e-05    0.0000000000e+00    1.0000000000e+00    0.0000000000e+00
    1.1811427995e+06    5.4606819565e+06    3.9793639357e+05    2.1123324101e+02    1.0046874574e+02   -1.6629956227e+02    4.4206150000e+16    2.3485503914e-05    0.0000000000e+00    1.0000000000e+00    0.0000000000e+00
    1.7323143083e+06    5.6252845038e+06    8.2637554895e+04    3.4287378931e+02    2.7235828903e+02   -2.8367994573e+01    4.4205940000e+16    2.3485392347e-05    0.0000000000e+00    1.0000000000e+00    0.0000000000e+00
   -3.0391493259e+06   -5.2551223956e+06    1.1714317901e+06   -8.8987352691e+01   -1.4825641510e+02   -2.4277382811e+01    4.4202840000e+16    2.3483745402e-05    0.0000000000e+00    1.0000000000e+00    0.0000000000e+00
   -1.0078427684e+06   -4.1888323416e+06   -8.9626973890e+06   -3.5635683942e+01   -1.0156307429e+02   -1.9794603102e+02    4.4201520000e+16    2.3483044123e-05    0.0000000000e+00    1.0000000000e+00    0.0000000000e+00
   -1.5297318367e+06   -3.1840128715e+06   -2.4954928255e+06   -4.7483819898e+01   -6.7014826307e+01   -1.3217996884e+01    4.4201520000e+16    2.3483044123e-05    0.0000000000e+00    1.0000000000e+00    0.0000000000e+00
   -2.8312352992e+06   -3.5814859718e+06   -7.1999103043e+05   -8.0429124550e+01   -9.6222890388e+01   -2.0921174362e+01    4.4201280000e+16    2.3482916617e-05    0.0000000000e+00    1.0000000000e+00    0.0000000000e+00
   -3.2148412727e+05    1.3386703628e+06    1.2836366406e+06    1.3445304619e+01    1.1359408276e+02    7.1975680231e+01    4.4201280000e+16    2.3482916617e-05    0.0000000000e+00    1.0000000000e+00    0.0000000000e+00
   -2.3585937926e+06   -1.8036530727e+06    2.5996491622e+06   -6.3901401205e+01   -2.2279400397e+01    6.6978927119e+01    4.4200620000e+16    2.3482565978e-05    0.0000000000e+00    1.0000000000e+00    0.0000000000e+00
   -1.8749543204e+06   -3.1655049127e+06   -2.8966291214e+06   -5.4928497157e+01   -7.0607753712e+01   -9.8894595284e+01    4.4200210000e+16    2.3482348156e-05    0.0000000000e+00    1.0000000000e+00    0.0000000000e+00
   -2.2559482294e+06   -7.0759585834e+06   -5.8702060583e+05   -1.0809021804e+02   -2.0371750800e+02   -6.3437958061e+01    4.4199560000e+16    2.3482002829e-05    0.0000000000e+00    1.0000000000e+00    0.0000000000e+00
    2.8097879633e+06    5.8241915230e+06   -4.3990244630e+05    3.9292283606e+02    3.7484915041e+02    1.3981701068e+02    4.4197600000e+16    2.3480961535e-05    0.0000000000e+00    1.0000000000e+00    0.0000000000e+00
   -2.5480261714e+06   -3.8094455224e+06   -5.9660266848e+06   -7.1867315234e+01   -9.3359138503e+01   -1.0888910817e+02    4.4197600000e+16    2.3480961535e-05    0.0000000000e+00    1.0000000000e+00    0.0000000000e+00
    2.8861016643e+05   -6.3123747310e+06   -1.0208826404e+07   -4.6400704560e+00   -1.6026204474e+02   -2.3695239209e+02    4.4197600000e+16    2.3480961535e-05    0.0000000000e+00    1.0000000000e+00    0.0000000000e+00
    1.3758590076e+06    4.7807491587e+06    4.5755337023e+05    2.3279062229e+02    2.6030601324e+02    1.0945336329e+02    4.4197600000e+16    2.3480961535e-05    0.0000000000e+00    1.0000000000e+00    0.0000000000e+00
    2.9337490894e+06    4.8375948519e+06    1.2242701761e+06   -9.2948233209e+01   -2.6269780299e+01    9.4020107218e+01    4.4196690000e+16    2.3480478078e-05    0.0000000000e+00    1.0000000000e+00    0.0000000000e+00
