#   x1                  x2                  x3                  v1                  v2                  v3                  mass                rel_mass            mat0_frac           mat1_frac           mat2_frac
   -1.8251794970e+05    3.6932530467e+04   -3.2910024276e+05   -7.1375117273e+00    1.4209607604e+00   -2.0788480885e+01    1.2778349649e+24    9.9855655119e-01    8.9813594009e-01    1.0186405991e-01    0.0000000000e+00
   -9.9686119501e+06    2.1649933674e+05   -4.6444382209e+05   -4.8137767863e+02    3.5459873073e+03   -1.4657689291e+02    1.2046697000e+20    9.4138198910e-05    0.0000000000e+00    1.0000000000e+00    0.0000000000e+00
    8.9542667850e+06   -4.9307932150e+05   -2.8503985492e+05    1.4678656827e+02   -3.7230465813e+03    3.1358442446e+01    7.0247270000e+19    5.4894312326e-05    0.0000000000e+00    1.0000000000e+00    0.0000000000e+00
    1.0910103746e+07    4.4488326866e+06   -1.0213933975e+05    1.9462527576e+03   -2.4646535149e+03   -1.1880880775e+02    4.6990560000e+19    3.6720494291e-05    0.0000000000e+00    1.0000000000e+00    0.0000000000e+00
    1.0790999178e+07    7.4022160642e+06   -9.0003850661e+05    2.6420946258e+03   -1.6807404611e+03   -1.1349097500e+02    2.4771720000e+19    1.9357713610e-05    0.0000000000e+00    1.0000000000e+00    0.0000000000e+00
    1.1505189715e+07    6.0291266405e+06   -6.8336569658e+05    2.3726332596e+03   -1.9830547074e+03    7.2138283937e+01    2.4649590000e+19    1.9262275846e-05    0.0000000000e+00    1.0000000000e+00    0.0000000000e+00
    1.0905040019e+07    2.1596454345e+06   -1.4899006586e+04    1.4888726148e+03   -2.9511581413e+03   -2.3225692222e+01    2.4588800000e+19    1.9214771861e-05    0.0000000000e+00    1.0000000000e+00    0.0000000000e+00
   -8.8605708906e+06   -1.0477632130e+07   -2.5100426491e+04   -2.7873825958e+03    8.4928240471e+02    1.4288263958e+02    2.4437600000e+19    1.9096617518e-05    0.0000000000e+00    1.0000000000e+00    0.0000000000e+00
   -1.0713123546e+07   -7.2450052046e+06   -2.0452893976e+05   -2.5593596699e+03    1.7494696144e+03   -3.0480191972e+01    2.4407490000e+19    1.9073088237e-05    0.0000000000e+00    1.0000000000e+00    0.0000000000e+00
   -9.8996707647e+06   -7.2288234559e+05   -1.7194867628e+05   -9.0740441401e+02    3.6138467310e+03   -1.2140354613e+02    2.4407490000e+19    1.9073088237e-05    0.0000000000e+00    1.0000000000e+00    0.0000000000e+00
   -9.9093875416e+06   -1.0120517994e+07   -3.7770720706e+05   -2.7114634233e+03    1.0011793590e+03    7.2550304346e+00    2.4407490000e+19    1.9073088237e-05    0.0000000000e+00    1.0000000000e+00    0.0000000000e+00
   -1.1239658360e+07   -6.3482050365e+06   -4.7137720741e+03   -2.4113628596e+03    1.9307271273e+03   -1.0060184013e+02    2.4347400000e+19    1.9026131264e-05    0.0000000000e+00    1.0000000000e+00    0.0000000000e+00
    1.0775616773e+07    1.7449762498e+06   -7.1802304162e+05    1.3289493117e+03   -3.0667645448e+03   -2.5410101695e+01    2.4168070000e+19    1.8885994899e-05    0.0000000000e+00    1.0000000000e+00    0.0000000000e+00
   -6.5731632960e+06    1.9695844981e+07   -2.7280852823e+05    1.2809543708e+03    2.0538322427e+03    2.1065119184e+01    2.4168070000e+19    1.8885994899e-05    0.0000000000e+00    1.0000000000e+00    0.0000000000e+00
    3.5567111186e+06    1.6788706036e+07    2.9395561151e+05    2.3851220700e+03    7.5868157405e+02    7.7732433044e+00    2.4138320000e+19    1.8862746938e-05    0.0000000000e+00    1.0000000000e+00    0.0000000000e+00
    4.4357975924e+06    1.5831003104e+07   -1.1720414832e+06    2.5356873895e+03    6.7373994956e+02   -8.9566349812e+01    2.4108610000e+19    1.8839530235e-05    0.0000000000e+00    1.0000000000e+00    0.0000000000e+00
   -1.0242822808e+07   -7.9738852343e+06   -1.5745687532e+05   -2.7022485682e+03    1.5252614378e+03    6.0087976066e+01    2.4078940000e+19    1.8816344789e-05    0.0000000000e+00    1.0000000000e+00    0.0000000000e+00
   -1.0544488170e+07   -2.5347517203e+06   -1.1742021697e+06   -1.6335339495e+03    3.0494377393e+03   -1.0610453240e+02    2.4049300000e+19    1.8793182787e-05    0.0000000000e+00    1.0000000000e+00    0.0000000000e+00
   -9.0918047551e+06    1.1800584362e+06   -3.7683663457e+05    1.7144909809e+02    3.7089070539e+03   -2.4900350145e+02    2.4049300000e+19    1.8793182787e-05    0.0000000000e+00    1.0000000000e+00    0.0000000000e+00
   -1.0576974600e+07   -3.1823054265e+06   -2.1047518966e+05   -1.5022751898e+03    2.7787505265e+03    2.2880461589e+02    2.3872220000e+19    1.8654804672e-05    0.0000000000e+00    1.0000000000e+00    0.0000000000e+00
   -1.1071049579e+07   -1.1205245296e+06   -1.8487602737e+05   -1.2492757971e+03    3.1861085061e+03   -1.2682502033e+02    2.3872220000e+19    1.8654804672e-05    0.0000000000e+00    1.0000000000e+00    0.0000000000e+00
   -1.0692703998e+07   -5.0035173822e+05   -1.9341406196e+05   -7.4728963717e+02    3.2827271999e+03    1.1326356023e+02    2.3725600000e+19    1.8540229343e-05    0.0000000000e+00    1.0000000000e+00    0.0000000000e+00
    1.1203589479e+07    1.4198795431e+06   -1.3910142183e+05    1.4074281994e+03   -3.1440784912e+03   -6.1287668964e+01    2.3696370000e+19    1.8517387733e-05    0.0000000000e+00    1.0000000000e+00    0.0000000000e+00
   -1.1400047133e+07   -7.1625503117e+06    3.5444129159e+03   -2.4060700373e+03    1.7544176703e+03    1.9624277181e+02    2.3667170000e+19    1.8494569566e-05    0.0000000000e+00    1.0000000000e+00    0.0000000000e+00
   -1.1212034076e+07   -2.4958276442e+06   -3.9513973943e+05   -1.5261340520e+03    2.8564787026e+03   -1.3277555417e+02    2.3667170000e+19    1.8494569566e-05    0.0000000000e+00    1.0000000000e+00    0.0000000000e+00
    1.0435177179e+07   -1.8403693351e+07    6.7996383722e+05   -7.9287101931e+02   -2.2367586056e+03    8.4924769143e+01    2.3638010000e+19    1.8471782657e-05    0.0000000000e+00    1.0000000000e+00    0.0000000000e+00
    8.0908675478e+06    1.4159885250e+07    1.9760605161e+05    2.7339078373e+03    6.8019529959e+01    4.4663147073e+00    2.3521660000e+19    1.8380861640e-05    0.0000000000e+00    1.0000000000e+00    0.0000000000e+00
   -6.1121961783e+06    1.9009320074e+07   -2.4655464661e+05    1.3653617861e+03    1.9687027875e+03   -8.8789861440e+01    2.3521660000e+19    1.8380861640e-05    0.0000000000e+00    1.0000000000e+00    0.0000000000e+00
    8.4834784693e+06    1.3266229355e+07   -2.3388077321e+05    2.7382624790e+03   -1.5213169328e+02    1.6005231109e+02    2.3463660000e+19    1.8335537884e-05    0.0000000000e+00    1.0000000000e+00    0.0000000000e+00
   -1.1032691152e+07   -1.9037403048e+06   -6.9443458911e+05   -1.6194894485e+03    3.1491009830e+03    1.7178863155e+02    2.3434700000e+19    1.8312907264e-05    0.0000000000e+00    1.0000000000e+00    0.0000000000e+00
    2.3564273919e+06   -1.8650609921e+06    8.3325418403e+06   -6.6948165074e+02    6.0903196045e+02   -3.2461094039e+03    2.3376870000e+19    1.8267716354e-05    0.0000000000e+00    1.0000000000e+00    0.0000000000e+00
    6.0796624792e+05    1.7914696860e+07    3.4324880671e+05    2.1399642522e+03    1.2472196531e+03   -4.7468528382e+01    2.3290330000e+19    1.8200090184e-05    0.0000000000e+00    1.0000000000e+00    0.0000000000e+00
   -1.0968423615e+07   -9.6300488923e+06   -1.1752710333e+06   -2.7331118413e+03    1.0166071750e+03   -1.9083821542e+02    2.3290330000e+19    1.8200090184e-05    0.0000000000e+00    1.0000000000e+00    0.0000000000e+00
    1.0653493181e+07    2.5769947101e+06   -7.9556348871e+05    1.5927846200e+03   -2.8797712499e+03   -2.2566592452e+02    2.3261530000e+19    1.8177584595e-05    0.0000000000e+00    1.0000000000e+00    0.0000000000e+00
    1.0159954508e+07    6.7893350647e+06   -3.3755003437e+05    2.4592242375e+03   -1.9183898229e+03    2.9290660305e+01    2.3175300000e+19    1.8110200673e-05    0.0000000000e+00    1.0000000000e+00    0.0000000000e+00
   -9.3070530665e+06    1.3430547415e+05   -1.2723928351e+06   -1.3871882405e+01    3.3419191529e+03    1.1827806854e+02    2.3175300000e+19    1.8110200673e-05    0.0000000000e+00    1.0000000000e+00    0.0000000000e+00
    2.2455492561e+07    4.3150790505e+07   -3.2574484836e+07    4.8569618483e+02    7.8054309269e+02   -4.3750610084e+02    2.3175300000e+19    1.8110200673e-05    0.0000000000e+00    1.0000000000e+00    0.0000000000e+00
   -7.3751947859e+06   -1.5127915559e+07   -6.4422115962e+05   -2.7180956899e+03   -3.5706868203e+02   -6.0754347679e+01    2.3175300000e+19    1.8110200673e-05    0.0000000000e+00    1.0000000000e+00    0.0000000000e+00
    4.0520475826e+06    2.5275319515e+06    1.4194486334e+07   -3.9551483483e+02   -3.0254339516e+02   -2.1320082162e+03    2.3117940000e+19    1.8065377042e-05    0.0000000000e+00    1.0000000000e+00    0.0000000000e+00
   -8.1465831051e+06   -1.2512923016e+07   -4.4148514585e+05   -2.8173052823e+03    2.1497386207e+02   -2.0921148264e+02    2.3117940000e+19    1.8065377042e-05    0.0000000000e+00    1.0000000000e+00    0.0000000000e+00
   -3.5396118525e+06   -2.4073747295e+07    2.4706573171e+07   -5.2074724965e+01    8.7331017355e+01   -3.7298091005e+02    2.3117940000e+19    1.8065377042e-05    0.0000000000e+00    1.0000000000e+00    0.0000000000e+00
   -1.0498326756e+07   -1.5133344672e+06   -3.9455547272e+05   -1.1107171419e+03    3.1911027525e+03   -2.7769626928e+02    2.3117940000e+19    1.8065377042e-05    0.0000000000e+00    1.0000000000e+00    0.0000000000e+00
    7.6995797711e+06    1.0628245206e+07   -1.4157054257e+06    2.7447790903e+03   -8.3178566436e+02   -2.4106828128e+01    2.3060670000e+19    1.8020623740e-05    0.0000000000e+00    1.0000000000e+00    0.0000000000e+00
    7.5161823165e+06    1.7232745582e+07   -6.6800040505e+07    1.9287598612e+02    3.8337025421e+02   -1.4183993941e+03    2.3032080000e+19    1.7998282254e-05    0.0000000000e+00    1.0000000000e+00    0.0000000000e+00
   -6.0192021165e+06   -3.9748229764e+07   -1.5047336538e+07   -1.2689542390e+02   -1.8454774249e+02    7.1288296232e+01    2.3032080000e+19    1.7998282254e-05    0.0000000000e+00    1.0000000000e+00    0.0000000000e+00
   -1.1208079203e+07   -4.9903191681e+06   -2.5681390853e+05   -2.4475894241e+03    2.2795834748e+03   -1.9894606824e+02    2.3003500000e+19    1.7975948583e-05    0.0000000000e+00    1.0000000000e+00    0.0000000000e+00
   -2.3302870717e+06   -3.5185498386e+06    6.7573566011e+06    5.4779240878e+02    1.2933064418e+03   -3.3843064741e+03    2.2974950000e+19    1.7953638355e-05    0.0000000000e+00    1.0000000000e+00    0.0000000000e+00
    2.6040165844e+06    3.4760115107e+06   -3.2863743920e+07    1.0163339005e+00   -4.9991524708e+00    4.4418536672e+02    2.2974950000e+19    1.7953638355e-05    0.0000000000e+00    1.0000000000e+00    0.0000000000e+00
   -9.7464684446e+05   -9.1391630230e+06    1.3703234130e+07   -4.7034456760e+00    8.7440056785e+02   -1.7927119743e+03    2.2974950000e+19    1.7953638355e-05    0.0000000000e+00    1.0000000000e+00    0.0000000000e+00
    4.3910180627e+06    1.5668577090e+07    2.9936266708e+07    2.9783430927e+01   -8.8353445770e+01   -3.7208353297e+02    2.2946420000e+19    1.7931343755e-05    0.0000000000e+00    1.0000000000e+00    0.0000000000e+00
    6.2268834715e+06    1.4074840672e+07   -7.0984986475e+05    2.7428110534e+03    2.1408573245e+02   -1.1941195072e+02    2.2946420000e+19    1.7931343755e-05    0.0000000000e+00    1.0000000000e+00    0.0000000000e+00
   -9.0296737433e+06    2.5355015505e+06   -7.9033044163e+05    6.3637110017e+02    3.3897454151e+03    1.1050386313e+02    2.2946420000e+19    1.7931343755e-05    0.0000000000e+00    1.0000000000e+00    0.0000000000e+00
   -1.0935961240e+07   -4.3904516049e+06   -7.3564734083e+05   -2.1279021309e+03    2.6050923809e+03   -1.0917739839e+02    2.2946420000e+19    1.7931343755e-05    0.0000000000e+00    1.0000000000e+00    0.0000000000e+00
   -1.3282958916e+06    5.5910677891e+06    1.8625279159e+07    8.8775941360e+01   -3.5775173561e+02   -1.5730400184e+03    2.2889420000e+19    1.7886801443e-05    0.0000000000e+00    1.0000000000e+00    0.0000000000e+00
    2.9395555954e+06    3.5213223553e+06    2.7132055053e+07   -4.5843414530e+01   -3.4927497943e+01   -8.4678636221e+02    2.2889420000e+19    1.7886801443e-05    0.0000000000e+00    1.0000000000e+00    0.0000000000e+00
    1.7471968149e+07   -2.0471656386e+06    3.6097740972e+06    4.2185394427e+02   -1.7722985822e+03    2.2097046692e+02    2.2832500000e+19    1.7842321647e-05    0.0000000000e+00    1.0000000000e+00    0.0000000000e+00
   -7.9594756185e+06   -4.8780776052e+07   -6.5233043965e+07   -2.3128689889e+02   -1.2629694910e+03   -1.5543291831e+03    2.2832500000e+19    1.7842321647e-05    0.0000000000e+00    1.0000000000e+00    0.0000000000e+00
   -4.2465493917e+06   -1.3500373477e+07   -1.6448032773e+07    1.1563274797e+02    7.0194269653e+02    1.2398286563e+03    2.2775670000e+19    1.7797912181e-05    0.0000000000e+00    1.0000000000e+00    0.0000000000e+00
    8.3251880030e+06    2.8145267500e+07   -2.2937322189e+07    7.2936207417e+01   -7.3365795186e+01    2.1990315014e+02    2.2747280000e+19    1.7775726984e-05    0.0000000000e+00    1.0000000000e+00    0.0000000000e+00
   -7.1715459189e+06   -1.3247279776e+07    4.9413597985e+04   -2.7682847514e+03    5.7153153850e+01   -1.6871870090e+01    2.2747280000e+19    1.7775726984e-05    0.0000000000e+00    1.0000000000e+00    0.0000000000e+00
    4.3613619788e+06    2.9388340566e+07   -5.1988130542e+07    1.1257697638e+02    5.5647046509e+02   -8.7857900575e+02    2.2662230000e+19    1.7709265166e-05    0.0000000000e+00    1.0000000000e+00    0.0000000000e+00
    1.5652748311e+06    1.6733453818e+07   -8.8971234312e+04    2.2963231649e+03    1.0496590752e+03   -2.3879688187e+01    2.2633920000e+19    1.7687142485e-05    0.0000000000e+00    1.0000000000e+00    0.0000000000e+00
    3.3505636916e+06    1.7389695475e+07   -2.3598889113e+05    2.3914854971e+03    9.9248499969e+02    8.9290009742e+01    2.2633920000e+19    1.7687142485e-05    0.0000000000e+00    1.0000000000e+00    0.0000000000e+00
   -5.4963773291e+06   -5.4359847544e+06    1.7901350318e+07    2.5737926914e+02    3.7079760104e+02   -1.5579819643e+03    2.2605630000e+19    1.7665035432e-05    0.0000000000e+00    1.0000000000e+00    0.0000000000e+00
   -1.4566340619e+07   -2.3339493604e+07    2.9378317273e+07   -1.4479119785e+02   -6.8336090136e+01   -8.9217814926e+01    2.2605630000e+19    1.7665035432e-05    0.0000000000e+00    1.0000000000e+00    0.0000000000e+00
   -5.0829947683e+06    8.4951429331e+06    3.3043543559e+07    2.9708280526e+00    6.2375766350e+00   -3.5442989592e+02    2.2605630000e+19    1.7665035432e-05    0.0000000000e+00    1.0000000000e+00    0.0000000000e+00
    8.5099900395e+06   -1.0588744669e+06   -7.0348958845e+05   -3.1471894526e+02   -3.9984911512e+03   -6.0545009882e+01    2.2605630000e+19    1.7665035432e-05    0.0000000000e+00    1.0000000000e+00    0.0000000000e+00
    2.8305203224e+06    1.5738006737e+07    3.9962620420e+07    4.6042323182e+01    1.2697258254e+02    1.6173483715e+02    2.2605630000e+19    1.7665035432e-05    0.0000000000e+00    1.0000000000e+00    0.0000000000e+00
   -2.4694231404e+06   -1.6942843799e+07   -8.8539681760e+05   -2.3357197381e+03   -1.0211861193e+03   -1.2828575476e+02    2.2605630000e+19    1.7665035432e-05    0.0000000000e+00    1.0000000000e+00    0.0000000000e+00
   -1.0954120497e+06   -8.4142730652e+06    7.7979679977e+07   -3.0225387985e+01   -2.2318190963e+02    1.8562789550e+03    2.2549090000e+19    1.7620852584e-05    0.0000000000e+00    1.0000000000e+00    0.0000000000e+00
   -1.5809539206e+07   -3.0749504830e+07    9.2621109923e+06   -8.6715584326e+01    2.8736406736e+02   -2.1409453181e+02    2.2549090000e+19    1.7620852584e-05    0.0000000000e+00    1.0000000000e+00    0.0000000000e+00
    1.0037233564e+07    1.0075792466e+07   -2.4738524745e+05    2.7638045051e+03   -9.4240585746e+02    6.0200218012e+01    2.2492610000e+19    1.7576716623e-05    0.0000000000e+00    1.0000000000e+00    0.0000000000e+00
    7.6407103299e+06    1.1401268290e+07    2.3180914854e+07   -1.2297136947e+02   -2.5124321077e+02   -8.6821065368e+02    2.2492610000e+19    1.7576716623e-05    0.0000000000e+00    1.0000000000e+00    0.0000000000e+00
