#   x1                  x2                  x3                  v1                  v2                  v3                  mass                rel_mass            mat0_frac           mat1_frac           mat2_frac
    9.6069885433e+05    2.7443054168e+07    6.8816937722e+03    3.5162675102e+01    6.8145483362e+02    9.3375094937e-02    9.3356234577e+20    4.9912840838e-01    9.0668852127e-01    9.3311478730e-02    0.0000000000e+00
   -9.4517611981e+05   -2.7732740358e+07   -1.0183611199e+04   -3.4783956271e+01   -6.8859921879e+02   -2.2415015018e-01    9.2263549660e+20    4.9328637666e-01    8.0559155229e-01    1.9440844771e-01    0.0000000000e+00
   -2.3731562279e+06    2.3547229314e+07   -6.9676722007e+04   -1.9982427734e+01    6.6939057435e+02    1.0712299121e+01    1.2108880000e+17    6.4740036154e-05    1.0000000000e+00    0.0000000000e+00    0.0000000000e+00
    1.9200329817e+06   -8.3297973752e+06    4.5501446996e+06    4.6410519977e+01   -2.2082957608e+02    1.0202066366e+02    8.2310380000e+16    4.4007182968e-05    0.0000000000e+00    1.0000000000e+00    0.0000000000e+00
    1.8211624725e+06   -9.6591006558e+06    3.6120297037e+06    4.4347501100e+01   -2.5579532130e+02    7.8121164142e+01    8.2307190000e+16    4.4005477437e-05    0.0000000000e+00    1.0000000000e+00    0.0000000000e+00
   -2.8770695651e+06    2.2907956459e+07    3.0879897240e+05   -4.4003792457e+01    6.4214754280e+02    1.9367763053e+01    8.2261080000e+16    4.3980824760e-05    0.0000000000e+00    1.0000000000e+00    0.0000000000e+00
    1.1345408727e+05    8.8523932690e+06    2.2927812185e+06   -1.7383345941e+00    2.2948512078e+02    4.8989295910e+01    8.2247580000e+16    4.3973606995e-05    0.0000000000e+00    1.0000000000e+00    0.0000000000e+00
    2.9626545376e+06   -1.1672819063e+07    4.1690205822e+06    7.0027675143e+01   -3.0993457970e+02    8.8727852902e+01    8.2230620000e+16    4.3964539344e-05    0.0000000000e+00    1.0000000000e+00    0.0000000000e+00
    9.0377157840e+05   -1.1201137021e+07    3.1936728161e+06    2.4676905692e+01   -3.0079567602e+02    6.9089401813e+01    4.1196650000e+16    2.2025758042e-05    0.0000000000e+00    1.0000000000e+00    0.0000000000e+00
    2.0143037810e+06   -1.6096353411e+07    3.1173180945e+06    4.6048483229e+01   -4.3129102770e+02    6.4432057161e+01    4.1196650000e+16    2.2025758042e-05    0.0000000000e+00    1.0000000000e+00    0.0000000000e+00
    1.1948135125e+06   -2.5504329065e+07   -1.4128527194e+05   -3.5910809790e+01   -7.6044997372e+02   -1.3717258400e+01    4.1191920000e+16    2.2023229151e-05    0.0000000000e+00    1.0000000000e+00    0.0000000000e+00
    1.8434319658e+06   -2.0732702538e+07    1.6081825173e+05    3.5777330074e+01   -5.7523428209e+02   -8.7505183628e+00    4.1191920000e+16    2.2023229151e-05    0.0000000000e+00    1.0000000000e+00    0.0000000000e+00
    2.5641600614e+06   -1.5437079513e+07   -4.6240104159e+06    5.9352321890e+01   -4.1019042805e+02   -9.7064167615e+01    4.1190360000e+16    2.2022395098e-05    0.0000000000e+00    1.0000000000e+00    0.0000000000e+00
    1.5822512363e+06   -1.1477368179e+07    4.1577112471e+06    3.6796212067e+01   -3.0520011518e+02    9.4847084273e+01    4.1189590000e+16    2.2021983418e-05    0.0000000000e+00    1.0000000000e+00    0.0000000000e+00
    4.2394122168e+06   -4.3999923267e+06   -2.4685681434e+06    1.0045606164e+02   -1.1863051167e+02   -5.8656822965e+01    4.1187270000e+16    2.2020743032e-05    0.0000000000e+00    1.0000000000e+00    0.0000000000e+00
    2.0139605102e+06   -1.0267577785e+06   -1.5390636362e+06    4.7251369442e+01   -3.3575184058e+01   -3.4540158618e+01    4.1185750000e+16    2.2019930365e-05    0.0000000000e+00    1.0000000000e+00    0.0000000000e+00
    3.6802517535e+06   -1.5995244782e+06    2.4926461419e+06    8.7147334566e+01   -4.5117258671e+01    5.7666282616e+01    4.1184980000e+16    2.2019518685e-05    0.0000000000e+00    1.0000000000e+00    0.0000000000e+00
    1.3111272421e+06   -1.6184352492e+07    2.2866984597e+06    3.2829167355e+01   -4.3385924283e+02    4.3471578478e+01    4.1182710000e+16    2.2018305032e-05    0.0000000000e+00    1.0000000000e+00    0.0000000000e+00
    1.7416144034e+06   -2.3767981604e+07   -2.3099828089e+05    1.0929953076e+01   -6.8247435745e+02   -1.9963822152e+01    4.1181210000e+16    2.2017503058e-05    0.0000000000e+00    1.0000000000e+00    0.0000000000e+00
    4.7493882222e+06   -1.3365315461e+07   -2.0668815377e+06    1.1059552950e+02   -3.5623046019e+02   -4.4764748560e+01    4.1179720000e+16    2.2016706430e-05    0.0000000000e+00    1.0000000000e+00    0.0000000000e+00
    3.0184640086e+06   -8.8584287896e+06   -6.3508889568e+04    7.0511344319e+01   -2.3669301480e+02    1.6685857926e+00    4.1178970000e+16    2.2016305443e-05    0.0000000000e+00    1.0000000000e+00    0.0000000000e+00
   -1.7167467236e+06    5.7705301074e+06    4.7067188343e+05   -4.4783660323e+01    1.4933009614e+02    1.0710128056e+01    4.1178230000e+16    2.2015909803e-05    0.0000000000e+00    1.0000000000e+00    0.0000000000e+00
    2.5447901912e+06   -2.1204860513e+07   -2.6305330593e+06    4.6583309245e+01   -5.7712034636e+02   -3.2350530079e+01    4.1178230000e+16    2.2015909803e-05    0.0000000000e+00    1.0000000000e+00    0.0000000000e+00
    3.6817763230e+06   -1.1534927244e+07   -1.1043166420e+06    8.5171470247e+01   -3.0860807332e+02   -2.2711298290e+01    4.1172370000e+16    2.2012776758e-05    0.0000000000e+00    1.0000000000e+00    0.0000000000e+00
    3.5502611643e+06   -2.8477639553e+06   -2.0000051949e+06    8.4560409134e+01   -7.8118897964e+01   -4.6095901067e+01    4.1172370000e+16    2.2012776758e-05    0.0000000000e+00    1.0000000000e+00    0.0000000000e+00
    3.0461383779e+06   -1.8983962243e+07   -1.5408039386e+06    6.3199699743e+01   -5.1607494019e+02   -2.1140783304e+01    4.1172370000e+16    2.2012776758e-05    0.0000000000e+00    1.0000000000e+00    0.0000000000e+00
    2.9433171425e+06   -2.1951611399e+07   -6.4567937893e+05    4.6095425140e+01   -6.0725888692e+02    4.4349848184e+00    4.1172370000e+16    2.2012776758e-05    0.0000000000e+00    1.0000000000e+00    0.0000000000e+00
    3.2703647615e+06   -9.4131747679e+06   -1.5363666839e+06    7.6999067161e+01   -2.5123949578e+02   -3.2170522966e+01    4.1170930000e+16    2.2012006863e-05    0.0000000000e+00    1.0000000000e+00    0.0000000000e+00
    2.8036711258e+06   -1.5763004051e+07   -4.1620630763e+06    6.4364708200e+01   -4.1894978832e+02   -8.6577309348e+01    4.1170210000e+16    2.2011621916e-05    0.0000000000e+00    1.0000000000e+00    0.0000000000e+00
    2.1604053901e+06   -2.9597271859e+06    2.1959502125e+06    5.0807403094e+01   -8.0580445247e+01    4.9295433511e+01    4.1169490000e+16    2.2011236968e-05    0.0000000000e+00    1.0000000000e+00    0.0000000000e+00
    5.1470114262e+06   -1.5506460940e+07    1.3849031911e+06    1.1705031272e+02   -4.1554337714e+02    3.1543849360e+01    4.1169490000e+16    2.2011236968e-05    0.0000000000e+00    1.0000000000e+00    0.0000000000e+00
   -1.4659793010e+06    3.7148974127e+06    4.9306718363e+05   -3.8556489129e+01    9.4579911075e+01    1.0103178424e+01    4.1169490000e+16    2.2011236968e-05    0.0000000000e+00    1.0000000000e+00    0.0000000000e+00
    2.0515374778e+06   -1.5258356630e+07    2.7759185926e+06    4.6950488236e+01   -4.0932657965e+02    5.6077115916e+01    4.1168060000e+16    2.2010472420e-05    0.0000000000e+00    1.0000000000e+00    0.0000000000e+00
    2.8125900082e+06   -2.2092963630e+07   -5.9819153399e+05    4.4924348846e+01   -6.1347216911e+02   -8.1727159976e-01    4.1166640000e+16    2.2009713218e-05    0.0000000000e+00    1.0000000000e+00    0.0000000000e+00
    8.1060803878e+05   -1.2339697816e+07    3.1818719178e+06    2.0402758163e+01   -3.2759404754e+02    6.8997770914e+01    4.1165230000e+16    2.2008959363e-05    0.0000000000e+00    1.0000000000e+00    0.0000000000e+00
    1.9910252274e+04    3.6106808549e+05   -2.9531588865e+05   -1.9403724551e+00    6.3542248644e+00   -5.7077708876e+00    4.1165230000e+16    2.2008959363e-05    0.0000000000e+00    1.0000000000e+00    0.0000000000e+00
   -1.1573515594e+06    3.4360001355e+06   -2.7733193351e+05   -3.0732209306e+01    8.6786195433e+01   -5.3648341426e+00    4.1163120000e+16    2.2007831253e-05    0.0000000000e+00    1.0000000000e+00    0.0000000000e+00
    2.8762544790e+06   -2.1535013895e+07   -9.7915787706e+05    4.8752420292e+01   -5.9615641669e+02   -6.7195014153e+00    4.1162420000e+16    2.2007456998e-05    0.0000000000e+00    1.0000000000e+00    0.0000000000e+00
    1.3516106270e+06   -1.1179243533e+07    2.6714167828e+06    3.2308650657e+01   -2.9621752489e+02    5.4287243245e+01    4.1161720000e+16    2.2007082744e-05    0.0000000000e+00    1.0000000000e+00    0.0000000000e+00
    9.5420985489e+05   -1.1245096331e+07    3.1366765091e+06    2.2261041693e+01   -2.9567527637e+02    7.2075067072e+01    4.1161030000e+16    2.2006713836e-05    0.0000000000e+00    1.0000000000e+00    0.0000000000e+00
    2.5267784075e+06   -2.0087309253e+07    3.5625521437e+06    5.4926948007e+01   -5.4129988698e+02    6.1118671277e+01    4.1161030000e+16    2.2006713836e-05    0.0000000000e+00    1.0000000000e+00    0.0000000000e+00
   -8.7508018343e+06   -4.9332774775e+06    4.0639241249e+06   -2.1337308087e+02   -1.2606023829e+02    9.4424902207e+01    4.1159640000e+16    2.2005970673e-05    0.0000000000e+00    1.0000000000e+00    0.0000000000e+00
    2.6273997704e+06   -1.0052106853e+07   -4.7870541646e+06    6.2806896557e+01   -2.6512616478e+02   -1.0654460105e+02    4.1159640000e+16    2.2005970673e-05    0.0000000000e+00    1.0000000000e+00    0.0000000000e+00
   -2.6190193295e+06    2.4176532239e+07   -5.6062330399e+05   -2.4819031816e+01    6.8643958914e+02   -1.0035478790e+01    4.1156890000e+16    2.2004500388e-05    0.0000000000e+00    1.0000000000e+00    0.0000000000e+00
    2.2715437448e+06    1.2785706614e+06    1.2620437926e+06    5.2674332298e+01    3.0141656387e+01    2.8630842150e+01    4.1156890000e+16    2.2004500388e-05    0.0000000000e+00    1.0000000000e+00    0.0000000000e+00
    3.7040201672e+06   -3.7266197600e+06   -2.0358247048e+06    8.7411903281e+01   -1.0141046234e+02   -4.5853845296e+01    4.1155530000e+16    2.2003773265e-05    0.0000000000e+00    1.0000000000e+00    0.0000000000e+00
   -1.1276900837e+06    2.4642673037e+06    1.6112624885e+04   -3.0014816115e+01    6.2628483162e+01    2.9987348685e+00    4.1155530000e+16    2.2003773265e-05    0.0000000000e+00    1.0000000000e+00    0.0000000000e+00
    2.8160206019e+06   -2.0595113947e+07   -3.4589283973e+06    5.6366514040e+01   -5.5550543298e+02   -5.4138920023e+01    4.1154850000e+16    2.2003409703e-05    0.0000000000e+00    1.0000000000e+00    0.0000000000e+00
    7.7634388171e+05    4.5673824531e+05   -2.6020076938e+05    1.6650788951e+01    9.1547569083e+00   -3.0468752112e+00    4.1153500000e+16    2.2002687927e-05    0.0000000000e+00    1.0000000000e+00    0.0000000000e+00
   -8.2843521242e+05    2.5762440486e+06    1.5647451043e+06   -2.3432087163e+01    6.4556933957e+01    3.4156606879e+01    4.1152820000e+16    2.2002324365e-05    0.0000000000e+00    1.0000000000e+00    0.0000000000e+00
    2.4655606044e+06   -1.0653107323e+07   -5.5256978826e+06    5.9121118016e+01   -2.8060456959e+02   -1.2255322623e+02    4.1152820000e+16    2.2002324365e-05    0.0000000000e+00    1.0000000000e+00    0.0000000000e+00
    4.9595689366e+06   -7.4572290706e+06    2.1035110175e+06    1.1893332514e+02   -1.9893909171e+02    4.5734124655e+01    4.1151480000e+16    2.2001607935e-05    0.0000000000e+00    1.0000000000e+00    0.0000000000e+00
    5.6432064447e+06   -9.4204933727e+06   -5.1235620428e+06    1.3432886877e+02   -2.4926860218e+02   -1.1555438747e+02    4.1151480000e+16    2.2001607935e-05    0.0000000000e+00    1.0000000000e+00    0.0000000000e+00
   -2.6680501467e+05    3.0551505312e+06    8.4364952071e+05   -1.0473973287e+01    7.6544824572e+01    1.9677824514e+01    4.1150810000e+16    2.2001249720e-05    0.0000000000e+00    1.0000000000e+00    0.0000000000e+00
    2.5802122718e+06   -2.1156274290e+07   -2.3631213867e+06    5.0032398420e+01   -5.7644994999e+02   -2.8042010346e+01    4.1150810000e+16    2.2001249720e-05    0.0000000000e+00    1.0000000000e+00    0.0000000000e+00
    6.7028713046e+05   -7.5081610546e+06    4.1105166809e+06    1.7176166073e+01   -1.9746850743e+02    9.9813170490e+01    4.1149970000e+16    2.2000800615e-05    0.0000000000e+00    1.0000000000e+00    0.0000000000e+00
    2.1291516615e+06   -1.7456697196e+07   -3.0993971886e+06    5.0751673644e+01   -4.6834853753e+02   -5.8937303917e+01    4.1149970000e+16    2.2000800615e-05    0.0000000000e+00    1.0000000000e+00    0.0000000000e+00
    1.8576366224e+06   -2.5107031864e+07    6.9005459800e+04   -1.6686009495e+01   -7.2774248492e+02   -5.6616265636e+00    4.1148810000e+16    2.2000180422e-05    0.0000000000e+00    1.0000000000e+00    0.0000000000e+00
   -2.6797046535e+06    1.4412570072e+07    4.8960270684e+05   -6.7704741720e+01    3.8413076605e+02    1.0814104540e+01    4.1148810000e+16    2.2000180422e-05    0.0000000000e+00    1.0000000000e+00    0.0000000000e+00
   -3.8714688965e+06   -7.1922012037e+06    1.2445099074e+07   -9.3464218434e+01   -1.8128472723e+02    2.9589913882e+02    4.1148810000e+16    2.2000180422e-05    0.0000000000e+00    1.0000000000e+00    0.0000000000e+00
    2.8300456047e+06   -1.8548370554e+07   -5.0648288577e+06    6.4084488381e+01   -4.9039867020e+02   -9.7126083526e+01    4.1148810000e+16    2.2000180422e-05    0.0000000000e+00    1.0000000000e+00    0.0000000000e+00
   -1.6874603679e+06    1.4801835893e+07   -1.5799476172e+05   -3.9191158106e+01    3.9978499405e+02    1.6766619772e+00    4.1148410000e+16    2.1999966562e-05    0.0000000000e+00    1.0000000000e+00    0.0000000000e+00
    2.1995381067e+06    5.7199156405e+06    3.9956258449e+06    4.9834444659e+01    1.4643562351e+02    9.1032085523e+01    4.1146860000e+16    2.1999137856e-05    0.0000000000e+00    1.0000000000e+00    0.0000000000e+00
   -1.3624104927e+06    2.5192099996e+07   -7.6865421623e+04    3.1712829889e+01    7.4849812162e+02   -2.3062934030e+00    4.1146860000e+16    2.1999137856e-05    0.0000000000e+00    1.0000000000e+00    0.0000000000e+00
   -1.4978138962e+06    5.9290431275e+06   -6.0787675767e+05   -3.8623205706e+01    1.5402099251e+02   -7.6581146775e+00    4.1146860000e+16    2.1999137856e-05    0.0000000000e+00    1.0000000000e+00    0.0000000000e+00
    2.9888138229e+06   -2.0236011721e+07    1.1712723788e+06    5.8261244688e+01   -5.5429906004e+02    1.1511269017e+01    4.1146160000e+16    2.1998763601e-05    0.0000000000e+00    1.0000000000e+00    0.0000000000e+00
   -1.6651958321e+05   -1.2156103180e+07   -4.4574939971e+06   -1.3204798056e+00   -3.1895858750e+02   -1.0007010849e+02    4.1146160000e+16    2.1998763601e-05    0.0000000000e+00    1.0000000000e+00    0.0000000000e+00
    1.2963075044e+06   -7.1408707241e+06    5.6755296368e+06    3.0891342097e+01   -1.9015414332e+02    1.2994787038e+02    4.1145500000e+16    2.1998410733e-05    0.0000000000e+00    1.0000000000e+00    0.0000000000e+00
    3.3542497623e+06   -1.9139090847e+07   -1.2003653489e+06    6.7895336522e+01   -5.2062515152e+02   -1.5074071741e+01    4.1145500000e+16    2.1998410733e-05    0.0000000000e+00    1.0000000000e+00    0.0000000000e+00
    5.9462564126e+06   -1.1299969959e+07   -1.0043764708e+07    1.4309386601e+02   -2.9410279209e+02   -2.3445195924e+02    4.1145500000e+16    2.1998410733e-05    0.0000000000e+00    1.0000000000e+00    0.0000000000e+00
   -1.6553875371e+06    1.6353973922e+07   -5.9376533604e+05   -4.4942596838e+01    4.3968106446e+02   -1.8510464388e+01    4.1144850000e+16    2.1998063211e-05    0.0000000000e+00    1.0000000000e+00    0.0000000000e+00
    2.6260491086e+06   -1.2470603021e+07    1.7780089916e+06    5.9762037410e+01   -3.3480188728e+02    4.2410373402e+01    4.1144850000e+16    2.1998063211e-05    0.0000000000e+00    1.0000000000e+00    0.0000000000e+00
    1.4943296848e+06    2.7731135659e+07    7.7321926450e+04    1.7203397472e+02    3.9350590866e+02   -1.4599922875e+01    4.1144850000e+16    2.1998063211e-05    0.0000000000e+00    1.0000000000e+00    0.0000000000e+00
   -1.1575657233e+06    2.9371549932e+06   -3.5483911151e+05   -3.1566411437e+01    7.4021765877e+01   -5.3993869816e+00    4.1144850000e+16    2.1998063211e-05    0.0000000000e+00    1.0000000000e+00    0.0000000000e+00
    5.3786400396e+06   -7.0695749383e+06   -7.0098136247e+06    1.2880485611e+02   -1.8795103617e+02   -1.6389688109e+02    4.1144190000e+16    2.1997710342e-05    0.0000000000e+00    1.0000000000e+00    0.0000000000e+00
    2.2008820021e+05   -1.7423676618e+06   -6.7337535028e+06    4.7651810158e+00   -4.7108086091e+01   -1.6003399407e+02    4.1144190000e+16    2.1997710342e-05    0.0000000000e+00    1.0000000000e+00    0.0000000000e+00
    3.3449106957e+06   -1.4229318894e+07    1.4701991926e+06    7.9147541010e+01   -3.8045211781e+02    3.8879670309e+01    4.1144190000e+16    2.1997710342e-05    0.0000000000e+00    1.0000000000e+00    0.0000000000e+00
   -4.5003224892e+06   -3.3773411267e+06    4.8633567757e+06   -1.0989358796e+02   -8.7934204095e+01    1.1648262733e+02    4.1143790000e+16    2.1997496483e-05    0.0000000000e+00    1.0000000000e+00    0.0000000000e+00
    4.1921668170e+06   -1.2083220460e+07   -1.8332709603e+06    9.7077147495e+01   -3.2315748161e+02   -3.8412405923e+01    4.1143540000e+16    2.1997362820e-05    0.0000000000e+00    1.0000000000e+00    0.0000000000e+00
   -4.0396981925e+05   -1.5287194791e+07    5.5630822597e+06   -5.5972194634e+00   -4.0110273196e+02    1.1899751917e+02    4.1143540000e+16    2.1997362820e-05    0.0000000000e+00    1.0000000000e+00    0.0000000000e+00
   -2.6510688878e+06    1.2369130032e+07   -3.0429947390e+05   -6.3310735849e+01    3.3136928223e+02   -6.8418101017e+00    4.1142260000e+16    2.1996678469e-05    0.0000000000e+00    1.0000000000e+00    0.0000000000e+00
   -1.6664439921e+06    1.1691189683e+07   -2.2489055176e+06   -3.8914401017e+01    3.1334501817e+02   -5.2958987452e+01    4.1142260000e+16    2.1996678469e-05    0.0000000000e+00    1.0000000000e+00    0.0000000000e+00
   -2.7540209247e+05   -4.4039006289e+06    6.8298305027e+06   -5.9851282297e+00   -1.1479418583e+02    1.5766540714e+02    4.1142260000e+16    2.1996678469e-05    0.0000000000e+00    1.0000000000e+00    0.0000000000e+00
    2.6848728612e+06    2.1047020736e+06   -7.9776428365e+06    6.3835428156e+01    5.0081747559e+01   -1.8722802382e+02    4.1142240000e+16    2.1996667776e-05    0.0000000000e+00    1.0000000000e+00    0.0000000000e+00
    1.9439700145e+06   -1.1088402234e+06   -1.5731226011e+06    4.3848053868e+01   -2.9114604986e+01   -3.4992403064e+01    4.1140940000e+16    2.1995972732e-05    0.0000000000e+00    1.0000000000e+00    0.0000000000e+00
    2.9590279408e+06   -1.7175334540e+07   -5.7943404580e+06    6.8991827384e+01   -4.5096791990e+02   -1.1749679671e+02    4.1140940000e+16    2.1995972732e-05    0.0000000000e+00    1.0000000000e+00    0.0000000000e+00
   -7.1125619037e+06   -3.4060613714e+06    6.9567977501e+06   -1.7173914645e+02   -8.4443949262e+01    1.6446374871e+02    4.1140750000e+16    2.1995871149e-05    0.0000000000e+00    1.0000000000e+00    0.0000000000e+00
   -1.6869935065e+07   -1.6912197174e+07    5.3118247381e+06   -4.0729504975e+02   -4.2275035348e+02    1.2545761262e+02    4.1139990000e+16    2.1995464816e-05    0.0000000000e+00    1.0000000000e+00    0.0000000000e+00
   -2.5048947450e+06    1.9337378125e+06   -6.7382452738e+06   -6.2216968362e+01    4.8327775436e+01   -1.5599407695e+02    4.1139650000e+16    2.1995283035e-05    0.0000000000e+00    1.0000000000e+00    0.0000000000e+00
   -3.5316162795e+06   -5.8095834129e+06   -8.1331099469e+06   -8.2497141800e+01   -1.4827749190e+02   -1.8837900419e+02    4.1139650000e+16    2.1995283035e-05    0.0000000000e+00    1.0000000000e+00    0.0000000000e+00
   -2.4785428204e+05   -2.5884431977e+05    1.4167218262e+06   -7.1263246019e+00   -8.2372893847e+00    3.2531036203e+01    4.1139240000e+16    2.1995063829e-05    0.0000000000e+00    1.0000000000e+00    0.0000000000e+00
    6.9483876243e+05   -6.6565722332e+06   -8.2986115175e+06    1.7476782154e+01   -1.7402909819e+02   -1.9317691423e+02    4.1139010000e+16    2.1994940859e-05    0.0000000000e+00    1.0000000000e+00    0.0000000000e+00
   -5.0082785136e+06   -2.8526421092e+06    7.8090593397e+06   -1.1966140950e+02   -7.1248232109e+01    1.8627169107e+02    4.1138490000e+16    2.1994662842e-05    0.0000000000e+00    1.0000000000e+00    0.0000000000e+00
   -7.9423670255e+06   -3.3921709893e+06    7.1431486982e+06   -1.9144210353e+02   -8.3441360503e+01    1.6940897438e+02    4.1138490000e+16    2.1994662842e-05    0.0000000000e+00    1.0000000000e+00    0.0000000000e+00
    1.3327817063e+06   -7.5204241873e+06    5.1158168102e+06    3.3030953206e+01   -1.9880675254e+02    1.1484941071e+02    4.1138370000e+16    2.1994598684e-05    0.0000000000e+00    1.0000000000e+00    0.0000000000e+00
    3.0268090024e+06   -1.5471476838e+07   -2.1880894385e+06    7.3194574627e+01   -4.1383080313e+02   -5.2450077374e+01    4.1138370000e+16    2.1994598684e-05    0.0000000000e+00    1.0000000000e+00    0.0000000000e+00
   -1.1917653441e+07   -1.4016311433e+07    3.5422812666e+06   -2.8310993606e+02   -3.5437516857e+02    8.1490487311e+01    4.1137740000e+16    2.1994261855e-05    0.0000000000e+00    1.0000000000e+00    0.0000000000e+00
   -9.8939568442e+06   -6.3456971051e+06    1.0116986134e+07   -2.4068766345e+02   -1.5877742087e+02    2.3904849510e+02    4.1137090000e+16    2.1993914333e-05    0.0000000000e+00    1.0000000000e+00    0.0000000000e+00
   -2.2622923204e+07   -2.8994471277e+07   -1.0296326379e+07   -5.5463220614e+02   -7.1573922894e+02   -2.4817683756e+02    4.1136250000e+16    2.1993465227e-05    0.0000000000e+00    1.0000000000e+00    0.0000000000e+00
   -2.9194144257e+06    2.1640968072e+07    3.8349556731e+05   -4.5922640637e+01    6.0286535309e+02    1.7808595469e+01    4.1136250000e+16    2.1993465227e-05    0.0000000000e+00    1.0000000000e+00    0.0000000000e+00
   -2.4538917966e+06    2.3108385837e+07    2.7306408201e+05   -3.7965260262e+01    6.5335417131e+02    2.3311857306e+01    4.1135820000e+16    2.1993235328e-05    0.0000000000e+00    1.0000000000e+00    0.0000000000e+00
   -1.5805624993e+06    1.8112254653e+07   -3.3648397250e+05   -3.2902510021e+01    4.9694857442e+02   -7.1839850996e-03    4.1134760000e+16    2.1992668600e-05    0.0000000000e+00    1.0000000000e+00    0.0000000000e+00
    4.6057528180e+06   -1.7874429803e+07   -1.4633833204e+06    1.0032531806e+02   -4.8318219257e+02   -2.4852412305e+01    4.1134550000e+16    2.1992556324e-05    0.0000000000e+00    1.0000000000e+00    0.0000000000e+00
   -4.9261303738e+06   -9.8072568092e+06    3.4253791700e+06   -1.1456367490e+02   -2.5300380879e+02    7.8337296981e+01    4.1133290000e+16    2.1991882666e-05    0.0000000000e+00    1.0000000000e+00    0.0000000000e+00
   -4.2126080609e+06    1.1490840695e+07   -3.3277559596e+06   -9.8941820088e+01    3.0739612986e+02   -7.9435875153e+01    4.1133290000e+16    2.1991882666e-05    0.0000000000e+00    1.0000000000e+00    0.0000000000e+00
   -7.9080664092e+06   -7.4597820374e+06   -6.8720526332e+06   -1.8993711130e+02   -1.8946192762e+02   -1.5947528365e+02    4.1133290000e+16    2.1991882666e-05    0.0000000000e+00    1.0000000000e+00    0.0000000000e+00
   -3.7065521186e+06    1.7882306209e+07   -3.1532963989e+06   -8.1813264516e+01    4.7717415878e+02   -5.2379396998e+01    4.1133290000e+16    2.1991882666e-05    0.0000000000e+00    1.0000000000e+00    0.0000000000e+00
    4.2529636986e+06   -1.5362543657e+07    2.0836008098e+06    9.5752502943e+01   -4.1288064426e+02    4.6684635912e+01    4.1133290000e+16    2.1991882666e-05    0.0000000000e+00    1.0000000000e+00    0.0000000000e+00
    3.4988644124e+06   -1.2741586295e+06    4.8163087545e+05    8.1022992280e+01   -3.7769147164e+01    9.7487544171e+00    4.1133290000e+16    2.1991882666e-05    0.0000000000e+00    1.0000000000e+00    0.0000000000e+00
    4.0125151600e+06   -2.3203031727e+07   -3.3865547976e+04    5.8078333528e+01   -6.3908965225e+02    1.4676169786e+00    4.1133290000e+16    2.1991882666e-05    0.0000000000e+00    1.0000000000e+00    0.0000000000e+00
    5.9139137082e+06   -1.4828188135e+07   -4.7842116825e+05    1.3506207318e+02   -3.9685141930e+02   -8.4510038550e+00    4.1133290000e+16    2.1991882666e-05    0.0000000000e+00    1.0000000000e+00    0.0000000000e+00
    4.1276287628e+06   -1.1302740475e+07   -8.6608801810e+06    9.9264295552e+01   -2.9526118411e+02   -1.9880347747e+02    4.1133290000e+16    2.1991882666e-05    0.0000000000e+00    1.0000000000e+00    0.0000000000e+00
    2.7934243441e+06   -2.3665564291e+07   -1.4173794106e+06    3.1340352605e+01   -6.5402362005e+02    5.4679899767e+00    4.1133290000e+16    2.1991882666e-05    0.0000000000e+00    1.0000000000e+00    0.0000000000e+00
    3.5948236260e+06   -1.4736176007e+07   -8.9677156828e+06    8.5922404259e+01   -3.8307270807e+02   -2.0137289559e+02    4.1133290000e+16    2.1991882666e-05    0.0000000000e+00    1.0000000000e+00    0.0000000000e+00
    1.7806267168e+06   -1.1884991234e+07   -5.8762367323e+06    4.3900781762e+01   -3.1114360925e+02   -1.2864828311e+02    4.1133290000e+16    2.1991882666e-05    0.0000000000e+00    1.0000000000e+00    0.0000000000e+00
    9.9564146399e+05   -2.6387600800e+07   -8.2908841446e+06    2.2313700908e+01   -6.5386372191e+02   -1.5053099232e+02    4.1133290000e+16    2.1991882666e-05    0.0000000000e+00    1.0000000000e+00    0.0000000000e+00
    3.2041994072e+06   -2.0331398258e+07   -3.3084798626e+06    6.4391537092e+01   -5.4580425129e+02   -5.0101455145e+01    4.1133290000e+16    2.1991882666e-05    0.0000000000e+00    1.0000000000e+00    0.0000000000e+00
    2.7352033968e+06   -1.2799482368e+07    3.3020625514e+06    6.4299394126e+01   -3.3984470115e+02    6.7367786258e+01    4.1132030000e+16    2.1991209008e-05    0.0000000000e+00    1.0000000000e+00    0.0000000000e+00
    2.2499235490e+06   -8.0563681433e+05    2.0287955695e+06    5.1931805335e+01   -2.5260071451e+01    4.5096579115e+01    4.1132030000e+16    2.1991209008e-05    0.0000000000e+00    1.0000000000e+00    0.0000000000e+00
   -7.6002166578e+05    1.4381665432e+07    1.6392713857e+07   -1.9676875916e+01    3.5855977443e+02    3.8686179493e+02    4.1132030000e+16    2.1991209008e-05    0.0000000000e+00    1.0000000000e+00    0.0000000000e+00
   -1.5876778227e+06    1.4753602128e+07    1.6321576222e+07   -3.8505416273e+01    3.6887635762e+02    3.8407227047e+02    4.1132030000e+16    2.1991209008e-05    0.0000000000e+00    1.0000000000e+00    0.0000000000e+00
   -5.1015953935e+06   -8.3086247104e+06    9.9131047601e+06   -1.2174444896e+02   -2.1042411793e+02    2.3283439096e+02    4.1131820000e+16    2.1991096731e-05    0.0000000000e+00    1.0000000000e+00    0.0000000000e+00
   -1.1062325175e+06   -1.2235913668e+07    3.8737083049e+06   -2.0147885506e+01   -3.1831378854e+02    8.4955116305e+01    4.1131820000e+16    2.1991096731e-05    0.0000000000e+00    1.0000000000e+00    0.0000000000e+00
   -7.4183460592e+06   -8.1172153580e+06    1.0125643756e+07   -1.8029280668e+02   -2.0709280630e+02    2.3994937613e+02    4.1131820000e+16    2.1991096731e-05    0.0000000000e+00    1.0000000000e+00    0.0000000000e+00
   -2.6558946262e+06    2.1812734496e+07   -4.8684503787e+05   -5.3336587772e+01    6.0881470738e+02   -1.5228211494e+01    4.1131400000e+16    2.1990872179e-05    0.0000000000e+00    1.0000000000e+00    0.0000000000e+00
   -1.1820213369e+07   -8.0505899488e+06    4.0857887144e+05   -2.8469510137e+02   -2.0198224654e+02    7.4520528311e+00    4.1131090000e+16    2.1990706437e-05    0.0000000000e+00    1.0000000000e+00    0.0000000000e+00
    1.9820454652e+04   -6.8392470707e+06   -1.8418926399e+06    4.5642198988e-01   -1.8144091501e+02   -4.1978011518e+01    4.1131090000e+16    2.1990706437e-05    0.0000000000e+00    1.0000000000e+00    0.0000000000e+00
   -6.4735804335e+06   -7.4888368492e+06   -6.6110315343e+06   -1.5502221755e+02   -1.9114048593e+02   -1.5222921630e+02    4.1131090000e+16    2.1990706437e-05    0.0000000000e+00    1.0000000000e+00    0.0000000000e+00
   -4.8320217311e+06   -7.8810038747e+06   -3.2205848206e+06   -1.1379236983e+02   -2.0301106166e+02   -6.9975114998e+01    4.1131090000e+16    2.1990706437e-05    0.0000000000e+00    1.0000000000e+00    0.0000000000e+00
   -3.6068496617e+06    1.7974343722e+07   -2.7904302151e+06   -7.9936396296e+01    4.8043645467e+02   -4.5441959689e+01    4.1131090000e+16    2.1990706437e-05    0.0000000000e+00    1.0000000000e+00    0.0000000000e+00
    8.4212030029e+06   -2.9014914791e+06    8.1247897646e+05    2.0278501404e+02   -8.0889962013e+01    2.3720706108e+01    4.1130150000e+16    2.1990203867e-05    0.0000000000e+00    1.0000000000e+00    0.0000000000e+00
   -3.2738187745e+05   -2.7322946114e+07   -2.4290286517e+05   -1.5085689655e+02   -1.0044108248e+03   -4.5518063906e+01    4.1130150000e+16    2.1990203867e-05    0.0000000000e+00    1.0000000000e+00    0.0000000000e+00
   -1.6099951281e+07   -2.8991653370e+07   -8.8558935014e+06   -3.8537884152e+02   -7.1377459488e+02   -2.0917685260e+02    4.1129630000e+16    2.1989925849e-05    0.0000000000e+00    1.0000000000e+00    0.0000000000e+00
    1.1793993692e+06   -6.7042414396e+05   -6.9658543935e+05    2.5339222459e+01   -2.1811919592e+01   -1.6058670670e+01    4.1129530000e+16    2.1989872384e-05    0.0000000000e+00    1.0000000000e+00    0.0000000000e+00
   -1.8392988184e+06    1.5126191912e+07    2.8268482118e+06   -4.9634996607e+01    3.9963104682e+02    5.6716599773e+01    4.1129530000e+16    2.1989872384e-05    0.0000000000e+00    1.0000000000e+00    0.0000000000e+00
    4.8404399539e+06   -9.2301468434e+06   -9.1582762814e+06    1.1583042801e+02   -2.4227383385e+02   -2.1308972657e+02    4.1129530000e+16    2.1989872384e-05    0.0000000000e+00    1.0000000000e+00    0.0000000000e+00
   -1.4634316287e+07   -9.0563612264e+06    1.6224950921e+07   -3.5960070374e+02   -2.2562561595e+02    3.9156482768e+02    4.1128910000e+16    2.1989540902e-05    0.0000000000e+00    1.0000000000e+00    0.0000000000e+00
    1.1645602455e+06   -6.3944040690e+06   -4.8086637183e+06    3.0070974098e+01   -1.6518747848e+02   -1.0753024743e+02    4.1128910000e+16    2.1989540902e-05    0.0000000000e+00    1.0000000000e+00    0.0000000000e+00
   -1.1520118442e+06    1.3184552333e+07   -4.5441928526e+06   -3.0068980119e+01    3.4471938035e+02   -9.3991262331e+01    4.1128910000e+16    2.1989540902e-05    0.0000000000e+00    1.0000000000e+00    0.0000000000e+00
    4.4868331550e+06   -1.2838448696e+07    4.6829314680e+06    1.0549296243e+02   -3.4059049209e+02    1.0350655583e+02    4.1128910000e+16    2.1989540902e-05    0.0000000000e+00    1.0000000000e+00    0.0000000000e+00
   -2.9836414253e+06   -1.0511177090e+07    1.6663867425e+04   -6.7701606234e+01   -2.7544202443e+02   -4.6716826319e+00    4.1128910000e+16    2.1989540902e-05    0.0000000000e+00    1.0000000000e+00    0.0000000000e+00
    5.0209614769e+06   -2.1749848584e+07    2.5723309839e+05    9.3652392655e+01   -5.9117122607e+02    1.8497562553e-01    4.1128290000e+16    2.1989209419e-05    0.0000000000e+00    1.0000000000e+00    0.0000000000e+00
   -8.3267967458e+05    1.0146642759e+07    2.0953442405e+07   -2.0702682070e+01    2.5262251815e+02    5.0334129606e+02    4.1128290000e+16    2.1989209419e-05    0.0000000000e+00    1.0000000000e+00    0.0000000000e+00
    7.0761211817e+06   -1.0939186396e+07   -5.3733232676e+06    1.6772907035e+02   -2.8931057769e+02   -1.2182149403e+02    4.1128290000e+16    2.1989209419e-05    0.0000000000e+00    1.0000000000e+00    0.0000000000e+00
    3.2841325978e+06    1.9354186945e+06   -7.8196332769e+06    7.7248413886e+01    4.5337167368e+01   -1.8263939020e+02    4.1128290000e+16    2.1989209419e-05    0.0000000000e+00    1.0000000000e+00    0.0000000000e+00
    1.3998700507e+06    9.7786226137e+06   -7.2969882585e+06    3.0591688430e+01    2.5010251945e+02   -1.6534819918e+02    4.1128290000e+16    2.1989209419e-05    0.0000000000e+00    1.0000000000e+00    0.0000000000e+00
    2.3713190087e+06   -2.5160335889e+07   -6.7059157136e+05   -3.4276120216e+00   -7.0091425870e+02    3.7286921097e+01    4.1128290000e+16    2.1989209419e-05    0.0000000000e+00    1.0000000000e+00    0.0000000000e+00
    5.8673883871e+06   -7.9677560183e+06   -4.5127878125e+05    1.3894386298e+02   -2.1390782492e+02   -9.4880115921e+00    4.1127670000e+16    2.1988877937e-05    0.0000000000e+00    1.0000000000e+00    0.0000000000e+00
   -1.8009988887e+06    1.5663194213e+07    1.3188719878e+07   -4.3982505662e+01    3.9542090775e+02    3.0494451942e+02    4.1127670000e+16    2.1988877937e-05    0.0000000000e+00    1.0000000000e+00    0.0000000000e+00
   -5.0112955638e+06    2.2246609864e+07    7.1062940377e+05   -8.9161226855e+01    5.9810631001e+02   -9.4248789041e+00    4.1127460000e+16    2.1988765660e-05    0.0000000000e+00    1.0000000000e+00    0.0000000000e+00
   -5.0393990689e+06    6.8849522059e+06    2.1205586293e+07   -1.2389301271e+02    1.7328429834e+02    5.1323119444e+02    4.1127460000e+16    2.1988765660e-05    0.0000000000e+00    1.0000000000e+00    0.0000000000e+00
    2.4358379337e+06   -2.5753774336e+07   -3.5022280434e+05   -2.0349977287e+01   -7.2945967453e+02   -1.2675291157e+01    4.1127050000e+16    2.1988546454e-05    0.0000000000e+00    1.0000000000e+00    0.0000000000e+00
    3.3157129858e+05   -6.3281537141e+06    5.6399044070e+06    8.1157886337e+00   -1.6860615911e+02    1.2899432233e+02    4.1127050000e+16    2.1988546454e-05    0.0000000000e+00    1.0000000000e+00    0.0000000000e+00
   -3.5856501021e+06   -1.9505452470e+06    1.3634818582e+07   -8.7564844740e+01   -4.8319449058e+01    3.2602652224e+02    4.1126740000e+16    2.1988380713e-05    0.0000000000e+00    1.0000000000e+00    0.0000000000e+00
   -5.7798506776e+06   -1.0454751153e+07   -2.3363680891e+07   -1.4217461722e+02   -2.6091282740e+02   -5.6821068421e+02    4.1126740000e+16    2.1988380713e-05    0.0000000000e+00    1.0000000000e+00    0.0000000000e+00
   -1.0760084469e+07   -4.7665101315e+06    6.8273381009e+06   -2.6085517231e+02   -1.1814510037e+02    1.6043822034e+02    4.1126020000e+16    2.1987995766e-05    0.0000000000e+00    1.0000000000e+00    0.0000000000e+00
   -8.0045288359e+06   -4.0208386738e+06    7.2108195854e+06   -1.9287902223e+02   -9.8724749776e+01    1.6969935941e+02    4.1126020000e+16    2.1987995766e-05    0.0000000000e+00    1.0000000000e+00    0.0000000000e+00
   -2.0061049965e+06    1.3316262245e+07    2.3739758934e+07   -4.8941316745e+01    3.2948586662e+02    5.7296263062e+02    4.1125820000e+16    2.1987888836e-05    0.0000000000e+00    1.0000000000e+00    0.0000000000e+00
    4.1770632412e+06   -4.1633084071e+06    4.9576548833e+05    9.8171002309e+01   -1.1395662433e+02    1.4592041999e+01    4.1125820000e+16    2.1987888836e-05    0.0000000000e+00    1.0000000000e+00    0.0000000000e+00
    2.0410606025e+06   -1.9226502400e+06   -1.1426848012e+07    4.9843357388e+01   -5.2014313705e+01   -2.7114636156e+02    4.1125820000e+16    2.1987888836e-05    0.0000000000e+00    1.0000000000e+00    0.0000000000e+00
   -3.3610277415e+06   -3.4282285048e+07   -5.5818402481e+06   -6.6122416373e+01   -8.1310385616e+02   -1.1126547616e+02    4.1125820000e+16    2.1987888836e-05    0.0000000000e+00    1.0000000000e+00    0.0000000000e+00
    2.6899959020e+06   -1.6006103839e+07   -5.8599695999e+06    6.3221161736e+01   -4.2068912560e+02   -1.2140510217e+02    4.1125820000e+16    2.1987888836e-05    0.0000000000e+00    1.0000000000e+00    0.0000000000e+00
    4.9935248767e+06   -1.9426385775e+07   -3.1597122700e+05    1.0248179298e+02   -5.2560976257e+02   -1.3773320690e+00    4.1124600000e+16    2.1987236564e-05    0.0000000000e+00    1.0000000000e+00    0.0000000000e+00
    2.7680299019e+06   -3.1999507685e+07   -1.0701551236e+07    6.2782842387e+01   -7.7801282657e+02   -2.2835438151e+02    4.1124600000e+16    2.1987236564e-05    0.0000000000e+00    1.0000000000e+00    0.0000000000e+00
   -1.6685505909e+06    1.5748424352e+07    1.3476908380e+07   -4.1239338888e+01    3.9812242915e+02    3.0975589791e+02    4.1124590000e+16    2.1987231217e-05    0.0000000000e+00    1.0000000000e+00    0.0000000000e+00
   -4.5029303004e+06   -1.8353895926e+07    1.4341297080e+06   -8.5554211408e+01   -4.8191598912e+02    3.1260590034e+01    4.1124590000e+16    2.1987231217e-05    0.0000000000e+00    1.0000000000e+00    0.0000000000e+00
   -5.4451869144e+06   -4.8165934172e+06   -9.0928444344e+06   -1.3087305032e+02   -1.2145507597e+02   -2.1331029697e+02    4.1124590000e+16    2.1987231217e-05    0.0000000000e+00    1.0000000000e+00    0.0000000000e+00
   -2.4339317933e+06   -9.1512994304e+06   -5.0683616628e+06   -5.5332781873e+01   -2.3617126397e+02   -1.1292794732e+02    4.1124590000e+16    2.1987231217e-05    0.0000000000e+00    1.0000000000e+00    0.0000000000e+00
   -3.8264314310e+06    1.9822930971e+07   -1.7683559092e+06   -7.8097767706e+01    5.3453970884e+02   -1.7152336772e+01    4.1124590000e+16    2.1987231217e-05    0.0000000000e+00    1.0000000000e+00    0.0000000000e+00
    3.0670392010e+06   -1.1366694212e+06    6.1824215244e+05    7.1710443168e+01   -3.5318575623e+01    1.4045960391e+01    4.1123990000e+16    2.1986910428e-05    0.0000000000e+00    1.0000000000e+00    0.0000000000e+00
    6.2635222768e+06   -1.7380911826e+07   -3.1027196903e+06    1.4014416342e+02   -4.6191175637e+02   -6.0466545525e+01    4.1123990000e+16    2.1986910428e-05    0.0000000000e+00    1.0000000000e+00    0.0000000000e+00
    4.1378145760e+06    1.1467096971e+07   -3.1775305073e+06    9.3268987962e+01    2.9615856827e+02   -6.7796006898e+01    4.1123380000e+16    2.1986584292e-05    0.0000000000e+00    1.0000000000e+00    0.0000000000e+00
   -3.7276637983e+06   -6.8528922742e+06    1.3148238187e+07   -8.9335476104e+01   -1.7139212321e+02    3.1071979936e+02    4.1122160000e+16    2.1985932019e-05    0.0000000000e+00    1.0000000000e+00    0.0000000000e+00
    6.2555853341e+06   -1.8821324418e+07   -7.7132847343e+06    1.4372205981e+02   -4.9045985118e+02   -1.6682734523e+02    4.1122160000e+16    2.1985932019e-05    0.0000000000e+00    1.0000000000e+00    0.0000000000e+00
    2.6293001904e+06   -6.0315934641e+06   -9.1656747812e+06    6.3973053006e+01   -1.5801853390e+02   -2.1285105430e+02    4.1122160000e+16    2.1985932019e-05    0.0000000000e+00    1.0000000000e+00    0.0000000000e+00
   -7.4784522627e+05    2.3275754707e+06    1.2597522884e+07   -1.8096531898e+01    5.9871346836e+01    2.9788978918e+02    4.1121740000e+16    2.1985707467e-05    0.0000000000e+00    1.0000000000e+00    0.0000000000e+00
   -5.3941950299e+06   -7.5114232736e+06    1.2765558786e+07   -1.2952669721e+02   -1.8805452721e+02    3.0285614565e+02    4.1121740000e+16    2.1985707467e-05    0.0000000000e+00    1.0000000000e+00    0.0000000000e+00
   -3.4533363856e+06   -4.4345454851e+06    5.1174065089e+06   -8.0841316850e+01   -1.1098665943e+02    1.1813174598e+02    4.1121740000e+16    2.1985707467e-05    0.0000000000e+00    1.0000000000e+00    0.0000000000e+00
    4.1728229996e+05    1.2203569051e+07    2.8508017105e+07    1.0787171434e+01    2.9991155008e+02    6.9314804382e+02    4.1121550000e+16    2.1985605883e-05    0.0000000000e+00    1.0000000000e+00    0.0000000000e+00
   -2.4858219433e+06    1.6105568126e+07    1.3182619452e+07   -5.9033821154e+01    4.0720344634e+02    3.0251388871e+02    4.1121040000e+16    2.1985333212e-05    0.0000000000e+00    1.0000000000e+00    0.0000000000e+00
   -1.3734250152e+06   -6.7851051662e+06    1.3362849860e+07   -3.2470218425e+01   -1.7050218911e+02    3.1674554755e+02    4.1121040000e+16    2.1985333212e-05    0.0000000000e+00    1.0000000000e+00    0.0000000000e+00
   -6.7539004912e+06   -1.5135243918e+07    2.7549571121e+05   -1.5029826115e+02   -3.9156108281e+02    2.5264386035e+00    4.1121040000e+16    2.1985333212e-05    0.0000000000e+00    1.0000000000e+00    0.0000000000e+00
    1.2523334999e+06   -5.9570581695e+06   -2.5842340681e+06    2.9201625424e+01   -1.5891569989e+02   -6.2034300237e+01    4.1121040000e+16    2.1985333212e-05    0.0000000000e+00    1.0000000000e+00    0.0000000000e+00
   -1.3916302489e+06   -2.8078197414e+07   -3.2222401267e+04   -2.0089970006e+02   -6.2303487676e+02   -1.5850343548e+02    4.1121040000e+16    2.1985333212e-05    0.0000000000e+00    1.0000000000e+00    0.0000000000e+00
   -6.5458823076e+06    1.5854674462e+07   -6.0213410615e+05   -1.4930582946e+02    4.2337290098e+02   -5.7986577028e+00    4.1121040000e+16    2.1985333212e-05    0.0000000000e+00    1.0000000000e+00    0.0000000000e+00
   -1.8514933772e+06    3.4934940861e+07   -9.7121931936e+06   -4.1459625894e+01    8.4072288263e+02   -2.1264482853e+02    4.1121040000e+16    2.1985333212e-05    0.0000000000e+00    1.0000000000e+00    0.0000000000e+00
   -6.6199730787e+06    1.0087716883e+07   -2.4681163925e+07   -1.6244684612e+02    2.5177941683e+02   -5.9767056228e+02    4.1121040000e+16    2.1985333212e-05    0.0000000000e+00    1.0000000000e+00    0.0000000000e+00
    2.6229188585e+06   -1.0088088227e+07    4.7051057922e+06    6.1429713655e+01   -2.6859838034e+02    1.0502866421e+02    4.1120950000e+16    2.1985285094e-05    0.0000000000e+00    1.0000000000e+00    0.0000000000e+00
    5.3804238117e+06   -7.2332058766e+06    2.1247830068e+06    1.2674314051e+02   -1.9469127792e+02    4.9156566144e+01    4.1120950000e+16    2.1985285094e-05    0.0000000000e+00    1.0000000000e+00    0.0000000000e+00
   -5.4594922438e+06    4.0766407750e+05    1.6487652395e+07   -1.3379296857e+02    1.0252220395e+01    3.9354898019e+02    4.1120950000e+16    2.1985285094e-05    0.0000000000e+00    1.0000000000e+00    0.0000000000e+00
    7.7627062031e+06   -1.1159259357e+07   -2.1372147414e+06    1.8342615044e+02   -2.9716450928e+02   -4.6772908371e+01    4.1120950000e+16    2.1985285094e-05    0.0000000000e+00    1.0000000000e+00    0.0000000000e+00
    2.1945999591e+06   -1.3069891295e+07    3.8139111102e+06    5.1766733165e+01   -3.4795528957e+02    8.4007691813e+01    4.1120950000e+16    2.1985285094e-05    0.0000000000e+00    1.0000000000e+00    0.0000000000e+00
   -3.5208282571e+06    2.1320939943e+07    1.0588053346e+06   -6.2170439865e+01    5.8239633454e+02   -2.0958848414e+00    4.1120330000e+16    2.1984953611e-05    0.0000000000e+00    1.0000000000e+00    0.0000000000e+00
   -6.5533319114e+06   -5.1414191352e+06    1.2875627855e+06   -1.5563227537e+02   -1.2876632109e+02    2.9609829395e+01    4.1120330000e+16    2.1984953611e-05    0.0000000000e+00    1.0000000000e+00    0.0000000000e+00
   -1.7476799749e+06    2.6438447757e+06    1.7583198430e+07   -4.2761585970e+01    6.6754340057e+01    4.2182628811e+02    4.1120330000e+16    2.1984953611e-05    0.0000000000e+00    1.0000000000e+00    0.0000000000e+00
   -3.6997433883e+06    1.2918038879e+07    3.7581435534e+05   -8.4731069743e+01    3.4800112656e+02    8.1364578864e+00    4.1120330000e+16    2.1984953611e-05    0.0000000000e+00    1.0000000000e+00    0.0000000000e+00
   -6.7402283895e+06   -2.1357278973e+07    1.2200646946e+07   -1.5589701959e+02   -5.3170223978e+02    2.7929193585e+02    4.1120330000e+16    2.1984953611e-05    0.0000000000e+00    1.0000000000e+00    0.0000000000e+00
   -2.3772948122e+06    1.9459271888e+07    5.4598041807e+05   -5.4954697639e+01    5.3367494700e+02    2.1162193037e+01    4.1120330000e+16    2.1984953611e-05    0.0000000000e+00    1.0000000000e+00    0.0000000000e+00
   -6.2390238327e+06   -1.2714701371e+07   -2.4087772267e+07   -1.5301789899e+02   -3.1494960623e+02   -5.8434219020e+02    4.1120330000e+16    2.1984953611e-05    0.0000000000e+00    1.0000000000e+00    0.0000000000e+00
   -4.6627419075e+06   -8.2714668331e+06   -5.2612663697e+06   -1.1007394855e+02   -2.1163533135e+02   -1.1710182948e+02    4.1120330000e+16    2.1984953611e-05    0.0000000000e+00    1.0000000000e+00    0.0000000000e+00
    5.3862926758e+06   -6.8034988736e+06    2.2779573233e+06    1.2783119689e+02   -1.8406834246e+02    4.9785645259e+01    4.1119740000e+16    2.1984638168e-05    0.0000000000e+00    1.0000000000e+00    0.0000000000e+00
    1.6742991374e+06    1.4782185437e+07    1.5195342246e+07    3.9301553655e+01    3.6800548008e+02    3.5585659751e+02    4.1119740000e+16    2.1984638168e-05    0.0000000000e+00    1.0000000000e+00    0.0000000000e+00
    1.3228573838e+06    5.6919033372e+06    2.5096167702e+07    3.2903904854e+01    1.3950443737e+02    6.0797477362e+02    4.1119740000e+16    2.1984638168e-05    0.0000000000e+00    1.0000000000e+00    0.0000000000e+00
    4.5212776403e+06   -1.8232170803e+07   -1.4475072825e+06    9.5331572097e+01   -4.9136025990e+02   -2.4051168460e+01    4.1119740000e+16    2.1984638168e-05    0.0000000000e+00    1.0000000000e+00    0.0000000000e+00
    2.8606138756e+06    1.0846236337e+07   -3.8549891417e+06    6.3132047097e+01    2.7968047599e+02   -8.3443739286e+01    4.1119740000e+16    2.1984638168e-05    0.0000000000e+00    1.0000000000e+00    0.0000000000e+00
   -1.2391974689e+06   -2.7566342960e+07   -4.7029306914e+05    5.4702351419e+01   -6.2093297735e+02   -1.4857139051e+01    4.1119630000e+16    2.1984579357e-05    0.0000000000e+00    1.0000000000e+00    0.0000000000e+00
   -3.4343954993e+06   -2.5272880376e+07   -3.9488210563e+06   -3.6262488713e+01   -6.4877434559e+02   -3.3457764080e+01    4.1119630000e+16    2.1984579357e-05    0.0000000000e+00    1.0000000000e+00    0.0000000000e+00
    1.1326986093e+06   -2.4420372725e+07   -2.2990850068e+06    9.3909322243e+00   -6.6495862229e+02    2.3787135002e+01    4.1119630000e+16    2.1984579357e-05    0.0000000000e+00    1.0000000000e+00    0.0000000000e+00
   -2.4330377820e+06    3.0572307573e+07   -1.0228633775e+07   -5.3106622965e+01    7.4042921370e+02   -2.1391565229e+02    4.1119630000e+16    2.1984579357e-05    0.0000000000e+00    1.0000000000e+00    0.0000000000e+00
   -1.0972743344e+07    8.2247463554e+06   -1.4502476755e+07   -2.6787327798e+02    2.0803542697e+02   -3.4393345639e+02    4.1119630000e+16    2.1984579357e-05    0.0000000000e+00    1.0000000000e+00    0.0000000000e+00
   -1.0903516605e+06    2.6151185342e+07    7.2494285627e+05    8.5738518066e+01    7.7357509351e+02    3.8637991914e+01    4.1119630000e+16    2.1984579357e-05    0.0000000000e+00    1.0000000000e+00    0.0000000000e+00
   -2.5850407181e+06   -8.1702899324e+06    1.1300176312e+07   -6.0932322081e+01   -2.0586882818e+02    2.6556904437e+02    4.1118930000e+16    2.1984205102e-05    0.0000000000e+00    1.0000000000e+00    0.0000000000e+00
   -1.3920226952e+07   -8.5386399464e+06    1.3695167035e+07   -3.4016940149e+02   -2.1065430682e+02    3.2928932794e+02    4.1118930000e+16    2.1984205102e-05    0.0000000000e+00    1.0000000000e+00    0.0000000000e+00
   -2.0275494183e+06    1.7992149768e+07    1.0017385144e+07   -4.8485449241e+01    4.5875089150e+02    2.1875040211e+02    4.1118930000e+16    2.1984205102e-05    0.0000000000e+00    1.0000000000e+00    0.0000000000e+00
   -8.2886918177e+05    2.0730575176e+07   -1.3851007305e+07   -1.9940395691e+01    5.1943007665e+02   -3.1365715853e+02    4.1118930000e+16    2.1984205102e-05    0.0000000000e+00    1.0000000000e+00    0.0000000000e+00
    7.3484509789e+06   -1.8178077791e+07    3.4355510869e+06    1.6703355800e+02   -4.7853258700e+02    6.4580629173e+01    4.1118540000e+16    2.1983996589e-05    0.0000000000e+00    1.0000000000e+00    0.0000000000e+00
   -2.0916570604e+05    1.4244552891e+07    1.7931622483e+07   -5.4908165887e+00    3.5619607343e+02    4.2503321915e+02    4.1118540000e+16    2.1983996589e-05    0.0000000000e+00    1.0000000000e+00    0.0000000000e+00
    3.7135516727e+06   -3.3507531340e+06   -2.0708296816e+05    8.6916709729e+01   -9.3438438816e+01   -3.1505541681e+00    4.1118540000e+16    2.1983996589e-05    0.0000000000e+00    1.0000000000e+00    0.0000000000e+00
   -1.0568289784e+06    3.7139698200e+06    2.2400165578e+07   -2.6178200317e+01    9.1802295799e+01    5.4203653822e+02    4.1118540000e+16    2.1983996589e-05    0.0000000000e+00    1.0000000000e+00    0.0000000000e+00
    4.7640012261e+05    8.8919795519e+05   -3.6352992628e+07    1.2154351295e+01    2.0988711253e+01   -8.9003433876e+02    4.1118540000e+16    2.1983996589e-05    0.0000000000e+00    1.0000000000e+00    0.0000000000e+00
   -2.0754887116e+06   -4.3499196503e+05   -2.9556894023e+07   -5.1319183144e+01   -1.0623940357e+01   -7.2012110302e+02    4.1118540000e+16    2.1983996589e-05    0.0000000000e+00    1.0000000000e+00    0.0000000000e+00
   -4.6036751198e+06    1.4846091318e+07    1.5871648188e+07   -1.1125488374e+02    3.7390522011e+02    3.7253549955e+02    4.1117530000e+16    2.1983456593e-05    0.0000000000e+00    1.0000000000e+00    0.0000000000e+00
   -1.3306825605e+06   -2.7163189212e+07    2.0123989342e+06    4.3952125542e+01   -6.9492037188e+02   -1.1163620272e+02    4.1117530000e+16    2.1983456593e-05    0.0000000000e+00    1.0000000000e+00    0.0000000000e+00
   -6.6278712310e+06    1.4317702029e+07   -1.3874166571e+06   -1.5342335834e+02    3.8210847894e+02   -2.5527849846e+01    4.1117530000e+16    2.1983456593e-05    0.0000000000e+00    1.0000000000e+00    0.0000000000e+00
    7.2153495275e+05    2.2562544105e+07   -2.0002027490e+07    1.7756422091e+01    5.5859972204e+02   -4.7389469434e+02    4.1117530000e+16    2.1983456593e-05    0.0000000000e+00    1.0000000000e+00    0.0000000000e+00
   -3.8993406827e+05    7.4120475798e+06    2.5553212088e+07   -9.3583798170e+00    1.8163575650e+02    6.1905703297e+02    4.1117340000e+16    2.1983355010e-05    0.0000000000e+00    1.0000000000e+00    0.0000000000e+00
    5.8215102569e+06   -1.6967527553e+06   -5.8448953170e+06    1.3909307133e+02   -4.9602612941e+01   -1.3495672455e+02    4.1117340000e+16    2.1983355010e-05    0.0000000000e+00    1.0000000000e+00    0.0000000000e+00
    3.5434276022e+06   -7.5121972391e+06   -1.9291161832e+07    8.6961989069e+01   -1.9100496904e+02   -4.6265124824e+02    4.1117340000e+16    2.1983355010e-05    0.0000000000e+00    1.0000000000e+00    0.0000000000e+00
    1.1656164612e+06   -3.4722774289e+07   -9.5253509450e+06    2.6679213517e+01   -8.3520476660e+02   -2.0587150120e+02    4.1117340000e+16    2.1983355010e-05    0.0000000000e+00    1.0000000000e+00    0.0000000000e+00
    1.6420314817e+05   -2.7530346838e+07    7.7101203994e+05   -2.1177132473e+02   -8.2046049045e+02    9.1579281975e+00    4.1116150000e+16    2.1982718777e-05    0.0000000000e+00    1.0000000000e+00    0.0000000000e+00
   -9.3809203618e+05    7.0818325977e+06    8.8067343113e+06   -2.3861491913e+01    1.8294049738e+02    2.0333160959e+02    4.1116140000e+16    2.1982713431e-05    0.0000000000e+00    1.0000000000e+00    0.0000000000e+00
   -3.7323832251e+06   -1.9741526664e+07   -1.7297935346e+07   -8.9107675760e+01   -4.9106463179e+02   -4.0701733485e+02    4.1116140000e+16    2.1982713431e-05    0.0000000000e+00    1.0000000000e+00    0.0000000000e+00
   -6.5664648727e+06   -6.3437606103e+06   -7.2931572876e+06   -1.5745100345e+02   -1.6011513159e+02   -1.6802869130e+02    4.1116140000e+16    2.1982713431e-05    0.0000000000e+00    1.0000000000e+00    0.0000000000e+00
    1.0798347513e+06   -2.7088179341e+07   -1.2574850977e+05   -1.2137804476e+02   -7.9238192503e+02   -2.6738248451e+01    4.1115550000e+16    2.1982397988e-05    0.0000000000e+00    1.0000000000e+00    0.0000000000e+00
   -3.9578503700e+06    1.3211004301e+07    1.5531275767e+07   -9.5973247093e+01    3.2980177196e+02    3.6496295205e+02    4.1115550000e+16    2.1982397988e-05    0.0000000000e+00    1.0000000000e+00    0.0000000000e+00
   -1.5348497217e+05   -2.2642946901e+06    2.4753507836e+07   -3.4184546706e+00   -5.8866413642e+01    5.9946937475e+02    4.1115550000e+16    2.1982397988e-05    0.0000000000e+00    1.0000000000e+00    0.0000000000e+00
    1.7462155420e+06   -2.6457917835e+07    7.1447619207e+06    3.3816398200e+01   -6.5622219617e+02    1.1374216210e+02    4.1115550000e+16    2.1982397988e-05    0.0000000000e+00    1.0000000000e+00    0.0000000000e+00
    3.1090197607e+06    5.5880510905e+06   -1.1181138418e+06    6.9805855543e+01    1.4010361318e+02   -2.3636250743e+01    4.1114960000e+16    2.1982082545e-05    0.0000000000e+00    1.0000000000e+00    0.0000000000e+00
    4.3305567356e+06   -1.1313371747e+07   -6.1722459226e+06    1.0194364710e+02   -2.9911005869e+02   -1.3862330115e+02    4.1114960000e+16    2.1982082545e-05    0.0000000000e+00    1.0000000000e+00    0.0000000000e+00
    8.3127222759e+05   -5.1919563705e+06   -1.0062092318e+07    2.0551206880e+01   -1.3509598657e+02   -2.3629095168e+02    4.1114960000e+16    2.1982082545e-05    0.0000000000e+00    1.0000000000e+00    0.0000000000e+00
    2.4102454658e+05    2.0311239535e+06   -3.3431221459e+07    6.5009540493e+00    4.8782116077e+01   -8.1672440920e+02    4.1114960000e+16    2.1982082545e-05    0.0000000000e+00    1.0000000000e+00    0.0000000000e+00
   -3.1116098478e+06   -3.6313181482e+05   -1.9142924318e+07   -7.6168024153e+01   -8.8064951249e+00   -4.6047357805e+02    4.1114960000e+16    2.1982082545e-05    0.0000000000e+00    1.0000000000e+00    0.0000000000e+00
   -2.7078426613e+05   -8.4264503909e+06    8.5229495731e+06   -4.5444303857e+00   -2.1437879325e+02    1.9501810935e+02    4.1114760000e+16    2.1981975615e-05    0.0000000000e+00    1.0000000000e+00    0.0000000000e+00
   -1.4049358587e+07   -1.3106854109e+06    3.6382055768e+06   -3.4245228353e+02   -2.7924232768e+01    8.2715099248e+01    4.1114760000e+16    2.1981975615e-05    0.0000000000e+00    1.0000000000e+00    0.0000000000e+00
   -1.0160850167e+05   -2.2044160307e+07   -1.0784250817e+07    3.0973835102e-01   -5.5226822384e+02   -2.3068892297e+02    4.1114760000e+16    2.1981975615e-05    0.0000000000e+00    1.0000000000e+00    0.0000000000e+00
   -6.9505893570e+05   -2.1216708117e+07   -1.0457006569e+07   -1.2226217874e+01   -5.3395506736e+02   -2.2467513125e+02    4.1114760000e+16    2.1981975615e-05    0.0000000000e+00    1.0000000000e+00    0.0000000000e+00
   -3.2232788572e+06    1.4433606176e+07   -4.7836102610e+06   -7.5805223729e+01    3.8011939408e+02   -9.7255858754e+01    4.1114760000e+16    2.1981975615e-05    0.0000000000e+00    1.0000000000e+00    0.0000000000e+00
   -2.6493100547e+06    1.3986113633e+07   -5.4566940299e+06   -6.3076358434e+01    3.6803072706e+02   -1.1359961111e+02    4.1114760000e+16    2.1981975615e-05    0.0000000000e+00    1.0000000000e+00    0.0000000000e+00
    1.7083520837e+06   -1.2517763961e+06    3.1676877044e+07    4.2735262640e+01   -3.2842792421e+01    7.7273752694e+02    4.1114370000e+16    2.1981767102e-05    0.0000000000e+00    1.0000000000e+00    0.0000000000e+00
    5.9096893961e+06   -1.1759150514e+07   -1.4244743294e+06    1.3840218139e+02   -3.1426834931e+02   -2.7605438359e+01    4.1114370000e+16    2.1981767102e-05    0.0000000000e+00    1.0000000000e+00    0.0000000000e+00
   -5.6963428222e+04   -1.4457862931e+07   -2.3149782749e+06    1.9701122884e+00   -3.8507834502e+02   -4.1007450789e+01    4.1114070000e+16    2.1981606707e-05    0.0000000000e+00    1.0000000000e+00    0.0000000000e+00
    1.2245614505e+05   -5.2527433453e+06   -2.1268996107e+07    3.4365986086e+00   -1.3137993688e+02   -5.1242477543e+02    4.1114070000e+16    2.1981606707e-05    0.0000000000e+00    1.0000000000e+00    0.0000000000e+00
   -4.7720043621e+06    2.2348669859e+07   -7.6371480883e+05   -8.2304843620e+01    6.0433507912e+02    6.8032165520e+00    4.1114070000e+16    2.1981606707e-05    0.0000000000e+00    1.0000000000e+00    0.0000000000e+00
    7.2639544177e+06   -5.6629356496e+06   -2.0608968375e+06    1.7388215584e+02   -1.5355114322e+02   -4.5270158864e+01    4.1113780000e+16    2.1981451659e-05    0.0000000000e+00    1.0000000000e+00    0.0000000000e+00
   -2.4132849579e+05    1.6184755779e+07   -2.0150986287e+06   -1.3613699880e+01    4.3014264751e+02   -3.3429090583e+01    4.1113780000e+16    2.1981451659e-05    0.0000000000e+00    1.0000000000e+00    0.0000000000e+00
    1.4225869947e+06   -1.5990256913e+07    2.1857742926e+06    3.2948400009e+01   -4.2996708024e+02    3.9221562072e+01    4.1113780000e+16    2.1981451659e-05    0.0000000000e+00    1.0000000000e+00    0.0000000000e+00
    5.5785543897e+05   -2.9125114111e+07    6.3764497541e+06    1.1472147164e+01   -7.0004859487e+02    9.0125135500e+01    4.1113780000e+16    2.1981451659e-05    0.0000000000e+00    1.0000000000e+00    0.0000000000e+00
    9.5114621102e+05   -2.9447152974e+07    2.1300529564e+06   -2.0416497968e+01   -6.4150590748e+02   -3.9034996632e+01    4.1113780000e+16    2.1981451659e-05    0.0000000000e+00    1.0000000000e+00    0.0000000000e+00
    2.4738216174e+06   -2.0272752526e+07   -8.9091058514e+06    5.6674547882e+01   -5.1924255294e+02   -1.8398751429e+02    4.1113780000e+16    2.1981451659e-05    0.0000000000e+00    1.0000000000e+00    0.0000000000e+00
   -3.9345656426e+06   -1.1872058087e+07    1.2358154384e+07   -9.3315444160e+01   -2.9781221529e+02    2.8784338873e+02    4.1113380000e+16    2.1981237799e-05    0.0000000000e+00    1.0000000000e+00    0.0000000000e+00
   -4.7659063194e+06   -1.0173717538e+07    4.3838454623e+06   -1.0955745778e+02   -2.5998512612e+02    9.8899561629e+01    4.1113380000e+16    2.1981237799e-05    0.0000000000e+00    1.0000000000e+00    0.0000000000e+00
   -5.4361853948e+06    1.4084159792e+07   -2.5194017588e+07   -1.3290125917e+02    3.5122329350e+02   -6.0896296883e+02    4.1113380000e+16    2.1981237799e-05    0.0000000000e+00    1.0000000000e+00    0.0000000000e+00
    3.8823368720e+06   -7.1609799008e+06   -1.0334007317e+07    9.4180149405e+01   -1.8761704706e+02   -2.4087723841e+02    4.1113190000e+16    2.1981136216e-05    0.0000000000e+00    1.0000000000e+00    0.0000000000e+00
   -7.3083021444e+05    1.3764943198e+06    1.3386976738e+07   -1.7299876208e+01    3.6553531904e+01    3.1596847443e+02    4.1112690000e+16    2.1980868891e-05    0.0000000000e+00    1.0000000000e+00    0.0000000000e+00
   -4.7919944089e+06    2.2806061748e+07   -1.8357056796e+05   -7.7719732346e+01    6.2136577951e+02   -1.3939124208e+01    4.1112690000e+16    2.1980868891e-05    0.0000000000e+00    1.0000000000e+00    0.0000000000e+00
    9.3694785915e+05    7.5118484640e+06    3.0308343655e+06    1.7827435990e+01    1.9159752272e+02    6.5288757723e+01    4.1112600000e+16    2.1980820773e-05    0.0000000000e+00    1.0000000000e+00    0.0000000000e+00
   -5.5044964021e+06    1.2997444100e+07    6.7266477146e+06   -1.3052244383e+02    3.3879321123e+02    1.4692037832e+02    4.1112010000e+16    2.1980505330e-05    0.0000000000e+00    1.0000000000e+00    0.0000000000e+00
   -1.0340333845e+07   -1.4529032800e+07   -3.6723462225e+06   -2.4086602733e+02   -3.6600261547e+02   -8.4593149718e+01    4.1112010000e+16    2.1980505330e-05    0.0000000000e+00    1.0000000000e+00    0.0000000000e+00
   -4.3677558892e+06    2.3782310821e+07   -1.1976337034e+07   -9.9779616360e+01    5.9174971245e+02   -2.6123748053e+02    4.1112010000e+16    2.1980505330e-05    0.0000000000e+00    1.0000000000e+00    0.0000000000e+00
    5.8761295044e+06   -1.5584766007e+07    4.2743132181e+06    1.3559783138e+02   -4.1163952546e+02    8.7120347883e+01    4.1111420000e+16    2.1980189886e-05    0.0000000000e+00    1.0000000000e+00    0.0000000000e+00
    3.7251761719e+06   -2.3305423411e+07    1.7723460874e+06    5.6934643792e+01   -6.3072618570e+02    2.5416593776e+00    4.1111420000e+16    2.1980189886e-05    0.0000000000e+00    1.0000000000e+00    0.0000000000e+00
    3.4211133911e+06   -1.4028497170e+07    3.6504448786e+06    7.8905634991e+01   -3.7385136960e+02    7.5676218813e+01    4.1111420000e+16    2.1980189886e-05    0.0000000000e+00    1.0000000000e+00    0.0000000000e+00
    1.4261778108e+07    2.2801197419e+07    3.5795875445e+06    3.3158511147e+02    5.6371434831e+02    8.3663682155e+01    4.1111420000e+16    2.1980189886e-05    0.0000000000e+00    1.0000000000e+00    0.0000000000e+00
    3.9167499547e+06    2.1356170493e+06   -9.9849796019e+06    9.4049147722e+01    4.9885000943e+01   -2.3437445319e+02    4.1111420000e+16    2.1980189886e-05    0.0000000000e+00    1.0000000000e+00    0.0000000000e+00
    4.7466834616e+06   -1.4691612300e+07   -7.3075878269e+06    1.1191326153e+02   -3.8405824135e+02   -1.6007062928e+02    4.1111420000e+16    2.1980189886e-05    0.0000000000e+00    1.0000000000e+00    0.0000000000e+00
   -1.5504694614e+07   -3.8013378283e+07   -5.7266061167e+05   -3.7219816919e+02   -9.2951433984e+02   -1.6090440088e+01    4.1110640000e+16    2.1979772860e-05    0.0000000000e+00    1.0000000000e+00    0.0000000000e+00
    5.9580873487e+05   -2.2376187436e+07   -9.9398683546e+06    1.5313890321e+01   -5.6295792982e+02   -2.0686593277e+02    4.1110640000e+16    2.1979772860e-05    0.0000000000e+00    1.0000000000e+00    0.0000000000e+00
   -3.0282153650e+06   -1.7246290088e+07   -1.1046657151e+07   -6.7673418359e+01   -4.3418196931e+02   -2.5027980407e+02    4.1110640000e+16    2.1979772860e-05    0.0000000000e+00    1.0000000000e+00    0.0000000000e+00
   -4.3741281059e+06   -1.4349402127e+06   -2.7184694419e+07   -1.0736694757e+02   -3.4282106579e+01   -6.6086244374e+02    4.1110640000e+16    2.1979772860e-05    0.0000000000e+00    1.0000000000e+00    0.0000000000e+00
   -4.0565533468e+06    1.7404442959e+07   -3.4898047274e+06   -8.9738985356e+01    4.6338943798e+02   -6.1367281900e+01    4.1110640000e+16    2.1979772860e-05    0.0000000000e+00    1.0000000000e+00    0.0000000000e+00
   -1.0003627691e+06    3.0985864696e+07   -1.0240553581e+07   -2.1969831843e+01    7.5058541729e+02   -2.1310645595e+02    4.1110640000e+16    2.1979772860e-05    0.0000000000e+00    1.0000000000e+00    0.0000000000e+00
    4.6204955932e+06   -1.2590609673e+07    4.3991846684e+06    1.0740373996e+02   -3.3590607470e+02    9.8541866854e+01    4.1110250000e+16    2.1979564347e-05    0.0000000000e+00    1.0000000000e+00    0.0000000000e+00
   -1.1106463428e+06    1.8399084856e+07    9.0342782448e+06   -2.7471763061e+01    4.6685082472e+02    1.9082923589e+02    4.1110250000e+16    2.1979564347e-05    0.0000000000e+00    1.0000000000e+00    0.0000000000e+00
   -4.4204686347e+06   -5.3483079383e+06    3.1321692684e+07   -1.0868050227e+02   -1.3394128677e+02    7.6345480839e+02    4.1110250000e+16    2.1979564347e-05    0.0000000000e+00    1.0000000000e+00    0.0000000000e+00
    4.7121757630e+06    2.0424017526e+06    4.5435321504e+06    1.1089389725e+02    4.6617505258e+01    1.0682393548e+02    4.1110250000e+16    2.1979564347e-05    0.0000000000e+00    1.0000000000e+00    0.0000000000e+00
   -9.4380402810e+05   -1.5362797928e+07    3.5939211294e+07   -2.3141682411e+01   -3.8075991690e+02    8.7869000822e+02    4.1110250000e+16    2.1979564347e-05    0.0000000000e+00    1.0000000000e+00    0.0000000000e+00
   -2.0718056012e+06    2.5477946923e+06    2.2694735060e+07   -5.1027141490e+01    6.2787133583e+01    5.5041814961e+02    4.1109670000e+16    2.1979254250e-05    0.0000000000e+00    1.0000000000e+00    0.0000000000e+00
    1.0438659151e+06    1.5473727876e+07   -1.0048568354e+07    2.2318612103e+01    3.9256055995e+02   -2.2422040181e+02    4.1109670000e+16    2.1979254250e-05    0.0000000000e+00    1.0000000000e+00    0.0000000000e+00
    1.1768566647e+07    2.2629169942e+06   -1.5186897509e+07    2.8916368871e+02    5.4294333863e+01   -3.6303015174e+02    4.1109670000e+16    2.1979254250e-05    0.0000000000e+00    1.0000000000e+00    0.0000000000e+00
    3.0861624182e+06    9.7518331960e+06    1.8654916052e+07    7.5298422691e+01    2.4423118836e+02    4.4861443431e+02    4.1109280000e+16    2.1979045737e-05    0.0000000000e+00    1.0000000000e+00    0.0000000000e+00
   -4.5840967990e+05    3.1988299889e+07   -3.1288694011e+06   -2.9272823213e+00    7.2262914536e+02   -3.0724389857e+01    4.1109280000e+16    2.1979045737e-05    0.0000000000e+00    1.0000000000e+00    0.0000000000e+00
    1.7044589217e+06    5.8492498156e+06    4.0221528327e+06    3.7917682879e+01    1.4788845351e+02    9.1450007442e+01    4.1109080000e+16    2.1978938807e-05    0.0000000000e+00    1.0000000000e+00    0.0000000000e+00
    2.9137811040e+05    2.7635368446e+07   -5.1257568982e+05    1.6581388956e+02    5.0862481118e+02    2.2957203957e+02    4.1109080000e+16    2.1978938807e-05    0.0000000000e+00    1.0000000000e+00    0.0000000000e+00
    1.7701715338e+06   -2.0389693073e+07   -3.2405690374e+07    4.3803538095e+01   -5.0495096841e+02   -7.8949382968e+02    4.1109080000e+16    2.1978938807e-05    0.0000000000e+00    1.0000000000e+00    0.0000000000e+00
    2.4899224896e+06   -2.4725635299e+07   -3.6743837551e+07    6.1282782082e+01   -6.1132050597e+02   -8.9898381452e+02    4.1109080000e+16    2.1978938807e-05    0.0000000000e+00    1.0000000000e+00    0.0000000000e+00
    2.4386639792e+06    1.4580937930e+07   -6.1085872397e+06    5.2296189663e+01    3.7547075082e+02   -1.2992771084e+02    4.1108500000e+16    2.1978628711e-05    0.0000000000e+00    1.0000000000e+00    0.0000000000e+00
    2.9265819061e+06   -2.4998449992e+07   -7.2038207013e+05    1.1634089630e+01   -6.8718781107e+02    3.0268867858e+01    4.1108500000e+16    2.1978628711e-05    0.0000000000e+00    1.0000000000e+00    0.0000000000e+00
   -4.2628533191e+06    2.1381782492e+07    1.0393503064e+06   -7.6820706002e+01    5.7967136092e+02   -1.4167652663e+00    4.1107930000e+16    2.1978323961e-05    0.0000000000e+00    1.0000000000e+00    0.0000000000e+00
   -4.2737767565e+06    1.6107378871e+07    2.3724453895e+07   -1.0367271977e+02    3.9909230827e+02    5.7090648641e+02    4.1107930000e+16    2.1978323961e-05    0.0000000000e+00    1.0000000000e+00    0.0000000000e+00
   -3.2926168854e+06   -6.7395207257e+06    1.3637354392e+07   -7.9447645249e+01   -1.6945605565e+02    3.2228343215e+02    4.1107930000e+16    2.1978323961e-05    0.0000000000e+00    1.0000000000e+00    0.0000000000e+00
   -4.2200458027e+06    1.9002236011e+07   -6.5337525126e+05   -8.5490686145e+01    5.1826627613e+02   -1.4322669145e+01    4.1107930000e+16    2.1978323961e-05    0.0000000000e+00    1.0000000000e+00    0.0000000000e+00
   -1.7013743105e+06    2.7662784207e+07    1.1167136704e+07   -3.7663687818e+01    6.7694489261e+02    2.3530576567e+02    4.1107930000e+16    2.1978323961e-05    0.0000000000e+00    1.0000000000e+00    0.0000000000e+00
    3.3148418112e+05   -3.4227133359e+07    1.7605345027e+06    6.3750587269e+00   -7.8105117047e+02    2.6337333856e+01    4.1107930000e+16    2.1978323961e-05    0.0000000000e+00    1.0000000000e+00    0.0000000000e+00
   -1.2818809603e+07   -2.8891515717e+07    4.3830999339e+06   -2.9243235600e+02   -7.0681017811e+02    1.0155161489e+02    4.1107930000e+16    2.1978323961e-05    0.0000000000e+00    1.0000000000e+00    0.0000000000e+00
   -5.0815731165e+05   -2.8182023765e+07   -3.2690495029e+04   -1.0384065429e+02   -7.5051989743e+02   -7.8430408890e+01    4.1107930000e+16    2.1978323961e-05    0.0000000000e+00    1.0000000000e+00    0.0000000000e+00
   -1.7861792236e+06    4.7882037975e+07   -4.9906919964e+06   -4.1342999363e+01    1.1673458601e+03   -1.1986783913e+02    4.1107930000e+16    2.1978323961e-05    0.0000000000e+00    1.0000000000e+00    0.0000000000e+00
   -9.3441012026e+05    6.6533067359e+06   -1.8002204744e+07   -2.2887818312e+01    1.6704371330e+02   -4.3150385132e+02    4.1107930000e+16    2.1978323961e-05    0.0000000000e+00    1.0000000000e+00    0.0000000000e+00
   -7.8590491988e+06   -2.0724074668e+07   -1.8981812855e+07   -1.9060063333e+02   -5.1697049627e+02   -4.5342862901e+02    4.1107930000e+16    2.1978323961e-05    0.0000000000e+00    1.0000000000e+00    0.0000000000e+00
    1.1474835330e+05   -2.5355942903e+07   -1.0065056981e+07    4.3038628624e+00   -6.3022679735e+02   -2.0351038735e+02    4.1107930000e+16    2.1978323961e-05    0.0000000000e+00    1.0000000000e+00    0.0000000000e+00
   -4.9070157263e+06   -6.1592095985e+06   -8.8768739562e+06   -1.2004354486e+02   -1.5619798579e+02   -2.0829569338e+02    4.1107930000e+16    2.1978323961e-05    0.0000000000e+00    1.0000000000e+00    0.0000000000e+00
   -2.8661339075e+06    1.2327347653e+07   -2.7616111498e+07   -7.0474933527e+01    3.0666088963e+02   -6.7173160840e+02    4.1107930000e+16    2.1978323961e-05    0.0000000000e+00    1.0000000000e+00    0.0000000000e+00
    4.7697708814e+06   -1.8562674923e+07   -1.0039235337e+05    1.0071332047e+02   -5.0316328551e+02   -2.5373852772e+00    4.1107920000e+16    2.1978318614e-05    0.0000000000e+00    1.0000000000e+00    0.0000000000e+00
   -1.4115332588e+06   -1.6931011957e+06    2.5831661202e+07   -3.4410684091e+01   -4.2679406521e+01    6.2622017751e+02    4.1107920000e+16    2.1978318614e-05    0.0000000000e+00    1.0000000000e+00    0.0000000000e+00
   -5.8688544449e+06    3.3066924698e+07   -1.8554726942e+07   -1.4065340325e+02    8.0921274929e+02   -4.4041859292e+02    4.1107920000e+16    2.1978318614e-05    0.0000000000e+00    1.0000000000e+00    0.0000000000e+00
   -3.6977679954e+06   -6.6512686848e+06   -1.7240770593e+07   -9.0277411425e+01   -1.6725679251e+02   -4.1535287655e+02    4.1107920000e+16    2.1978318614e-05    0.0000000000e+00    1.0000000000e+00    0.0000000000e+00
    4.2428731359e+06   -9.9321391478e+06   -8.6953869119e+06    1.0198383012e+02   -2.6052137260e+02   -1.9994772933e+02    4.1107920000e+16    2.1978318614e-05    0.0000000000e+00    1.0000000000e+00    0.0000000000e+00
    9.6742668020e+05    9.3186029435e+06   -9.7469612201e+06    2.2241197189e+01    2.3617531161e+02   -2.2316394487e+02    4.1107920000e+16    2.1978318614e-05    0.0000000000e+00    1.0000000000e+00    0.0000000000e+00
   -4.6000922792e+06    2.2242009860e+07   -1.1965288613e+07   -1.0673040161e+02    5.5576214783e+02   -2.6345527784e+02    4.1107920000e+16    2.1978318614e-05    0.0000000000e+00    1.0000000000e+00    0.0000000000e+00
    1.0329860262e+06    1.1866649648e+07   -3.2164507479e+07    2.6069665975e+01    2.9211773367e+02   -7.8445079601e+02    4.1107920000e+16    2.1978318614e-05    0.0000000000e+00    1.0000000000e+00    0.0000000000e+00
   -5.7224619532e+06   -1.7823433392e+07   -2.4092474315e+07   -1.3990980583e+02   -4.4156426232e+02   -5.8148184405e+02    4.1107920000e+16    2.1978318614e-05    0.0000000000e+00    1.0000000000e+00    0.0000000000e+00
    2.7510696097e+06   -1.7352050237e+06    3.4073671828e+06    6.4806378428e+01   -5.0341763220e+01    7.5039139206e+01    4.1106760000e+16    2.1977698421e-05    0.0000000000e+00    1.0000000000e+00    0.0000000000e+00
   -5.0092375876e+06    2.2036695373e+07    6.0353829475e+06   -1.0476544454e+02    5.6617521525e+02    1.0671710570e+02    4.1106580000e+16    2.1977602184e-05    0.0000000000e+00    1.0000000000e+00    0.0000000000e+00
   -2.1955487640e+06   -6.2808228118e+06    1.3616953132e+07   -5.2570303605e+01   -1.5628260588e+02    3.2106868768e+02    4.1106580000e+16    2.1977602184e-05    0.0000000000e+00    1.0000000000e+00    0.0000000000e+00
   -7.6055133659e+06   -4.6970173629e+06    4.7333082635e+06   -1.8200752196e+02   -1.1617892550e+02    1.0910031569e+02    4.1106580000e+16    2.1977602184e-05    0.0000000000e+00    1.0000000000e+00    0.0000000000e+00
   -3.8625770859e+06   -4.2640459788e+06    3.0331353426e+07   -9.5112897697e+01   -1.0524964647e+02    7.3929989984e+02    4.1106580000e+16    2.1977602184e-05    0.0000000000e+00    1.0000000000e+00    0.0000000000e+00
   -7.2176672269e+06   -3.9320443706e+06    1.8735223709e+07   -1.7669386563e+02   -9.5699088362e+01    4.5042295733e+02    4.1106580000e+16    2.1977602184e-05    0.0000000000e+00    1.0000000000e+00    0.0000000000e+00
   -8.0455607721e+06   -2.6520969815e+07    9.9503702352e+06   -1.8035714203e+02   -6.5282687410e+02    2.2056114021e+02    4.1106580000e+16    2.1977602184e-05    0.0000000000e+00    1.0000000000e+00    0.0000000000e+00
   -1.8389897395e+06   -1.0209808372e+07   -2.2363568121e+06   -3.7151035279e+01   -2.6426941478e+02   -5.5897969376e+01    4.1106580000e+16    2.1977602184e-05    0.0000000000e+00    1.0000000000e+00    0.0000000000e+00
   -6.3748482886e+06    2.1238070528e+07   -2.8446195023e+05   -1.2720249470e+02    5.7120141034e+02   -9.0100226100e+00    4.1106580000e+16    2.1977602184e-05    0.0000000000e+00    1.0000000000e+00    0.0000000000e+00
    6.7527226328e+06   -1.9595081685e+07    4.1823813655e+06    1.5089046086e+02   -5.1437936973e+02    7.7261063756e+01    4.1106190000e+16    2.1977393671e-05    0.0000000000e+00    1.0000000000e+00    0.0000000000e+00
    3.1982337676e+06    1.1678605829e+07   -6.3097548201e+06    6.9846472849e+01    2.9760714036e+02   -1.4518717618e+02    4.1106190000e+16    2.1977393671e-05    0.0000000000e+00    1.0000000000e+00    0.0000000000e+00
   -3.3981236914e+06    2.3376861886e+05    1.8929727223e+07   -8.3198273170e+01    6.6323906337e+00    4.5439275462e+02    4.1106190000e+16    2.1977393671e-05    0.0000000000e+00    1.0000000000e+00    0.0000000000e+00
   -2.7071445014e+06    2.1751876864e+07   -1.3303432093e+07   -6.3604808265e+01    5.4163966811e+02   -2.9815126098e+02    4.1106190000e+16    2.1977393671e-05    0.0000000000e+00    1.0000000000e+00    0.0000000000e+00
   -1.2004042558e+06    1.1665054640e+07   -1.1882731465e+07   -2.9576368435e+01    2.9629471169e+02   -2.7465419988e+02    4.1106190000e+16    2.1977393671e-05    0.0000000000e+00    1.0000000000e+00    0.0000000000e+00
   -7.5118495670e+06   -1.2240558134e+06   -2.1995179661e+06   -1.7973026153e+02   -2.5762730577e+01   -5.5069525141e+01    4.1105910000e+16    2.1977243969e-05    0.0000000000e+00    1.0000000000e+00    0.0000000000e+00
   -8.9974040808e+05   -1.4972155634e+07    3.9088238046e+07   -2.1817787930e+01   -3.7192389659e+02    9.5736909465e+02    4.1105610000e+16    2.1977083574e-05    0.0000000000e+00    1.0000000000e+00    0.0000000000e+00
    4.6613473954e+06   -1.2761889047e+06   -6.2753611451e+06    1.1094211440e+02   -3.9373651689e+01   -1.4581705379e+02    4.1105610000e+16    2.1977083574e-05    0.0000000000e+00    1.0000000000e+00    0.0000000000e+00
   -6.4624305219e+06    4.5410555435e+07   -1.0638620517e+07   -1.5511497995e+02    1.1085481447e+03   -2.5441115101e+02    4.1105610000e+16    2.1977083574e-05    0.0000000000e+00    1.0000000000e+00    0.0000000000e+00
   -2.1191099618e+06   -2.0612747675e+07   -3.2205164381e+07   -5.1596256177e+01   -5.1144028905e+02   -7.8438758100e+02    4.1105610000e+16    2.1977083574e-05    0.0000000000e+00    1.0000000000e+00    0.0000000000e+00
    4.8081966804e+06   -3.1674512553e+07   -2.6965608502e+07    1.1771687430e+02   -7.8060634742e+02   -6.5289979422e+02    4.1105610000e+16    2.1977083574e-05    0.0000000000e+00    1.0000000000e+00    0.0000000000e+00
