#   x1                  x2                  x3                  v1                  v2                  v3                  mass                rel_mass            mat0_frac           mat1_frac           mat2_frac
    1.5469099565e+03    1.8527136475e+04    2.8654637092e+03   -5.6510611284e-02    8.2172968769e-01    1.7491637839e-01    1.8771104090e+21    9.9909744629e-01    8.9240586481e-01    1.0759413519e-01    0.0000000000e+00
   -6.7643129983e+06   -4.5109067002e+06    1.1704321856e+07   -1.8252579961e+02   -1.4837376018e+02    3.1735805592e+02    3.8547000000e+16    2.0516752279e-05    0.0000000000e+00    1.0000000000e+00    0.0000000000e+00
    4.4673796609e+06   -3.3080146654e+06    7.4570245468e+06    9.6571703809e+01   -1.0728188191e+02    1.6271200378e+02    3.8545970000e+16    2.0516204059e-05    0.0000000000e+00    1.0000000000e+00    0.0000000000e+00
    1.2212072319e+07   -7.4675790687e+06   -4.0247097189e+06    3.3072444857e+02   -2.3331709595e+02   -1.0847034284e+02    3.8545970000e+16    2.0516204059e-05    0.0000000000e+00    1.0000000000e+00    0.0000000000e+00
    4.3062592108e+06   -7.2635409581e+06   -2.5601669973e+06    6.9706440813e+01   -1.9193113032e+02   -4.2572117724e+01    3.8545970000e+16    2.0516204059e-05    0.0000000000e+00    1.0000000000e+00    0.0000000000e+00
    8.5008435010e+06   -9.0683018230e+06   -5.1623916655e+06    2.1733643252e+02   -2.7255059523e+02   -1.3245497114e+02    3.8545970000e+16    2.0516204059e-05    0.0000000000e+00    1.0000000000e+00    0.0000000000e+00
   -2.5025096370e+06   -5.9688304945e+06   -2.7173353765e+05    7.8229739540e+00   -1.1901802282e+02   -1.0071980939e+01    3.8542540000e+16    2.0514378431e-05    0.0000000000e+00    1.0000000000e+00    0.0000000000e+00
    1.1755532974e+07   -8.1619561294e+06    7.9014178802e+06    3.2549290420e+02   -2.5574182282e+02    2.1920667778e+02    3.8542540000e+16    2.0514378431e-05    0.0000000000e+00    1.0000000000e+00    0.0000000000e+00
   -9.5705789271e+06   -6.9590406069e+06   -8.7291968152e+05   -2.3510362674e+02   -2.0853952037e+02   -2.1868708090e+01    3.8542540000e+16    2.0514378431e-05    0.0000000000e+00    1.0000000000e+00    0.0000000000e+00
    5.2084836191e+06   -6.0340090418e+06   -6.0906332008e+06    1.1145571839e+02   -1.7540017827e+02   -1.3628900660e+02    3.8542540000e+16    2.0514378431e-05    0.0000000000e+00    1.0000000000e+00    0.0000000000e+00
   -4.0098294215e+06   -6.2643075033e+06   -1.6088186005e+07   -1.1369537197e+02   -2.0301921483e+02   -4.5611544944e+02    3.8542540000e+16    2.0514378431e-05    0.0000000000e+00    1.0000000000e+00    0.0000000000e+00
    3.2685533503e+06   -6.4140184626e+06    1.5529015510e+07    9.4312550507e+01   -2.0630768639e+02    4.3693023218e+02    3.8541430000e+16    2.0513787630e-05    0.0000000000e+00    1.0000000000e+00    0.0000000000e+00
   -8.1145542084e+06   -7.4473564209e+06    3.6520481208e+06   -1.9425827272e+02   -2.2105229115e+02    8.7909450750e+01    3.8541430000e+16    2.0513787630e-05    0.0000000000e+00    1.0000000000e+00    0.0000000000e+00
   -2.7709443461e+06   -5.4263601655e+06   -1.4016524126e+06    4.2828489029e-01   -1.0948677138e+02   -2.2121205356e+00    3.8541430000e+16    2.0513787630e-05    0.0000000000e+00    1.0000000000e+00    0.0000000000e+00
   -1.1211592970e+07   -6.5068705812e+06   -4.8719966360e+05   -2.8990912855e+02   -2.0115109985e+02   -1.0242252298e+01    3.8541430000e+16    2.0513787630e-05    0.0000000000e+00    1.0000000000e+00    0.0000000000e+00
   -4.2525339858e+06   -4.8081942577e+06    4.0914513474e+06   -6.6238305864e+01   -1.2712515542e+02    6.0910076602e+01    3.8540330000e+16    2.0513202152e-05    0.0000000000e+00    1.0000000000e+00    0.0000000000e+00
    3.2735923333e+06   -6.9620421518e+06    6.0037312122e+06    6.5884134443e+01   -1.9517178671e+02    1.2391012556e+02    3.8539240000e+16    2.0512621997e-05    0.0000000000e+00    1.0000000000e+00    0.0000000000e+00
    6.8866178111e+06   -4.4286791925e+06    9.7637596717e+06    1.7690533951e+02   -1.4381087657e+02    2.5542277792e+02    3.8539240000e+16    2.0512621997e-05    0.0000000000e+00    1.0000000000e+00    0.0000000000e+00
   -1.0912661420e+07   -4.4249802580e+06   -1.5228176495e+07   -3.1404359976e+02   -1.5039416252e+02   -4.3878716182e+02    3.8539240000e+16    2.0512621997e-05    0.0000000000e+00    1.0000000000e+00    0.0000000000e+00
   -4.0728307047e+05   -2.5745197310e+06   -1.0971679377e+06    4.2901767430e+01    5.1571615564e+01    1.2962691413e+02    3.8539240000e+16    2.0512621997e-05    0.0000000000e+00    1.0000000000e+00    0.0000000000e+00
    1.4613672500e+06   -3.9201542186e+06   -5.1697034389e+06    1.6811868506e+01   -1.0059214175e+02   -5.7923931769e+01    3.8539240000e+16    2.0512621997e-05    0.0000000000e+00    1.0000000000e+00    0.0000000000e+00
   -3.7118832598e+05   -5.1157528458e+06   -4.4724359242e+06   -7.0421431990e+00   -1.2030664398e+02   -4.1310433545e+01    3.8539240000e+16    2.0512621997e-05    0.0000000000e+00    1.0000000000e+00    0.0000000000e+00
   -1.9254426512e+06   -5.3921258615e+06    5.4881410744e+06   -2.8912226042e+01   -1.4274086184e+02    8.7470537346e+01    3.8538700000e+16    2.0512334580e-05    0.0000000000e+00    1.0000000000e+00    0.0000000000e+00
   -2.8794676235e+06   -3.4577167655e+06    5.2114264960e+06   -3.7598941768e+01   -9.6647735821e+01    7.0082830693e+01    3.8538160000e+16    2.0512047163e-05    0.0000000000e+00    1.0000000000e+00    0.0000000000e+00
    8.4530136087e+06   -6.0672173664e+06    1.5214155915e+06    1.9251408012e+02   -1.8041666300e+02    3.7448878360e+01    3.8538160000e+16    2.0512047163e-05    0.0000000000e+00    1.0000000000e+00    0.0000000000e+00
    1.1840847615e+07   -5.7797106782e+06    4.2270924557e+06    3.1397282171e+02   -1.8338349772e+02    1.1635941083e+02    3.8538160000e+16    2.0512047163e-05    0.0000000000e+00    1.0000000000e+00    0.0000000000e+00
    9.2211057880e+06   -3.9321262982e+06    2.6191638281e+06    2.1587609721e+02   -1.2532552026e+02    6.1527528195e+01    3.8537820000e+16    2.0511866197e-05    0.0000000000e+00    1.0000000000e+00    0.0000000000e+00
   -6.3644780277e+05   -1.1238809599e+06   -5.7177344795e+05   -2.3076689939e+01    3.1203647843e+02   -4.3139230619e+01    3.8537630000e+16    2.0511765069e-05    0.0000000000e+00    1.0000000000e+00    0.0000000000e+00
    1.9183481080e+06   -6.7129191658e+06    6.6036569079e+06    4.1618319038e+01   -1.8819020682e+02    1.3379416500e+02    3.8537100000e+16    2.0511482975e-05    0.0000000000e+00    1.0000000000e+00    0.0000000000e+00
   -1.0070281011e+07   -5.2425309273e+06   -4.0418114357e+06   -2.5448885967e+02   -1.6506093471e+02   -1.0034852260e+02    3.8537100000e+16    2.0511482975e-05    0.0000000000e+00    1.0000000000e+00    0.0000000000e+00
    2.0531321744e+06   -5.4542463542e+06    4.4859172483e+06    1.9782429567e+01   -1.3462853362e+02    5.8901156339e+01    3.8536050000e+16    2.0510924110e-05    0.0000000000e+00    1.0000000000e+00    0.0000000000e+00
    9.4941148644e+06   -2.0615027620e+06    2.0878442843e+07    2.7975307278e+02   -7.9442214306e+01    6.1508030931e+02    3.8536050000e+16    2.0510924110e-05    0.0000000000e+00    1.0000000000e+00    0.0000000000e+00
   -1.0898535574e+07   -9.8359428544e+06   -1.4945456690e+05   -2.8808569442e+02   -2.9829682972e+02   -3.8874763057e+00    3.8536050000e+16    2.0510924110e-05    0.0000000000e+00    1.0000000000e+00    0.0000000000e+00
   -1.2871564360e+07   -6.9655231346e+06   -8.4293087482e+05   -3.4721875018e+02   -2.1781217618e+02   -2.6347848643e+01    3.8536050000e+16    2.0510924110e-05    0.0000000000e+00    1.0000000000e+00    0.0000000000e+00
   -1.1084402520e+07   -2.4946026409e+06   -1.6891826974e+07   -3.2280473057e+02   -9.2957672661e+01   -4.9077878154e+02    3.8536050000e+16    2.0510924110e-05    0.0000000000e+00    1.0000000000e+00    0.0000000000e+00
    1.5512268491e+07   -8.2961246578e+06   -1.4060647708e+07    4.5401775625e+02   -2.6572814037e+02   -4.1149665465e+02    3.8536050000e+16    2.0510924110e-05    0.0000000000e+00    1.0000000000e+00    0.0000000000e+00
   -3.5816579677e+06   -7.7358892026e+06   -1.3945484709e+07   -9.8039549472e+01   -2.4365212625e+02   -3.8703133428e+02    3.8536050000e+16    2.0510924110e-05    0.0000000000e+00    1.0000000000e+00    0.0000000000e+00
    2.8725576240e+06   -6.1371302434e+06   -1.7029127425e+06    1.6341608158e+01   -1.3748931069e+02   -6.4619243701e+00    3.8536050000e+16    2.0510924110e-05    0.0000000000e+00    1.0000000000e+00    0.0000000000e+00
    7.4916172418e+06   -8.6606388656e+06   -1.2712329560e+07    2.0965843479e+02   -2.7106852152e+02   -3.5524430566e+02    3.8536050000e+16    2.0510924110e-05    0.0000000000e+00    1.0000000000e+00    0.0000000000e+00
   -6.2048609974e+04   -5.6557494471e+06   -6.0464167845e+06    8.7098677294e-01   -1.5205812626e+02   -1.0271003646e+02    3.8536050000e+16    2.0510924110e-05    0.0000000000e+00    1.0000000000e+00    0.0000000000e+00
   -1.7734734841e+06   -5.5453211103e+06    4.4341099084e+06   -2.2780511084e+01   -1.3587552156e+02    5.2279839362e+01    3.8535010000e+16    2.0510370567e-05    0.0000000000e+00    1.0000000000e+00    0.0000000000e+00
   -8.8308786325e+06   -3.8703101173e+06   -1.3743107172e+07   -2.4784660887e+02   -1.3234615216e+02   -3.8819255322e+02    3.8535010000e+16    2.0510370567e-05    0.0000000000e+00    1.0000000000e+00    0.0000000000e+00
   -4.8292981672e+05   -2.2023590655e+06    7.0278688466e+05   -5.5068656628e+01    1.6904759969e+02    6.6179289732e+01    3.8535010000e+16    2.0510370567e-05    0.0000000000e+00    1.0000000000e+00    0.0000000000e+00
    2.0782650729e+06   -6.4732092518e+06   -2.6527381852e+06    2.1482500422e+01   -1.4858685808e+02   -1.2822861405e+01    3.8535010000e+16    2.0510370567e-05    0.0000000000e+00    1.0000000000e+00    0.0000000000e+00
    4.4953180098e+05   -6.5026288473e+06   -4.6160280438e+06    4.1802608279e+00   -1.6436597347e+02   -6.2260455187e+01    3.8535010000e+16    2.0510370567e-05    0.0000000000e+00    1.0000000000e+00    0.0000000000e+00
