#   x1                  x2                  x3                  v1                  v2                  v3                  mass                rel_mass            mat0_frac           mat1_frac           mat2_frac
    2.5275885045e+05    5.6642718126e+05   -4.8902957611e+03    1.2407694653e+01    1.7314429110e+01   -8.5324942415e-01    1.2572162871e+24    9.8240685758e-01    8.9496579440e-01    1.0503420560e-01    0.0000000000e+00
    2.8594097751e+06   -2.1830127465e+07   -1.9721703806e+05   -1.2677682031e+03   -7.3863607359e+02   -1.1882920267e+01    1.9169549000e+21    1.4979360821e-03    9.1635062985e-01    8.3649370155e-02    0.0000000000e+00
    1.6773380171e+07   -2.4797830255e+07    6.5124529031e+04   -2.1554406050e+02   -1.8219956186e+03    6.0415355144e+00    1.4747818700e+21    1.1524157279e-03    9.3849914903e-01    6.1500850970e-02    0.0000000000e+00
   -9.7707670237e+06   -7.2242717518e+06   -5.5148633841e+04   -7.1506199476e+02    2.0258113073e+03   -3.8847320673e+00    9.5407162000e+20    7.4552526224e-04    9.5339770195e-01    4.6602298054e-02    0.0000000000e+00
    2.8755362223e+07   -2.4390783543e+07    2.3471965253e+05    8.1120944869e+02   -2.3327333363e+03    2.0334789083e+01    8.7494516000e+20    6.8369471032e-04    8.4541820884e-01    1.5458179116e-01    0.0000000000e+00
    2.4927372584e+07   -2.4420990238e+07    8.2532521739e+04    4.9577326921e+02   -2.1667355164e+03    1.9615243585e+01    8.6949194000e+20    6.7943348591e-04    9.4758358542e-01    5.2416414579e-02    0.0000000000e+00
    8.9235962766e+06   -2.3853186790e+07   -1.4311728812e+05   -8.5699199612e+02   -1.3150960616e+03    8.1898372758e+00    7.1634047000e+20    5.5975872834e-04    9.6871401109e-01    3.1285988910e-02    0.0000000000e+00
   -1.8940280725e+06   -1.9198690774e+07   -1.6891315614e+05   -1.4645313310e+03   -1.1333398897e+02    1.1294430117e+01    6.4996854000e+20    5.0789474928e-04    9.6447344975e-01    3.5526550254e-02    0.0000000000e+00
    1.1914615266e+07   -2.4262535805e+07   -5.6690827543e+04   -6.2496146403e+02   -1.5153429913e+03   -5.6299118529e+00    6.2653434000e+20    4.8958292893e-04    1.0000000000e+00    0.0000000000e+00    0.0000000000e+00
   -6.4366448100e+06   -1.5293055698e+07   -1.3720163710e+05   -1.4980264959e+03    6.6450558598e+02   -2.5216820293e+01    5.8215729000e+20    4.5490606491e-04    9.6061201948e-01    3.9387980523e-02    0.0000000000e+00
   -1.0021179963e+07   -1.1044152663e+07   -2.0208079159e+05   -1.3116051729e+03    1.3820571214e+03   -2.7166002465e+01    5.4582316000e+20    4.2651405405e-04    9.1663906310e-01    8.3360936901e-02    0.0000000000e+00
   -4.5469164189e+06   -1.7479387886e+07   -8.6134882129e+04   -1.5274940028e+03    2.6420249711e+02    4.1944606183e+00    4.2304340000e+20    3.3057218674e-04    1.0000000000e+00    0.0000000000e+00    0.0000000000e+00
   -8.7205655076e+06   -1.3388346225e+07   -2.2082234401e+05   -1.4436745975e+03    9.9063015089e+02    7.7046515172e+00    2.7892316000e+20    2.1795456195e-04    1.0000000000e+00    0.0000000000e+00    0.0000000000e+00
    2.1964299246e+07   -2.4313544480e+07   -1.2685505154e+04    2.7553371498e+02   -2.0173162239e+03   -4.2316445597e+00    2.7639484000e+20    2.1597889640e-04    1.0000000000e+00    0.0000000000e+00    0.0000000000e+00
    3.1642255226e+07   -2.3397638735e+07    4.9713061889e+05    1.0819573355e+03   -2.4029794762e+03    3.6389947061e+01    2.4599820000e+20    1.9222652547e-04    8.1611743501e-01    1.8388256499e-01    0.0000000000e+00
    6.6565085713e+06   -1.8479527038e+06   -1.3500132768e+05   -1.0880370423e+03   -3.0511987632e+03    5.8556686731e+01    2.0824372000e+20    1.6272463273e-04    1.0000000000e+00    0.0000000000e+00    0.0000000000e+00
    2.3247114606e+07   -2.4361804307e+07    1.3222670531e+05    4.2498902673e+02   -2.0928781392e+03   -1.4230525959e+01    2.0235738000e+20    1.5812496214e-04    1.0000000000e+00    0.0000000000e+00    0.0000000000e+00
    2.0678961704e+07   -2.4701993318e+07    1.6594492279e+04    1.5045393364e+02   -2.0026948109e+03    3.1127829162e+01    1.8206439000e+20    1.4226772839e-04    7.4849041045e-01    2.5150958955e-01    0.0000000000e+00
    1.9329387364e+07   -2.5033074643e+07   -1.2588354308e+05   -5.2197958124e+01   -1.9854080631e+03   -7.3596198137e+00    1.5712065000e+20    1.2277633182e-04    8.4970797919e-01    1.5029202081e-01    0.0000000000e+00
    6.9206842203e+06    2.1333536393e+07   -6.4129296605e+05    1.8032916109e+03   -4.1485234758e+02   -1.5954486072e+02    1.5663211000e+20    1.2239457965e-04    8.5240152865e-01    1.4759847135e-01    0.0000000000e+00
    1.4422883009e+07   -2.4562312341e+07   -7.3749349225e+04   -3.2579753607e+02   -1.6509734566e+03    2.2365214404e+00    1.5655298000e+20    1.2233274633e-04    8.5942260569e-01    1.4057739431e-01    0.0000000000e+00
    7.7439184680e+06   -7.2069807439e+05   -7.7083464001e+04    1.0721847858e+01   -3.2434823307e+03   -2.1984007621e+01    1.4513169000e+20    1.1340798634e-04    1.0000000000e+00    0.0000000000e+00    0.0000000000e+00
   -8.4758831316e+06    1.5537271942e+06   -4.1157534014e+05    1.3482336362e+03    2.7380088808e+03    4.8728840679e+01    1.3571288000e+20    1.0604799297e-04    1.0000000000e+00    0.0000000000e+00    0.0000000000e+00
    3.3845416276e+07   -2.1973267879e+07    2.0913926708e+05    1.2970473133e+03   -2.3603709000e+03    3.3918316702e+01    1.3547430000e+20    1.0586156313e-04    4.9771329322e-01    5.0228670678e-01    0.0000000000e+00
    3.3325954904e+07    8.0832549048e+06   -1.8715478737e+05    1.7707534497e+03   -9.2494321662e+02    5.5429882092e+01    1.1055765000e+20    8.6391335075e-05    5.9612600304e-01    4.0387399696e-01    0.0000000000e+00
    2.6890032894e+07   -2.4571081761e+07    1.1151921281e+03    6.8454848436e+02   -2.2862402557e+03    1.3542406204e+01    9.0859670000e+19    7.0999050684e-05    7.5016638295e-01    2.4983361705e-01    0.0000000000e+00
   -9.1235781602e+06   -4.0759871213e+06   -5.8578519935e+04    3.7360629951e+01    2.5281206089e+03    5.9117411566e+01    7.3513560000e+19    5.7444551277e-05    1.0000000000e+00    0.0000000000e+00    0.0000000000e+00
   -9.9725007890e+06   -1.2632629557e+06   -3.4543422044e+05    4.0419744348e+02    2.6807247505e+03    5.8525328046e+01    7.2884680000e+19    5.6953135416e-05    1.0000000000e+00    0.0000000000e+00    0.0000000000e+00
   -9.3643488478e+06    1.1098593157e+05   -2.8050145173e+05    8.5795248880e+02    2.7506108334e+03   -7.2445443214e+01    7.2602090000e+19    5.6732315533e-05    1.0000000000e+00    0.0000000000e+00    0.0000000000e+00
    5.9460194410e+06    2.9706235635e+06    2.6436660769e+05    2.0428036949e+03   -3.4254891679e+03    2.4048554624e+02    7.2460030000e+19    5.6621307809e-05    1.0000000000e+00    0.0000000000e+00    0.0000000000e+00
    7.8867452761e+05    6.5886923420e+06   -6.4225781264e+04    4.1319189018e+03   -5.1236316446e+02   -1.1572522040e+02    7.1886590000e+19    5.6173213560e-05    1.0000000000e+00    0.0000000000e+00    0.0000000000e+00
    7.8394952465e+06    1.0029022550e+06   -2.3190515365e+05    8.7223913527e+02   -3.2502536691e+03   -1.2806631349e+01    7.1741880000e+19    5.6060135088e-05    1.0000000000e+00    0.0000000000e+00    0.0000000000e+00
   -6.9682218962e+06    3.2985515950e+06   -1.7575341996e+05    2.2096036323e+03    2.6331668718e+03    1.1967389303e+02    7.1596600000e+19    5.5946611210e-05    1.0000000000e+00    0.0000000000e+00    0.0000000000e+00
   -3.0950732516e+06   -1.8191547295e+07   -3.1387788997e+05   -1.4497327466e+03    5.9646709918e+01   -1.6264468826e+01    7.1596600000e+19    5.5946611210e-05    1.0000000000e+00    0.0000000000e+00    0.0000000000e+00
    7.8543113346e+06    4.1938185666e+05    7.3912985029e+04    6.1185190691e+02   -3.2282322245e+03    6.5603726227e+01    7.1596600000e+19    5.5946611210e-05    1.0000000000e+00    0.0000000000e+00    0.0000000000e+00
   -5.0279045130e+06    5.4150448552e+06   -1.1243805563e+05    3.0184418949e+03    2.0989566705e+03   -3.0949913504e+01    7.1450770000e+19    5.5832657554e-05    1.0000000000e+00    0.0000000000e+00    0.0000000000e+00
    5.0107573150e+06    4.6990383203e+06   -1.3550835846e+05    3.1116485169e+03   -2.6117885636e+03    3.8419384571e+02    7.1230930000e+19    5.5660871422e-05    1.0000000000e+00    0.0000000000e+00    0.0000000000e+00
   -4.3226480280e+06    5.7230824964e+06    5.3343088524e+04    3.2958016928e+03    1.7992308309e+03    7.9712088286e+00    7.0884750000e+19    5.5390361399e-05    1.0000000000e+00    0.0000000000e+00    0.0000000000e+00
   -2.1688217274e+06    6.6661291109e+06   -2.0133367210e+05    3.7946457759e+03    8.6691347900e+02    5.9158018511e+01    7.0712780000e+19    5.5255981572e-05    1.0000000000e+00    0.0000000000e+00    0.0000000000e+00
    7.2226580498e+06   -2.3283596623e+07   -1.5958842925e+05   -9.8657348270e+02   -1.1772564244e+03   -2.7601299767e+00    7.0413310000e+19    5.5021971415e-05    1.0000000000e+00    0.0000000000e+00    0.0000000000e+00
   -9.2473705087e+06   -2.9894261551e+06   -4.3345867779e+05    2.0782780350e+02    2.6192369977e+03    1.5059659397e+01    6.9653220000e+19    5.4428026175e-05    1.0000000000e+00    0.0000000000e+00    0.0000000000e+00
   -2.7319033361e+06    6.1781458006e+06   -1.8734099417e+05    3.7864955512e+03    1.2347815497e+03    3.8079976665e+01    6.9499170000e+19    5.4307649294e-05    1.0000000000e+00    0.0000000000e+00    0.0000000000e+00
   -9.0915948887e+06    7.0277569189e+05   -1.4097817231e+05    1.0406161505e+03    2.7367413997e+03   -1.8305517357e+00    6.9295600000e+19    5.4148576773e-05    1.0000000000e+00    0.0000000000e+00    0.0000000000e+00
    5.3472484893e+06    3.7903281384e+06    2.1165499138e+05    2.4147906085e+03   -2.8812183073e+03    3.1592324649e+02    6.8875740000e+19    5.3820492141e-05    1.0000000000e+00    0.0000000000e+00    0.0000000000e+00
   -7.9039945649e+06   -1.4226429243e+07   -5.7120395173e+05   -1.4895307841e+03    8.5327742998e+02   -3.6144763427e+01    6.8400270000e+19    5.3448953056e-05    1.0000000000e+00    0.0000000000e+00    0.0000000000e+00
   -9.4916149965e+06   -8.2841513405e+05   -1.5269784814e+05    5.1498738192e+02    2.7409436508e+03   -8.5802494527e+01    6.8400270000e+19    5.3448953056e-05    1.0000000000e+00    0.0000000000e+00    0.0000000000e+00
   -9.1242464425e+06   -4.9915301833e+06   -1.1351805902e+04   -1.6008309228e+02    2.3415381009e+03   -3.8962564730e+00    6.7591650000e+19    5.2817085778e-05    1.0000000000e+00    0.0000000000e+00    0.0000000000e+00
    1.0398997792e+07   -1.0195629610e+06   -3.3217372924e+05   -1.1146197358e+02   -3.1676750964e+03   -2.6755208090e+01    6.7509610000e+19    5.2752978544e-05    1.0000000000e+00    0.0000000000e+00    0.0000000000e+00
    8.6582602171e+06    1.0910956329e+07   -1.1081171624e+06    1.7006457167e+03   -1.8533088590e+03   -8.4366548254e+02    6.6929050000e+19    5.2299320624e-05    1.0000000000e+00    0.0000000000e+00    0.0000000000e+00
   -7.9772330354e+05    6.3467162439e+06   -1.2876929617e+05    4.1835270207e+03    2.5115127150e+02    3.2824004576e+01    6.6929050000e+19    5.2299320624e-05    1.0000000000e+00    0.0000000000e+00    0.0000000000e+00
    1.0416601836e+07    2.8392679198e+06   -2.6266904395e+06    4.2708317571e+02   -2.9981435122e+03   -3.7437655638e+02    6.6929050000e+19    5.2299320624e-05    1.0000000000e+00    0.0000000000e+00    0.0000000000e+00
    3.4521311925e+07   -1.5653767425e+07    1.1655066557e+06    1.4107329483e+03   -1.9705948926e+03    5.4604385305e+01    6.6079310000e+19    5.1635321588e-05    1.0000000000e+00    0.0000000000e+00    0.0000000000e+00
   -1.3764725854e+06    2.0113019558e+07   -1.0237958307e+06    1.9544744601e+03   -8.7677516177e+01    2.1363652918e+02    6.5906290000e+19    5.1500121276e-05    1.0000000000e+00    0.0000000000e+00    0.0000000000e+00
    2.8241594697e+07    1.2945664014e+07   -1.7653904755e+06    1.7077691408e+03   -8.0688866733e+02    5.0605212909e+01    6.5906290000e+19    5.1500121276e-05    1.0000000000e+00    0.0000000000e+00    0.0000000000e+00
   -6.3413714153e+06    3.5132804170e+06   -5.6659047172e+04    2.4645939730e+03    2.5976197001e+03   -2.5514075782e+00    6.5906290000e+19    5.1500121276e-05    1.0000000000e+00    0.0000000000e+00    0.0000000000e+00
   -4.0808342379e+07   -6.7806357758e+07   -1.5616168518e+06   -1.2636036077e+03   -1.4138927412e+03   -9.9536950983e+01    4.4345730000e+19    3.4652390129e-05    0.0000000000e+00    1.0000000000e+00    0.0000000000e+00
    2.3230132094e+06    6.7917265188e+06    1.1270945344e+06    2.9745139891e+03   -1.4976261585e+03   -6.4175232182e+01    2.5395560000e+19    1.9844455209e-05    0.0000000000e+00    1.0000000000e+00    0.0000000000e+00
   -4.1343788806e+07   -3.2863347963e+07   -5.4952082720e+06   -8.5572213207e+02   -2.0169658975e+02    1.6773528679e+02    2.5336000000e+19    1.9797914169e-05    0.0000000000e+00    1.0000000000e+00    0.0000000000e+00
    7.5378357435e+06   -1.8944737508e+06    3.6962303040e+05   -7.5622564215e+02   -2.8731184995e+03    2.4259478215e+02    2.5306260000e+19    1.9774674906e-05    0.0000000000e+00    1.0000000000e+00    0.0000000000e+00
    2.9556145606e+07   -1.6620892215e+06    9.5548180210e+05    1.1709935712e+03   -1.4743219882e+03    1.4318304893e+02    2.5246850000e+19    1.9728251079e-05    0.0000000000e+00    1.0000000000e+00    0.0000000000e+00
   -5.1829854817e+07   -6.5698653312e+07   -3.1317081391e+07   -1.5320307989e+03   -1.5567723732e+03   -6.7428380601e+02    2.5246850000e+19    1.9728251079e-05    0.0000000000e+00    1.0000000000e+00    0.0000000000e+00
   -3.7959698634e+07   -2.0788635768e+07    1.0396454869e+06   -4.9940034540e+02    3.0235237572e+02   -2.0262658183e+02    2.5128310000e+19    1.9635622221e-05    0.0000000000e+00    1.0000000000e+00    0.0000000000e+00
   -4.1015233004e+07   -2.8002885980e+07    5.7074763749e+06   -7.6143638173e+02    1.6606561627e+01   -4.8109889149e+01    2.5128310000e+19    1.9635622221e-05    0.0000000000e+00    1.0000000000e+00    0.0000000000e+00
   -6.3913053937e+07   -7.4263872926e+07   -2.8054812031e+06   -1.8945990936e+03   -1.7937575562e+03   -8.4672388308e+01    2.5010120000e+19    1.9543266858e-05    0.0000000000e+00    1.0000000000e+00    0.0000000000e+00
   -1.2248777142e+07   -2.1045109926e+06    4.6426180465e+06    1.8910550103e+03    1.7071192759e+03    2.9358146201e+02    2.4980630000e+19    1.9520222949e-05    0.0000000000e+00    1.0000000000e+00    0.0000000000e+00
   -3.5990012398e+07   -4.5906734904e+07    1.4526733014e+07   -9.1916028612e+02   -6.2305064648e+02    1.3166973476e+02    2.4951160000e+19    1.9497194668e-05    0.0000000000e+00    1.0000000000e+00    0.0000000000e+00
    1.3701872669e+07    2.2762126460e+07   -3.3790654713e+06    1.6976034952e+03   -3.3115924924e+02   -8.5602751173e+01    2.4951160000e+19    1.9497194668e-05    0.0000000000e+00    1.0000000000e+00    0.0000000000e+00
   -1.3532978229e+07   -1.1522679844e+06    3.1238526246e+06    1.8002190537e+03    1.6393668133e+03    3.8203176589e+02    2.4951160000e+19    1.9497194668e-05    0.0000000000e+00    1.0000000000e+00    0.0000000000e+00
   -2.2705272709e+07   -4.0558665277e+07   -2.1778361893e+07   -6.0392155946e+02   -4.0266250432e+02   -1.0974561424e+02    2.4951160000e+19    1.9497194668e-05    0.0000000000e+00    1.0000000000e+00    0.0000000000e+00
    2.2247286223e+07   -2.5474162371e+07   -3.7489046238e+05    2.8665195214e+02   -2.1068353576e+03    4.5154454394e+01    2.4921700000e+19    1.9474174201e-05    0.0000000000e+00    1.0000000000e+00    0.0000000000e+00
   -4.9489704859e+07   -7.0113932610e+07   -1.6944550165e+06   -1.4547579234e+03   -1.5662349926e+03   -7.7274817717e+00    2.4921700000e+19    1.9474174201e-05    0.0000000000e+00    1.0000000000e+00    0.0000000000e+00
   -2.2965818196e+07   -6.8167076438e+06   -6.1479098488e+06    5.5075119133e+02    1.1775576136e+03    1.3058579727e+01    2.4833470000e+19    1.9405230012e-05    0.0000000000e+00    1.0000000000e+00    0.0000000000e+00
   -7.0804472497e+07   -8.9943487497e+07   -3.5901433412e+06   -2.1676922396e+03   -2.3618325535e+03   -1.3690092281e+02    2.4833470000e+19    1.9405230012e-05    0.0000000000e+00    1.0000000000e+00    0.0000000000e+00
   -2.9675132354e+07   -2.7106546838e+07   -1.1161638562e+07   -4.7436542354e+02    1.4516041548e+02    2.3909284296e+02    2.4774750000e+19    1.9359345361e-05    0.0000000000e+00    1.0000000000e+00    0.0000000000e+00
   -4.3778284580e+07   -9.3941494179e+07    2.7999768238e+07   -1.4001969837e+03   -2.4709452063e+03    6.9916785489e+02    2.4716110000e+19    1.9313523223e-05    0.0000000000e+00    1.0000000000e+00    0.0000000000e+00
   -2.8082410028e+07   -3.9881380240e+07    8.8493312471e+06   -6.4317908434e+02   -2.7585968556e+02   -1.0542649346e+02    2.4686820000e+19    1.9290635597e-05    0.0000000000e+00    1.0000000000e+00    0.0000000000e+00
    3.2553476510e+07   -2.1733127918e+07    2.5476569349e+06    1.1274740514e+03   -2.2308018409e+03    1.9786831453e+02    2.4657540000e+19    1.9267755784e-05    0.0000000000e+00    1.0000000000e+00    0.0000000000e+00
   -5.1895075139e+07   -9.4702907700e+07    3.4870868732e+06   -1.6227131972e+03   -2.4624096045e+03    7.8695012648e+01    2.4657540000e+19    1.9267755784e-05    0.0000000000e+00    1.0000000000e+00    0.0000000000e+00
    2.1256991934e+07   -2.5401120432e+07    6.9581424971e+05    1.3202835133e+02   -1.9877085946e+03    8.1946524782e-01    2.4657540000e+19    1.9267755784e-05    0.0000000000e+00    1.0000000000e+00    0.0000000000e+00
   -5.4645285935e+07   -6.0411146335e+07   -8.2051171348e+06   -1.5429926989e+03   -1.2598481402e+03   -1.5369838717e+02    2.4657540000e+19    1.9267755784e-05    0.0000000000e+00    1.0000000000e+00    0.0000000000e+00
    1.9533135041e+06    9.0928421690e+06   -8.5310263032e+05    2.6404948798e+03   -1.3464876818e+03   -2.6828470740e+02    2.4657540000e+19    1.9267755784e-05    0.0000000000e+00    1.0000000000e+00    0.0000000000e+00
   -4.8040717444e+07   -9.4272581391e+07    3.0446212852e+07   -1.5196887689e+03   -2.5079819136e+03    7.4742660502e+02    2.4628280000e+19    1.9244891600e-05    0.0000000000e+00    1.0000000000e+00    0.0000000000e+00
   -5.2388506067e+07   -9.5535611503e+07    2.1224039161e+07   -1.6472966190e+03   -2.5268579127e+03    5.1920117247e+02    2.4628280000e+19    1.9244891600e-05    0.0000000000e+00    1.0000000000e+00    0.0000000000e+00
    6.8413706457e+06    2.2430703375e+07   -3.0836293182e+05    1.7379756060e+03   -3.1852158123e+02   -1.3049143567e+02    2.4599050000e+19    1.9222050858e-05    0.0000000000e+00    1.0000000000e+00    0.0000000000e+00
   -5.6385003045e+07   -3.9534749832e+07   -3.9154543159e+06   -1.4097022266e+03   -5.4253021458e+02   -1.2314090377e+02    2.4599050000e+19    1.9222050858e-05    0.0000000000e+00    1.0000000000e+00    0.0000000000e+00
   -3.9095319894e+07   -1.7635334169e+07   -3.9916935299e+05   -4.4774776797e+02    3.1767422106e+02    3.0021263933e+02    2.4540620000e+19    1.9176392817e-05    0.0000000000e+00    1.0000000000e+00    0.0000000000e+00
   -5.0184331384e+07   -8.7627534313e+07   -6.6465113422e+06   -1.5528476590e+03   -2.2089858869e+03   -1.2586735721e+02    2.4394860000e+19    1.9062493861e-05    0.0000000000e+00    1.0000000000e+00    0.0000000000e+00
   -3.0479223146e+07   -4.2262414169e+07    1.8244149746e+07   -7.8668291731e+02   -4.8067225269e+02    1.0464907037e+02    2.4365760000e+19    1.9039754703e-05    0.0000000000e+00    1.0000000000e+00    0.0000000000e+00
   -4.9814536520e+07   -7.5342505383e+07    4.0906801739e+06   -1.4886303734e+03   -1.7737195278e+03    1.4336834941e+01    2.4365760000e+19    1.9039754703e-05    0.0000000000e+00    1.0000000000e+00    0.0000000000e+00
   -3.8909147159e+07   -3.4320908942e+07   -1.6915833055e+05   -8.2074514514e+02   -1.3705341805e+02   -1.4993903655e+02    2.4307600000e+19    1.8994307644e-05    0.0000000000e+00    1.0000000000e+00    0.0000000000e+00
   -5.5292785786e+07   -9.3501079173e+07   -2.8944763533e+06   -1.7083678812e+03   -2.4342045564e+03   -7.9841238688e+01    2.4307600000e+19    1.8994307644e-05    0.0000000000e+00    1.0000000000e+00    0.0000000000e+00
   -1.4518941941e+07    1.7379221495e+06    2.6169781130e+06    1.8670939558e+03    1.4311099666e+03    7.3271256770e+01    2.4307600000e+19    1.8994307644e-05    0.0000000000e+00    1.0000000000e+00    0.0000000000e+00
   -3.8015231906e+07   -7.2569615659e+07   -1.6509467654e+07   -1.1544153651e+03   -1.6367251640e+03   -3.5291686863e+02    2.4307600000e+19    1.8994307644e-05    0.0000000000e+00    1.0000000000e+00    0.0000000000e+00
   -6.3676402555e+07   -6.9171856949e+07   -1.7633155397e+07   -1.8811482377e+03   -1.6597558256e+03   -3.5707714094e+02    2.4249510000e+19    1.8948915284e-05    0.0000000000e+00    1.0000000000e+00    0.0000000000e+00
   -3.9688664688e+07   -6.0157938150e+07   -1.4066344765e+07   -1.1355458897e+03   -1.1865396427e+03   -2.0413047921e+02    2.4249510000e+19    1.8948915284e-05    0.0000000000e+00    1.0000000000e+00    0.0000000000e+00
    1.2970313234e+07   -2.4948743971e+07   -1.8516263818e+05   -4.1011324939e+02   -1.5567769520e+03    2.2146141292e+00    2.4220480000e+19    1.8926230825e-05    0.0000000000e+00    1.0000000000e+00    0.0000000000e+00
   -1.0177538388e+07    4.6863189368e+06    3.5907447880e+06    2.6484839959e+03    1.1036406503e+03   -4.3209184305e+02    2.4220480000e+19    1.8926230825e-05    0.0000000000e+00    1.0000000000e+00    0.0000000000e+00
    1.5020938955e+07   -1.5200857376e+07    2.5472789516e+05   -6.3489389428e+02   -1.6142684448e+03    1.3863149881e+02    2.4075570000e+19    1.8812996070e-05    0.0000000000e+00    1.0000000000e+00    0.0000000000e+00
   -8.4783956676e+06    3.2402848457e+06    4.5096930906e+06    2.7797724192e+03    1.5389465976e+03   -6.4570064080e+02    2.4075570000e+19    1.8812996070e-05    0.0000000000e+00    1.0000000000e+00    0.0000000000e+00
   -3.9434835984e+07   -7.4763901619e+07   -2.9639664070e+07   -1.2188419323e+03   -1.7870554247e+03   -6.6801693872e+02    2.4075570000e+19    1.8812996070e-05    0.0000000000e+00    1.0000000000e+00    0.0000000000e+00
   -5.2438693764e+07   -1.0063626942e+08   -2.5395739117e+07   -1.6585101076e+03   -2.7105073313e+03   -6.5263520961e+02    2.4046630000e+19    1.8790381939e-05    0.0000000000e+00    1.0000000000e+00    0.0000000000e+00
   -1.0728343118e+07   -8.1426167737e+06    8.3321332860e+05   -7.7110451428e+02    1.8031209825e+03   -2.2590791463e+02    2.3988790000e+19    1.8745184932e-05    0.0000000000e+00    1.0000000000e+00    0.0000000000e+00
    6.4784958457e+06    4.8845455596e+06    3.2502971921e+05    1.9473334824e+03   -1.7570969051e+03    1.8380591828e+03    2.3959890000e+19    1.8722602057e-05    0.0000000000e+00    1.0000000000e+00    0.0000000000e+00
   -3.6517443856e+07   -4.5599634897e+07    2.5642622676e+07   -9.7946140048e+02   -7.3266843545e+02    3.4274023506e+02    2.3959890000e+19    1.8722602057e-05    0.0000000000e+00    1.0000000000e+00    0.0000000000e+00
   -2.5592278489e+07   -2.9258736586e+07    1.3002649111e+07   -4.7140389574e+02    1.2414412394e+02   -2.2993567461e+02    2.3931000000e+19    1.8700026997e-05    0.0000000000e+00    1.0000000000e+00    0.0000000000e+00
   -6.1631843105e+07   -6.9098712604e+07    1.3754086223e+07   -1.8026512243e+03   -1.6181881072e+03    3.0667254544e+02    2.3931000000e+19    1.8700026997e-05    0.0000000000e+00    1.0000000000e+00    0.0000000000e+00
   -4.6520181232e+07   -5.6677336601e+07   -1.2961282411e+07   -1.2923226624e+03   -1.1186208848e+03   -1.3804546456e+02    2.3931000000e+19    1.8700026997e-05    0.0000000000e+00    1.0000000000e+00    0.0000000000e+00
   -5.7724108342e+07   -7.6522317569e+07    1.3490394994e+07   -1.7186743376e+03   -1.8725603734e+03    2.6862894912e+02    2.3902130000e+19    1.8677467564e-05    0.0000000000e+00    1.0000000000e+00    0.0000000000e+00
   -5.7429465041e+07   -8.1871925407e+07   -4.9044175703e+07   -1.7923205036e+03   -2.1785815770e+03   -1.2606894846e+03    2.3902130000e+19    1.8677467564e-05    0.0000000000e+00    1.0000000000e+00    0.0000000000e+00
    4.5391068142e+06   -3.2312777067e+06   -6.7392396087e+05   -1.4045219595e+03   -2.3196278324e+03   -1.8534667560e+02    2.3786740000e+19    1.8587300161e-05    0.0000000000e+00    1.0000000000e+00    0.0000000000e+00
   -2.9203624278e+07   -4.3846889837e+07    2.2924254884e+07   -7.9358341280e+02   -6.1940956892e+02    1.6600926148e+02    2.3786740000e+19    1.8587300161e-05    0.0000000000e+00    1.0000000000e+00    0.0000000000e+00
   -4.8717482068e+07   -6.1686940277e+07    2.0807309243e+07   -1.4082715956e+03   -1.3380026014e+03    3.6785568127e+02    2.3786740000e+19    1.8587300161e-05    0.0000000000e+00    1.0000000000e+00    0.0000000000e+00
   -4.2158597788e+07   -3.1246658795e+07    4.0542749074e+06   -8.5469008177e+02   -1.2932646108e+02   -1.7722107547e+02    2.3786740000e+19    1.8587300161e-05    0.0000000000e+00    1.0000000000e+00    0.0000000000e+00
   -5.6638970156e+07   -4.2440445942e+07    2.6379253820e+05   -1.4362022776e+03   -6.3562654025e+02    3.3378904254e+01    2.3786740000e+19    1.8587300161e-05    0.0000000000e+00    1.0000000000e+00    0.0000000000e+00
   -6.9909887494e+06   -1.5878975378e+06    1.7511939364e+06    2.7484617093e+03    2.6874324148e+03    9.4225522334e+02    2.3786740000e+19    1.8587300161e-05    0.0000000000e+00    1.0000000000e+00    0.0000000000e+00
   -4.7733432477e+07   -6.0355994464e+07   -7.2907429153e+06   -1.3484396206e+03   -1.2223644171e+03   -6.1717588448e+01    2.3729110000e+19    1.8542267252e-05    0.0000000000e+00    1.0000000000e+00    0.0000000000e+00
   -6.3257072961e+07   -8.9535491144e+07   -3.4551658645e+07   -1.9610941003e+03   -2.3720368927e+03   -8.9133948494e+02    2.3729110000e+19    1.8542267252e-05    0.0000000000e+00    1.0000000000e+00    0.0000000000e+00
   -2.1171206406e+07    6.0899081652e+05   -3.1362771471e+06    1.2238303551e+03    9.5015168733e+02   -1.0951969094e+01    2.3671530000e+19    1.8497273413e-05    0.0000000000e+00    1.0000000000e+00    0.0000000000e+00
    1.3223342156e+07   -2.4570308774e+07   -6.5000300447e+05   -6.1924224056e+02   -1.6439509643e+03    7.5581385730e+01    2.3642750000e+19    1.8474784308e-05    0.0000000000e+00    1.0000000000e+00    0.0000000000e+00
   -4.5512421286e+07   -4.2340884112e+07    2.9412311303e+07   -1.2096498772e+03   -7.5926930596e+02    4.1893678660e+02    2.3613980000e+19    1.8452303017e-05    0.0000000000e+00    1.0000000000e+00    0.0000000000e+00
   -7.7691550222e+06    8.1054754877e+05   -2.6049690002e+06    3.2058395067e+03    1.8154770132e+03   -5.3894718561e+02    2.3613980000e+19    1.8452303017e-05    0.0000000000e+00    1.0000000000e+00    0.0000000000e+00
   -8.2403389751e+06   -7.4328260972e+06    7.8581019070e+05   -9.8305992320e+02    2.2104250466e+03    3.4147426807e+02    2.3613980000e+19    1.8452303017e-05    0.0000000000e+00    1.0000000000e+00    0.0000000000e+00
   -6.6753616016e+07   -6.9589499682e+07   -6.3074683547e+06   -1.9508020682e+03   -1.6476906880e+03   -1.1974444866e+02    2.3613980000e+19    1.8452303017e-05    0.0000000000e+00    1.0000000000e+00    0.0000000000e+00
    2.9364323369e+07    8.7317676748e+06   -1.9205160194e+06    1.5679864764e+03   -9.9579866124e+02   -2.2249093189e+01    2.3613980000e+19    1.8452303017e-05    0.0000000000e+00    1.0000000000e+00    0.0000000000e+00
   -5.6508248328e+07   -8.2142912780e+07   -1.0480754210e+07   -1.7138939182e+03   -2.0423393455e+03   -2.0772739274e+02    2.3613980000e+19    1.8452303017e-05    0.0000000000e+00    1.0000000000e+00    0.0000000000e+00
   -2.0532873126e+07   -5.4674052245e+07   -4.6507962385e+07   -7.0657220190e+02   -1.1992342351e+03   -9.1929620661e+02    2.3613980000e+19    1.8452303017e-05    0.0000000000e+00    1.0000000000e+00    0.0000000000e+00
   -3.9222239064e+07   -3.5695090649e+07   -1.9906653459e+07   -9.3358335947e+02   -4.1064718921e+02   -6.8933530474e+01    2.3613980000e+19    1.8452303017e-05    0.0000000000e+00    1.0000000000e+00    0.0000000000e+00
   -1.8567892961e+07    7.6877511864e+05    4.6079160809e+06    1.4814074532e+03    8.6248154276e+02    5.0854709958e+02    2.3613980000e+19    1.8452303017e-05    0.0000000000e+00    1.0000000000e+00    0.0000000000e+00
   -2.7838662457e+07   -1.3902052424e+07    3.3738929343e+06    8.5728014702e+01    5.7839694191e+02   -6.0430251115e+02    2.3441580000e+19    1.8317587182e-05    0.0000000000e+00    1.0000000000e+00    0.0000000000e+00
   -5.3295286303e+07   -7.1666707907e+07    3.4420740598e+07   -1.6135150557e+03   -1.7637647452e+03    7.8352383681e+02    2.3441580000e+19    1.8317587182e-05    0.0000000000e+00    1.0000000000e+00    0.0000000000e+00
   -2.1607846924e+07   -3.8321706613e+07    3.6790755203e+07   -6.5423728394e+02   -5.6927748308e+02    4.3384699714e+02    2.3441580000e+19    1.8317587182e-05    0.0000000000e+00    1.0000000000e+00    0.0000000000e+00
   -7.2170596931e+07   -8.3359767581e+07    3.0302888514e+07   -2.2031862350e+03   -2.1928030065e+03    7.6523407434e+02    2.3441580000e+19    1.8317587182e-05    0.0000000000e+00    1.0000000000e+00    0.0000000000e+00
   -2.0488991609e+07    3.1234856383e+05    1.2871276898e+06    1.2779987832e+03    1.0242671189e+03    4.2222491197e+01    2.3441580000e+19    1.8317587182e-05    0.0000000000e+00    1.0000000000e+00    0.0000000000e+00
   -1.7569475977e+07   -8.8921966315e+06    7.3350071016e+06    5.3225712885e+02    1.0109932233e+03   -1.0609041462e+03    2.3384180000e+19    1.8272733998e-05    0.0000000000e+00    1.0000000000e+00    0.0000000000e+00
   -4.1202360233e+07   -6.8469864242e+07    1.5437425723e+07   -1.2377680199e+03   -1.4851439155e+03    3.1535477104e+02    2.3384180000e+19    1.8272733998e-05    0.0000000000e+00    1.0000000000e+00    0.0000000000e+00
   -8.0798093860e+07   -8.0357900487e+07    2.3551367964e+06   -2.4286973712e+03   -2.0694780095e+03    6.1545991528e+01    2.3384180000e+19    1.8272733998e-05    0.0000000000e+00    1.0000000000e+00    0.0000000000e+00
   -2.9495061970e+07   -6.8295476092e+07    3.9691340361e+07   -9.6190718217e+02   -1.6221924759e+03    8.3684876760e+02    2.3326810000e+19    1.8227904256e-05    0.0000000000e+00    1.0000000000e+00    0.0000000000e+00
   -5.6496508217e+07   -7.1467563699e+07    1.8963558464e+06   -1.6539319609e+03   -1.6588984059e+03   -6.7778752396e+00    2.3326810000e+19    1.8227904256e-05    0.0000000000e+00    1.0000000000e+00    0.0000000000e+00
   -3.3986859179e+07   -8.8487450888e+07   -5.7149829287e+07   -1.1392303139e+03   -2.3692240328e+03   -1.4920917313e+03    2.3326810000e+19    1.8227904256e-05    0.0000000000e+00    1.0000000000e+00    0.0000000000e+00
   -2.9603003859e+07   -8.7545705654e+07   -4.0594561317e+07   -1.0067504137e+03   -2.2527927377e+03   -1.0096139991e+03    2.3326810000e+19    1.8227904256e-05    0.0000000000e+00    1.0000000000e+00    0.0000000000e+00
   -3.5436622634e+07   -3.9777864983e+07    5.4767847005e+07   -1.0619036620e+03   -8.6787380909e+02    1.0953381669e+03    2.3298130000e+19    1.8205493292e-05    0.0000000000e+00    1.0000000000e+00    0.0000000000e+00
   -7.9818278711e+07   -1.0306269817e+08    2.5856952532e+07   -2.4935712915e+03   -2.8506899405e+03    7.1303108435e+02    2.3298130000e+19    1.8205493292e-05    0.0000000000e+00    1.0000000000e+00    0.0000000000e+00
   -3.5638978748e+07   -8.2180744081e+07    1.3774041016e+07   -1.1496008013e+03   -1.9709055039e+03    2.8267674586e+02    2.3298130000e+19    1.8205493292e-05    0.0000000000e+00    1.0000000000e+00    0.0000000000e+00
   -6.2365376203e+07   -1.0577015505e+08    1.8730431097e+07   -1.9574917108e+03   -2.8786532220e+03    4.9824249578e+02    2.3298130000e+19    1.8205493292e-05    0.0000000000e+00    1.0000000000e+00    0.0000000000e+00
   -2.8608577117e+07   -6.2344673363e+06   -4.2691331325e+06    4.0855420101e+02    8.0913965655e+02   -2.2323046167e+02    2.3269460000e+19    1.8183090142e-05    0.0000000000e+00    1.0000000000e+00    0.0000000000e+00
   -1.1263570109e+07   -4.8610494071e+07   -5.8807746592e+07   -4.9098009589e+02   -1.0995385354e+03   -1.2594844136e+03    2.3269460000e+19    1.8183090142e-05    0.0000000000e+00    1.0000000000e+00    0.0000000000e+00
   -4.2967232757e+07   -7.2434312233e+07   -4.8032360474e+07   -1.3466590278e+03   -1.8326551594e+03   -1.1458893458e+03    2.3269460000e+19    1.8183090142e-05    0.0000000000e+00    1.0000000000e+00    0.0000000000e+00
   -5.8893795381e+07   -5.9410622822e+07   -4.4227576457e+06   -1.6586941045e+03   -1.2570814166e+03   -1.7171840535e+01    2.3212150000e+19    1.8138307286e-05    0.0000000000e+00    1.0000000000e+00    0.0000000000e+00
   -5.5337810441e+07   -1.0514332463e+08   -2.8919043472e+07   -1.7672234946e+03   -2.8713462192e+03   -7.4416026856e+02    2.3212150000e+19    1.8138307286e-05    0.0000000000e+00    1.0000000000e+00    0.0000000000e+00
   -4.5400908950e+07   -6.2357701091e+07   -2.9637674491e+07   -1.3414318718e+03   -1.3978591503e+03   -5.8546103570e+02    2.3212150000e+19    1.8138307286e-05    0.0000000000e+00    1.0000000000e+00    0.0000000000e+00
   -2.7522533331e+07   -7.7617971908e+07   -5.6689683449e+07   -9.4545974473e+02   -2.0397850683e+03   -1.3801760066e+03    2.3183500000e+19    1.8115919764e-05    0.0000000000e+00    1.0000000000e+00    0.0000000000e+00
   -2.9440927470e+07   -6.8198777476e+07   -2.3524013515e+07   -9.3731187781e+02   -1.5118918052e+03   -4.0216373678e+02    2.3154860000e+19    1.8093540057e-05    0.0000000000e+00    1.0000000000e+00    0.0000000000e+00
   -3.3895556894e+07   -8.7007407750e+07   -2.6007992773e+07   -1.1050375768e+03   -2.1955421438e+03   -5.9639805361e+02    2.3154860000e+19    1.8093540057e-05    0.0000000000e+00    1.0000000000e+00    0.0000000000e+00
   -6.5029968062e+07   -8.3431133462e+07   -3.4724392309e+07   -1.9907390326e+03   -2.1992957526e+03   -8.5767762250e+02    2.3154860000e+19    1.8093540057e-05    0.0000000000e+00    1.0000000000e+00    0.0000000000e+00
   -3.0401243416e+07   -2.7996310882e+07   -5.5114339469e+06   -5.2660934501e+02    2.7300678995e+02   -3.3929093869e+02    2.3118660000e+19    1.8065252857e-05    0.0000000000e+00    1.0000000000e+00    0.0000000000e+00
   -5.6816305215e+07   -7.4675663582e+07    4.2777135556e+07   -1.7368788758e+03   -1.8996288678e+03    1.0581426291e+03    2.3097590000e+19    1.8048788457e-05    0.0000000000e+00    1.0000000000e+00    0.0000000000e+00
   -6.4832841877e+07   -1.0088431845e+08   -5.5248115536e+06   -2.0274139014e+03   -2.7119930727e+03   -1.4340574802e+02    2.3097590000e+19    1.8048788457e-05    0.0000000000e+00    1.0000000000e+00    0.0000000000e+00
   -4.6804684507e+07   -9.4721196619e+07   -3.9998273498e+06   -1.4839376248e+03   -2.4370615326e+03   -8.1723537355e+01    2.3097590000e+19    1.8048788457e-05    0.0000000000e+00    1.0000000000e+00    0.0000000000e+00
   -3.6625799479e+07   -1.0007583057e+08   -2.0940686434e+07   -1.2167019167e+03   -2.6272156644e+03   -5.5409707489e+02    2.3097590000e+19    1.8048788457e-05    0.0000000000e+00    1.0000000000e+00    0.0000000000e+00
   -4.2495446342e+07   -1.9943468085e+07    2.9632061714e+06   -6.1068622967e+02    2.3295158144e+02    1.6012177293e+02    2.3097590000e+19    1.8048788457e-05    0.0000000000e+00    1.0000000000e+00    0.0000000000e+00
   -2.0343683250e+07   -8.4337925615e+07   -7.5856193224e+07   -7.6135948950e+02   -2.3293117781e+03   -2.0068493223e+03    2.3097590000e+19    1.8048788457e-05    0.0000000000e+00    1.0000000000e+00    0.0000000000e+00
   -4.0489231348e+07   -5.5207314466e+07   -2.8527914754e+07   -1.1687404241e+03   -1.1567063797e+03   -4.3713758352e+02    2.3097590000e+19    1.8048788457e-05    0.0000000000e+00    1.0000000000e+00    0.0000000000e+00
    5.3706476903e+06   -2.3472875182e+07    8.5697771268e+04   -1.1483316525e+03   -9.2258323359e+02   -1.4640332756e+02    2.3091140000e+19    1.8043748334e-05    0.0000000000e+00    1.0000000000e+00    0.0000000000e+00
    2.2930540239e+07    2.2086508378e+07   -1.8409277376e+06    1.7678844074e+03   -2.8653058030e+02   -7.6273831115e+00    2.3063810000e+19    1.8022392280e-05    0.0000000000e+00    1.0000000000e+00    0.0000000000e+00
   -2.4073923095e+07   -8.0664985169e+07    4.1879730621e+07   -8.4456921170e+02   -2.0398504577e+03    9.8387351408e+02    2.3063810000e+19    1.8022392280e-05    0.0000000000e+00    1.0000000000e+00    0.0000000000e+00
    3.3195702811e+07   -2.2643825887e+07    6.2765124160e+05    1.2550465701e+03   -2.3789571871e+03    6.4342270162e+01    2.3063810000e+19    1.8022392280e-05    0.0000000000e+00    1.0000000000e+00    0.0000000000e+00
   -3.9160456553e+07   -4.7617507960e+07    9.9881748100e+05   -1.0826850951e+03   -6.1791162307e+02    1.1866124052e+02    2.3063810000e+19    1.8022392280e-05    0.0000000000e+00    1.0000000000e+00    0.0000000000e+00
   -3.4367675930e+07   -4.6698000715e+07    9.0949970388e+06   -9.0305641399e+02   -6.0875753178e+02   -2.9458271862e+01    2.3040350000e+19    1.8004060299e-05    0.0000000000e+00    1.0000000000e+00    0.0000000000e+00
   -5.7155372735e+07   -8.7800664561e+07    3.4098787849e+07   -1.7788879830e+03   -2.3039665002e+03    8.4408505438e+02    2.3040350000e+19    1.8004060299e-05    0.0000000000e+00    1.0000000000e+00    0.0000000000e+00
   -3.6304144264e+07   -8.8730794229e+07    1.8550527929e+07   -1.1811232210e+03   -2.2361467321e+03    4.0879407148e+02    2.3040350000e+19    1.8004060299e-05    0.0000000000e+00    1.0000000000e+00    0.0000000000e+00
   -3.8547616927e+07   -7.5434692252e+07    1.2551562470e+06   -1.1902779408e+03   -1.6969371396e+03    1.9210360362e+01    2.3040350000e+19    1.8004060299e-05    0.0000000000e+00    1.0000000000e+00    0.0000000000e+00
   -1.4757184445e+07    3.0734176300e+06    7.0220297223e+06    1.8007881612e+03    1.0974012698e+03   -2.0201448958e+02    2.3040350000e+19    1.8004060299e-05    0.0000000000e+00    1.0000000000e+00    0.0000000000e+00
   -5.2204837678e+06   -1.7376413573e+07    9.7927900070e+05   -1.5769191495e+03    1.9062333114e+02   -6.8238397992e+01    2.3036680000e+19    1.8001192508e-05    0.0000000000e+00    1.0000000000e+00    0.0000000000e+00
    6.4150658657e+06    1.8817590276e+06   -2.6801368081e+04    2.2413769183e+02   -2.4680323986e+03   -1.6889240636e+02    2.3036680000e+19    1.8001192508e-05    0.0000000000e+00    1.0000000000e+00    0.0000000000e+00
   -4.3223668861e+07   -1.0530237461e+08   -2.9230842943e+07   -1.4136187670e+03   -2.8522337819e+03   -7.6758167000e+02    2.3036680000e+19    1.8001192508e-05    0.0000000000e+00    1.0000000000e+00    0.0000000000e+00
   -2.5356899736e+07   -5.6626870967e+07   -3.7758783661e+07   -8.2476986709e+02   -1.1859137332e+03   -6.9796332962e+02    2.3036680000e+19    1.8001192508e-05    0.0000000000e+00    1.0000000000e+00    0.0000000000e+00
   -1.0083458232e+07    4.2522494470e+06    2.5555346352e+06    2.5930693457e+03    1.5257928889e+03   -1.6761779993e+02    2.3036680000e+19    1.8001192508e-05    0.0000000000e+00    1.0000000000e+00    0.0000000000e+00
   -4.2548301964e+07   -9.8554131681e+07    9.3408193038e+06   -1.3907091162e+03   -2.5604059367e+03    2.4798337784e+02    2.3011730000e+19    1.7981696220e-05    0.0000000000e+00    1.0000000000e+00    0.0000000000e+00
   -3.0286598201e+07   -9.9865402504e+06    5.3577883657e+04    5.8664895295e+01    8.6866423283e+02    2.2976866213e+01    2.3011730000e+19    1.7981696220e-05    0.0000000000e+00    1.0000000000e+00    0.0000000000e+00
   -5.9437066496e+07   -1.2166510332e+08   -2.0034212682e+07   -1.9113010586e+03   -3.4264176267e+03   -5.3422392061e+02    2.3011730000e+19    1.7981696220e-05    0.0000000000e+00    1.0000000000e+00    0.0000000000e+00
    7.2414108697e+06   -2.2216773417e+07   -2.3161492904e+06   -9.9150375163e+02   -9.0449736012e+02    1.3835831742e+02    2.3009740000e+19    1.7980141205e-05    0.0000000000e+00    1.0000000000e+00    0.0000000000e+00
   -1.3514890896e+07    1.2281225033e+07   -4.5266136841e+06    1.7811248969e+03    8.2055621198e+02    2.9618126301e+02    2.3009740000e+19    1.7980141205e-05    0.0000000000e+00    1.0000000000e+00    0.0000000000e+00
   -4.7739531298e+07   -1.0416641085e+08    7.7625341375e+06   -1.5412222303e+03   -2.7778335299e+03    1.8698624321e+02    2.3009740000e+19    1.7980141205e-05    0.0000000000e+00    1.0000000000e+00    0.0000000000e+00
   -3.2938224057e+06    2.5649595346e+07    2.7921230762e+05    1.6209013326e+03    4.0299484563e+02   -2.6555807475e+01    2.3009740000e+19    1.7980141205e-05    0.0000000000e+00    1.0000000000e+00    0.0000000000e+00
   -8.4833315965e+06    1.5097966631e+07    4.4336470375e+06    2.0158539709e+03    4.4655594953e+02   -4.8821734753e+02    2.3009740000e+19    1.7980141205e-05    0.0000000000e+00    1.0000000000e+00    0.0000000000e+00
   -4.3364893197e+07   -1.5199440446e+08    4.3681626760e+07   -1.4689838252e+03   -4.4459989255e+03    1.2499974802e+03    2.2983120000e+19    1.7959339955e-05    0.0000000000e+00    1.0000000000e+00    0.0000000000e+00
   -4.3704237908e+07   -1.4479627752e+08    2.2566508291e+07   -1.4744440047e+03   -4.1858801591e+03    6.2493780171e+02    2.2983120000e+19    1.7959339955e-05    0.0000000000e+00    1.0000000000e+00    0.0000000000e+00
   -3.6096748660e+07   -6.8341028953e+07   -1.3046841864e+06   -1.1459556810e+03   -1.4254676211e+03   -1.5084526618e+02    2.2956400000e+19    1.7938460564e-05    0.0000000000e+00    1.0000000000e+00    0.0000000000e+00
   -2.3695221152e+07   -4.5977209236e+06   -6.3191545308e+06    5.2052560162e+02    1.2092000104e+03   -1.2203182042e+01    2.2956400000e+19    1.7938460564e-05    0.0000000000e+00    1.0000000000e+00    0.0000000000e+00
    2.8328036941e+07    1.5751068477e+07   -1.0311069809e+06    1.8214965835e+03   -6.3262314815e+02    8.7119976436e+01    2.2956400000e+19    1.7938460564e-05    0.0000000000e+00    1.0000000000e+00    0.0000000000e+00
   -4.1259560183e+07   -2.2512673109e+07    2.7302394955e+06   -7.7919308439e+02    3.0169043202e+02    4.8764449453e+01    2.2956400000e+19    1.7938460564e-05    0.0000000000e+00    1.0000000000e+00    0.0000000000e+00
   -2.6029624781e+07   -1.3426646918e+08   -5.8616585199e+07   -9.4279094723e+02   -3.8961204183e+03   -1.6288677120e+03    2.2954510000e+19    1.7936983690e-05    0.0000000000e+00    1.0000000000e+00    0.0000000000e+00
    2.7518155824e+07    1.0063567449e+07   -6.8033987933e+05    1.5398362507e+03   -9.8770956612e+02    2.0678963566e+01    2.2930000000e+19    1.7917831224e-05    0.0000000000e+00    1.0000000000e+00    0.0000000000e+00
   -2.6016771904e+07   -4.6366856157e+06   -4.2238096344e+06    6.5690271167e+02    7.8737333748e+02   -3.9442261792e+02    2.2925910000e+19    1.7914635240e-05    0.0000000000e+00    1.0000000000e+00    0.0000000000e+00
   -2.5788920591e+07   -6.2631292161e+07    6.3136360353e+07   -8.9127755174e+02   -1.5874522985e+03    1.4938384409e+03    2.2925910000e+19    1.7914635240e-05    0.0000000000e+00    1.0000000000e+00    0.0000000000e+00
   -8.2483726331e+07   -8.6936064562e+07    1.6049242283e+07   -2.5243292013e+03   -2.3225214278e+03    3.6493750533e+02    2.2925910000e+19    1.7914635240e-05    0.0000000000e+00    1.0000000000e+00    0.0000000000e+00
   -5.2042490466e+07   -1.6843925407e+08    2.0047283752e+07   -1.7360723101e+03   -4.9707434569e+03    5.8862886849e+02    2.2925910000e+19    1.7914635240e-05    0.0000000000e+00    1.0000000000e+00    0.0000000000e+00
   -4.7143130625e+07   -9.7167399168e+07   -2.2794695766e+06   -1.5097006048e+03   -2.5230281475e+03   -4.4590817252e+01    2.2925910000e+19    1.7914635240e-05    0.0000000000e+00    1.0000000000e+00    0.0000000000e+00
   -7.9536917612e+07   -1.0143270867e+08   -9.6317379699e+06   -2.4692168987e+03   -2.7600880950e+03   -2.5173129241e+02    2.2925910000e+19    1.7914635240e-05    0.0000000000e+00    1.0000000000e+00    0.0000000000e+00
   -6.5227731082e+07   -1.0260510257e+08   -8.0784788751e+06   -2.0357397223e+03   -2.7697958812e+03   -1.7587900533e+02    2.2925910000e+19    1.7914635240e-05    0.0000000000e+00    1.0000000000e+00    0.0000000000e+00
   -5.3660582061e+07   -6.4243080719e+07    3.3515605014e+07   -1.5982959256e+03   -1.5201913920e+03    7.1069892271e+02    2.2868710000e+19    1.7869938339e-05    0.0000000000e+00    1.0000000000e+00    0.0000000000e+00
   -5.5876465862e+07   -9.9669725443e+07    2.7866505447e+07   -1.7647405806e+03   -2.6818432839e+03    7.0963440413e+02    2.2868710000e+19    1.7869938339e-05    0.0000000000e+00    1.0000000000e+00    0.0000000000e+00
   -2.2321519066e+07   -1.2384273763e+08   -8.8170338181e+07   -8.3083465642e+02   -3.6117536278e+03   -2.5205472288e+03    2.2868710000e+19    1.7869938339e-05    0.0000000000e+00    1.0000000000e+00    0.0000000000e+00
   -1.9473453702e+07   -9.7127706212e+07   -4.5777788903e+07   -7.4092247182e+02   -2.6067198616e+03   -1.1668249245e+03    2.2868710000e+19    1.7869938339e-05    0.0000000000e+00    1.0000000000e+00    0.0000000000e+00
   -2.9939674136e+07   -1.5225180006e+08    6.6886670781e+06   -1.0704029623e+03   -4.4197087269e+03    1.4334440866e+02    2.2851830000e+19    1.7856748064e-05    0.0000000000e+00    1.0000000000e+00    0.0000000000e+00
   -3.1921901061e+07   -8.6054785693e+07    5.7573328379e+06   -1.0895015953e+03   -2.0785812648e+03    1.2494182730e+02    2.2851830000e+19    1.7856748064e-05    0.0000000000e+00    1.0000000000e+00    0.0000000000e+00
   -6.2067545357e+07   -4.0264605780e+07    6.2064384707e+06   -1.5982302289e+03   -6.7003313009e+02   -1.6406711120e+01    2.2840120000e+19    1.7847597702e-05    0.0000000000e+00    1.0000000000e+00    0.0000000000e+00
   -3.8535725115e+07   -1.9543050187e+07   -6.7143274794e+06   -4.6773175599e+02    3.0851501785e+02   -3.3603939057e+02    2.2840120000e+19    1.7847597702e-05    0.0000000000e+00    1.0000000000e+00    0.0000000000e+00
   -7.5359409703e+07   -7.3820862774e+07   -2.0762322466e+07   -2.2550522632e+03   -1.8425765925e+03   -5.3456767731e+02    2.2840120000e+19    1.7847597702e-05    0.0000000000e+00    1.0000000000e+00    0.0000000000e+00
   -3.4786265639e+07   -7.3444693382e+07   -8.6363078483e+07   -1.1710321668e+03   -2.0412297904e+03   -2.3073435708e+03    2.2840120000e+19    1.7847597702e-05    0.0000000000e+00    1.0000000000e+00    0.0000000000e+00
   -3.7767012339e+07   -4.7145664896e+07   -4.2291976836e+07   -1.0927696868e+03   -9.6110611801e+02   -7.9618505297e+02    2.2840120000e+19    1.7847597702e-05    0.0000000000e+00    1.0000000000e+00    0.0000000000e+00
   -4.8921988594e+07   -1.1441844504e+08    3.7437558068e+07   -1.6030760337e+03   -3.1826457632e+03    9.9389762921e+02    2.2811530000e+19    1.7825257066e-05    0.0000000000e+00    1.0000000000e+00    0.0000000000e+00
   -5.3227593676e+07   -8.6493370529e+07    3.7933732506e+06   -1.6531069490e+03   -2.1654315449e+03    3.7802940659e+01    2.2811530000e+19    1.7825257066e-05    0.0000000000e+00    1.0000000000e+00    0.0000000000e+00
   -4.4804531189e+07   -7.3335104819e+07   -3.8401835387e+07   -1.3881216918e+03   -1.7986269805e+03   -8.8829556962e+02    2.2811530000e+19    1.7825257066e-05    0.0000000000e+00    1.0000000000e+00    0.0000000000e+00
   -6.1715466055e+07   -1.1163430552e+08   -2.6810204784e+07   -1.9636073972e+03   -3.1057072654e+03   -6.6891215992e+02    2.2811530000e+19    1.7825257066e-05    0.0000000000e+00    1.0000000000e+00    0.0000000000e+00
   -1.0261489391e+07   -3.8863093631e+05    2.3197816531e+05    5.4012254605e+02    2.5750601511e+03   -8.8361604065e+01    2.2800530000e+19    1.7816661508e-05    0.0000000000e+00    1.0000000000e+00    0.0000000000e+00
   -3.6062866543e+06    1.5897181301e+07   -2.9599290904e+05    2.3184348288e+03   -1.7776665107e+02    9.5276421802e+01    2.2800530000e+19    1.7816661508e-05    0.0000000000e+00    1.0000000000e+00    0.0000000000e+00
   -1.1057272620e+07   -1.1394327974e+07    1.7268490510e+07   -2.2195198068e+01    7.3977516430e+02   -1.0768858522e+03    2.2800530000e+19    1.7816661508e-05    0.0000000000e+00    1.0000000000e+00    0.0000000000e+00
   -2.9542295376e+07   -3.0887051822e+07   -8.6827657703e+05   -6.0363680347e+02    1.9724284938e+02   -2.2684819657e+02    2.2800530000e+19    1.7816661508e-05    0.0000000000e+00    1.0000000000e+00    0.0000000000e+00
   -3.9143546253e+07   -1.1028644547e+08    3.5824562604e+07   -1.3151543222e+03   -3.0364848196e+03    9.4398318244e+02    2.2800530000e+19    1.7816661508e-05    0.0000000000e+00    1.0000000000e+00    0.0000000000e+00
   -5.6354806586e+07   -1.2664948124e+08   -1.0616590628e+07   -1.8342805619e+03   -3.5553028681e+03   -2.8981996665e+02    2.2800530000e+19    1.7816661508e-05    0.0000000000e+00    1.0000000000e+00    0.0000000000e+00
   -2.7861730576e+07   -4.4166769901e+07   -8.2596458893e+06   -7.5877754018e+02   -4.3871890806e+02    1.0278807352e+02    2.2800530000e+19    1.7816661508e-05    0.0000000000e+00    1.0000000000e+00    0.0000000000e+00
   -2.9445809458e+07   -6.6278792518e+07   -1.4720266002e+07   -9.6509967310e+02   -1.3602324386e+03   -2.1443458539e+02    2.2800530000e+19    1.7816661508e-05    0.0000000000e+00    1.0000000000e+00    0.0000000000e+00
   -3.0023982955e+07   -8.0173899643e+07    9.1265155984e+06   -1.0293670750e+03   -1.8661433244e+03    1.5415638382e+02    2.2775120000e+19    1.7796805769e-05    0.0000000000e+00    1.0000000000e+00    0.0000000000e+00
   -2.3022163373e+07   -1.1815236196e+08    1.3614199943e+07   -8.5755995402e+02   -3.2439778928e+03    3.2904326015e+02    2.2775120000e+19    1.7796805769e-05    0.0000000000e+00    1.0000000000e+00    0.0000000000e+00
   -3.8784123668e+07   -3.6929774064e+07    3.2157118554e+05   -9.3872544423e+02   -1.8433929028e+02   -7.5953942889e+01    2.2775120000e+19    1.7796805769e-05    0.0000000000e+00    1.0000000000e+00    0.0000000000e+00
   -4.5770597080e+07   -1.3848149545e+08    6.8510376502e+04   -1.5325358014e+03   -3.9464771802e+03   -8.3240346960e+00    2.2775120000e+19    1.7796805769e-05    0.0000000000e+00    1.0000000000e+00    0.0000000000e+00
   -4.1077218430e+06    1.7324263155e+07    4.9590634686e+06    1.9568276965e+03    1.3093428495e+02   -6.7195884724e+02    2.2775120000e+19    1.7796805769e-05    0.0000000000e+00    1.0000000000e+00    0.0000000000e+00
   -3.1737553939e+07   -2.9598908653e+07   -2.6147858024e+07   -7.3210195815e+02   -2.5354047811e+02   -5.8241292221e+01    2.2754350000e+19    1.7780575793e-05    0.0000000000e+00    1.0000000000e+00    0.0000000000e+00
   -3.8469348282e+07   -2.3645420141e+07   -6.3797127157e+06   -6.0576431014e+02    9.9060920405e+01    3.0264119163e+02    2.2754350000e+19    1.7780575793e-05    0.0000000000e+00    1.0000000000e+00    0.0000000000e+00
    3.5439303363e+07   -1.0963140778e+07    2.3681567196e+05    1.5257167176e+03   -1.7401356372e+03    6.4757955453e+01    2.2749870000e+19    1.7777075056e-05    0.0000000000e+00    1.0000000000e+00    0.0000000000e+00
   -3.6744467615e+07   -8.8980903424e+07   -1.5391972051e+07   -1.2235021024e+03   -2.2210578307e+03   -3.3509554768e+02    2.2749870000e+19    1.7777075056e-05    0.0000000000e+00    1.0000000000e+00    0.0000000000e+00
   -5.0678504807e+07   -7.9521733973e+07    4.4784116327e+06   -1.5342315864e+03   -1.9073190944e+03    6.7720590588e+01    2.2699800000e+19    1.7737949639e-05    0.0000000000e+00    1.0000000000e+00    0.0000000000e+00
    6.5395018959e+06    7.2017680819e+05   -5.0983172273e+05    9.7421548154e+01   -3.6460860594e+03   -9.5470542841e+02    2.2699800000e+19    1.7737949639e-05    0.0000000000e+00    1.0000000000e+00    0.0000000000e+00
   -1.9423467346e+07   -7.2035096570e+07   -4.5350993591e+07   -7.2967050764e+02   -1.7578458791e+03   -1.0188665906e+03    2.2699800000e+19    1.7737949639e-05    0.0000000000e+00    1.0000000000e+00    0.0000000000e+00
   -4.3619595906e+06   -1.3401736083e+07   -1.1225280497e+06   -1.3772295132e+03    1.1081753458e+03    7.7818714796e+01    2.2699800000e+19    1.7737949639e-05    0.0000000000e+00    1.0000000000e+00    0.0000000000e+00
   -1.4383345325e+07   -3.1068867530e+07   -1.0543549882e+07   -3.7470465510e+02    2.8644209367e+02    3.3471101705e+02    2.2699800000e+19    1.7737949639e-05    0.0000000000e+00    1.0000000000e+00    0.0000000000e+00
   -1.8519497492e+07    6.4196039421e+06    6.2052390894e+06    1.3018043240e+03    1.1498880879e+03   -1.6948820086e+02    2.2699800000e+19    1.7737949639e-05    0.0000000000e+00    1.0000000000e+00    0.0000000000e+00
   -4.1869362621e+07   -4.0282211366e+07    2.7068185125e+07   -1.0924996025e+03   -6.4512774988e+02    3.1343562524e+02    2.2668610000e+19    1.7713577326e-05    0.0000000000e+00    1.0000000000e+00    0.0000000000e+00
   -4.7730171908e+07   -1.2251621950e+08    1.4172434007e+07   -1.5692684906e+03   -3.4161792341e+03    3.8380881584e+02    2.2668610000e+19    1.7713577326e-05    0.0000000000e+00    1.0000000000e+00    0.0000000000e+00
   -3.7210231928e+07   -1.0912128686e+08   -9.8945006224e+06   -1.2464540971e+03   -2.9321672773e+03   -2.5911954930e+02    2.2668610000e+19    1.7713577326e-05    0.0000000000e+00    1.0000000000e+00    0.0000000000e+00
   -1.1965512372e+07    2.1116943845e+06    6.7256889528e+06    2.2154493170e+03    1.1508529535e+03   -1.3511203496e+01    2.2668610000e+19    1.7713577326e-05    0.0000000000e+00    1.0000000000e+00    0.0000000000e+00
   -4.5249939006e+07   -2.0634402888e+07   -2.1757947020e+06   -7.1860614864e+02    1.6242890657e+02   -6.6930454289e+01    2.2640030000e+19    1.7691244503e-05    0.0000000000e+00    1.0000000000e+00    0.0000000000e+00
   -3.6147253044e+07   -1.0042781319e+08    2.8127519956e+07   -1.1960346984e+03   -2.6858033316e+03    6.9050941751e+02    2.2611450000e+19    1.7668911681e-05    0.0000000000e+00    1.0000000000e+00    0.0000000000e+00
   -6.8428126104e+07   -1.2519799796e+08    1.1452423827e+07   -2.1828855235e+03   -3.5367719312e+03    3.3663360048e+02    2.2611450000e+19    1.7668911681e-05    0.0000000000e+00    1.0000000000e+00    0.0000000000e+00
   -3.9271727889e+07   -1.1555294352e+08   -7.6119417278e+07   -1.3349277250e+03   -3.3295279341e+03   -2.1369016553e+03    2.2611450000e+19    1.7668911681e-05    0.0000000000e+00    1.0000000000e+00    0.0000000000e+00
   -4.8040622590e+07   -1.1668420764e+08   -6.6809609371e+07   -1.5840499492e+03   -3.3430107566e+03   -1.8701640262e+03    2.2611450000e+19    1.7668911681e-05    0.0000000000e+00    1.0000000000e+00    0.0000000000e+00
   -2.5697527407e+07   -1.8989362649e+07    9.3527752755e+06   -1.4080344587e+02    4.6666484449e+02   -5.3024698507e+02    2.2582880000e+19    1.7646586673e-05    0.0000000000e+00    1.0000000000e+00    0.0000000000e+00
   -5.3000530941e+07   -5.0792502487e+07    3.2374283296e+07   -1.5020719729e+03   -1.0784316319e+03    6.0597427762e+02    2.2582880000e+19    1.7646586673e-05    0.0000000000e+00    1.0000000000e+00    0.0000000000e+00
   -4.5310598322e+07   -3.3397723454e+07    3.1180161912e+07   -1.1452791189e+03   -5.6486828916e+02    3.3598299601e+02    2.2582880000e+19    1.7646586673e-05    0.0000000000e+00    1.0000000000e+00    0.0000000000e+00
   -5.8105114299e+07   -4.5118092294e+07    1.5432280071e+07   -1.5403466473e+03   -8.1742158556e+02    2.0119649924e+02    2.2582880000e+19    1.7646586673e-05    0.0000000000e+00    1.0000000000e+00    0.0000000000e+00
   -4.8475029019e+07   -9.1395097182e+07    1.4885927174e+06   -1.5179573442e+03   -2.3264528407e+03    5.7376637098e+01    2.2582880000e+19    1.7646586673e-05    0.0000000000e+00    1.0000000000e+00    0.0000000000e+00
   -7.7797599005e+07   -1.2883007113e+08   -1.4015214380e+07   -2.4696152936e+03   -3.6852627821e+03   -3.8319304078e+02    2.2582880000e+19    1.7646586673e-05    0.0000000000e+00    1.0000000000e+00    0.0000000000e+00
   -5.7558938969e+07   -3.6833119792e+07   -4.5676536051e+06   -1.4066810895e+03   -4.9630563615e+02    2.6159520977e+01    2.2582880000e+19    1.7646586673e-05    0.0000000000e+00    1.0000000000e+00    0.0000000000e+00
    6.8106154874e+04   -9.2536482316e+06   -4.4338355430e+06   -2.6428167267e+03   -1.0413316786e+03   -7.4437627775e+02    2.2582880000e+19    1.7646586673e-05    0.0000000000e+00    1.0000000000e+00    0.0000000000e+00
   -2.3535000149e+07   -6.6512788118e+07    4.4087125006e+07   -8.2141588057e+02   -1.5851765086e+03    9.2661842935e+02    2.2554300000e+19    1.7624253850e-05    0.0000000000e+00    1.0000000000e+00    0.0000000000e+00
   -4.4087135482e+07   -2.4257818757e+07    4.4265714744e+05   -7.4418795221e+02    8.6441371995e+01   -7.8808106051e+01    2.2554300000e+19    1.7624253850e-05    0.0000000000e+00    1.0000000000e+00    0.0000000000e+00
   -1.5382803430e+07   -1.4020508135e+07   -1.6229535505e+06    3.3203288785e+02    1.4658466504e+03   -5.1190464074e+02    2.2553000000e+19    1.7623238012e-05    0.0000000000e+00    1.0000000000e+00    0.0000000000e+00
   -6.7432017904e+06    4.3252181180e+06   -4.6949553783e+05    2.3638293682e+03    2.3932145179e+03    4.9119825828e+01    2.2553000000e+19    1.7623238012e-05    0.0000000000e+00    1.0000000000e+00    0.0000000000e+00
   -3.7298273890e+07   -3.4429941869e+07   -5.1478614552e+06   -8.7609215250e+02   -6.9693726750e+01   -1.9836418710e+02    2.2553000000e+19    1.7623238012e-05    0.0000000000e+00    1.0000000000e+00    0.0000000000e+00
   -4.4586142851e+07   -1.1108778125e+08    3.2031497999e+07   -1.4678335508e+03   -3.0513833558e+03    8.5621529815e+02    2.2553000000e+19    1.7623238012e-05    0.0000000000e+00    1.0000000000e+00    0.0000000000e+00
   -3.5693061345e+07   -1.0981389682e+07   -1.9398501237e+06   -3.0078375082e+02    7.3962380334e+02   -8.9132176771e+01    2.2553000000e+19    1.7623238012e-05    0.0000000000e+00    1.0000000000e+00    0.0000000000e+00
   -4.9595988287e+07   -1.1614659078e+08    2.9152718137e+06   -1.6220601990e+03   -3.1848052398e+03    9.6264968857e+01    2.2553000000e+19    1.7623238012e-05    0.0000000000e+00    1.0000000000e+00    0.0000000000e+00
   -1.6311050177e+07   -6.7576601578e+07   -1.7793630929e+07   -6.4661761690e+02   -1.4113586660e+03   -2.4257391268e+02    2.2553000000e+19    1.7623238012e-05    0.0000000000e+00    1.0000000000e+00    0.0000000000e+00
   -2.0831835323e+06    9.7914754908e+06    3.3884552042e+06    3.0547055459e+03   -2.5236965305e+02   -1.2239287350e+03    2.2553000000e+19    1.7623238012e-05    0.0000000000e+00    1.0000000000e+00    0.0000000000e+00
    1.1010687041e+07    4.3606687578e+06   -2.6224919102e+06    8.5920198241e+02   -2.7774666513e+03   -4.0465526662e+02    2.2553000000e+19    1.7623238012e-05    0.0000000000e+00    1.0000000000e+00    0.0000000000e+00
   -2.2710823481e+07   -1.0046987550e+07    9.5782120167e+06    2.6160676597e+02    5.2205599635e+02   -9.4362540769e+02    2.2525720000e+19    1.7601921028e-05    0.0000000000e+00    1.0000000000e+00    0.0000000000e+00
   -3.9759791330e+07   -7.3278590919e+07    4.9078410710e+07   -1.2657906477e+03   -1.8478353520e+03    1.1720160768e+03    2.2525720000e+19    1.7601921028e-05    0.0000000000e+00    1.0000000000e+00    0.0000000000e+00
   -7.2611307500e+07   -1.2988767433e+08    3.9388196954e+07   -2.3207259316e+03   -3.7413935388e+03    1.1156708945e+03    2.2525720000e+19    1.7601921028e-05    0.0000000000e+00    1.0000000000e+00    0.0000000000e+00
   -7.7499563227e+07   -8.0374843386e+07    3.5758511178e+06   -2.3318644098e+03   -2.0641321664e+03    4.0120883029e+01    2.2525720000e+19    1.7601921028e-05    0.0000000000e+00    1.0000000000e+00    0.0000000000e+00
   -7.4892262835e+07   -9.9398811855e+07   -3.2017145349e+06   -2.3140570379e+03   -2.6943554714e+03   -8.5836755431e+01    2.2525720000e+19    1.7601921028e-05    0.0000000000e+00    1.0000000000e+00    0.0000000000e+00
   -2.5752017857e+07   -1.8394002381e+06    6.1093691007e+05    7.3840215889e+02    9.3310163708e+02   -8.5954750430e+01    2.2525720000e+19    1.7601921028e-05    0.0000000000e+00    1.0000000000e+00    0.0000000000e+00
   -1.9481027003e+07   -5.9688614198e+05    6.9816392684e+06    1.0759550182e+03    1.2857592568e+03   -3.3669918667e+01    2.2525720000e+19    1.7601921028e-05    0.0000000000e+00    1.0000000000e+00    0.0000000000e+00
   -7.2553928962e+07   -1.1102507812e+08   -2.5102169403e+07   -2.2835520550e+03   -3.1005087825e+03   -6.5637595265e+02    2.2525720000e+19    1.7601921028e-05    0.0000000000e+00    1.0000000000e+00    0.0000000000e+00
   -2.5452959405e+07   -2.3017770312e+07   -2.5583332971e+06   -3.3690390393e+02    6.5433768033e+02   -2.1271827084e+02    2.2505130000e+19    1.7585831706e-05    0.0000000000e+00    1.0000000000e+00    0.0000000000e+00
   -3.2013226577e+07   -1.1188759709e+07    7.3576034864e+06   -6.9317519627e+01    5.1933296587e+02   -4.3574784157e+02    2.2505130000e+19    1.7585831706e-05    0.0000000000e+00    1.0000000000e+00    0.0000000000e+00
   -4.3636687783e+07   -1.5958267629e+08   -1.5428079548e+07   -1.4842581813e+03   -4.6648666830e+03   -4.3644203452e+02    2.2505130000e+19    1.7585831706e-05    0.0000000000e+00    1.0000000000e+00    0.0000000000e+00
   -3.0752597993e+07   -8.9383873210e+07    3.6555770636e+07   -1.0528153232e+03   -2.3063699685e+03    8.8938126092e+02    2.2468570000e+19    1.7557263197e-05    0.0000000000e+00    1.0000000000e+00    0.0000000000e+00
   -8.3966853233e+07   -1.4227872378e+08    1.2425841277e+07   -2.6802541412e+03   -4.1385394010e+03    3.4047178235e+02    2.2468570000e+19    1.7557263197e-05    0.0000000000e+00    1.0000000000e+00    0.0000000000e+00
   -3.9551718027e+07   -1.1523299155e+08    4.3962737154e+07   -1.3308672114e+03   -3.2160218983e+03    1.1752173568e+03    2.2457750000e+19    1.7548808294e-05    0.0000000000e+00    1.0000000000e+00    0.0000000000e+00
   -3.7766158669e+07   -9.9723479656e+07   -2.6496749869e+06   -1.2764569026e+03   -2.5859606656e+03   -5.0926126007e+01    2.2457750000e+19    1.7548808294e-05    0.0000000000e+00    1.0000000000e+00    0.0000000000e+00
   -2.3787432568e+07    7.8450533026e+06   -1.1129791377e+07    6.5855404042e+02    1.1127956151e+03    1.0109226840e+02    2.2434250000e+19    1.7530445057e-05    0.0000000000e+00    1.0000000000e+00    0.0000000000e+00
   -3.6267056637e+07   -1.3961280635e+08   -4.8140282337e+07   -1.2529483385e+03   -4.0341846316e+03   -1.3480091938e+03    2.2434250000e+19    1.7530445057e-05    0.0000000000e+00    1.0000000000e+00    0.0000000000e+00
   -4.4286003994e+07   -9.4952791293e+07    3.3590434672e+07   -1.4350726781e+03   -2.5198581176e+03    8.2519605571e+02    2.2411420000e+19    1.7512605367e-05    0.0000000000e+00    1.0000000000e+00    0.0000000000e+00
   -3.6672386159e+07   -1.2248508574e+08   -9.0560526594e+06   -1.2600243494e+03   -3.3982906788e+03   -2.1614675439e+02    2.2411420000e+19    1.7512605367e-05    0.0000000000e+00    1.0000000000e+00    0.0000000000e+00
   -5.3341764944e+07   -1.5176622525e+08   -2.0735971228e+07   -1.7655140182e+03   -4.4178762953e+03   -5.6832523293e+02    2.2411420000e+19    1.7512605367e-05    0.0000000000e+00    1.0000000000e+00    0.0000000000e+00
   -1.3852723958e+07   -4.3746039257e+07   -6.3374343605e+07   -5.5707683082e+02   -1.0309572449e+03   -1.3536213220e+03    2.2411420000e+19    1.7512605367e-05    0.0000000000e+00    1.0000000000e+00    0.0000000000e+00
   -4.4506897629e+07   -4.4671796612e+07   -3.8682663509e+07   -1.2457273298e+03   -8.9508432733e+02   -6.9598945967e+02    2.2411420000e+19    1.7512605367e-05    0.0000000000e+00    1.0000000000e+00    0.0000000000e+00
   -7.2994255026e+06   -3.0819199133e+07    2.8968999295e+07   -3.9363226297e+02   -1.9553469592e+02   -5.3189999744e+01    2.2410860000e+19    1.7512167775e-05    0.0000000000e+00    1.0000000000e+00    0.0000000000e+00
    1.2403088681e+07    4.5442169364e+06    3.4146122709e+06    5.8989830219e+02   -2.5106851451e+03    2.1052431196e+02    2.2410860000e+19    1.7512167775e-05    0.0000000000e+00    1.0000000000e+00    0.0000000000e+00
   -1.1284458870e+07   -8.2694914188e+07    5.0297889793e+07   -5.1798103430e+02   -2.1505916361e+03    1.2075095931e+03    2.2410860000e+19    1.7512167775e-05    0.0000000000e+00    1.0000000000e+00    0.0000000000e+00
   -1.8157237754e+07   -9.5225394105e+07    8.9582764562e+07   -7.0707366089e+02   -2.7094651903e+03    2.4789376016e+03    2.2410860000e+19    1.7512167775e-05    0.0000000000e+00    1.0000000000e+00    0.0000000000e+00
   -2.6318615732e+07   -1.3846065956e+08   -6.5590915684e+07   -9.5804898566e+02   -4.0281077423e+03   -1.8669003270e+03    2.2410860000e+19    1.7512167775e-05    0.0000000000e+00    1.0000000000e+00    0.0000000000e+00
   -3.2687923328e+07   -1.2600149209e+07    5.5744526184e+06   -2.6253929707e+02    7.9392220285e+02    5.4110704695e+01    2.2410860000e+19    1.7512167775e-05    0.0000000000e+00    1.0000000000e+00    0.0000000000e+00
   -3.2394267423e+07   -1.1747282910e+08   -2.0242172190e+07   -1.1376659335e+03   -3.2418240869e+03   -5.2047710875e+02    2.2410860000e+19    1.7512167775e-05    0.0000000000e+00    1.0000000000e+00    0.0000000000e+00
   -3.0971179457e+07   -1.1391858516e+08    3.7070441578e+07   -1.0873592243e+03   -3.1532411024e+03    9.7019622122e+02    2.2387590000e+19    1.7493984263e-05    0.0000000000e+00    1.0000000000e+00    0.0000000000e+00
   -1.0976008520e+07   -1.1015660123e+08    6.2885183993e+07   -5.0746910313e+02   -3.0986945523e+03    1.7197534587e+03    2.2387590000e+19    1.7493984263e-05    0.0000000000e+00    1.0000000000e+00    0.0000000000e+00
   -3.4301644906e+07   -5.9476478447e+07    1.4174437008e+06   -1.0492575055e+03   -1.0494762526e+03    4.2054586864e+01    2.2387590000e+19    1.7493984263e-05    0.0000000000e+00    1.0000000000e+00    0.0000000000e+00
   -6.1168213758e+07   -1.1978253380e+08   -3.5515886898e+06   -1.9518018111e+03   -3.3234335273e+03   -7.9381834992e+01    2.2387590000e+19    1.7493984263e-05    0.0000000000e+00    1.0000000000e+00    0.0000000000e+00
   -3.2320170895e+07   -1.2349267165e+08    4.4507391251e+07   -1.1344663021e+03   -3.5032305248e+03    1.1814543800e+03    2.2364430000e+19    1.7475886706e-05    0.0000000000e+00    1.0000000000e+00    0.0000000000e+00
   -1.9421697997e+07   -1.3750906520e+08    9.2370366152e+07   -7.4897317598e+02   -4.0570080854e+03    2.6620239823e+03    2.2364430000e+19    1.7475886706e-05    0.0000000000e+00    1.0000000000e+00    0.0000000000e+00
    3.8176390565e+06   -6.1251202941e+07   -5.5039731008e+07   -1.2341728068e+02   -1.4962188443e+03   -1.2210243175e+03    2.2364430000e+19    1.7475886706e-05    0.0000000000e+00    1.0000000000e+00    0.0000000000e+00
   -2.7203373408e+07   -4.0899186020e+06    1.4827040899e+06    3.7678158787e+02    1.0860362751e+03    7.4935420362e+01    2.2364430000e+19    1.7475886706e-05    0.0000000000e+00    1.0000000000e+00    0.0000000000e+00
   -2.0021532670e+07   -1.3808184305e+08   -1.3417112348e+07   -7.8331697706e+02   -3.9304280489e+03   -3.5906148535e+02    2.2364430000e+19    1.7475886706e-05    0.0000000000e+00    1.0000000000e+00    0.0000000000e+00
   -3.4535640199e+07   -1.2920440321e+07   -1.0540475840e+06   -1.3851406853e+02    4.8332366941e+02    3.9873877034e+02    2.2354260000e+19    1.7467939722e-05    0.0000000000e+00    1.0000000000e+00    0.0000000000e+00
   -3.6613690395e+07   -1.3696542176e+08    2.5970963037e+07   -1.2627678682e+03   -3.9028729110e+03    7.2149098211e+02    2.2341380000e+19    1.7457875105e-05    0.0000000000e+00    1.0000000000e+00    0.0000000000e+00
   -4.1725236423e+07   -3.4350521731e+07    2.5072286257e+07   -1.0083945302e+03   -4.9178753668e+02    1.5977207408e+02    2.2325680000e+19    1.7445606900e-05    0.0000000000e+00    1.0000000000e+00    0.0000000000e+00
   -4.8493456314e+07   -3.9990116125e+07    1.2619204918e+07   -1.1909676542e+03   -5.8057647212e+02    2.3069644343e+01    2.2325680000e+19    1.7445606900e-05    0.0000000000e+00    1.0000000000e+00    0.0000000000e+00
   -2.1187024880e+07   -1.9666626886e+07    3.6350676288e+07   -5.2423599796e+02   -2.1074115434e+02    6.0764721804e+01    2.2325680000e+19    1.7445606900e-05    0.0000000000e+00    1.0000000000e+00    0.0000000000e+00
   -4.2742017014e+07   -1.1271923112e+08    5.2201180197e+07   -1.4229154589e+03   -3.1690624146e+03    1.4075254207e+03    2.2325680000e+19    1.7445606900e-05    0.0000000000e+00    1.0000000000e+00    0.0000000000e+00
   -5.9395300748e+07   -1.0806333173e+08    6.2966769356e+07   -1.9094891400e+03   -3.0486204708e+03    1.7695147667e+03    2.2325680000e+19    1.7445606900e-05    0.0000000000e+00    1.0000000000e+00    0.0000000000e+00
    3.1355787005e+07    7.7411321968e+06   -8.8406318454e+05    1.6693281040e+03   -1.0175405026e+03    8.4912639420e+01    2.2318440000e+19    1.7439949460e-05    0.0000000000e+00    1.0000000000e+00    0.0000000000e+00
   -3.9838968867e+07   -1.0722760983e+08   -5.6486690599e+07   -1.3380922742e+03   -2.9781528657e+03   -1.5410812439e+03    2.2318440000e+19    1.7439949460e-05    0.0000000000e+00    1.0000000000e+00    0.0000000000e+00
   -4.4783344655e+07   -7.0496070389e+07   -3.6254552046e+07   -1.3666785996e+03   -1.6865224828e+03   -8.3974262856e+02    2.2297090000e+19    1.7423266263e-05    0.0000000000e+00    1.0000000000e+00    0.0000000000e+00
   -6.3735414926e+07   -8.4721707167e+07   -3.3401719943e+07   -1.9629433623e+03   -2.2153507205e+03   -8.2780997865e+02    2.2297090000e+19    1.7423266263e-05    0.0000000000e+00    1.0000000000e+00    0.0000000000e+00
   -2.0066882574e+07   -1.4662197321e+07   -2.4998987463e+06    2.0177124044e+02    1.1700906690e+03   -4.2332381891e+02    2.2272890000e+19    1.7404356036e-05    0.0000000000e+00    1.0000000000e+00    0.0000000000e+00
   -1.3075125676e+07   -5.7661145882e+07    7.6075844149e+07   -5.4939881994e+02   -1.5061437246e+03    1.8859505874e+03    2.2272890000e+19    1.7404356036e-05    0.0000000000e+00    1.0000000000e+00    0.0000000000e+00
    3.3508344409e+07   -3.5836047817e+06   -4.8724671148e+05    1.4550241181e+03   -1.4534474833e+03    1.0036625117e+02    2.2272890000e+19    1.7404356036e-05    0.0000000000e+00    1.0000000000e+00    0.0000000000e+00
    2.9574027867e+06   -2.1592681691e+07    3.3652246109e+05   -1.3233541797e+03   -8.2116922971e+02    5.9794298103e+01    2.2272890000e+19    1.7404356036e-05    0.0000000000e+00    1.0000000000e+00    0.0000000000e+00
   -5.0908685678e+07   -1.8600210281e+08    1.7196357689e+07   -1.7034679965e+03   -5.5303859169e+03    4.9539898635e+02    2.2272890000e+19    1.7404356036e-05    0.0000000000e+00    1.0000000000e+00    0.0000000000e+00
    1.6752373940e+07    2.7568832449e+07   -6.4988215728e+05    1.7754133941e+03    1.0820255986e+02    8.2026898108e+00    2.2272890000e+19    1.7404356036e-05    0.0000000000e+00    1.0000000000e+00    0.0000000000e+00
   -3.1806149346e+07   -1.2031500490e+08   -1.9269642493e+07   -1.1141783138e+03   -3.3249350013e+03   -4.8915199524e+02    2.2272890000e+19    1.7404356036e-05    0.0000000000e+00    1.0000000000e+00    0.0000000000e+00
    3.6410207170e+07   -1.5331491800e+07    8.0194945226e+05    1.5849772310e+03   -1.9409593749e+03    1.1487811046e+02    2.2272890000e+19    1.7404356036e-05    0.0000000000e+00    1.0000000000e+00    0.0000000000e+00
   -2.9219008847e+07   -8.5768098404e+07   -1.9697849240e+07   -1.0109623155e+03   -2.1240883815e+03   -3.8223787422e+02    2.2272890000e+19    1.7404356036e-05    0.0000000000e+00    1.0000000000e+00    0.0000000000e+00
   -1.2882703925e+07   -1.6913174006e+07   -1.8381270020e+06    9.4484124736e+01    1.3880558360e+03    6.3358825861e+02    2.2272890000e+19    1.7404356036e-05    0.0000000000e+00    1.0000000000e+00    0.0000000000e+00
   -5.7842271982e+06    1.5306755356e+07    6.3910501561e+06    1.9835110607e+03    3.1663661464e+02   -7.8908155346e+02    2.2272890000e+19    1.7404356036e-05    0.0000000000e+00    1.0000000000e+00    0.0000000000e+00
   -4.7318439950e+07   -1.0150397425e+08   -3.6340635023e+07   -1.5381714411e+03   -2.7449683224e+03   -9.3275058709e+02    2.2268510000e+19    1.7400933441e-05    0.0000000000e+00    1.0000000000e+00    0.0000000000e+00
    4.6512031609e+05   -1.2602660197e+07    8.6427835514e+06   -1.8622000717e+03   -8.4361178047e+02   -2.1418093046e+02    2.2239920000e+19    1.7378592804e-05    0.0000000000e+00    1.0000000000e+00    0.0000000000e+00
   -3.1789610263e+07   -6.8545331866e+07    7.0854386091e+07   -1.0612101962e+03   -1.8321190590e+03    1.7643167193e+03    2.2239920000e+19    1.7378592804e-05    0.0000000000e+00    1.0000000000e+00    0.0000000000e+00
   -5.0498963234e+07   -2.8540946938e+07    3.4246736775e+06   -1.0645791774e+03   -1.6080696771e+02   -1.0997307685e+02    2.2239920000e+19    1.7378592804e-05    0.0000000000e+00    1.0000000000e+00    0.0000000000e+00
   -6.9357602554e+07   -8.8667435023e+07    2.3946959800e+07   -2.1284703457e+03   -2.3304515786e+03    6.1154107521e+02    2.2239920000e+19    1.7378592804e-05    0.0000000000e+00    1.0000000000e+00    0.0000000000e+00
   -5.7379146350e+07   -1.1540773854e+08   -1.2879025633e+07   -1.8420105780e+03   -3.1911524409e+03   -3.5152754283e+02    2.2239920000e+19    1.7378592804e-05    0.0000000000e+00    1.0000000000e+00    0.0000000000e+00
   -8.0860104900e+07   -8.8906851817e+07   -3.0647696605e+06   -2.4634729942e+03   -2.3590704128e+03   -5.2418854689e+01    2.2239920000e+19    1.7378592804e-05    0.0000000000e+00    1.0000000000e+00    0.0000000000e+00
    6.2330537960e+05   -1.1132883424e+07    6.1131784538e+05   -2.3394359466e+03   -1.3959495223e+03   -2.7634959706e+02    2.2239920000e+19    1.7378592804e-05    0.0000000000e+00    1.0000000000e+00    0.0000000000e+00
   -3.9204881824e+07   -7.8155195388e+07   -1.8627006483e+07   -1.2442596843e+03   -1.8414518621e+03   -4.1288835052e+02    2.2239920000e+19    1.7378592804e-05    0.0000000000e+00    1.0000000000e+00    0.0000000000e+00
   -6.5019612608e+07   -1.2765964676e+08   -3.1506232682e+07   -2.0921224498e+03   -3.6303300213e+03   -8.7065000835e+02    2.2239920000e+19    1.7378592804e-05    0.0000000000e+00    1.0000000000e+00    0.0000000000e+00
   -7.1385188544e+07   -9.0257447078e+07   -2.4329000497e+07   -2.1900816423e+03   -2.3935938870e+03   -6.2224314754e+02    2.2239920000e+19    1.7378592804e-05    0.0000000000e+00    1.0000000000e+00    0.0000000000e+00
   -2.0509367522e+07   -1.2335580803e+08    3.1855754259e+07   -7.9336209230e+02   -3.4728782504e+03    8.1862029903e+02    2.2227750000e+19    1.7369082992e-05    0.0000000000e+00    1.0000000000e+00    0.0000000000e+00
   -3.0853039460e+07   -1.0704803460e+08    9.3047278880e+07   -1.0872542152e+03   -3.0958919436e+03    2.6336284993e+03    2.2227750000e+19    1.7369082992e-05    0.0000000000e+00    1.0000000000e+00    0.0000000000e+00
   -2.9732275273e+07   -9.9853252871e+07   -6.7735575298e+07   -1.0472012797e+03   -2.7987884026e+03   -1.8092258161e+03    2.2227750000e+19    1.7369082992e-05    0.0000000000e+00    1.0000000000e+00    0.0000000000e+00
   -2.2892671175e+07    8.1982662527e+06    3.8266165931e+06    9.4460004098e+02    1.1087381356e+03   -2.0165752249e+00    2.2227750000e+19    1.7369082992e-05    0.0000000000e+00    1.0000000000e+00    0.0000000000e+00
   -3.2447488239e+07   -1.3607728165e+08   -3.0535644959e+07   -1.1365669415e+03   -3.8814945107e+03   -8.4562678620e+02    2.2227750000e+19    1.7369082992e-05    0.0000000000e+00    1.0000000000e+00    0.0000000000e+00
   -7.0773469746e+07   -6.6171669412e+07   -1.8561407140e+07   -2.0734469336e+03   -1.6057788853e+03   -3.6791154959e+02    2.2211330000e+19    1.7356252168e-05    0.0000000000e+00    1.0000000000e+00    0.0000000000e+00
    1.3951410024e+07    1.3501749500e+07   -9.8326496224e+05    1.5268616322e+03   -1.3602866449e+03   -4.2519445850e+01    2.2205330000e+19    1.7351563682e-05    0.0000000000e+00    1.0000000000e+00    0.0000000000e+00
    9.7251350465e+05    7.0626431812e+06   -1.0139135404e+06    3.7736721104e+03    4.9018702441e+02    4.0429943099e+02    2.2205330000e+19    1.7351563682e-05    0.0000000000e+00    1.0000000000e+00    0.0000000000e+00
   -5.9626770807e+06    1.8681737342e+07   -1.3619605654e+06    1.9153245039e+03    7.4756767714e+01   -8.2142681246e+01    2.2205330000e+19    1.7351563682e-05    0.0000000000e+00    1.0000000000e+00    0.0000000000e+00
   -6.2505069818e+07   -1.4536106111e+08   -3.0009154637e+07   -2.0403906009e+03   -4.2288529839e+03   -8.5652775502e+02    2.2205330000e+19    1.7351563682e-05    0.0000000000e+00    1.0000000000e+00    0.0000000000e+00
   -1.9015146795e+07   -9.2632554716e+07   -8.9198986505e+07   -7.2965540315e+02   -2.6474294120e+03   -2.4380531467e+03    2.2205330000e+19    1.7351563682e-05    0.0000000000e+00    1.0000000000e+00    0.0000000000e+00
   -1.7326053766e+07   -2.6232020749e+07   -5.1538864558e+06   -2.8563912237e+02    6.0319180475e+02    4.1670124373e+02    2.2205330000e+19    1.7351563682e-05    0.0000000000e+00    1.0000000000e+00    0.0000000000e+00
   -3.3418409447e+07   -6.8499678484e+07    5.9707130520e+06   -1.0768012816e+03   -1.4356075066e+03    1.0362078919e+00    2.2183010000e+19    1.7334122513e-05    0.0000000000e+00    1.0000000000e+00    0.0000000000e+00
   -3.1444504940e+07   -7.0673187674e+07    5.5862977000e+07   -1.0471053391e+03   -1.7891876036e+03    1.3414903488e+03    2.2183010000e+19    1.7334122513e-05    0.0000000000e+00    1.0000000000e+00    0.0000000000e+00
   -1.5739072070e+07   -2.2014907979e+07   -1.6536424726e+07   -2.4110015290e+02    3.8251236460e+02    6.0049935959e+02    2.2183010000e+19    1.7334122513e-05    0.0000000000e+00    1.0000000000e+00    0.0000000000e+00
   -6.5251687336e+06    1.9682442121e+07   -1.4884784848e+06    1.8847537844e+03    2.8946962960e+02    1.0745791985e+02    2.2183010000e+19    1.7334122513e-05    0.0000000000e+00    1.0000000000e+00    0.0000000000e+00
   -3.8363160200e+07   -1.6796298478e+08   -2.0941512309e+07   -1.3278216025e+03   -4.9335440662e+03   -5.9253754339e+02    2.2183010000e+19    1.7334122513e-05    0.0000000000e+00    1.0000000000e+00    0.0000000000e+00
   -3.4677076416e+07   -8.7494193717e+07   -1.5974586698e+07   -1.1505905712e+03   -2.1818440197e+03   -3.1402231103e+02    2.2182730000e+19    1.7333903717e-05    0.0000000000e+00    1.0000000000e+00    0.0000000000e+00
   -4.3898043467e+07   -1.3770101293e+08   -4.4843118049e+07   -1.4713828447e+03   -3.9707006942e+03   -1.2580819256e+03    2.2182730000e+19    1.7333903717e-05    0.0000000000e+00    1.0000000000e+00    0.0000000000e+00
   -3.3609269840e+07   -7.1177298143e+07   -4.6541829720e+07   -1.0963670102e+03   -1.7504616547e+03   -1.0789217368e+03    2.2182730000e+19    1.7333903717e-05    0.0000000000e+00    1.0000000000e+00    0.0000000000e+00
   -5.9293652866e+07   -7.9714979725e+07   -2.9015270719e+07   -1.8104246734e+03   -2.0335308549e+03   -6.5750619302e+02    2.2182730000e+19    1.7333903717e-05    0.0000000000e+00    1.0000000000e+00    0.0000000000e+00
   -1.5940715965e+07   -2.2003102833e+07   -3.4526499177e+07   -4.5593669219e+02   -1.8332734955e+02    2.8001131238e+01    2.2182730000e+19    1.7333903717e-05    0.0000000000e+00    1.0000000000e+00    0.0000000000e+00
   -5.1888765720e+07   -1.5363535505e+08    2.5596874098e+07   -1.7200010238e+03   -4.4765427844e+03    6.9467557494e+02    2.2160790000e+19    1.7316759486e-05    0.0000000000e+00    1.0000000000e+00    0.0000000000e+00
   -5.6960807425e+07   -1.0235095179e+08    3.0372449113e+06   -1.8009216276e+03   -2.7126687081e+03    8.2659311711e+01    2.2160790000e+19    1.7316759486e-05    0.0000000000e+00    1.0000000000e+00    0.0000000000e+00
   -5.5886297647e+07   -4.8730021891e+07    2.0647229326e+07   -1.5238850375e+03   -9.6166842971e+02    2.8467194563e+02    2.2154140000e+19    1.7311563081e-05    0.0000000000e+00    1.0000000000e+00    0.0000000000e+00
   -1.1181465302e+07   -6.2197973719e+07    5.0657219892e+07   -5.1272344725e+02   -1.4843831864e+03    1.0744889893e+03    2.2138660000e+19    1.7299466787e-05    0.0000000000e+00    1.0000000000e+00    0.0000000000e+00
    3.6030748937e+07   -1.9306230701e+07   -5.9566066894e+05    1.5569054015e+03   -2.1791127345e+03    7.0665599541e+00    2.2138660000e+19    1.7299466787e-05    0.0000000000e+00    1.0000000000e+00    0.0000000000e+00
    2.9163269759e+07    1.0856836252e+07   -2.2745508219e+06    1.6433177490e+03   -8.9841376536e+02    6.3367733332e+01    2.2138660000e+19    1.7299466787e-05    0.0000000000e+00    1.0000000000e+00    0.0000000000e+00
   -3.1100057306e+07   -1.1011526599e+08   -8.2548595566e+07   -1.0871566630e+03   -3.1728892947e+03   -2.2875462070e+03    2.2138660000e+19    1.7299466787e-05    0.0000000000e+00    1.0000000000e+00    0.0000000000e+00
   -1.2927040015e+07   -9.3334467592e+07   -6.3826530267e+07   -5.5011996906e+02   -2.5721152533e+03   -1.6560623763e+03    2.2138660000e+19    1.7299466787e-05    0.0000000000e+00    1.0000000000e+00    0.0000000000e+00
   -3.1833313429e+07   -5.5264934258e+07   -3.9813319209e+05   -9.7803148801e+02   -8.7182215355e+02    1.0176456274e+02    2.2138660000e+19    1.7299466787e-05    0.0000000000e+00    1.0000000000e+00    0.0000000000e+00
    1.7732572672e+07    2.5150891535e+07   -2.7646961432e+06    1.7565105853e+03   -8.0220357653e+01   -2.3345492068e+01    2.2094690000e+19    1.7265107997e-05    0.0000000000e+00    1.0000000000e+00    0.0000000000e+00
   -3.4085239136e+07   -1.2454923756e+08    2.6444245546e+07   -1.1958071732e+03   -3.4863932531e+03    7.0785121117e+02    2.2094690000e+19    1.7265107997e-05    0.0000000000e+00    1.0000000000e+00    0.0000000000e+00
   -4.8728729760e+07   -1.4720214309e+08    5.0818265979e+07   -1.6276538395e+03   -4.2926838300e+03    1.4465380331e+03    2.2094690000e+19    1.7265107997e-05    0.0000000000e+00    1.0000000000e+00    0.0000000000e+00
    2.1369143855e+07    2.4303599869e+07   -4.7371907103e+05    1.8280916610e+03   -1.1299531390e+02    4.0286674034e+01    2.2094690000e+19    1.7265107997e-05    0.0000000000e+00    1.0000000000e+00    0.0000000000e+00
   -5.3063736534e+07   -1.2112768105e+08   -4.6335878363e+07   -1.7344991029e+03   -3.4346361628e+03   -1.2944466331e+03    2.2094690000e+19    1.7265107997e-05    0.0000000000e+00    1.0000000000e+00    0.0000000000e+00
   -3.9511612539e+07   -9.2947576472e+07    4.5188719497e+06   -1.3156676911e+03   -2.3448181867e+03    1.0357140354e+02    2.2094690000e+19    1.7265107997e-05    0.0000000000e+00    1.0000000000e+00    0.0000000000e+00
   -4.9750834561e+07   -1.3247183081e+08   -8.5170280430e+06   -1.6408309833e+03   -3.7385123590e+03   -2.3770080730e+02    2.2094690000e+19    1.7265107997e-05    0.0000000000e+00    1.0000000000e+00    0.0000000000e+00
   -1.2484666710e+07   -4.8930414636e+07    2.7776864952e+07   -5.2549114532e+02   -7.8373008589e+02    2.8255101053e+02    2.2072840000e+19    1.7248034094e-05    0.0000000000e+00    1.0000000000e+00    0.0000000000e+00
   -1.8860769216e+07   -6.3601721513e+07    8.8257984323e+07   -7.1547453843e+02   -1.7542606982e+03    2.3076740670e+03    2.2072840000e+19    1.7248034094e-05    0.0000000000e+00    1.0000000000e+00    0.0000000000e+00
   -7.4561610478e+07   -1.3378675984e+08    1.2090073878e+07   -2.3824382463e+03   -3.8220602023e+03    3.2682363988e+02    2.2072840000e+19    1.7248034094e-05    0.0000000000e+00    1.0000000000e+00    0.0000000000e+00
   -1.6069595292e+07   -5.7582042109e+07   -6.0504344527e+07   -6.2707595029e+02   -1.4207462093e+03   -1.3556813579e+03    2.2072840000e+19    1.7248034094e-05    0.0000000000e+00    1.0000000000e+00    0.0000000000e+00
   -5.2480487494e+07   -1.1850629559e+08   -7.0325094345e+07   -1.7202956577e+03   -3.4204533765e+03   -1.9480505112e+03    2.2072840000e+19    1.7248034094e-05    0.0000000000e+00    1.0000000000e+00    0.0000000000e+00
   -8.6078229330e+06    2.3557088915e+07    5.3872654739e+05    1.5106575305e+03    5.4788643102e+02   -1.8079344484e+02    2.2072840000e+19    1.7248034094e-05    0.0000000000e+00    1.0000000000e+00    0.0000000000e+00
   -2.9277098892e+07   -9.4828234152e+07   -2.5548433225e+07   -1.0249694714e+03   -2.4505058931e+03   -6.0768038856e+02    2.2072840000e+19    1.7248034094e-05    0.0000000000e+00    1.0000000000e+00    0.0000000000e+00
   -5.9638721678e+07   -6.3313357271e+07    4.0113249678e+07   -1.7714839010e+03   -1.5500307053e+03    8.8803518950e+02    2.2068320000e+19    1.7244502101e-05    0.0000000000e+00    1.0000000000e+00    0.0000000000e+00
   -5.4830330607e+07   -5.6152300861e+07    1.7297047604e+07   -1.5358518356e+03   -1.1691602005e+03    2.5327947612e+02    2.2068320000e+19    1.7244502101e-05    0.0000000000e+00    1.0000000000e+00    0.0000000000e+00
   -3.3775877677e+07   -1.0952375753e+08    6.5972277250e+07   -1.1611351656e+03   -3.0998313284e+03    1.7961639531e+03    2.2068320000e+19    1.7244502101e-05    0.0000000000e+00    1.0000000000e+00    0.0000000000e+00
   -5.8601674141e+07   -7.3230808454e+07    2.3761014252e+07   -1.7476262104e+03   -1.7762772820e+03    5.2565567082e+02    2.2068320000e+19    1.7244502101e-05    0.0000000000e+00    1.0000000000e+00    0.0000000000e+00
   -7.2608512607e+07   -9.7258909412e+07    3.8148401253e+05   -2.2430206250e+03   -2.6049992958e+03   -1.2379924925e+01    2.2068320000e+19    1.7244502101e-05    0.0000000000e+00    1.0000000000e+00    0.0000000000e+00
   -6.7212047588e+07   -1.0558112403e+08   -2.7314835871e+07   -2.0993007127e+03   -2.8992161833e+03   -7.3788257078e+02    2.2068320000e+19    1.7244502101e-05    0.0000000000e+00    1.0000000000e+00    0.0000000000e+00
   -3.5813453297e+07   -1.4993148720e+07   -1.0797197486e+06   -2.7129447215e+02    4.2267676834e+02    4.2051379760e+02    2.2068320000e+19    1.7244502101e-05    0.0000000000e+00    1.0000000000e+00    0.0000000000e+00
   -2.9220364310e+07   -4.5636116812e+07   -5.0431484060e+07   -9.1596194963e+02   -9.9424087398e+02   -9.6332807235e+02    2.2051070000e+19    1.7231022703e-05    0.0000000000e+00    1.0000000000e+00    0.0000000000e+00
   -5.2884944045e+07   -9.0605236771e+07    7.6139859829e+07   -1.7025126576e+03   -2.5383051804e+03    2.0610190292e+03    2.2011090000e+19    1.7199781757e-05    0.0000000000e+00    1.0000000000e+00    0.0000000000e+00
   -7.7158631229e+07   -8.6718843401e+07    1.4424045436e+07   -2.3506851180e+03   -2.2710697817e+03    3.5306230943e+02    2.2011090000e+19    1.7199781757e-05    0.0000000000e+00    1.0000000000e+00    0.0000000000e+00
   -3.6912893091e+07   -9.3239288825e+07    5.2596688197e+07   -1.2279761185e+03   -2.5134203046e+03    1.3753623773e+03    2.2011090000e+19    1.7199781757e-05    0.0000000000e+00    1.0000000000e+00    0.0000000000e+00
   -7.4690496619e+07   -1.0540316286e+08   -3.7920176696e+06   -2.3215108732e+03   -2.8760663795e+03   -1.1320167883e+02    2.2011090000e+19    1.7199781757e-05    0.0000000000e+00    1.0000000000e+00    0.0000000000e+00
   -1.2106330549e+07   -4.4220363814e+06   -3.7727181784e+06    1.3276365117e+03    2.1586664075e+03   -1.4289634885e+02    2.2007810000e+19    1.7197218718e-05    0.0000000000e+00    1.0000000000e+00    0.0000000000e+00
   -5.8650081183e+07   -9.7884540915e+07    1.0376127266e+07   -1.8412875836e+03   -2.5816495714e+03    2.1060196871e+02    2.2007810000e+19    1.7197218718e-05    0.0000000000e+00    1.0000000000e+00    0.0000000000e+00
   -5.4190812960e+07   -1.3797426497e+08    2.2720898432e+07   -1.7760080895e+03   -3.9471360471e+03    6.1600080226e+02    2.2007810000e+19    1.7197218718e-05    0.0000000000e+00    1.0000000000e+00    0.0000000000e+00
   -3.6816036293e+07   -1.1456900598e+08   -4.2222410184e+06   -1.2586460715e+03   -3.1087339240e+03   -1.4079274154e+02    2.2007810000e+19    1.7197218718e-05    0.0000000000e+00    1.0000000000e+00    0.0000000000e+00
   -5.8707690233e+07   -1.2002269201e+08   -6.4466105623e+06   -1.8848781101e+03   -3.3340878237e+03   -2.0727348490e+02    2.2007810000e+19    1.7197218718e-05    0.0000000000e+00    1.0000000000e+00    0.0000000000e+00
    1.4890986846e+07    2.8418248148e+07   -2.2128990328e+06    1.7555651384e+03    1.9444171867e+02   -2.6975401529e+01    2.2007810000e+19    1.7197218718e-05    0.0000000000e+00    1.0000000000e+00    0.0000000000e+00
   -5.6696856337e+07   -9.5896790150e+07   -3.6659059491e+07   -1.7842274334e+03   -2.5667792152e+03   -9.3668013573e+02    2.2007810000e+19    1.7197218718e-05    0.0000000000e+00    1.0000000000e+00    0.0000000000e+00
    5.2777042927e+06   -3.4539846346e+06   -3.7279764068e+05   -2.3236292025e+03   -2.4655683985e+03    1.2004150706e+02    2.2007810000e+19    1.7197218718e-05    0.0000000000e+00    1.0000000000e+00    0.0000000000e+00
   -2.8792724162e+07   -5.6235644920e+07   -7.1909375455e+06   -8.9300297849e+02   -9.3136733050e+02    3.0823943911e+01    2.2007810000e+19    1.7197218718e-05    0.0000000000e+00    1.0000000000e+00    0.0000000000e+00
   -2.8748974122e+07   -2.4152081965e+07   -3.8239548082e+06   -4.3028770276e+02    4.9383629245e+02   -2.7716377107e+02    2.1964890000e+19    1.7163680414e-05    0.0000000000e+00    1.0000000000e+00    0.0000000000e+00
   -1.0011314375e+07   -2.9841284306e+07    4.6403913544e+07   -4.2936143058e+02   -4.4924258789e+02    6.0102748291e+02    2.1964890000e+19    1.7163680414e-05    0.0000000000e+00    1.0000000000e+00    0.0000000000e+00
    7.0199541977e+06   -1.3637620594e+07   -1.4249394884e+06   -1.6130125412e+03   -1.2805572215e+03    3.7937431789e+02    2.1964890000e+19    1.7163680414e-05    0.0000000000e+00    1.0000000000e+00    0.0000000000e+00
   -3.2792338029e+07   -1.3881752066e+08   -6.1654192699e+07   -1.1416910813e+03   -4.0439980210e+03   -1.7178577109e+03    2.1964890000e+19    1.7163680414e-05    0.0000000000e+00    1.0000000000e+00    0.0000000000e+00
   -1.0186801577e+06   -1.6839243709e+07    5.9986872704e+05   -1.7407404615e+03   -3.6548186065e+02    3.2634582797e+02    2.1964890000e+19    1.7163680414e-05    0.0000000000e+00    1.0000000000e+00    0.0000000000e+00
   -3.6514783869e+07   -1.5606332224e+08   -4.6313921164e+07   -1.2655370341e+03   -4.5690774307e+03   -1.3143093351e+03    2.1964890000e+19    1.7163680414e-05    0.0000000000e+00    1.0000000000e+00    0.0000000000e+00
   -2.0862508202e+07   -9.7781114661e+07    4.5903037216e+07   -7.8383626718e+02   -2.6357243152e+03    1.1721466699e+03    2.1953840000e+19    1.7155045785e-05    0.0000000000e+00    1.0000000000e+00    0.0000000000e+00
   -5.8963569836e+07   -1.0669145421e+08    1.2626841616e+07   -1.8618483314e+03   -2.8948034014e+03    3.4089458307e+02    2.1953840000e+19    1.7155045785e-05    0.0000000000e+00    1.0000000000e+00    0.0000000000e+00
    1.4892740065e+05   -7.0224192363e+06   -2.5544240384e+06   -2.9213336153e+03   -6.6249162992e+01   -4.8325169499e+02    2.1943550000e+19    1.7147005031e-05    0.0000000000e+00    1.0000000000e+00    0.0000000000e+00
   -2.8834708035e+06   -1.1705867481e+07   -2.6407954565e+07   -3.5536441768e+02    1.6820474522e+02    7.8032040364e+02    2.1943550000e+19    1.7147005031e-05    0.0000000000e+00    1.0000000000e+00    0.0000000000e+00
    1.4847750666e+07   -1.7168397714e+07   -2.8185246673e+06   -5.7418468069e+02   -1.6112133001e+03   -9.2609478501e+01    2.1943550000e+19    1.7147005031e-05    0.0000000000e+00    1.0000000000e+00    0.0000000000e+00
   -4.4613732791e+07   -1.1611224062e+08   -7.9348536524e+07   -1.4853841746e+03   -3.3431969473e+03   -2.2192569399e+03    2.1943550000e+19    1.7147005031e-05    0.0000000000e+00    1.0000000000e+00    0.0000000000e+00
    1.5752555617e+07    1.5749263064e+07   -1.9304685789e+06    1.5631930402e+03   -1.0299095416e+03    4.9330510181e-01    2.1943550000e+19    1.7147005031e-05    0.0000000000e+00    1.0000000000e+00    0.0000000000e+00
    1.3217179488e+07   -8.8897296425e+06    1.0344165136e+07   -9.2418828369e+02   -1.3552544578e+03    8.0214790915e+02    2.1925200000e+19    1.7132666078e-05    0.0000000000e+00    1.0000000000e+00    0.0000000000e+00
   -4.3997635501e+07   -1.3094400802e+08   -2.5856901381e+07   -1.4716623107e+03   -3.7174355421e+03   -6.9685886975e+02    2.1925200000e+19    1.7132666078e-05    0.0000000000e+00    1.0000000000e+00    0.0000000000e+00
   -6.6385670479e+07   -1.0649128159e+08   -2.5830059195e+07   -2.0949626327e+03   -2.9159683966e+03   -6.7747986976e+02    2.1925200000e+19    1.7132666078e-05    0.0000000000e+00    1.0000000000e+00    0.0000000000e+00
   -4.9832179157e+07   -1.7932765200e+07    4.6279167721e+05   -8.6972538255e+02    1.2826542029e+02    2.1452460798e+02    2.1925200000e+19    1.7132666078e-05    0.0000000000e+00    1.0000000000e+00    0.0000000000e+00
