x1	x2	x3	v1	v2	v3	mass	rel_mass	water_fraction
-4285155.355826824 6585279.55376375 57167.320720586664 -89.06370575735995 163.40884736040363 6.564692696644471 1.167618666879999e+25 0.9753210803016035 0.09063209867179542 
59217212.71765376 -159078060.67481577 9801735.487342546 616.545901584314 -3028.586178927574 103.11651285781365 1.3081506599999998e+22 0.001092708562374 0.04261463278243501 
148635022.58458132 -246031916.0332701 24784748.65457501 3109.413661370536 -5773.166464469157 528.3600067305629 6.708899399999999e+21 0.000560399657523 0.03650018958400241 
130447750.53790802 -227292748.59035474 -17947590.280825004 2634.1433090046626 -5253.659200388178 -342.5257131907819 5.6461614e+21 0.00047162831430500003 0.026019730856436378 
167885071.37036705 -252228165.4557418 -76499253.23953958 3665.4898841119743 -6059.003004541246 -1668.252878198084 4.6808916999999995e+21 0.00039099857505400006 0.0 
124763513.58302517 -225498366.0047256 18974308.03122495 2496.66063069376 -5205.985656665025 409.33075746564595 4.0694486e+21 0.000339924250725 0.03771530619652009 
179176741.36337793 -262748169.55479777 44203905.98012583 3941.8606343499646 -6297.854847045031 977.9917122179152 4.9300819e+21 0.00041181362896800005 0.0 
165920146.2053455 -252450415.22006872 -50480809.07040943 3588.6185926113444 -6013.806128953535 -1083.2390009149433 4.2993035e+21 0.00035912421178899997 0.0 
155885252.99283332 -248798874.0883489 -23843727.02479385 3295.003772355939 -5874.689087364621 -506.4448557598886 2.6322536e+21 0.000219874219007 0.0 
130796646.75589806 -207783829.41566473 -97333454.85469407 2664.5014299495624 -4823.501434563653 -2080.5855765782712 3.5864062999999996e+21 0.000299575346476 0.0682789621447813 
133691180.49 -232449574.05 18795901.659 2685.2226825 -5421.4208482 314.8920741 1.622623e+21 0.00013553897879 0.0 
90435825.656 -197958750.56 -14354412.427 1536.5899584 -4318.8761584 -197.04714852 1.6184707e+21 0.0001351921339 0.0 
292999722.11 -310774262.39 -23734053.16 6964.5963593 -7740.8625696 -560.34699178 1.5366291e+21 0.00012835584051 0.0 
101881566.06865972 -211517074.61168247 -4788751.8010817515 1839.146020254358 -4743.548644534902 -49.89565384074608 2.7070156e+21 0.000226119147825 0.055239541286721816 
162859809.04 -262257730.74 -22357987.019 3465.5550024 -6208.3157444 -519.07850202 1.5076075e+21 0.00012593164337 0.0 
97792182.99 -184874568.45 -20020359.045 1686.2331686 -3969.8026164 -272.48558036 1.1933577e+21 9.9682109763e-05 0.0 
198221741.59 -281629955.21 -27900974.761 4478.9818877 -6803.2365873 -634.446261 1.188091e+21 9.9242178159e-05 0.0 
156007852.78 -235155382.18 77590595.094 3313.3998117 -5588.789359 1706.1376302 1.1024548e+21 9.208891884e-05 0.0 
219143494.78 -306698704.29 82125344.465 5086.3553912 -7539.1306368 1938.0328946 1.0983378e+21 9.1745022583e-05 0.0 
119057439.25 -172299284.75 129180464.15 2382.9258325 -3930.9954107 2700.2035124 1.0872161e+21 9.0816018212e-05 0.0 
196645978.52 -264679025.88 113920565.84 4437.5953092 -6441.7808394 2624.893445 1.0850604e+21 9.0635950891e-05 0.0 
109685985.70092581 -217817970.47506043 -1950525.8741691369 2001.7622899805106 -4929.159523941246 -38.86802543601988 1.2188829e+21 0.000101814249849 0.11999200251312084 
84727779.217 -164761028.18 -87848291.623 1381.8815196 -3541.5825644 -1635.9113937 1.0655881e+21 8.9009414316e-05 0.0 
134217686.89043108 -216040665.1747569 92245279.46932942 2768.8993792566575 -5058.46698151277 1953.3115336205503 2.6606336e+21 0.000222244822784 0.0 
112319081.5 -201850003.09 54729924.159 2120.2990492 -4538.4185199 1058.5988022 1.0337081e+21 8.6346452775e-05 0.0 
64546329.5941779 -146538847.12020513 56936278.63918675 783.6061616932933 -2834.3228650624123 790.9337237596396 1.6685356e+21 0.000139374094475 0.0 
187210377.44 -257929303.75 -102420466.6 4194.5345662 -6271.9315983 -2295.4421687 1.0030944e+21 8.3789266272e-05 0.0 
217808265.76 -292915341.36 -4474601.9871 4945.0241674 -7178.2798894 -105.80140255 9.882505e+20 8.2549343599e-05 0.0 
315569710.31 -306037742.99 -2377558.1853 7512.5416141 -7668.5775301 -77.425774792 9.631919e+20 8.045617898e-05 0.0 
174132629.82 -236855774.84 104408566.91 3872.0375513 -5687.704425 2326.3540902 6.38978e+20 5.3374336238e-05 0.0 
71596199.769 -157943693.8 42758939.933 1005.986345 -3040.1207357 608.67222543 6.38978e+20 5.3374336238e-05 0.0 
127618032.53829317 -196304822.58758768 -104489994.65077624 2617.1490078825486 -4546.228386271838 -2176.6259968632157 1.7916452999999998e+21 0.000149657544801 0.0 
65431761.234 -171505785.43 89098776.288 1046.7594023 -3597.4365316 1637.1532319 6.326134e+20 5.2842696181e-05 0.0 
74224592.808 -177162590.06 -90663977.758 1273.628738 -3774.0739879 -1733.8174669 6.326134e+20 5.2842696181e-05 0.0 
122489073.67 -171680174.74 -156696109.84 2533.0359133 -4011.1621664 -3396.030859 6.245238e+20 5.2166965514e-05 0.0 
69856749.63682412 -88062641.82275057 164836820.67282858 1150.1718893917039 -1940.2828161968566 3162.2239111705867 1.2256064e+21 0.000102375869105 0.0 
92005609.702 -194970374.18 -26270660.947 1676.7895427 -4129.5667803 -380.69749648 6.228872e+20 5.2030259025e-05 0.0 
139017605.92 -198965922.35 152659528.19 2968.2930889 -4692.1596716 3420.8604739 6.179385e+20 5.1616890211e-05 0.0 
181139500.00080687 -270224898.3694957 65520986.804515176 4041.535201478336 -6512.865228737185 1412.2841410006408 1.1498444999999999e+21 9.6047417852e-05 0.0 
85480004.992 -155961209.36 -102892263.39 1481.2182047 -3329.5160621 -1935.1250505 6.095552e+20 5.0916626551e-05 0.0 
98305820.195 -159651327.89 -99586347.691 1729.5460752 -3507.7031027 -1887.195785 6.095552e+20 5.0916626551e-05 0.0 
158776445.66 -243518945.32 -42850016.715 3458.9370212 -5851.0672042 -909.74151276 6.078575e+20 5.0774816331e-05 0.0 
149651707.35 -299490113.47 26288255.856 3322.2265303 -7155.2425906 615.9494808 6.061522e+20 5.0632371278e-05 0.0 
143059891.0 -162167226.94 -218436998.09 3147.2425261 -3925.3556006 -5010.3665452 6.061522e+20 5.0632371278e-05 0.0 
173112216.56 -167469753.76 225596141.83 3940.6817727 -4110.250744 5260.535275 6.027192e+20 5.034561008e-05 0.0 
89891895.106 -81541066.397 -177756864.76 1657.5867048 -1902.2533422 -3567.5233825 6.027192e+20 5.034561008e-05 0.0 
108404384.3 -154845526.94 136328347.6 2118.2275996 -3511.85696 2766.8981441 5.922322e+20 4.94696227e-05 0.0 
160867717.23 -175269747.89 170531462.69 3507.3151914 -4225.7055167 3816.9827572 5.922322e+20 4.94696227e-05 0.0 
111904843.18 -198331880.08 19617978.624 2063.7251609 -4404.1282615 349.27401481 5.922322e+20 4.94696227e-05 0.0 
102187871.82 -184290869.36 -72801216.365 1922.1342521 -4033.2323024 -1436.6139276 5.922322e+20 4.94696227e-05 0.0 
67368699.907 -132191318.16 -81993271.309 886.81444833 -2517.3538265 -1320.369273 5.922322e+20 4.94696227e-05 0.0 
71495737.54553577 -172041650.46309587 -1767618.3281068048 937.3156877261648 -3438.19905918922 18.534776734144582 1.7413861e+21 0.000145459354189 0.0 
81600613.678 -183918117.68 -18713047.561 1252.1306646 -3932.8828665 -315.42504085 5.894933e+20 4.9240840223e-05 0.0 
87898770.956 -164273829.45 79514419.59 1475.117661 -3475.2534228 1437.1267064 5.8867e+20 4.9172069325e-05 0.0 
98236261.215 -216623166.91 97375188.32 1951.3714994 -4914.8500924 2056.5601456 5.86876e+20 4.902221509e-05 0.0 
74343463.952 -159553485.18 71322217.908 1152.351492 -3244.0212074 1173.084873 5.86876e+20 4.902221509e-05 0.0 
87588486.21666479 -190416179.2871257 -35020194.89695154 1460.8795267809846 -4122.760984057952 -538.1594023718573 1.8827955e+21 0.000157271392887 0.1769969707278353 
185808691.08 -270186305.28 52224080.252 4116.5218493 -6415.9740285 1165.1552234 5.83261e+20 4.872025129e-05 0.0 
189686766.2 -170385416.59 -271740825.35 4426.2318967 -4251.6660381 -6487.2171365 5.83261e+20 4.872025129e-05 0.0 
95993494.118 -192617708.96 11983481.423 1636.2696079 -4152.4889754 192.45871678 5.828274e+20 4.868403234e-05 0.0 
67751996.20764543 -142320742.46502864 -104278089.78697631 1031.413251237555 -2958.0535764527986 -1809.3835268240075 1.071161e+21 8.9474923048e-05 0.0 
74603176.913 -183472449.18 11204440.092 981.83914286 -3835.2323721 89.150555987 5.787767e+20 4.8345674174e-05 0.0 
170183799.21 -258300277.9 36619651.811 3816.4175773 -6162.2238101 759.41984033 5.70553e+20 4.7658742028e-05 0.0 
284647858.47 -192815955.84 284858382.21 6863.2713594 -4859.8249112 6981.2014217 5.703081e+20 4.7638285338e-05 0.0 
179022046.89 -222793955.75 126930190.0 3956.1254873 -5359.247434 2896.139687 5.703081e+20 4.7638285338e-05 0.0 
266357072.32 -304299220.55 -169606403.24 6359.1262678 -7574.1673721 -4154.7860788 5.703081e+20 4.7638285338e-05 0.0 
237355947.03 -282321888.02 -142369319.59 5575.1493432 -6973.743295 -3414.8490952 5.703081e+20 4.7638285338e-05 0.0 
106122146.78 -189480251.84 -66389348.911 1973.264942 -4145.7383067 -1326.6053493 5.703081e+20 4.7638285338e-05 0.0 
183549162.06 -222569101.36 -180050036.39 4156.2295122 -5426.6609416 -4206.4538503 5.703081e+20 4.7638285338e-05 0.0 
175843659.44 -286559378.32 106031406.23 3978.8087258 -6941.5427091 2474.323905 5.665156e+20 4.7321494822e-05 0.0 
146091549.37 -127582078.71 -239591442.03 3236.5167963 -3136.6387596 -5511.3878295 5.665156e+20 4.7321494822e-05 0.0 
192121550.04 -268362508.74 -94865269.044 4334.2640869 -6498.7585159 -2178.6801935 5.663766e+20 4.7309884043e-05 0.0 
107300146.54 -192367894.73 -23422627.622 1910.8600272 -4187.3276858 -347.82811758 5.626795e+20 4.7001062364e-05 0.0 
85595815.106 -159322854.0 -113294225.41 1488.4103293 -3485.7663864 -2186.7321537 5.607443e+20 4.6839413582e-05 0.0 
178550831.74252144 -266166009.4938857 3871145.86942465 3906.6142056568797 -6369.377939846568 98.7713185221413 1.1195345e+21 9.351559965e-05 0.0 
180831986.24 -266537498.34 -10645658.04 3988.3026884 -6352.1917576 -252.98210021 5.60737e+20 4.6838803807e-05 0.0 
86839650.95776296 -196072970.72918838 7080078.955242613 1418.0194390517333 -4213.262250544877 72.70153582293084 1.0857858e+21 9.0696544125e-05 0.0 
196920537.24 -291164200.43 -47973709.425 4474.9983083 -7052.7332885 -1089.0764601 5.59314e+20 4.6719939495e-05 0.0 
145782418.04 -235945603.09 111866256.61 3164.8325845 -5589.4845991 2435.4220185 5.587975e+20 4.6676795843e-05 0.0 
193206385.2683716 -260547640.33734384 102471523.07303928 4357.219066226106 -6355.837474730319 2353.6522447873085 1.0658414e+21 8.903057266500001e-05 0.0 
259144573.82 -287389253.38 -135743643.89 6134.3855065 -7136.4546748 -3233.7651059 5.587975e+20 4.6676795843e-05 0.0 
105158367.53 -119275110.95 -186235030.32 2127.764199 -2821.9799389 -3953.2425667 5.587975e+20 4.6676795843e-05 0.0 
98256470.562 -141298763.69 118066178.82 1769.1098132 -3111.7853998 2234.6013908 5.548682e+20 4.6348578315e-05 0.0 
346245094.74 -344564994.74 -53554045.455 8412.0928514 -8662.8799353 -1331.8636016 5.548682e+20 4.6348578315e-05 0.0 
145509756.35 -301849211.69 -31092868.26 3226.3868532 -7217.1199988 -696.52086689 5.548682e+20 4.6348578315e-05 0.0 
312401128.79 -265293927.85 -229376368.04 7589.9947236 -6698.4978747 -5595.8845226 5.548682e+20 4.6348578315e-05 0.0 
79716380.758 -156046125.55 -86156402.718 1331.6690426 -3239.6832138 -1508.4351347 5.548682e+20 4.6348578315e-05 0.0 
69150681.902 -162081446.64 40219794.234 832.2874295 -3253.1650354 613.13116992 5.535667e+20 4.6239862994e-05 0.0 
104906432.1 -185174709.99 108958050.83 2002.6831343 -4195.2317745 2255.3651692 5.535667e+20 4.6239862994e-05 0.0 
113343232.59 -198934177.19 -80015448.279 2172.2552688 -4522.578747 -1649.2523218 5.491961e+20 4.5874783329e-05 0.0 
111470969.87 -211008287.56 30944776.081 2082.0275966 -4823.7100321 469.42131054 5.447711e+20 4.550515959e-05 0.0 
148063165.05 -207527975.91 136543132.87 3175.4138767 -4938.0382296 3040.3205511 5.447711e+20 4.550515959e-05 0.0 
145265558.66 -221566386.55 -102810423.9 3060.7942158 -5200.7720565 -2239.752029 5.402893e+20 4.5130791301e-05 0.0 
107944076.81 -180439493.34 -97743852.38 2027.6034856 -4084.2941473 -1967.8462151 5.402893e+20 4.5130791301e-05 0.0 
162946978.05 -129530866.94 173398433.48 3509.555509 -3118.8150924 3847.0627399 5.326849e+20 4.4495589772e-05 0.0 
124388544.75825168 -208581336.87981686 77123787.48853005 2470.859238760936 -4850.8265338719975 1592.6183212548447 1.0463466e+21 8.740215664699999e-05 0.0 
277765560.0 -322339267.82 48299171.102 6590.6961668 -8014.5216105 1173.9902304 5.326849e+20 4.4495589772e-05 0.0 
111456049.19 -160441415.17 122669948.99 2144.3287818 -3668.6881381 2490.4031012 5.295934e+20 4.4237354339e-05 0.0 
184769093.51 -251877072.0 -12457519.765 3982.8914776 -6082.8230024 -308.99791654 5.295934e+20 4.4237354339e-05 0.0 
301137893.3 -312261534.26 3741625.0548 7188.7389774 -7785.773562 73.99824718 5.295934e+20 4.4237354339e-05 0.0 
96186150.777 -145940898.1 114369700.53 1659.1368737 -3220.0121266 2242.1411116 5.280364e+20 4.4107296902e-05 0.0 
78508895.026 -191977075.41 1707623.6323 1212.0159164 -4079.1232233 42.083776118 5.280364e+20 4.4107296902e-05 0.0 
240577146.96 -295479737.08 64384613.242 5585.9463242 -7280.6204067 1537.7145106 5.280364e+20 4.4107296902e-05 0.0 
120447458.75184412 -226043385.83267006 37851138.52432104 2374.7317496691794 -5207.458065731706 672.7428464604835 1.4918492e+21 0.000124615340148 0.0 
201811576.31 -245651970.97 130820772.75 4571.9802988 -6002.1921107 3029.940801 5.264718e+20 4.397660463e-05 0.0 
129878256.54 -191209848.27 -132851096.7 2697.9815161 -4458.72422 -2879.3347284 5.264718e+20 4.397660463e-05 0.0 
96986862.436 -194634497.86 -50978150.061 1706.4679201 -4315.0327459 -917.06849346 5.264718e+20 4.397660463e-05 0.0 
160565088.05 -233688524.74 -101075042.72 3449.3394784 -5605.6450712 -2220.3606953 5.264718e+20 4.397660463e-05 0.0 
148620957.28 -241855096.89 -19415636.089 3079.0651628 -5699.4559148 -497.48178034 5.23319e+20 4.3713248759e-05 0.0 
131791816.97 -153508855.12 162189176.33 2739.5645523 -3627.4584119 3510.0278777 5.20134e+20 4.3447203198e-05 0.0 
159313318.35 -229800785.56 -23933713.486 3259.5099262 -5492.2893391 -552.09983884 5.20134e+20 4.3447203198e-05 0.0 
221650223.99 -264054742.99 -42950316.577 4997.678001 -6459.4956654 -965.52803977 5.169153e+20 4.3178342648e-05 0.0 
203904156.86 -229104191.18 -156275035.37 4650.7067919 -5623.4737444 -3623.9306838 5.169153e+20 4.3178342648e-05 0.0 
74551326.454 -154246170.92 -75541886.786 1087.2286149 -3220.1786415 -1279.951894 5.169153e+20 4.3178342648e-05 0.0 
171651246.84293526 -198353731.880515 213229943.43638003 3885.1260994753184 -4871.510185333792 4967.2213420141425 1.0016444999999999e+21 8.3668154982e-05 0.0 
259411397.95 -290520601.18 46098137.634 6046.6659219 -7182.5430881 1098.0052259 5.136617e+20 4.2906566875e-05 0.0 
105537950.11 -211566290.49 27811210.604 1927.7400154 -4802.1872332 482.03015073 5.120214e+20 4.2769551322e-05 0.0 
135245419.65565956 -237430559.7335772 -24640513.66069095 2730.7643245975305 -5507.735636446435 -451.61567354171734 9.832675000000001e+20 8.213310968e-05 0.0 
165353557.87 -133681584.73 -149393752.73 3515.8687263 -3185.4321907 -3227.3969949 5.120214e+20 4.2769551322e-05 0.0 
218286926.84 -219095788.32 157813705.16 4999.8927414 -5389.3131981 3679.9587966 5.070439e+20 4.2353776822e-05 0.0 
276080508.82 -307400710.41 57723589.873 6512.9825884 -7657.772627 1351.490101 5.070439e+20 4.2353776822e-05 0.0 
357385027.26 -318027786.81 95646542.721 8689.3297794 -8012.8323195 2325.8967057 5.070439e+20 4.2353776822e-05 0.0 
136131222.9 -179674740.25 -115998597.53 2729.2927394 -4230.1134161 -2427.3880355 5.070439e+20 4.2353776822e-05 0.0 
122313252.81 -87845836.194 202473528.2 2529.8116834 -2135.2420239 4390.2484158 5.036765e+20 4.2072495244e-05 0.0 
179878890.42 -242680110.96 136649658.84 4046.5541336 -5881.5437604 3124.6408072 5.019774e+20 4.1930568081e-05 0.0 
231019309.63 -262001591.75 -84776632.64 5293.0786989 -6448.0045143 -1964.9877265 5.019774e+20 4.1930568081e-05 0.0 
192936577.03 -132157228.83 -217887051.39 4366.8790098 -3249.2725693 -5069.3725797 5.019774e+20 4.1930568081e-05 0.0 
92451039.53978696 -198290554.8874022 44492378.20686759 1594.0430992272504 -4405.439961203635 760.2684476658684 6.623694e+20 5.5328238327e-05 0.2499414979013221 
271360566.64 -282111364.41 106891104.55 6390.3375687 -7026.4579728 2534.0441567 4.968158e+20 4.1499415563e-05 0.0 
284693022.1 -248653481.04 114386023.77 6708.9311495 -6198.2139991 2706.7709263 4.968158e+20 4.1499415563e-05 0.0 
273144024.22 -290461555.12 -111915486.1 6445.583607 -7208.6975271 -2697.2578052 4.968158e+20 4.1499415563e-05 0.0 
246894036.95 -246495236.56 -129260833.32 5745.5955778 -6102.3028435 -3046.4534664 4.968158e+20 4.1499415563e-05 0.0 
230120328.66 -244656551.02 -153719875.63 5334.7008667 -6045.5060244 -3600.5239954 4.968158e+20 4.1499415563e-05 0.0 
129607021.16 -126072360.47 -281577039.48 2902.5398256 -3131.7487866 -6615.3111995 4.968158e+20 4.1499415563e-05 0.0 
73017796.716 -167221034.5 -61139271.205 1058.1234372 -3504.2203214 -1002.0072867 4.968158e+20 4.1499415563e-05 0.0 
178363510.08 -166320940.33 -186380111.57 3959.5978207 -4054.8899829 -4254.0112183 4.968158e+20 4.1499415563e-05 0.0 
131023329.1 -135407754.6 -155449561.8 2649.5944493 -3185.9994588 -3277.165379 4.968158e+20 4.1499415563e-05 0.0 
118627369.39 -167440473.51 123233115.64 2268.0967255 -3913.5938946 2542.9253785 4.933185e+20 4.1207283336e-05 0.0 
262047187.89 -293921310.83 -12119278.272 6110.3075755 -7286.1026612 -279.89125384 4.933185e+20 4.1207283336e-05 0.0 
136798695.61 -228682978.49 67518424.12 2822.5696738 -5363.6805299 1405.298858 4.915522e+20 4.1059742904e-05 0.0 
248134811.59 -237420169.38 172308272.01 5820.9095875 -5896.4018082 4080.838057 4.915522e+20 4.1059742904e-05 0.0 
332393110.34 -297351622.66 124831618.86 8015.2584295 -7470.3993647 3043.0403686 4.915522e+20 4.1059742904e-05 0.0 
208672342.9 -232806213.06 -144761124.47 4729.4078356 -5727.4211549 -3363.0637541 4.915522e+20 4.1059742904e-05 0.0 
77684550.61 -85999072.018 -161707879.8 1331.644796 -1947.368246 -3087.2796278 4.915522e+20 4.1059742904e-05 0.0 
202480370.69 -298971165.64 -35365845.656 4666.4265646 -7241.5716639 -839.81350321 4.897738e+20 4.091119175e-05 0.0 
78724102.319 -141743760.78 97404662.425 1197.3633122 -2998.7201544 1709.5752174 4.879828e+20 4.0761588107e-05 0.0 
192547490.24 -120706829.68 208769881.38 4342.4255607 -2982.7151163 4787.6230849 4.879828e+20 4.0761588107e-05 0.0 
92523585.036 -193497569.61 64783262.496 1650.3019177 -4273.0928344 1214.7619485 4.879828e+20 4.0761588107e-05 0.0 
457875923.93 -384829487.85 95850900.312 11372.418168 -9789.3134491 2387.1787848 4.879828e+20 4.0761588107e-05 0.0 
100209090.66 -212663102.19 -17071772.163 1872.3624808 -4730.4681965 -286.08909866 4.879828e+20 4.0761588107e-05 0.0 
325465174.91 -328392167.24 6732820.587 7796.3668092 -8228.3559187 171.24963875 4.879828e+20 4.0761588107e-05 0.0 
384072665.92 -260845363.88 151515236.66 9361.3460431 -6602.5934041 3694.2012878 4.861791e+20 4.0610923624e-05 0.0 
180567767.49 -238899133.65 -176828690.89 4118.0772142 -5827.3070625 -4136.1670863 4.861791e+20 4.0610923624e-05 0.0 
191943241.44 -222342840.82 -132303199.92 4278.3374701 -5435.7172687 -3004.4043648 4.861791e+20 4.0610923624e-05 0.0 
106570754.27 -101405077.04 -202620913.95 2156.3921476 -2442.4080988 -4353.9919208 4.861791e+20 4.0610923624e-05 0.0 
121710771.41 -179265298.62 117717707.57 2366.9317778 -4151.7726672 2461.5277217 4.843623e+20 4.0459164887e-05 0.0 
157379667.16 -228063014.73 97606514.298 3333.1522698 -5491.9058918 2110.9126651 4.82532e+20 4.0306278485e-05 0.0 
190093513.29 -204047042.26 138486844.38 4198.4447181 -4983.8958087 3129.1414512 4.82532e+20 4.0306278485e-05 0.0 
230234677.28997895 -284590271.1092255 45719372.01139535 5266.083407350094 -7006.167387998193 1061.9219429243947 9.537781e+20 7.966983684299999e-05 0.0 
337062859.58 -293951618.09 91554276.817 8099.3694567 -7390.5707516 2238.3838302 4.82532e+20 4.0306278485e-05 0.0 
303587515.77 -271253841.62 -129012169.42 7240.9351423 -6792.9146035 -3083.2239686 4.806879e+20 4.0152239358e-05 0.0 
116438985.64 -172167739.56 82214250.674 2138.4523201 -3899.7073163 1573.279276 4.788296e+20 3.9997014093e-05 0.0 
139710482.52 -152270770.18 169234247.36 2899.3731499 -3660.5175449 3686.1388297 4.788296e+20 3.9997014093e-05 0.0 
227233259.67 -285545799.63 14608508.464 5168.2281452 -7011.2102875 332.0511825 4.788296e+20 3.9997014093e-05 0.0 
199573405.56 -258091523.84 -36167458.953 4381.3914874 -6282.9768622 -812.53161529 4.750688e+20 3.9682871503e-05 0.0 
369372073.06918925 -288401818.2517385 -83652205.28355785 8938.495066411104 -7269.640793813155 -2045.3629581669527 9.384688e+20 7.839103893999999e-05 0.0 
105478254.94 -197294660.24 -73414773.2 1992.3971639 -4454.1033912 -1432.907824 4.750688e+20 3.9682871503e-05 0.0 
322143216.04 -123878362.58 -267839364.5 7790.757387 -3182.8087328 -6505.2126676 4.750688e+20 3.9682871503e-05 0.0 
254984710.53 -58162539.439 240132028.83 5996.0909917 -1535.9143362 5668.0780818 4.712461e+20 3.9363558358e-05 0.0 
299327216.87 -175479157.99 250341441.82 7171.5329903 -4446.6304551 6071.0455988 4.712461e+20 3.9363558358e-05 0.0 
68463889.601 -183562818.1 17070710.368 958.41191111 -3713.760918 331.43291549 4.712461e+20 3.9363558358e-05 0.0 
392232661.78 -329551154.2 82330705.41 9565.312981 -8333.3366666 2023.5410385 4.712461e+20 3.9363558358e-05 0.0 
433531352.1 -365317681.96 3643436.8597 10658.319324 -9267.8387988 106.32020054 4.712461e+20 3.9363558358e-05 0.0 
437600730.91 -447314909.58 -142094759.76 10880.911299 -11395.215981 -3574.6413584 4.712461e+20 3.9363558358e-05 0.0 
362380271.95 -312585676.87 -136484344.86 8822.0072155 -7880.935655 -3340.7926595 4.693104e+20 3.920186781e-05 0.0 
51206076.157 -157082278.35 -41275157.391 487.28730405 -3013.0637594 -477.72759485 4.693104e+20 3.920186781e-05 0.0 
335047285.52 -168430629.82 -229779254.47 8083.9464966 -4281.6224957 -5575.461641 4.693104e+20 3.920186781e-05 0.0 
121648745.59 -81860682.193 -142599880.56 2253.4088305 -1899.5472329 -2761.083298 4.693104e+20 3.920186781e-05 0.0 
134291695.91 -151137491.92 253295479.69 2994.9085334 -3744.8493073 5861.2777565 4.673579e+20 3.9038773945e-05 0.0 
408757030.25 -489467869.1 40091492.529 10151.626065 -12470.592835 1012.2423406 4.673579e+20 3.9038773945e-05 0.0 
126300432.79 -143398014.88 -116218376.63 2410.1103791 -3291.2723727 -2311.6730395 4.653879e+20 3.8874218292e-05 0.0 
60937109.943 -66187854.434 185281463.06 982.74575813 -1561.277751 3639.0274373 4.634e+20 3.8708167437e-05 0.0 
349549126.26 -174524790.96 322429798.7 8556.1265662 -4455.18267 7972.7005979 4.634e+20 3.8708167437e-05 0.0 
91942408.326 -204901559.2 29449355.941 1609.7539124 -4517.6646681 475.21754607 4.634e+20 3.8708167437e-05 0.0 
399794301.41 -294284440.24 244049283.11 9818.8187012 -7490.1177333 6045.4897857 4.634e+20 3.8708167437e-05 0.0 
232211960.17 -308874947.43 247079710.23 5555.3607523 -7772.9224952 6038.9010847 4.634e+20 3.8708167437e-05 0.0 
403111685.76 -318629280.23 165651695.13 9884.7978677 -8075.2735623 4091.8117214 4.634e+20 3.8708167437e-05 0.0 
238173941.37 -276995175.52 -99402173.237 5497.4449399 -6834.6249048 -2351.9459461 4.634e+20 3.8708167437e-05 0.0 
259776075.1 -273721718.86 -103512904.89 6040.7716415 -6798.3538194 -2466.7965591 4.634e+20 3.8708167437e-05 0.0 
198264582.27 -195769627.01 -297337580.81 4656.6796261 -4895.1579402 -7199.1440723 4.634e+20 3.8708167437e-05 0.0 
147987377.56 -98776371.972 -281778315.71 3335.6782928 -2495.625437 -6603.998458 4.634e+20 3.8708167437e-05 0.0 
255957253.95 -264586593.86 -111369616.22 5962.5857419 -6581.2513272 -2615.4011143 4.634e+20 3.8708167437e-05 0.0 
257551651.59 -252837197.75 -126904843.64 5982.9204327 -6295.9701126 -2980.512895 4.634e+20 3.8708167437e-05 0.0 
99285416.1 -193020569.61 72105777.416 1796.1118269 -4349.3769766 1339.218011 4.613936e+20 3.8540571263e-05 0.0 
232653643.04 -152613219.28 219258322.99 5400.8483849 -3838.3573981 5147.9619087 4.613936e+20 3.8540571263e-05 0.0 
191224494.98 -269150620.67 20335463.536 4193.0935065 -6507.8902493 474.02094116 4.613936e+20 3.8540571263e-05 0.0 
511125695.42 -371212882.95 -343552.67461 12689.109656 -9451.7829441 -31.50977857 4.613936e+20 3.8540571263e-05 0.0 
112989031.02 -177680957.36 -120872444.33 2176.3417187 -4124.9851036 -2471.945071 4.59368e+20 3.8371371298e-05 0.0 
171391358.67 -202517560.48 -122529108.05 3699.6996978 -4906.1057604 -2670.2899658 4.59368e+20 3.8371371298e-05 0.0 
208128398.42 -234096897.55 108375676.9 4649.3054213 -5745.9150361 2474.6166303 4.510604e+20 3.7677430918e-05 0.0 
272266760.81 -219176274.1 121676419.95 6344.1468512 -5463.7503208 2835.0263869 4.510604e+20 3.7677430918e-05 0.0 
258599275.87 -272656777.59 82418509.72 6010.7407072 -6765.2358093 1941.2158886 4.510604e+20 3.7677430918e-05 0.0 
309441884.44 -242415467.15 89231326.273 7309.9137972 -6069.3521056 2115.9238313 4.510604e+20 3.7677430918e-05 0.0 
167279295.31 -257989225.08 82441416.066 3711.2311174 -6191.6042353 1812.9483099 4.510604e+20 3.7677430918e-05 0.0 
158653405.53 -252199381.06 -39555036.328 3466.831276 -5988.6935266 -867.87098732 4.510604e+20 3.7677430918e-05 0.0 
171991156.33 -269482441.66 -63829833.935 3740.9760683 -6432.2538223 -1421.2921775 4.510604e+20 3.7677430918e-05 0.0 
387415310.23 -279514010.59 -122738507.88 9415.3029874 -7074.5187842 -2989.1796676 4.510604e+20 3.7677430918e-05 0.0 
360877535.9 -279710026.2 -221932818.52 8804.4473421 -7092.9193366 -5450.3661885 4.510604e+20 3.7677430918e-05 0.0 
72062396.075 -56137431.597 -157515618.11 1130.7416727 -1292.5490491 -2825.8566327 4.510604e+20 3.7677430918e-05 0.0 
353640896.73 -228462540.06 -219623423.86 8574.2793533 -5796.912287 -5371.8512641 4.510604e+20 3.7677430918e-05 0.0 
114898697.95 -17727041.144 -255551649.56 2456.7878177 -573.1683138 -5754.9573441 4.510604e+20 3.7677430918e-05 0.0 
107343926.32 -173549145.53 223557703.0 2271.6423411 -4213.4529745 5101.8012949 2.508319e+20 2.0952186413e-05 1.0 
328080787.36 -220636510.3 250263804.31 7969.4728901 -5591.3548251 6113.2073777 2.508319e+20 2.0952186413e-05 1.0 
180824296.34 -304564245.86 102728824.23 4133.8589512 -7396.8670107 2441.4589324 2.493415e+20 2.0827692126e-05 1.0 
385291873.5 -393791319.96 32945678.533 9465.2959055 -9961.8232325 818.85623921 2.493415e+20 2.0827692126e-05 1.0 
119524206.5 -259003583.54 -54957429.457 2535.0832725 -6027.9039056 -1146.9797549 2.493415e+20 2.0827692126e-05 1.0 
239421042.29 -422227080.28 -46553732.59 5746.9252971 -10601.86541 -1105.4073894 2.493415e+20 2.0827692126e-05 1.0 
105559518.88 -216098448.08 -168500631.37 2205.0564493 -5087.3771246 -3815.1192669 2.493415e+20 2.0827692126e-05 1.0 
62385945.386 -97813312.349 -210422318.14 1137.8817851 -2269.6915939 -4460.6174659 2.493415e+20 2.0827692126e-05 1.0 
107952606.2 -16165964.872 218520614.97 2233.3188343 -541.62267598 4677.3204981 2.478521e+20 2.0703281369e-05 1.0 
262998576.1 -368009784.05 265635569.94 6368.7945093 -9314.9726973 6569.3525566 2.478521e+20 2.0703281369e-05 1.0 
150874854.01 -105797003.9 -202531727.18 3259.3395624 -2566.0539021 -4521.372801 2.478521e+20 2.0703281369e-05 1.0 
85812244.659 -202093432.75 34008402.277 1580.6748068 -4292.3070703 623.40407547 2.471077e+20 2.064110105e-05 1.0 
79913120.102 -308957969.83 24553104.006 1602.6922136 -7328.0138176 551.20280267 2.471077e+20 2.064110105e-05 1.0 
22233738.299 -107224514.07 -173686298.83 157.80442983 -2309.220323 -3373.3999657 2.471077e+20 2.064110105e-05 1.0 
318080688.34 -268044319.5 211066672.65 7690.4977942 -6752.0685642 5175.289035 2.463636e+20 2.057894579e-05 1.0 
178346036.44 -383156439.63 -33866312.469 4135.9282654 -9479.3873064 -824.24530872 2.463636e+20 2.057894579e-05 1.0 
97481009.829 -271873679.32 -272639643.53 2142.672447 -6748.9368208 -6550.3332012 2.463636e+20 2.057894579e-05 1.0 
152292418.19 -291143723.79 230040512.01 3472.5039018 -7207.3151022 5546.8831849 2.448761e+20 2.0454693742e-05 1.0 
100561714.86 -194805811.63 -2080066.0682 1866.6345151 -4156.9207919 -37.522744147 2.448761e+20 2.0454693742e-05 1.0 
405367274.21 -380159119.87 -182442329.58 9992.4369969 -9656.6759536 -4579.0759086 2.448761e+20 2.0454693742e-05 1.0 
45462859.58 -100699093.26 -214350206.33 800.08196972 -2404.2850787 -4504.9253352 2.448761e+20 2.0454693742e-05 1.0 
25895100.817 -129095523.93 126238198.69 144.80172256 -2566.2539125 2206.8329969 2.433893e+20 2.0330500166e-05 1.0 
168487868.33 -340644486.3 144408718.12 3911.3936482 -8426.4625542 3446.8433062 2.433893e+20 2.0330500166e-05 1.0 
97883178.35 -207097623.2 109745654.92 1955.0219067 -4698.1892153 2308.5041054 2.419033e+20 2.0206373414e-05 1.0 
243557757.82 -458751302.38 11531332.283 5859.7453501 -11540.599238 263.89060891 2.419033e+20 2.0206373414e-05 1.0 
277327777.8 -250870208.66 -301168659.19 6720.7165807 -6352.5050089 -7380.4597173 2.419033e+20 2.0206373414e-05 1.0 
145196456.42 -334552335.75 132392034.93 3295.6912115 -8219.3844658 3159.538164 2.404178e+20 2.0082288427e-05 1.0 
343475574.58 -485346882.47 -22491669.737 8430.7168241 -12312.528877 -583.28601983 2.389328e+20 1.9958245206e-05 1.0 
69146025.335 -237482348.47 -39183551.003 1247.2662446 -5292.3122147 -770.60235572 2.389328e+20 1.9958245206e-05 1.0 
270551644.61 -303697826.59 -330970364.72 6564.9082623 -7697.2041052 -8224.2937282 2.389328e+20 1.9958245206e-05 1.0 
65973076.959 -204633187.2 -155874209.83 1228.4147242 -4714.4950546 -3387.8848305 2.389328e+20 1.9958245206e-05 1.0 
68896061.308 -152616461.07 288212559.19 1445.5367149 -3776.693867 6716.6566879 2.381905e+20 1.9896240302e-05 1.0 
233659987.71 -458848596.0 197267946.51 5634.5211947 -11600.449351 4901.8596977 2.381905e+20 1.9896240302e-05 1.0 
122061248.65 -114780034.16 -292783959.54 2743.2518387 -2873.6094994 -6853.413782 2.381905e+20 1.9896240302e-05 1.0 
96828947.382 -169006479.91 104272774.32 1812.4361327 -3706.0643182 2018.2899622 2.374483e+20 1.9834243751e-05 1.0 
209103697.5 -345579472.75 141503437.58 4902.4575038 -8567.937743 3434.5629507 2.374483e+20 1.9834243751e-05 1.0 
121256530.82 -342563362.57 9720762.348 2659.3614194 -8314.8748393 283.79411979 2.374483e+20 1.9834243751e-05 1.0 
181689315.43 -223349604.76 -194639862.95 4155.8821485 -5511.7554451 -4528.9882116 2.374483e+20 1.9834243751e-05 1.0 
135985175.75 -222446114.92 -225238503.38 3052.6185045 -5428.5450369 -5287.5537836 2.374483e+20 1.9834243751e-05 1.0 
106477211.14 -249551779.98 140551496.76 2248.4306034 -5940.4855392 3136.253578 2.367061e+20 1.9772247199e-05 1.0 
81932132.947 -180878036.05 31371213.413 1368.9966398 -3701.3180489 422.02224984 2.367061e+20 1.9772247199e-05 1.0 
449062908.49 -389945093.58 240124436.17 11158.658906 -9936.5265218 6023.8899243 2.367061e+20 1.9772247199e-05 1.0 
77812667.552 -214653743.78 -18884608.793 1409.4959913 -4605.4244914 -346.24388637 2.367061e+20 1.9772247199e-05 1.0 
184058472.6 -158471783.0 -262382464.01 4248.1848837 -3978.8856423 -6194.4473807 2.367061e+20 1.9772247199e-05 1.0 
87935257.854 -59989723.656 271672139.47 1873.9496559 -1542.9410331 6166.5425567 2.35964e+20 1.9710259001e-05 1.0 
94077285.289 -196329867.04 271005905.44 2047.2879736 -4834.8474377 6362.0460103 2.35964e+20 1.9710259001e-05 1.0 
197572680.28 -339738238.44 192920279.32 4665.990501 -8466.4608095 4682.4429726 2.35964e+20 1.9710259001e-05 1.0 
348276328.11 -410330278.28 -26158855.222 8502.4126754 -10355.597916 -643.27593524 2.35964e+20 1.9710259001e-05 1.0 
437784598.38 -461993551.31 -237666606.01 10909.892563 -11795.78874 -5987.4283975 2.35964e+20 1.9710259001e-05 1.0 
3853402.8311 -77251377.45 -158934381.42 -181.01808246 -1650.5075513 -2686.1001195 2.35964e+20 1.9710259001e-05 1.0 
296718003.2 -389471190.58 34841942.722 7167.8738515 -9783.030407 852.16487247 2.3448e+20 1.9586299311e-05 1.0 
207588168.51 -338260124.87 46046922.641 4823.2046548 -8305.4044322 1131.6554231 2.3448e+20 1.9586299311e-05 1.0 
183944391.72 -184134494.02 -339267973.51 4353.0312216 -4637.5846198 -8257.280019 2.3448e+20 1.9586299311e-05 1.0 
99040070.704 -215944703.09 -271038848.36 2163.6479136 -5325.7404048 -6420.0767394 2.3448e+20 1.9586299311e-05 1.0 
187324569.84 -393469274.42 140983764.02 4408.5612224 -9820.8472024 3447.636311 2.33738e+20 1.9524319466e-05 1.0 
87802583.11 -80164086.829 -236297076.51 1802.527556 -1959.9207602 -5198.428178 2.33738e+20 1.9524319466e-05 1.0 
122646764.39 -84136950.89 255496193.72 2691.0529685 -2087.6474186 5822.7267792 2.32996e+20 1.9462339621e-05 1.0 
148341350.36 -236528209.85 47422562.303 3177.5226947 -5498.8654762 968.20683514 2.315121e+20 1.9338388283e-05 1.0 
93048754.16 -246965089.22 11666241.477 1843.5721733 -5579.7374253 264.64838786 2.315121e+20 1.9338388283e-05 1.0 
194488772.11 -440913470.11 -123820769.46 4604.1513617 -11081.277619 -3006.7251121 2.315121e+20 1.9338388283e-05 1.0 
41201999.144 -135827961.62 97206904.537 420.9699039 -2591.9269017 1545.8505742 2.30028e+20 1.921442024e-05 1.0 
74521860.595 -87191742.675 256620248.33 1516.1362244 -2145.7163932 5764.1101276 2.30028e+20 1.921442024e-05 1.0 
85075830.007 -158765521.85 263756740.58 1812.0851213 -3888.668855 6092.8747064 2.30028e+20 1.921442024e-05 1.0 
5217928.6268 -64576686.115 226543083.65 -99.562327265 -1584.0266233 4734.0326173 2.292858e+20 1.9152423689e-05 1.0 
137288773.75 -260515527.75 290943198.55 3156.1417248 -6488.3780355 7028.5643517 2.292858e+20 1.9152423689e-05 1.0 
223558271.29 -482961352.03 -118688815.49 5368.4359485 -12188.342897 -2943.877478 2.292858e+20 1.9152423689e-05 1.0 
180304020.58 -394977633.77 -177189424.65 4230.7670208 -9888.2532947 -4310.2013203 2.292858e+20 1.9152423689e-05 1.0 
37547157.075 -21079859.901 -169565121.37 509.93943524 -637.84971311 -2922.0778867 2.292858e+20 1.9152423689e-05 1.0 
67310549.542 -130503890.31 187915069.91 1227.4396702 -2990.9888183 3948.3126351 2.285436e+20 1.9090427138e-05 1.0 
118304794.14 -176259155.19 298110632.53 2662.6047182 -4385.7036533 7070.0228365 2.27059e+20 1.8966417329e-05 1.0 
212377828.73 -393975341.08 184916731.32 5066.2672967 -9884.1434151 4540.6972493 2.27059e+20 1.8966417329e-05 1.0 
116335265.14 -276676631.17 51815188.706 2474.2373414 -6495.9383778 1165.2456278 2.27059e+20 1.8966417329e-05 1.0 
149533685.96 -130944940.48 363642725.23 3496.2821691 -3345.5652327 8804.3929137 2.27059e+20 1.8966417329e-05 1.0 
145623678.94 -228671017.46 286555282.58 3346.4631238 -5716.2465667 6859.825691 2.27059e+20 1.8966417329e-05 1.0 
306517735.17 -397776711.97 -117710765.88 7456.6910948 -10025.497319 -2885.3301326 2.27059e+20 1.8966417329e-05 1.0 
87217225.857 -242412537.87 -103161250.01 1732.6959497 -5599.3932108 -2272.9169613 2.27059e+20 1.8966417329e-05 1.0 
246466040.04 -372628778.29 -59785539.356 5858.0117443 -9309.2719717 -1517.3524744 2.27059e+20 1.8966417329e-05 1.0 
220698294.6 -326359119.28 -192828643.89 5231.7394413 -8145.7615738 -4669.146977 2.27059e+20 1.8966417329e-05 1.0 
63921561.358 -185824283.75 -90975588.139 1068.8755476 -3960.1493065 -1748.8046409 2.27059e+20 1.8966417329e-05 1.0 
83493514.085 -147866843.34 -299376123.67 1817.1328699 -3695.5577241 -7013.4520979 2.27059e+20 1.8966417329e-05 1.0 
156561981.32 -228111582.56 259171392.49 3611.4772433 -5663.3736163 6168.2603711 2.255738e+20 1.8842357402e-05 1.0 
350811533.47 -310403248.8 288808296.48 8638.9649424 -7876.9689945 7207.6202677 2.255738e+20 1.8842357402e-05 1.0 
253340520.53 -461801985.46 -71614660.712 6110.1498655 -11644.52385 -1777.0598271 2.255738e+20 1.8842357402e-05 1.0 
193951014.78 -371369543.2 -261639304.97 4620.2998955 -9361.4935185 -6424.2827004 2.255738e+20 1.8842357402e-05 1.0 
10773316.707 51330338.409 -209835736.85 68.650882981 877.76468102 -4228.5317847 2.255738e+20 1.8842357402e-05 1.0 
80347678.022 -110548683.93 299388534.67 1719.2476217 -2771.88946 6976.1641866 2.248311e+20 1.8780319085e-05 1.0 
247276950.97 -226323360.31 415553955.59 6015.2007389 -5773.3481626 10319.868985 2.248311e+20 1.8780319085e-05 1.0 
319126385.62 -455806199.25 -138788891.25 7808.8885609 -11544.178982 -3442.259252 2.248311e+20 1.8780319085e-05 1.0 
157784687.73 -317793918.39 -133597217.54 3581.9216634 -7787.067786 -3150.8208724 2.248311e+20 1.8780319085e-05 1.0 
329208170.71 -414920532.05 109373350.99 8041.5813122 -10475.174741 2705.030184 2.240881e+20 1.8718255709e-05 1.0 
287704061.1 -211179721.56 -280958847.71 6936.8575233 -5326.1450414 -6879.4311806 2.240881e+20 1.8718255709e-05 1.0 
128239381.29 -72429286.425 458129503.99 3039.0548604 -1936.7991199 11282.079269 2.226017e+20 1.8594095545e-05 1.0 
307360616.03 -306544317.75 294296550.69 7508.0471329 -7765.4997975 7285.8122762 2.226017e+20 1.8594095545e-05 1.0 
167213761.73 -381828629.24 45625965.982 3861.9763031 -9441.5588807 1078.453487 2.226017e+20 1.8594095545e-05 1.0 
118457186.35 -172193143.34 -237606110.45 2605.5055882 -4196.346118 -5459.8283273 2.226017e+20 1.8594095545e-05 1.0 
459084735.91 -419007579.91 204994937.13 11415.559647 -10684.380693 5141.0021956 2.211144e+20 1.8469860203e-05 1.0 
154079287.83 -270642037.27 18667309.943 3395.9270934 -6343.8826057 474.74622735 2.211144e+20 1.8469860203e-05 1.0 
280898479.04 -363375954.7 198722811.92 6793.8295689 -9164.2695196 4905.199881 2.211144e+20 1.8469860203e-05 1.0 
214539022.43 -277718978.83 -391537152.8 5185.4284081 -7077.5126232 -9685.2965786 2.211144e+20 1.8469860203e-05 1.0 
96908461.614 -185149542.73 -188436166.14 2015.4358516 -4378.2540099 -4177.5361601 2.211144e+20 1.8469860203e-05 1.0 
129973371.55 -206216598.56 211126851.22 2860.7711842 -5020.8681976 4847.5827649 2.196262e+20 1.8345549683e-05 1.0 
11967634.792 -96897219.56 140062860.8 -83.511026385 -1922.3553198 2274.5675799 2.188817e+20 1.8283361011e-05 1.0 
408566620.89 -484727919.23 34185791.516 10098.434193 -12327.914609 907.14593732 2.188817e+20 1.8283361011e-05 1.0 
280874536.07 -386797654.94 -101122797.36 6781.4923937 -9700.8752043 -2483.0460383 2.188817e+20 1.8283361011e-05 1.0 
388670818.17 -413756353.3 -350779458.08 9653.9493017 -10562.659409 -8822.2248291 2.188817e+20 1.8283361011e-05 1.0 
253570267.46 -304349504.46 -261117669.25 6108.1455673 -7651.8074612 -6422.4269635 2.188817e+20 1.8283361011e-05 1.0 
9044917.9392 -43689241.21 256917861.02 37.949947152 -1170.63793 5607.3796259 2.181369e+20 1.822114728e-05 1.0 
215732401.21 -302147633.46 301895367.46 5159.2055341 -7606.5326276 7437.7558442 2.181369e+20 1.822114728e-05 1.0 
56782336.518 -75673424.625 268544848.71 1131.4802411 -1923.0452212 6028.5740694 2.181369e+20 1.822114728e-05 1.0 
258398231.17 -322952773.01 320918173.48 6259.2299156 -8177.5946761 7931.5458151 2.181369e+20 1.822114728e-05 1.0 
255731795.0 -482743585.9 97004986.867 6194.2203694 -12205.790397 2390.2209029 2.181369e+20 1.822114728e-05 1.0 
369613761.3 -437198300.13 -75102905.276 9090.8751973 -11079.317027 -1873.8395552 2.181369e+20 1.822114728e-05 1.0 
268237622.29 -434149339.3 -44005698.329 6471.7051042 -10939.020695 -1114.7354842 2.181369e+20 1.822114728e-05 1.0 
48818002.362 -169772920.81 -56736429.349 616.57355659 -3328.9805843 -899.20939951 2.181369e+20 1.822114728e-05 1.0 
408485888.3 -342675432.68 -186079419.57 10058.40256 -8702.1516802 -4605.5497214 2.181369e+20 1.822114728e-05 1.0 
191175662.25 -168526168.58 -386752564.57 4558.4265959 -4301.3451638 -9485.6539343 2.181369e+20 1.822114728e-05 1.0 
94240247.049 -5311404.008 -174743806.59 1741.5127945 -296.29693092 -3350.2928836 2.181369e+20 1.822114728e-05 1.0 
32985405.86 -56139404.788 -264247737.54 569.51434594 -1469.5134441 -5850.7112669 2.181369e+20 1.822114728e-05 1.0 
49547108.506 -193881385.07 132046236.71 774.73289152 -4316.2921169 2757.7222245 2.173917e+20 1.8158900136e-05 1.0 
256098342.95 -427867279.42 -58253950.241 6148.9039363 -10734.719553 -1458.3987644 2.173917e+20 1.8158900136e-05 1.0 
214552043.29 -289449019.02 -311295594.9 5121.8121911 -7287.3193965 -7647.6232134 2.173917e+20 1.8158900136e-05 1.0 
35820271.469 -135194684.52 189208522.79 529.22165364 -3076.9352111 3930.8686514 2.166463e+20 1.8096636286e-05 1.0 
126032906.51 -205178232.8 207053781.79 2764.0333427 -4937.3957875 4780.239857 2.166463e+20 1.8096636286e-05 1.0 
101212311.59 -273729308.19 144657629.56 2151.7667431 -6567.9229586 3317.485562 2.166463e+20 1.8096636286e-05 1.0 
103278239.1 -269279348.26 108738993.04 2172.129611 -6372.6411506 2467.9256745 2.166463e+20 1.8096636286e-05 1.0 
218279285.76 -298259966.07 -35471556.382 5019.6241877 -7261.8899834 -802.97778354 2.151544e+20 1.7972016703e-05 1.0 
124576847.27 -249594945.21 -46598354.06 2638.0824954 -5755.7170831 -1004.2508698 2.151544e+20 1.7972016703e-05 1.0 
183354765.72 -313576987.94 -274579761.11 4333.3654094 -7874.053157 -6701.8030637 2.151544e+20 1.7972016703e-05 1.0 
205737389.94 -280331740.03 129262159.1 4754.4822408 -6841.8857179 3031.4227007 2.136609e+20 1.784726347e-05 1.0 
24571375.676 -51388084.804 240075839.93 342.0824465 -1347.2806056 5132.4399332 2.136609e+20 1.784726347e-05 1.0 
472338646.87 -364596849.09 351539872.62 11788.342693 -9325.416363 8861.6129914 2.136609e+20 1.784726347e-05 1.0 
138676304.98 -390178503.07 -15095743.159 3153.4666233 -9632.4260875 -380.0985296 2.136609e+20 1.784726347e-05 1.0 
92547871.637 -95409379.572 -281535687.12 1987.2444859 -2406.59197 -6483.0121673 2.136609e+20 1.784726347e-05 1.0 
55426910.659 -176783667.22 -194597015.99 1019.6364181 -4140.0805792 -4252.8753092 2.136609e+20 1.784726347e-05 1.0 
9577152.026 -157194577.7 -232434888.62 6.4966084597 -3774.1559033 -5126.4592487 2.136609e+20 1.784726347e-05 1.0 
418168729.67 -404238989.74 123449768.03 10324.940821 -10269.550052 3071.6956926 2.121658e+20 1.7722376588e-05 1.0 
58218037.377 -175539448.39 -44709154.581 819.17569113 -3467.9397798 -731.16236828 2.121658e+20 1.7722376588e-05 1.0 
153537475.26 -322420249.73 -190462239.54 3513.6843934 -7988.632805 -4584.8583685 2.121658e+20 1.7722376588e-05 1.0 
45852491.859 -162408638.04 -78442354.0 579.82025004 -3220.6102731 -1296.2058491 2.121658e+20 1.7722376588e-05 1.0 
128655103.55 -321150860.97 78652862.898 2844.8905468 -7770.089962 1831.9860501 2.114176e+20 1.7659878852e-05 1.0 
347705360.59 -441169333.58 185578220.5 8559.7920036 -11218.631915 4634.9951058 2.114176e+20 1.7659878852e-05 1.0 
167191790.41 -357370600.59 -139691234.6 3884.9201462 -8850.5382655 -3365.5450071 2.114176e+20 1.7659878852e-05 1.0 
57265295.949 -178070712.53 -25638165.984 719.83962189 -3565.3504104 -365.20702706 2.114176e+20 1.7659878852e-05 1.0 
127947721.61 -308578013.68 -149438020.62 2861.8452025 -7534.0884996 -3502.5875483 2.114176e+20 1.7659878852e-05 1.0 
71452278.648 -171740859.72 179635817.72 1377.6483048 -3985.8238502 3863.1543793 2.099196e+20 1.7534749731e-05 1.0 
154986477.84 -179560739.97 263832302.53 3531.7944521 -4472.4695841 6213.0226903 2.076688e+20 1.7346738632e-05 1.0 
384713744.61 -161660350.63 377405910.34 9512.6568334 -4149.584272 9386.1516814 2.076688e+20 1.7346738632e-05 1.0 
192321751.01 -506578088.08 48855357.124 4561.526693 -12768.123398 1216.4214152 2.076688e+20 1.7346738632e-05 1.0 
195503597.08 -304910978.93 -370298378.62 4684.7500603 -7733.6049441 -9154.0534978 2.076688e+20 1.7346738632e-05 1.0 
16248270.677 -19272306.748 239916476.9 169.13719269 -625.21831484 5082.8160803 2.069174e+20 1.7283973597e-05 1.0 
308642684.02 -364246044.68 300975477.89 7548.1462796 -9241.0634982 7480.207351 2.069174e+20 1.7283973597e-05 1.0 
60699309.29 -190435397.11 27557154.081 939.02082349 -3828.9692543 524.69398594 2.069174e+20 1.7283973597e-05 1.0 
93753333.665 -17528718.826 -269924933.35 2009.190429 -560.79591403 -6098.3585221 2.069174e+20 1.7283973597e-05 1.0 
97413944.949 -227806765.64 175631510.82 2029.6944035 -5428.6877464 3975.8053908 2.061654e+20 1.7221158444e-05 1.0 
426331751.59 -522646981.71 27370343.205 10575.721841 -13312.013094 667.22335659 2.061654e+20 1.7221158444e-05 1.0 
300109644.74 -197219813.19 -392546575.12 7324.3578823 -5038.6433146 -9748.0895175 2.061654e+20 1.7221158444e-05 1.0 
373022750.68 -414353910.99 164384808.56 9187.5700714 -10499.569423 4083.6748489 2.046595e+20 1.7095369429e-05 1.0 
174792029.38 -440736300.59 71275970.925 4090.1472728 -11030.212925 1727.1851262 2.046595e+20 1.7095369429e-05 1.0 
362348400.13 -511436033.16 89558450.091 8939.0272171 -13015.141738 2251.66114 2.046595e+20 1.7095369429e-05 1.0 
376600503.22 -364851643.08 -68017555.556 9195.9097148 -9219.6606134 -1668.6125947 2.046595e+20 1.7095369429e-05 1.0 
126628325.47 -287026189.71 -129829615.32 2784.4937899 -6915.7025195 -3006.6187304 2.046595e+20 1.7095369429e-05 1.0 
369558717.07 -373127609.99 -56709768.991 9055.158481 -9421.0341131 -1370.3245412 2.046595e+20 1.7095369429e-05 1.0 
184090278.46 -129979066.09 -452673233.6 4439.3800197 -3369.0426258 -11184.145408 2.046595e+20 1.7095369429e-05 1.0 
21891893.469 -158396338.89 -195460696.82 243.82744809 -3678.3658122 -4137.4297656 2.046595e+20 1.7095369429e-05 1.0 
138075789.92 -290675287.36 242593480.18 3153.1940096 -7204.5618317 5837.4692185 2.031509e+20 1.6969354882e-05 1.0 
91097681.074 -222771909.62 58867423.388 1771.6368969 -4953.2964736 1203.9913173 2.031509e+20 1.6969354882e-05 1.0 
194571734.5 -38177503.135 316449344.74 4559.1155035 -1052.0480285 7557.0497698 2.031509e+20 1.6969354882e-05 1.0 
368048890.34 -226688031.02 339159453.61 9045.7501751 -5784.2571235 8443.4619076 2.031509e+20 1.6969354882e-05 1.0 
122055623.26 -143803410.22 -127914960.46 2388.6762045 -3302.506074 -2560.0839738 2.031509e+20 1.6969354882e-05 1.0 
-20824441.332 -52407821.25 -183412793.91 -651.36770492 -1244.7093927 -3345.0212684 2.031509e+20 1.6969354882e-05 1.0 
-20019939.753 -43221773.867 212575721.4 -585.81923595 -1153.901091 4241.9987231 2.023955e+20 1.6906255724e-05 1.0 
236028504.61 -367902890.41 182492631.87 5648.8528794 -9222.8049934 4435.1543786 2.023955e+20 1.6906255724e-05 1.0 
135712630.71 -69651764.26 -326779475.07 3138.6058639 -1845.2864815 -7739.0239975 2.023955e+20 1.6906255724e-05 1.0 
220903806.81 -297511709.22 293983804.98 5279.508158 -7515.7645375 7207.6547501 2.016394e+20 1.6843098095e-05 1.0 
333935087.13 -547365543.95 172996625.14 8216.7081636 -13934.287416 4364.73183 2.008826e+20 1.6779881994e-05 1.0 
193062859.89 -437955395.23 28915802.053 4559.0235287 -10949.019605 736.04164449 2.008826e+20 1.6779881994e-05 1.0 
263896679.87 -228854730.5 -396166769.27 6420.5582212 -5841.9894501 -9812.4443354 2.008826e+20 1.6779881994e-05 1.0 
121243531.35 -273033266.21 -305832671.31 2778.2278052 -6824.6837955 -7414.2115544 2.008826e+20 1.6779881994e-05 1.0 
20151908.011 8316630.3471 204797875.46 232.73350859 -45.430051119 4011.1501167 2.001249e+20 1.6716590716e-05 1.0 
499065585.35 -398266081.78 274640472.36 12466.177573 -10181.667647 6905.8799616 2.001249e+20 1.6716590716e-05 1.0 
393000864.92 -468321554.64 -132666713.55 9711.1737425 -11908.854663 -3317.2272123 2.001249e+20 1.6716590716e-05 1.0 
446822048.84 -428536597.85 -209611711.95 11090.585437 -10920.789207 -5250.8046596 2.001249e+20 1.6716590716e-05 1.0 
303037502.48 -437349095.08 -194045521.98 7411.2901357 -11065.460161 -4814.9790833 2.001249e+20 1.6716590716e-05 1.0 
364004139.07 -359940293.95 -237761805.55 8942.7209381 -9131.1251353 -5902.1008522 2.001249e+20 1.6716590716e-05 1.0 
305881721.26 -143627143.62 -425475727.84 7525.4803774 -3716.8137747 -10563.049895 2.001249e+20 1.6716590716e-05 1.0 
296627434.18 -139356650.22 334285542.87 7219.7616168 -3590.2541355 8199.3916009 1.993664e+20 1.6653232612e-05 1.0 
484595075.33 -301301628.99 385186592.68 12093.94708 -7731.3133987 9699.4723141 1.993664e+20 1.6653232612e-05 1.0 
158996215.76 -385781396.56 -77794254.077 3667.0895434 -9539.8695322 -1886.2806106 1.993664e+20 1.6653232612e-05 1.0 
81408236.972 -284875425.22 -219590852.62 1734.009645 -6990.237191 -5192.4649287 1.993664e+20 1.6653232612e-05 1.0 
89258523.054 -217671556.62 175794226.01 1849.9748524 -5170.6851291 3922.0440839 1.986071e+20 1.6589807685e-05 1.0 
376027849.23 -541020916.55 119511044.94 9307.104067 -13785.403937 3004.1811882 1.986071e+20 1.6589807685e-05 1.0 
132313994.62 -341952926.63 -78636387.542 2960.1654986 -8337.7781229 -1846.3776724 1.986071e+20 1.6589807685e-05 1.0 
340341420.66 -292299731.61 -243827694.22 8313.0788865 -7388.0556917 -6020.8441954 1.986071e+20 1.6589807685e-05 1.0 
119171679.57 -279216733.92 -189544330.24 2645.0189065 -6808.5665077 -4451.9034718 1.986071e+20 1.6589807685e-05 1.0 
69300044.071 -322889580.57 52376443.133 1375.8052068 -7714.143919 1206.9314463 1.955607e+20 1.633533949e-05 1.0 
413582295.64 -503586716.89 -127845356.89 10239.945603 -12816.832583 -3209.7583947 1.955607e+20 1.633533949e-05 1.0 
452901135.39 -329051474.61 -299730993.94 11241.79226 -8394.5882908 -7526.6276119 1.955607e+20 1.633533949e-05 1.0 
147201522.93 33424863.515 422102201.32 3512.6281601 688.39949779 10322.212868 1.940317e+20 1.6207620914e-05 1.0 
574081936.14 -250848468.44 249972216.72 14335.240891 -6432.4176443 6267.3357761 1.940317e+20 1.6207620914e-05 1.0 
55343625.498 -286231933.0 -38524559.481 993.74013547 -6655.3846103 -859.71518856 1.940317e+20 1.6207620914e-05 1.0 
422237790.23 -537072822.08 -89489416.157 10480.325357 -13684.505181 -2264.6612091 1.940317e+20 1.6207620914e-05 1.0 
262603964.0 -458809523.84 -95829387.777 6344.5806484 -11557.238326 -2381.7161345 1.940317e+20 1.6207620914e-05 1.0 
358356591.41 -363269550.49 -364758164.83 8839.7862438 -9265.5644774 -9130.3661048 1.940317e+20 1.6207620914e-05 1.0 
261757110.71 -382360842.83 -302005802.6 6365.1291591 -9690.9634286 -7489.0606016 1.940317e+20 1.6207620914e-05 1.0 
250620593.09 -243892699.32 -360306393.05 6071.4087775 -6215.4656764 -8897.0717073 1.940317e+20 1.6207620914e-05 1.0 
18839312.106 -196810299.31 -126657654.97 120.71966318 -4363.25417 -2526.4239843 1.940317e+20 1.6207620914e-05 1.0 
44763474.424 -202532822.97 169395257.81 756.79845397 -4697.4901167 3657.7486798 1.932657e+20 1.614363633e-05 1.0 
-69277007.449 39356749.817 192021598.21 -1574.7094089 531.43973806 3723.5326201 1.932657e+20 1.614363633e-05 1.0 
480969453.04 -517670201.57 157252791.51 11997.564366 -13205.902387 3969.5037733 1.932657e+20 1.614363633e-05 1.0 
490300045.76 -482711568.95 6065488.4605 12209.019473 -12309.175587 142.63060328 1.932657e+20 1.614363633e-05 1.0 
498012149.1 -425687318.58 -128076523.65 12396.68165 -10855.827642 -3197.4581568 1.932657e+20 1.614363633e-05 1.0 
162546435.06 -298038035.69 -426967815.37 3882.1081122 -7589.5037975 -10575.507348 1.932657e+20 1.614363633e-05 1.0 
85931473.197 -316173810.47 94339720.764 1799.4565401 -7607.5346208 2128.8932279 1.924985e+20 1.6079551509e-05 1.0 
229624848.67 27935155.864 376759162.58 5540.1119215 571.29567806 9202.1776701 1.924985e+20 1.6079551509e-05 1.0 
470553143.73 -356708337.21 229776721.22 11675.262063 -9101.3191352 5743.7134302 1.924985e+20 1.6079551509e-05 1.0 
172910052.87 -249961648.48 -272200345.22 4028.7147802 -6234.2790645 -6572.6281706 1.924985e+20 1.6079551509e-05 1.0 
-40321727.346 -85300250.199 -242692759.55 -1119.4475797 -2084.8460731 -5241.5574527 1.924985e+20 1.6079551509e-05 1.0 
131721565.76 -411666361.52 153495682.47 3006.18812 -10271.183535 3711.9537966 1.917303e+20 1.6015383158e-05 1.0 
62161703.425 -123880658.98 -313597137.32 1320.8656279 -3133.009958 -7337.1758551 1.917303e+20 1.6015383158e-05 1.0 
198121323.11 -197358594.67 510330772.7 4819.1563046 -5092.8145129 12708.71911 1.909609e+20 1.5951114569e-05 1.0 
261933636.96 -280683300.2 466697671.81 6424.4373959 -7192.1267302 11638.051892 1.909609e+20 1.5951114569e-05 1.0 
17969005.005 68470029.798 373855912.6 307.02389825 1478.2270745 8948.2521126 1.909609e+20 1.5951114569e-05 1.0 
313859950.21 -468859411.84 288108961.95 7697.8258577 -11934.73931 7209.1122773 1.909609e+20 1.5951114569e-05 1.0 
151414114.32 -401152821.06 34394112.054 3481.5237521 -9930.8799329 832.95468787 1.909609e+20 1.5951114569e-05 1.0 
333347673.78 -504098711.7 105121166.94 8189.1149569 -12783.343542 2656.3687513 1.909609e+20 1.5951114569e-05 1.0 
71569078.791 -334874394.81 -29353665.029 1434.7441089 -8036.6546227 -701.49823772 1.909609e+20 1.5951114569e-05 1.0 
259011389.6 -513148749.48 -114122252.28 6290.7777782 -12992.158081 -2804.0249835 1.909609e+20 1.5951114569e-05 1.0 
52254663.852 -250450060.39 -67374095.853 902.54516386 -5686.5442043 -1392.7656753 1.909609e+20 1.5951114569e-05 1.0 
235984246.69 -432719039.16 -207952078.11 5693.100826 -10925.069699 -5118.7740032 1.909609e+20 1.5951114569e-05 1.0 
39881986.885 -238605567.16 -110888635.57 624.86413255 -5448.1458694 -2367.2930743 1.909609e+20 1.5951114569e-05 1.0 
126733655.0 -275538764.06 -365572872.18 2956.5039609 -6967.4469418 -8950.3790115 1.909609e+20 1.5951114569e-05 1.0 
8481347.5019 -173829604.09 -114674545.99 -129.23043894 -3691.0407299 -2090.3113517 1.909609e+20 1.5951114569e-05 1.0 
225879847.93 -156833092.68 -479403873.17 5506.5610752 -4069.0556937 -11908.69745 1.909609e+20 1.5951114569e-05 1.0 
42696348.074 -225148517.54 -265686647.64 802.19150425 -5529.4130632 -6220.6814645 1.909609e+20 1.5951114569e-05 1.0 
123611032.09 -215009919.46 419313477.02 2907.1597693 -5485.6802565 10304.580981 1.901903e+20 1.5886745743e-05 1.0 
76118735.499 -280776749.2 155175527.78 1560.044672 -6742.1055334 3563.1242092 1.894185e+20 1.582227668e-05 1.0 
48243856.443 -146012860.89 368890403.57 999.97992626 -3711.2683151 8862.6784518 1.878711e+20 1.5693021138e-05 1.0 
224033799.04 -235483581.66 408576415.49 5439.9124268 -6005.0786145 10102.748788 1.878711e+20 1.5693021138e-05 1.0 
133438511.14 -323098581.39 157448807.3 3013.0392068 -7935.8825657 3692.9284271 1.878711e+20 1.5693021138e-05 1.0 
425166092.27 -538061801.38 23585183.004 10547.619384 -13697.152906 613.34502541 1.878711e+20 1.5693021138e-05 1.0 
341987558.35 -347043273.82 -365445215.62 8434.2172124 -8853.8627551 -9113.8151721 1.878711e+20 1.5693021138e-05 1.0 
-1433618.97 122680938.6 -150744315.45 -204.85062147 2212.1487995 -2796.9149518 1.878711e+20 1.5693021138e-05 1.0 
16642739.374 -79739466.523 -396980982.14 263.29185635 -2115.1928739 -9564.0232318 1.878711e+20 1.5693021138e-05 1.0 
95119660.122 -140073516.36 438687472.38 2196.8650705 -3626.7854974 10742.843078 1.863184e+20 1.5563322883e-05 1.0 
298011726.17 -299417503.34 410680065.13 7317.17779 -7644.0852994 10239.948053 1.863184e+20 1.5563322883e-05 1.0 
236262417.73 -505968943.4 113987513.99 5705.6638406 -12790.112318 2814.6041745 1.863184e+20 1.5563322883e-05 1.0 
580489537.24 -521748567.87 -209378373.69 14556.104203 -13352.877525 -5293.1301581 1.863184e+20 1.5563322883e-05 1.0 
162751175.71 -499092071.89 -229990456.72 3847.7625713 -12631.495886 -5718.6994195 1.863184e+20 1.5563322883e-05 1.0 
90633187.687 2762823.3034 -349710976.27 2067.8053599 -117.59631234 -8299.5966935 1.863184e+20 1.5563322883e-05 1.0 
88528807.377 -203136998.03 -434065116.1 2034.6504056 -5194.5206215 -10671.483857 1.863184e+20 1.5563322883e-05 1.0 
-41179983.15 -4245407.0997 230845469.89 -1056.4163349 -313.55718217 4798.0933184 1.847601e+20 1.5433156855e-05 1.0 
137686604.56 -271420045.65 423566942.64 3253.530288 -6915.6621989 10449.130164 1.847601e+20 1.5433156855e-05 1.0 
245288906.83 -424568148.65 247682609.94 5924.972328 -10737.653193 6135.2846141 1.847601e+20 1.5433156855e-05 1.0 
107099585.12 -374535605.13 100866821.12 2361.036209 -9210.5359927 2402.6108366 1.847601e+20 1.5433156855e-05 1.0 
103485353.3 -45987466.771 -418879082.28 2406.1489287 -1285.1211304 -10192.266724 1.847601e+20 1.5433156855e-05 1.0 
57953224.208 -259331327.4 58164691.033 1036.5192831 -5928.4754225 1204.2234803 1.831959e+20 1.5302497995e-05 1.0 
479394100.66 -529481133.46 14244396.117 11921.901543 -13496.085223 357.14346206 1.831959e+20 1.5302497995e-05 1.0 
356191168.05 -414987442.62 -430793378.77 8815.3810736 -10619.137898 -10816.325879 1.831959e+20 1.5302497995e-05 1.0 
98684086.485 -317330792.1 202496947.51 2165.6703237 -7823.6354647 4793.3340837 1.824115e+20 1.5236976445e-05 1.0 
40445684.995 -224344152.2 85359248.366 593.33020083 -4963.9353532 1746.2857436 1.824115e+20 1.5236976445e-05 1.0 
92316893.041 -187686011.33 399449881.25 2105.9908974 -4786.4121133 9731.2748824 1.824115e+20 1.5236976445e-05 1.0 
201436442.67 -366092833.28 434872436.23 4884.0705673 -9343.6030276 10842.138169 1.824115e+20 1.5236976445e-05 1.0 
36497424.868 183697230.81 -335772036.56 775.43328521 4301.7099238 -8045.5556882 1.824115e+20 1.5236976445e-05 1.0 
-13403518.005 -53478234.616 -260003115.96 -456.21107767 -1430.8386591 -5681.1829528 1.824115e+20 1.5236976445e-05 1.0 
20140483.996 -157386111.96 63643417.607 13.220524507 -2896.6618652 897.83804342 1.816254e+20 1.5171312892e-05 1.0 
279146687.1 -458771130.25 211120290.43 6790.6787541 -11619.901354 5244.4202666 1.816254e+20 1.5171312892e-05 1.0 
72709975.282 153595105.79 380292715.64 1685.566892 3607.6164884 9207.8636558 1.816254e+20 1.5171312892e-05 1.0 
434721022.32 -555168811.86 264790449.53 10814.769755 -14177.125318 6681.0213626 1.816254e+20 1.5171312892e-05 1.0 
67758968.721 -332354027.01 -113178177.17 1355.9909384 -8053.1253502 -2639.7554788 1.816254e+20 1.5171312892e-05 1.0 
53487125.578 -320532725.93 -141098698.15 1011.7138176 -7773.7541011 -3274.3305084 1.816254e+20 1.5171312892e-05 1.0 
303973574.19 -238464718.99 -520880871.68 7504.9994202 -6147.7583762 -13046.778946 1.816254e+20 1.5171312892e-05 1.0 
90002645.754 -130692471.13 -511542958.38 2093.2313944 -3414.4886795 -12673.46469 1.816254e+20 1.5171312892e-05 1.0 
17305674.006 -127042714.55 326045282.66 239.20188731 -3219.4310048 7652.6411995 1.808377e+20 1.510551569e-05 1.0 
170227781.21 -304130278.4 354870497.35 4041.4406434 -7697.9198484 8718.7074232 1.808377e+20 1.510551569e-05 1.0 
149917402.36 40987527.051 308441916.44 3480.5994749 823.89451566 7282.7828859 1.808377e+20 1.510551569e-05 1.0 
563260404.65 -488059153.24 116227722.42 14094.604902 -12473.366903 2908.8789944 1.808377e+20 1.510551569e-05 1.0 
397098766.12 -238390180.94 -254620585.98 9772.0777438 -6067.7842605 -6281.3087147 1.808377e+20 1.510551569e-05 1.0 
124780425.06 120560757.67 -232030035.28 2801.8618387 2615.0472939 -5239.1906652 1.808377e+20 1.510551569e-05 1.0 
81268824.28 21278398.557 288532878.33 1782.9731964 288.46666315 6592.9815813 1.800482e+20 1.5039568132e-05 1.0 
548184719.93 -424024229.21 240261810.99 13692.380075 -10846.423693 6040.8848871 1.800482e+20 1.5039568132e-05 1.0 
151789249.82 -407210906.82 -21796187.429 3489.2933218 -10087.242417 -501.54844099 1.800482e+20 1.5039568132e-05 1.0 
603028212.39 -392801629.3 66558663.23 15074.113821 -10041.512048 1694.295526 1.800482e+20 1.5039568132e-05 1.0 
146977676.0 -520089584.31 -110914116.33 3430.6574668 -13115.659483 -2742.8055278 1.800482e+20 1.5039568132e-05 1.0 
356729087.94 -325379050.86 -300026582.98 8732.2736152 -8278.8339784 -7462.0824541 1.800482e+20 1.5039568132e-05 1.0 
121537211.47 -407799470.06 -236945087.03 2783.040117 -10234.505972 -5789.8812694 1.800482e+20 1.5039568132e-05 1.0 
383293045.5 -186135486.47 -421013161.33 9489.6495649 -4797.1292657 -10511.606939 1.800482e+20 1.5039568132e-05 1.0 
47541751.473 -289102341.9 -201136076.79 892.67372014 -7049.4340334 -4680.3016702 1.800482e+20 1.5039568132e-05 1.0 
274082554.66 -559851492.11 -6381839.2946 6689.5897932 -14207.69347 -128.05934933 1.78464e+20 1.4907238657e-05 1.0 
36185564.103 -255159894.14 -43112126.065 509.98299997 -5748.8845215 -894.01017002 1.78464e+20 1.4907238657e-05 1.0 
147546009.35 -369917553.01 -315019242.37 3457.4620163 -9331.3718239 -7757.0035486 1.78464e+20 1.4907238657e-05 1.0 
9198323.9528 -178798908.87 -104688645.03 -134.24829384 -3730.9287603 -1944.9075164 1.78464e+20 1.4907238657e-05 1.0 
-7194853.4651 -171920710.96 129848426.84 -463.70352317 -3687.9288429 2467.5236237 1.768724e+20 1.4774291054e-05 1.0 
33377663.165 -220845675.18 120836962.55 465.25267035 -5001.6523831 2500.4338391 1.768724e+20 1.4774291054e-05 1.0 
65249225.543 -51108271.321 423887798.62 1457.7770208 -1422.7691203 10301.735576 1.768724e+20 1.4774291054e-05 1.0 
351912156.92 -306982093.42 367904463.49 8670.9970587 -7825.2449632 9177.1986681 1.768724e+20 1.4774291054e-05 1.0 
277375734.95 -429110742.21 6641451.2354 6717.1673956 -10780.505436 110.68033929 1.768724e+20 1.4774291054e-05 1.0 
334572893.37 -158978757.33 457223743.76 8254.9329397 -4127.9960695 11388.874699 1.768724e+20 1.4774291054e-05 1.0 
364116644.47 -269107792.13 465143965.18 9013.7554504 -6918.5850023 11637.115905 1.768724e+20 1.4774291054e-05 1.0 
318654302.64 -516599777.09 212101840.14 7824.4731689 -13130.116522 5332.7861381 1.768724e+20 1.4774291054e-05 1.0 
396190490.24 -262288380.22 433147183.2 9847.2748341 -6748.7831602 10845.039519 1.768724e+20 1.4774291054e-05 1.0 
538908374.4 -309601528.68 -15235701.258 13371.611953 -7889.9466487 -372.74726186 1.768724e+20 1.4774291054e-05 1.0 
300771187.15 -365826231.53 2119964.3974 7255.3295752 -9170.4664917 24.997264126 1.768724e+20 1.4774291054e-05 1.0 
35041648.775 -206221016.55 -79010220.579 446.19713713 -4418.0485224 -1534.1942852 1.768724e+20 1.4774291054e-05 1.0 
462100349.47 -430335328.47 -285087761.21 11492.776239 -10980.84038 -7180.2579268 1.768724e+20 1.4774291054e-05 1.0 
205993241.92 106908143.41 -247872481.85 4858.1395658 2434.3074162 -5806.7680508 1.768724e+20 1.4774291054e-05 1.0 
126205075.4 -248959339.31 -399764759.5 2957.9326047 -6328.2623898 -9809.4463426 1.768724e+20 1.4774291054e-05 1.0 
252785806.42 14161295.615 -393750241.82 6163.8635765 200.02528686 -9651.7333344 1.768724e+20 1.4774291054e-05 1.0 
-25699430.598 -200646264.58 -319482598.05 -850.95464705 -4991.9338129 -7593.1876136 1.768724e+20 1.4774291054e-05 1.0 
21056715.929 -183159249.09 289765711.66 295.68076882 -4532.8130957 6752.541816 1.752729e+20 1.4640683557e-05 1.0 
90770481.135 -251491088.88 365123001.67 2052.2457737 -6353.6659327 8894.0990889 1.752729e+20 1.4640683557e-05 1.0 
46885281.641 -104081208.52 392125185.27 987.57662927 -2710.2581986 9451.9046569 1.752729e+20 1.4640683557e-05 1.0 
218160332.02 -360644140.81 322236000.14 5251.7970608 -9140.255618 7947.0528438 1.752729e+20 1.4640683557e-05 1.0 
43041549.663 -191427227.04 25616723.248 571.25844935 -3799.707512 446.75540421 1.752729e+20 1.4640683557e-05 1.0 
447871472.46 -598405708.47 106652615.69 11142.689136 -15270.369146 2693.0234519 1.752729e+20 1.4640683557e-05 1.0 
315378156.2 -521105570.37 39518878.405 7710.170339 -13214.93766 997.16885999 1.752729e+20 1.4640683557e-05 1.0 
277655515.53 -360969316.82 -469967131.46 6815.3759351 -9232.846514 -11765.829301 1.752729e+20 1.4640683557e-05 1.0 
255103294.86 -367828198.85 -401444898.89 6233.1250244 -9377.2073405 -10010.711321 1.752729e+20 1.4640683557e-05 1.0 
58226641.448 91529350.04 -296410098.69 1244.2208091 1981.3965549 -6857.4428238 1.752729e+20 1.4640683557e-05 1.0 
221165694.78 -125507760.39 487241501.87 5385.9828407 -3276.6385458 12117.034432 1.7447e+20 1.4573616687e-05 1.0 
345135738.13 -247901035.6 347305739.85 8460.1598974 -6336.6023531 8624.1970315 1.7447e+20 1.4573616687e-05 1.0 
112763696.69 -482027301.4 -517069.57711 2540.3226744 -12070.083771 -3.6365096976 1.7447e+20 1.4573616687e-05 1.0 
42321452.545 -272143401.57 -261143391.18 797.67304154 -6716.3783657 -6188.3966121 1.7447e+20 1.4573616687e-05 1.0 
418501297.27 -260608147.34 312675010.55 10359.859143 -6653.2883136 7805.8655473 1.728578e+20 1.443894835e-05 1.0 
-13692890.884 -122504839.05 174274104.81 -549.84071096 -2709.3316077 3370.4696178 1.720484e+20 1.4371338529e-05 1.0 
5584191.5313 -193278492.65 228356297.62 -101.46977893 -4638.316657 5120.8458923 1.720484e+20 1.4371338529e-05 1.0 
309670601.97 -52915895.714 538095529.4 7671.6631495 -1470.8601907 13450.826659 1.720484e+20 1.4371338529e-05 1.0 
362558887.19 -379248895.94 425715562.63 8966.1410724 -9701.4963033 10664.51165 1.720484e+20 1.4371338529e-05 1.0 
34952124.678 -177149708.12 -158128.3114 353.93104562 -3291.3868407 13.750915277 1.720484e+20 1.4371338529e-05 1.0 
140960566.79 1042418.4944 -232714984.49 3073.6690832 -163.08500965 -5168.7011131 1.720484e+20 1.4371338529e-05 1.0 
-7667689.9758 -129868515.48 197269764.26 -401.44610788 -3010.1794231 4038.5559768 1.704223e+20 1.4235509114e-05 1.0 
85577992.233 -274273907.6 288847343.22 1881.9419344 -6838.6860186 6919.8211462 1.704223e+20 1.4235509114e-05 1.0 
343617186.22 -283378318.47 401070050.23 8497.2711329 -7251.4000852 10021.375751 1.704223e+20 1.4235509114e-05 1.0 
359890698.22 -416301869.03 335811987.83 8899.1897706 -10598.912451 8463.4116257 1.704223e+20 1.4235509114e-05 1.0 
39182808.236 -230512707.1 -53624315.046 559.48020707 -5055.4117498 -1068.8149245 1.704223e+20 1.4235509114e-05 1.0 
15437161.934 -185949699.52 -96619585.304 -1.0649865661 -3886.9745926 -1815.3453904 1.704223e+20 1.4235509114e-05 1.0 
-3094925.3139 68600071.406 -274530602.75 -177.87082233 1350.149766 -6174.9860671 1.704223e+20 1.4235509114e-05 1.0 
-26510089.783 85818098.598 185080284.73 -703.45679849 1527.7655618 3588.8348723 1.696056e+20 1.4167289519e-05 1.0 
307141476.88 -506567766.73 243201679.74 7525.5513928 -12876.150387 6082.8861305 1.696056e+20 1.4167289519e-05 1.0 
141141621.11 -446018613.62 23621193.569 3240.1728225 -11118.3961 537.73312765 1.696056e+20 1.4167289519e-05 1.0 
526923564.79 -504087639.06 -105982490.01 13190.816139 -12886.436866 -2682.9032285 1.696056e+20 1.4167289519e-05 1.0 
448968313.33 -581726999.62 -206658389.05 11179.724779 -14863.598909 -5188.8256186 1.696056e+20 1.4167289519e-05 1.0 
21892136.07 -289132384.71 -101157687.56 211.78427931 -6815.4141585 -2249.6931753 1.696056e+20 1.4167289519e-05 1.0 
335742238.51 -153061009.8 -519330736.59 8316.0555218 -3996.5520893 -12994.601371 1.696056e+20 1.4167289519e-05 1.0 
59021572.396 -186404340.68 -258234699.32 1179.1970973 -4542.7880441 -5951.1512871 1.696056e+20 1.4167289519e-05 1.0 
4282925.9552 -93926273.977 274455058.77 -69.340765407 -2367.7216147 6157.2103438 1.687864e+20 1.4098861097e-05 1.0 
161918329.71 -340007600.7 287199907.29 3805.5811475 -8549.2806066 7007.8276365 1.687864e+20 1.4098861097e-05 1.0 
52430807.628 -352829345.73 -55700403.683 969.80177399 -8541.5969879 -1285.3039522 1.687864e+20 1.4098861097e-05 1.0 
11573596.182 -262735836.88 -138069796.74 -20.536212385 -6182.0321406 -3034.6873132 1.687864e+20 1.4098861097e-05 1.0 
25681876.317 8575709.9138 -268150801.57 420.88907279 -26.865102239 -5935.1776366 1.687864e+20 1.4098861097e-05 1.0 
17145573.776 -219714117.05 206319290.41 149.68358052 -5248.4613022 4622.7595191 1.6714e+20 1.3961336007e-05 1.0 
228239716.03 -30489169.464 470297343.89 5568.5626109 -908.58876658 11643.098401 1.6714e+20 1.3961336007e-05 1.0 
516782211.68 -297246636.08 266004474.63 12857.984748 -7616.0277813 6639.8800296 1.6714e+20 1.3961336007e-05 1.0 
531064645.24 -555805666.95 -92806157.534 13264.673953 -14201.02561 -2320.932648 1.6714e+20 1.3961336007e-05 1.0 
114320516.79 -403087647.61 -126966658.05 2565.9907861 -10000.47491 -3065.9988819 1.6714e+20 1.3961336007e-05 1.0 
453175245.48 -510429958.66 -273416766.11 11272.515426 -13033.363331 -6871.9277564 1.6714e+20 1.3961336007e-05 1.0 
147034115.17 -363822325.11 -172708423.05 3396.3678761 -9032.5056643 -4146.2340845 1.6714e+20 1.3961336007e-05 1.0 
280782538.1 -100976352.84 -398582351.65 6871.3685508 -2643.1470358 -9829.3151964 1.6714e+20 1.3961336007e-05 1.0 
-56445656.831 2848899.6786 -181763316.64 -1253.9405941 -229.35031079 -3298.1879692 1.6714e+20 1.3961336007e-05 1.0 
88185076.915 -177858018.61 48028100.225 1368.6495627 -3869.0129451 794.66664765 1.655536e+20 1.3828822764e-05 1.0 
327946463.06 -125815417.25 287042844.11 7932.0553462 -3253.8320942 6999.6474117 1.655536e+20 1.3828822764e-05 1.0 
324504132.08 -94469147.076 380394712.16 7972.1398169 -2475.5305355 9391.4337113 1.655536e+20 1.3828822764e-05 1.0 
68517056.771 -194672598.54 11749079.957 940.81221846 -4110.7465552 192.50416233 1.655536e+20 1.3828822764e-05 1.0 
171984851.49 -262721457.57 34998247.255 3666.4103915 -6363.1167709 871.60873839 1.655536e+20 1.3828822764e-05 1.0 
417534661.77 -295487717.78 111677474.54 10192.580589 -7494.7429292 2746.0703123 1.655536e+20 1.3828822764e-05 1.0 
240244034.62 -311751073.81 130566393.24 5644.0233078 -7746.1714029 3158.0490523 1.655536e+20 1.3828822764e-05 1.0 
186378930.04 -145373301.53 -125601622.33 3965.8761759 -3494.9532947 -2745.3019904 1.655536e+20 1.3828822764e-05 1.0 
168098388.11 -61035322.168 -181167354.09 3546.944801 -1535.5198732 -3943.5476923 1.655536e+20 1.3828822764e-05 1.0 
40174514.075 -231230060.49 17741774.826 574.67085081 -5003.8227869 362.86626619 1.646492e+20 1.3753277518e-05 1.0 
275014694.29 -506198852.31 -162436086.9 6681.50876 -12820.85944 -4039.9578333 1.646492e+20 1.3753277518e-05 1.0 
345096309.71 -452473345.96 -290270040.8 8505.6604204 -11526.832541 -7258.9493265 1.646492e+20 1.3753277518e-05 1.0 
88357420.16 -393967007.51 196393766.04 1916.640256 -9814.1625897 4765.0589136 1.63813e+20 1.3683429073e-05 1.0 
66303211.59 119627612.51 318264353.33 1488.5175676 2702.7405085 7510.1707322 1.63813e+20 1.3683429073e-05 1.0 
566893897.78 -546604317.82 51446294.938 14177.467906 -13977.643447 1277.325298 1.63813e+20 1.3683429073e-05 1.0 
408600369.43 -269067813.96 -335178908.45 10086.608817 -6867.7547887 -8358.7635455 1.63813e+20 1.3683429073e-05 1.0 
-6776323.2015 -144342163.42 -280476955.91 -337.75792008 -3590.0154349 -6402.2768566 1.63813e+20 1.3683429073e-05 1.0 
236089724.79 -23302751.14 218427788.75 5461.1363432 -711.89467974 5039.3718253 1.635056e+20 1.3657751709e-05 1.0 
165819952.91 -217413099.63 -15717997.023 3393.7068645 -5182.873973 -364.68921244 1.635056e+20 1.3657751709e-05 1.0 
578667684.07 -411597802.65 -167507023.07 14485.531706 -10514.406751 -4250.9078262 1.635056e+20 1.3657751709e-05 1.0 
185013367.68 -185570849.12 -95623854.248 3969.858505 -4464.9333604 -2052.1859594 1.635056e+20 1.3657751709e-05 1.0 
178157542.0 -106926987.53 -161627572.36 3773.9320698 -2597.8885816 -3554.9533108 1.635056e+20 1.3657751709e-05 1.0 
222672368.56 -9115756.2674 -182166011.42 5018.2960992 -355.039582 -4076.8648206 1.635056e+20 1.3657751709e-05 1.0 
11190628.226 -62626085.545 373104509.9 120.63571529 -1702.2079063 8901.37691 1.629736e+20 1.3613313329e-05 1.0 
278422467.98 -450913803.47 350889172.59 6825.1206185 -11493.530881 8763.882656 1.629736e+20 1.3613313329e-05 1.0 
36661307.736 -223959037.6 30360165.819 476.41343349 -4802.6597966 564.59775166 1.629736e+20 1.3613313329e-05 1.0 
398358714.28 -521966063.88 137432867.91 9854.1088942 -13303.676855 3424.8333531 1.629736e+20 1.3613313329e-05 1.0 
406076361.66 -568080285.1 -77475302.69 10047.735299 -14474.278644 -1936.4752767 1.629736e+20 1.3613313329e-05 1.0 
22563418.936 -304395831.69 -69919672.996 221.6205868 -7182.3151616 -1562.2654232 1.629736e+20 1.3613313329e-05 1.0 
354683763.51 -401255634.18 -190010965.56 8728.4016003 -10179.703306 -4725.8908084 1.629736e+20 1.3613313329e-05 1.0 
363256819.14 -473170499.88 -325780399.39 8980.1582751 -12076.365021 -8155.9362185 1.629736e+20 1.3613313329e-05 1.0 
620135.82212 -263457515.93 -113984406.34 -288.99671528 -6127.9930173 -2462.1132677 1.629736e+20 1.3613313329e-05 1.0 
112687156.32 71288386.997 -417662536.57 2651.1838221 1597.094116 -10177.690266 1.629736e+20 1.3613313329e-05 1.0 
163882939.68 -186993418.08 54862985.999 3312.6989673 -4412.3674253 1108.8960116 1.628268e+20 1.3601051009e-05 1.0 
435172806.23 -145061022.7 221683668.24 10664.272273 -3740.5816812 5449.0073359 1.628268e+20 1.3601051009e-05 1.0 
205965865.11 -228729551.65 37873636.668 4503.9664554 -5557.3605862 803.24768881 1.628268e+20 1.3601051009e-05 1.0 
521877467.1 -265735693.89 157628583.7 12926.94429 -6790.7555015 3923.6651118 1.628268e+20 1.3601051009e-05 1.0 
42961762.896 -158461103.01 -6600279.8033 179.03995803 -2899.9848098 94.125529492 1.628268e+20 1.3601051009e-05 1.0 
138845483.38 -233104080.77 -17581485.331 2661.065611 -5544.1534234 -347.83114762 1.628268e+20 1.3601051009e-05 1.0 
592855495.19 -366369428.52 -153986587.33 14811.905047 -9374.8970927 -3866.1627282 1.628268e+20 1.3601051009e-05 1.0 
141593845.28 -217474215.32 -162340487.44 3076.7707285 -5223.2961854 -3664.7875268 1.628268e+20 1.3601051009e-05 1.0 
97643426.194 -144410292.23 -138502411.52 1842.9795669 -3283.0642285 -2758.7961608 1.628268e+20 1.3601051009e-05 1.0 
391536227.87 -168513137.43 -288913981.65 9608.465808 -4327.1012127 -7117.0360065 1.628268e+20 1.3601051009e-05 1.0 
234599792.15 -119155069.69 -240723652.3 5475.802531 -3033.7407097 -5663.2586131 1.628268e+20 1.3601051009e-05 1.0 
-4336668.1256 -209099373.22 122273673.36 -408.83659026 -4658.102645 2465.1441529 1.62131e+20 1.3542930287e-05 1.0 
52258178.06 -12924835.937 358381199.72 1124.0679524 -496.53652043 8504.8004283 1.62131e+20 1.3542930287e-05 1.0 
340582109.19 -418354800.08 340846802.09 8391.3445021 -10654.149762 8527.412776 1.62131e+20 1.3542930287e-05 1.0 
206134165.56 26382474.524 442642010.52 5000.4336183 498.64883119 10891.048217 1.62131e+20 1.3542930287e-05 1.0 
427419783.53 -415110488.03 365393574.02 10612.544877 -10614.968944 9164.5922479 1.62131e+20 1.3542930287e-05 1.0 
9155151.6155 -275199338.09 14463291.962 -128.89024637 -6277.4110765 334.2710213 1.62131e+20 1.3542930287e-05 1.0 
279543218.88 -586180489.63 59579894.18 6822.3890039 -14889.590583 1481.8227285 1.62131e+20 1.3542930287e-05 1.0 
544350551.17 -460761018.01 -274810838.72 13596.996115 -11783.901646 -6941.4111448 1.62131e+20 1.3542930287e-05 1.0 
261306652.94 -458821077.24 -219166753.36 6333.0707646 -11610.045436 -5443.045361 1.62131e+20 1.3542930287e-05 1.0 
236260104.43 -332215422.04 -380988934.14 5739.730879 -8457.8879696 -9432.7023888 1.62131e+20 1.3542930287e-05 1.0 
122288024.52 -114483965.1 -437897216.19 2867.5687612 -2987.6111383 -10737.929532 1.62131e+20 1.3542930287e-05 1.0 
-30884957.805 -134653886.27 -102148033.22 -935.97929358 -2508.7925761 -1528.0457577 1.62131e+20 1.3542930287e-05 1.0 
225240175.89 -20481828.401 -437680076.52 5470.8954609 -668.83926049 -10771.961592 1.62131e+20 1.3542930287e-05 1.0 
96035082.729 -116510182.71 80549816.728 1372.6059542 -2406.2556262 1273.7805084 1.614745e+20 1.3488092324e-05 1.0 
143165135.02 -89907604.574 126082389.64 2713.9550363 -2093.8847449 2490.2932115 1.614745e+20 1.3488092324e-05 1.0 
-3734137.9184 87572887.117 192438459.91 -199.67914582 1586.9440285 3848.0915582 1.614745e+20 1.3488092324e-05 1.0 
342053753.39 -269766870.83 -6829043.3451 8169.2732516 -6779.3790399 -169.11433936 1.614745e+20 1.3488092324e-05 1.0 
378995021.39 -219324496.39 5727800.5886 9102.4464696 -5534.4461219 141.76512208 1.614745e+20 1.3488092324e-05 1.0 
62318541.368 -361123187.15 101776986.31 1238.9527494 -8817.1637029 2381.3048174 1.61285e+20 1.3472263239e-05 1.0 
-45844083.987 -132115280.58 -181530703.34 -1227.7450098 -3007.0567078 -3610.8776404 1.61285e+20 1.3472263239e-05 1.0 
251861322.45 -172892324.63 100731018.91 5696.4788115 -4268.1763415 2313.7149394 1.608009e+20 1.3431825985e-05 1.0 
-31709903.756 -94155843.948 148702750.71 -854.25968966 -1978.1075086 2445.3130422 1.604356e+20 1.3401312188e-05 1.0 
68693335.501 -336855253.81 305544715.64 1466.6641889 -8449.2976147 7445.7082209 1.604356e+20 1.3401312188e-05 1.0 
72481461.218 -401333473.36 219232986.68 1541.8084162 -10036.068221 5331.2609511 1.604356e+20 1.3401312188e-05 1.0 
22390068.48 -334905418.76 171918756.81 254.57915011 -8174.6494551 4083.0562439 1.604356e+20 1.3401312188e-05 1.0 
212782278.61 -463620031.44 218028123.83 5115.1946936 -11718.840184 5397.66036 1.604356e+20 1.3401312188e-05 1.0 
93414998.853 -422588830.68 119420259.72 2041.9842678 -10499.916033 2881.5854304 1.604356e+20 1.3401312188e-05 1.0 
2390563.2218 56753386.339 298298357.47 -67.135379743 1112.3420681 6835.5404947 1.604356e+20 1.3401312188e-05 1.0 
603210383.54 -475384332.89 212612456.38 15116.218725 -12165.166628 5378.2809257 1.604356e+20 1.3401312188e-05 1.0 
140022846.57 -471357542.97 -52892636.904 3227.5733261 -11796.857531 -1311.0896289 1.604356e+20 1.3401312188e-05 1.0 
409095105.37 -175769049.9 -465917751.72 10151.089139 -4544.3666518 -11672.086889 1.604356e+20 1.3401312188e-05 1.0 
101921565.85 -329468098.88 -264550223.43 2285.9647897 -8221.6627839 -6386.638437 1.604356e+20 1.3401312188e-05 1.0 
36453406.639 -122122779.05 -413060183.72 729.75188869 -3161.6953532 -10033.095177 1.604356e+20 1.3401312188e-05 1.0 
12205182.194 -169469980.12 -378847121.41 115.97269806 -4300.6086423 -9144.0650385 1.604356e+20 1.3401312188e-05 1.0 
-48982892.236 -13969018.379 -207157986.68 -1202.5656742 -544.95975632 -4073.4259109 1.604356e+20 1.3401312188e-05 1.0 
-63630837.671 -82492016.368 -198571255.61 -1567.4190956 -1963.776914 -3944.3762991 1.604356e+20 1.3401312188e-05 1.0 
262122365.65 -44877363.323 254258507.32 6192.2182542 -1227.3553503 6033.0355273 1.601289e+20 1.3375693295e-05 1.0 
125129159.65 -238010523.02 22130333.474 2483.553914 -5485.1217534 508.50023784 1.601289e+20 1.3375693295e-05 1.0 
512196838.01 -497981900.25 134216588.08 12776.22857 -12716.041137 3390.6106409 1.601289e+20 1.3375693295e-05 1.0 
161629179.09 147109679.45 377742462.14 3878.2517202 3490.7713125 9214.3171041 1.587894e+20 1.3263803803e-05 1.0 
73012164.143 -188036373.67 15035598.487 946.91219095 -3991.3865649 66.279745699 1.587894e+20 1.3263803803e-05 1.0 
252071848.29 -225141093.36 67632691.503 5763.6129699 -5558.9277225 1534.5836701 1.587894e+20 1.3263803803e-05 1.0 
318462391.7 -169982409.32 138112579.29 7513.5480257 -4286.9190518 3286.340981 1.587894e+20 1.3263803803e-05 1.0 
500350307.43 -157221165.44 281780541.39 12432.390872 -4040.9428449 7012.4331526 1.587894e+20 1.3263803803e-05 1.0 
110555705.43 -210589066.22 -24152478.293 2121.7034874 -4812.6283794 -406.63531084 1.587894e+20 1.3263803803e-05 1.0 
337671743.03 -436970100.32 -193022124.45 8304.2972088 -11107.334205 -4776.2474387 1.587894e+20 1.3263803803e-05 1.0 
171044577.9 -254050762.02 -39491303.539 3587.9414747 -6136.2796157 -872.89061687 1.587894e+20 1.3263803803e-05 1.0 
537217405.91 -313646352.72 -192318151.0 13361.020386 -8023.500687 -4792.7128179 1.587894e+20 1.3263803803e-05 1.0 
48437924.797 48341591.16 -215582991.54 846.5439822 852.71610139 -4473.6898227 1.587894e+20 1.3263803803e-05 1.0 
110124059.51 -198002032.98 -51330082.345 1954.3738323 -4501.5667614 -981.85945835 1.587894e+20 1.3263803803e-05 1.0 
288393086.49 -199058480.5 -96731457.779 6709.7031526 -4964.5149328 -2263.5473624 1.587894e+20 1.3263803803e-05 1.0 
361827422.3 -156477781.96 -222676028.03 8756.5600828 -4003.2846727 -5412.5519875 1.587894e+20 1.3263803803e-05 1.0 
174196474.43 -39718231.76 -352680530.51 4099.0249324 -1131.2030016 -8488.5214168 1.587894e+20 1.3263803803e-05 1.0 
25372901.845 -218314137.32 58812337.789 215.34971955 -4673.5766852 1182.9449614 1.58726e+20 1.3258507951e-05 1.0 
214426786.74 -63532552.918 164124458.5 4727.1315145 -1645.0818677 3638.112144 1.574554e+20 1.3152373731e-05 1.0 
110038177.31 65887538.448 132627475.76 1983.4957614 1105.8327513 2368.0230099 1.574554e+20 1.3152373731e-05 1.0 
68585323.306 -187053628.39 -9520458.8968 873.77025416 -3953.229099 -115.91223739 1.574554e+20 1.3152373731e-05 1.0 
247956070.84 -245105301.92 8116644.4874 5635.0247105 -6042.2744835 197.64723393 1.574554e+20 1.3152373731e-05 1.0 
583604720.4 -275703549.77 -34039374.65 14509.754721 -7048.7095371 -866.51906718 1.574554e+20 1.3152373731e-05 1.0 
213976489.78 -345010200.05 -117055614.41 5039.7474363 -8551.8899284 -2833.7025111 1.574554e+20 1.3152373731e-05 1.0 
100020095.3 -174137787.43 -44396050.42 1624.4793265 -3841.6049366 -703.34675687 1.574554e+20 1.3152373731e-05 1.0 
251224680.86 -193538868.73 -95509528.036 5733.1693827 -4786.8360484 -2159.3509183 1.574554e+20 1.3152373731e-05 1.0 
254916472.9 -141842462.19 -118529636.25 5783.5195026 -3524.1597223 -2689.3575701 1.574554e+20 1.3152373731e-05 1.0 
316465920.53 -74246024.154 -262456652.53 7596.8687935 -1952.0001862 -6348.5338092 1.574554e+20 1.3152373731e-05 1.0 
238319417.46 -52302081.613 -210093207.26 5486.939307 -1403.5750367 -4853.5603093 1.574554e+20 1.3152373731e-05 1.0 
42648165.968 -255242105.79 230895636.5 780.97975181 -6222.4451783 5376.1679486 1.570011e+20 1.3114425694e-05 1.0 
67145440.494 95846572.096 232307623.91 1436.8640319 1932.0215983 5101.25749 1.570011e+20 1.3114425694e-05 1.0 
347738629.46 -585201661.77 107155580.34 8562.4097148 -14894.00181 2673.9794158 1.570011e+20 1.3114425694e-05 1.0 
182504701.68 -205259415.52 156006777.76 4079.8422373 -4979.7810959 3557.1222529 1.570011e+20 1.3114425694e-05 1.0 
445250756.34 -438950272.11 274638623.71 11113.509678 -11214.955218 6926.6607651 1.570011e+20 1.3114425694e-05 1.0 
581121967.54 -425137619.08 -71757168.79 14522.024933 -10860.954751 -1800.9959747 1.570011e+20 1.3114425694e-05 1.0 
99253155.284 -383430818.9 -144501551.81 2191.4378043 -9488.2771206 -3458.9708959 1.570011e+20 1.3114425694e-05 1.0 
115776042.63 -214236068.05 1613619.2986 2174.1804278 -4841.6120953 133.27172438 1.570011e+20 1.3114425694e-05 1.0 
361556376.42 -262879385.04 -466447756.91 8950.61499 -6767.6175794 -11663.670111 1.570011e+20 1.3114425694e-05 1.0 
315771342.76 -175094987.42 480510194.77 7787.0420041 -4530.4379561 12012.3912 1.567903e+20 1.3096817404e-05 1.0 
409784028.53 -375668914.21 301742987.79 10165.986357 -9589.4047163 7570.512045 1.567903e+20 1.3096817404e-05 1.0 
340531573.67 -241253219.09 -61670861.408 8110.9402174 -6060.6946797 -1504.1522558 1.567903e+20 1.3096817404e-05 1.0 
192543076.79 -224493088.81 -57243519.018 4152.0499471 -5445.7939205 -1238.1618501 1.567903e+20 1.3096817404e-05 1.0 
382535212.64 -167507771.23 -122910361.82 9208.0335687 -4258.6772151 -2961.9544847 1.567903e+20 1.3096817404e-05 1.0 
130416787.25 117978938.26 -278484889.98 2998.3873256 2650.5913276 -6500.9556057 1.567903e+20 1.3096817404e-05 1.0 
189862798.86 -189145712.2 113514155.25 4129.9636526 -4612.1655192 2477.45412 1.561263e+20 1.304135296e-05 1.0 
200853887.0 -103321728.58 115261812.07 4262.3374521 -2515.6714584 2447.0489206 1.561263e+20 1.304135296e-05 1.0 
124911242.01 47424377.631 228988877.38 2664.6595395 934.8553235 5056.2596947 1.561263e+20 1.304135296e-05 1.0 
61640759.335 -179132648.24 8530147.9162 656.3564632 -3652.811833 202.0082077 1.561263e+20 1.304135296e-05 1.0 
321807760.47 -291524657.89 47606783.039 7659.4298339 -7315.7339518 1149.3647626 1.561263e+20 1.304135296e-05 1.0 
391484228.89 -255599414.91 26099775.339 9462.0556299 -6460.6076938 626.39197657 1.561263e+20 1.304135296e-05 1.0 
374925364.18 -401695650.3 -48975427.508 9220.5547696 -10169.075543 -1258.3237652 1.561263e+20 1.304135296e-05 1.0 
236601807.91 -145342808.72 130720115.4 5315.0215291 -3592.47005 2961.1025363 1.554634e+20 1.29859804e-05 1.0 
346128914.43 -222527253.85 61309838.856 8242.686388 -5594.6193156 1469.4814505 1.554634e+20 1.29859804e-05 1.0 
589018397.24 -563752853.1 -23108724.742 14752.659216 -14424.2569 -570.5019711 1.552601e+20 1.2968998591e-05 1.0 
260018892.62 -529893603.03 -94590277.541 6302.5594356 -13417.004152 -2342.5884116 1.552601e+20 1.2968998591e-05 1.0 
484321541.98 -419077872.93 -369201101.3 12065.914958 -10726.077262 -9289.8287267 1.552601e+20 1.2968998591e-05 1.0 
254100554.98 -445214886.06 -265121974.14 6167.5634313 -11289.954667 -6566.7973772 1.552601e+20 1.2968998591e-05 1.0 
109968006.1 89304900.865 158611877.98 2208.9217794 1654.9248905 3156.8190991 1.548015e+20 1.2930691371e-05 1.0 
72445391.044 -176910144.28 17479075.487 839.12027399 -3733.4013403 95.765796579 1.548015e+20 1.2930691371e-05 1.0 
516200863.15 -204172040.75 415974049.75 12883.954351 -5275.5904765 10447.365337 1.548015e+20 1.2930691371e-05 1.0 
133896456.89 -237854976.59 21110889.924 2601.5338868 -5625.0050236 271.37595648 1.548015e+20 1.2930691371e-05 1.0 
614378731.27 -264935847.86 267137423.4 15372.245833 -6804.503021 6719.1693203 1.548015e+20 1.2930691371e-05 1.0 
237258004.68 -279577657.92 -35953186.08 5402.2129372 -6902.8061497 -842.35056709 1.548015e+20 1.2930691371e-05 1.0 
434272767.15 -238804248.73 -61952170.677 10581.936606 -6063.2604073 -1526.9463945 1.548015e+20 1.2930691371e-05 1.0 
45597293.668 -160258781.81 -13045737.951 268.77892121 -3012.4668093 27.506962586 1.548015e+20 1.2930691371e-05 1.0 
324291388.18 -219459357.75 -88822723.757 7668.8030155 -5506.0165478 -2133.5308025 1.548015e+20 1.2930691371e-05 1.0 
223027828.85 -129500696.48 -224012361.14 5149.9106747 -3234.5072001 -5257.3936655 1.548015e+20 1.2930691371e-05 1.0 
-1963988.6349 -264092488.17 118684682.95 -349.34083167 -6160.4942271 2566.6004042 1.543831e+20 1.289574209e-05 1.0 
-79173638.416 46822404.947 232483606.83 -1895.9027709 827.69441336 4956.0418701 1.543831e+20 1.289574209e-05 1.0 
241328548.31 -512828684.71 188596511.36 5838.318701 -12998.444017 4696.7613196 1.543831e+20 1.289574209e-05 1.0 
158040337.43 75064638.781 389495163.74 3765.582429 1687.2142811 9464.8452844 1.543831e+20 1.289574209e-05 1.0 
501900042.64 -435060061.65 315024104.44 12504.346242 -11127.716292 7924.0696717 1.543831e+20 1.289574209e-05 1.0 
630095698.17 -408604642.35 -164485963.62 15786.038973 -10455.303229 -4168.2529386 1.543831e+20 1.289574209e-05 1.0 
622347608.59 -305584777.1 -253370295.27 15574.917995 -7840.0169766 -6374.5785436 1.543831e+20 1.289574209e-05 1.0 
295746186.45 -186962167.3 -507602828.39 7306.1142166 -4843.2060972 -12697.812369 1.543831e+20 1.289574209e-05 1.0 
115163736.54 -245944122.95 -435256537.07 2701.2157128 -6283.7583564 -10718.776024 1.543831e+20 1.289574209e-05 1.0 
389046833.7 -585291758.76 -85381980.812 9621.5695634 -14909.479953 -2175.740991 1.535016e+20 1.2822109699e-05 1.0 
64398814.631 -428099095.82 -41855934.173 1304.2002702 -10596.4914 -989.61884017 1.535016e+20 1.2822109699e-05 1.0 
509715974.35 -324079541.18 -395162751.86 12728.43984 -8316.5018652 -9926.8335562 1.535016e+20 1.2822109699e-05 1.0 
87496715.254 -325155929.2 -196899985.98 1896.3930885 -8013.5876547 -4654.2539873 1.535016e+20 1.2822109699e-05 1.0 
168761982.23 -156614735.19 70411612.932 3393.7592283 -3672.5278194 1407.2596365 1.534805e+20 1.28203472e-05 1.0 
290011473.91 -104643503.1 201089893.84 6811.1466342 -2681.1207012 4765.3681698 1.534805e+20 1.28203472e-05 1.0 
376655036.58 -67991515.727 416390357.74 9308.5089238 -1816.8954101 10357.426849 1.534805e+20 1.28203472e-05 1.0 
262788842.07 -222726344.76 67585388.469 6019.6964139 -5506.5781532 1589.2435124 1.534805e+20 1.28203472e-05 1.0 
627875545.17 -314299291.48 105350868.51 15703.231114 -8055.2061974 2619.7609377 1.534805e+20 1.28203472e-05 1.0 
579194053.64 -397700715.3 227329029.87 14509.212481 -10169.889225 5737.2011846 1.534805e+20 1.28203472e-05 1.0 
153686529.35 -209006197.21 -55653383.573 3120.8211853 -4971.4494578 -1103.3093219 1.534805e+20 1.28203472e-05 1.0 
408747742.14 -75750964.154 -260728163.26 9993.651022 -2000.1386889 -6405.8348877 1.534805e+20 1.28203472e-05 1.0 
246566004.44 69837532.913 -330423221.27 5926.8188418 1583.0536996 -8000.5084818 1.534805e+20 1.28203472e-05 1.0 
118065138.09 -186571924.84 36076896.696 2070.0990509 -4238.1403763 651.21138792 1.528212e+20 1.2765275351e-05 1.0 
597358275.16 -249370393.25 339681662.64 14940.114325 -6426.0116549 8540.1195785 1.528212e+20 1.2765275351e-05 1.0 
80053873.218 -150849727.93 116917089.32 1411.2190743 -3255.7744752 2190.167282 1.528212e+20 1.2765275351e-05 1.0 
78526677.351 -184404083.34 -4451266.8952 1052.9620388 -3914.3965301 208.02084002 1.528212e+20 1.2765275351e-05 1.0 
231668127.93 -220780420.38 -62603351.499 5179.0577211 -5412.5753471 -1443.1935116 1.528212e+20 1.2765275351e-05 1.0 
486929468.74 -218552188.79 -119331130.92 11981.841998 -5573.0419519 -2952.2540343 1.528212e+20 1.2765275351e-05 1.0 
45341701.913 126803881.25 -159724760.15 797.50246323 2430.0841874 -3132.6683728 1.528212e+20 1.2765275351e-05 1.0 
432378272.68 -358222920.05 -396141967.72 10775.714428 -9188.6748463 -9961.533628 1.528212e+20 1.2765275351e-05 1.0 
183655934.42 -53284767.047 -252951520.82 4175.3322043 -1430.1428506 -5857.1667405 1.528212e+20 1.2765275351e-05 1.0 
462587113.92 -238015517.67 447487976.79 11539.216185 -6138.1933644 11241.660523 1.526155e+20 1.2748093068e-05 1.0 
88884204.644 -135755966.66 48583064.274 1158.592449 -2755.7848698 644.49141111 1.521627e+20 1.2710270327e-05 1.0 
319703448.88 -15680814.309 303637828.44 7715.9107414 -498.95779743 7404.9105793 1.521627e+20 1.2710270327e-05 1.0 
235085078.39 -268421572.44 28181187.659 5328.0694378 -6624.3698231 653.09723971 1.521627e+20 1.2710270327e-05 1.0 
644184767.51 -374777409.31 121665505.46 16121.411158 -9586.9431549 3076.7352906 1.521627e+20 1.2710270327e-05 1.0 
-16353519.921 -207647925.67 79702527.899 -713.40241074 -4415.6031471 1511.4759531 1.517246e+20 1.2673675488e-05 1.0 
119585054.75 -448340135.57 88448871.643 2699.8152973 -11184.371023 2155.3773849 1.517246e+20 1.2673675488e-05 1.0 
14127849.085 -324485756.13 11678741.878 16.778319636 -7695.62175 235.98279269 1.517246e+20 1.2673675488e-05 1.0 
203301213.95 -506935358.51 -32139172.397 4840.036321 -12776.212189 -810.76447244 1.517246e+20 1.2673675488e-05 1.0 
-25921593.946 -199126036.74 -6354772.9589 -955.81310833 -3938.4181645 -88.347271248 1.517246e+20 1.2673675488e-05 1.0 
474039853.58 -434176010.26 60689342.53 11784.034463 -11054.116008 1499.5124551 1.517246e+20 1.2673675488e-05 1.0 
329285670.04 -388145915.21 -133027494.46 8040.996221 -9811.7080023 -3318.3237489 1.517246e+20 1.2673675488e-05 1.0 
97823976.893 -308152748.7 -306426854.77 2201.8588872 -7723.9021798 -7429.0712224 1.517246e+20 1.2673675488e-05 1.0 
54823198.193 -203657108.95 -316464094.06 1127.0630693 -5077.6105492 -7530.4234295 1.517246e+20 1.2673675488e-05 1.0 
153550332.71 90104859.528 242021628.29 3451.3643183 1956.9522377 5526.1783623 1.508475e+20 1.2600410633e-05 1.0 
98727572.378 -201411429.66 -7369367.3315 1599.3843252 -4567.3597074 -105.09827425 1.508475e+20 1.2600410633e-05 1.0 
481106309.59 -499804274.39 -233977002.14 11989.028347 -12769.333729 -5912.1755393 1.508475e+20 1.2600410633e-05 1.0 
122831802.24 -207967616.6 -30952521.669 2276.1366523 -4821.315011 -531.14793375 1.508475e+20 1.2600410633e-05 1.0 
574027331.08 -253840573.26 -295905210.71 14323.328773 -6525.4538022 -7414.0706016 1.508475e+20 1.2600410633e-05 1.0 
179250681.05 143401936.45 -343228985.61 4281.9103721 3386.7086161 -8300.9049671 1.508475e+20 1.2600410633e-05 1.0 
-31054670.004 -68055189.75 178021091.99 -828.07190309 -1584.8553785 3222.4344166 1.508286e+20 1.2598831901e-05 1.0 
120910783.78 -379173154.83 216981111.67 2744.6806918 -9469.3708891 5244.0107693 1.508286e+20 1.2598831901e-05 1.0 
289806969.24 -579190035.27 -86847889.789 7079.6595466 -14715.372146 -2184.7561663 1.508286e+20 1.2598831901e-05 1.0 
235496295.14 -427887831.94 -337863592.63 5716.7800059 -10873.633584 -8411.9478586 1.508286e+20 1.2598831901e-05 1.0 
10483009.501 -59044236.869 -410702583.87 114.85255118 -1635.3850218 -9924.6568401 1.508286e+20 1.2598831901e-05 1.0 
206372960.01 -197264833.34 439211433.93 4978.2070208 -5070.5552142 10875.646598 1.499275e+20 1.2523562308e-05 1.0 
509833631.05 -320570345.8 420877624.75 12747.616069 -8237.7407078 10602.6387 1.499275e+20 1.2523562308e-05 1.0 
27334990.353 -180085422.18 -15722813.745 188.5602345 -3392.1342347 -207.20369074 1.499275e+20 1.2523562308e-05 1.0 
163997154.17 43158629.263 117001340.66 3259.8759674 743.29338433 2215.1494453 1.499275e+20 1.2523562308e-05 1.0 
472503683.44 -331445921.45 77346178.122 11655.647304 -8410.3541092 1925.0186264 1.499275e+20 1.2523562308e-05 1.0 
155797920.99 -401190639.18 -101893416.78 3608.2997809 -9964.6498853 -2459.6598744 1.499275e+20 1.2523562308e-05 1.0 
570817981.72 -251843277.78 -287193504.19 14276.419627 -6454.6870903 -7224.9428681 1.499275e+20 1.2523562308e-05 1.0 
90550292.18 -347747141.48 -207907468.6 1979.1359764 -8608.4669424 -4998.3137645 1.499275e+20 1.2523562308e-05 1.0 
98163958.083 -208431482.39 -170298080.13 2031.9687727 -4993.9203222 -3744.3528801 1.499275e+20 1.2523562308e-05 1.0 
321410042.08 -49870228.77 440292608.15 7894.9512386 -1381.0924005 10921.894575 1.495343e+20 1.2490718002e-05 1.0 
254362113.51 60785142.29 399848283.38 6203.5537473 1377.9493008 9824.1980776 1.495343e+20 1.2490718002e-05 1.0 
187504875.36 -255112104.91 3072313.4862 4030.5412848 -6207.5152418 57.313548261 1.495343e+20 1.2490718002e-05 1.0 
651754096.62 -469042081.36 37281925.73 16335.461823 -12015.083141 949.20495638 1.495343e+20 1.2490718002e-05 1.0 
618686801.97 -522989916.6 -3960913.8895 15557.866432 -13394.789506 -63.764486251 1.495343e+20 1.2490718002e-05 1.0 
69712606.808 136788274.48 117908211.38 1255.4234092 2519.0141839 2153.8188895 1.488783e+20 1.2435921804e-05 1.0 
268224139.25 -3144459.8422 223892049.65 6296.8406162 -234.98813518 5250.5623057 1.488783e+20 1.2435921804e-05 1.0 
200998463.88 -244195559.55 -10506490.973 4367.3386695 -5951.3446602 -222.12898454 1.488783e+20 1.2435921804e-05 1.0 
674883953.65 -413479662.54 -154560513.85 16925.963606 -10595.298856 -3905.2625555 1.488783e+20 1.2435921804e-05 1.0 
384237400.0 -96227147.131 -447195419.42 9519.0842282 -2528.8254213 -11167.510921 1.488783e+20 1.2435921804e-05 1.0 
97807012.417 -142346676.02 51200041.908 1397.2124056 -2970.4504247 821.91486617 1.47567e+20 1.2326387881e-05 1.0 
431637576.69 -260973453.6 453883468.87 10725.387418 -6715.3015067 11378.023487 1.47567e+20 1.2326387881e-05 1.0 
98215606.869 -41425683.531 304359220.86 2145.6348808 -1130.9653781 7087.546023 1.47567e+20 1.2326387881e-05 1.0 
177571873.84 -203448586.49 35892627.474 3682.0137408 -4857.6928681 759.55451146 1.47567e+20 1.2326387881e-05 1.0 
609544518.03 -432978429.94 225229544.33 15251.213041 -11086.74226 5668.4622106 1.47567e+20 1.2326387881e-05 1.0 
234276278.61 -421707262.65 85762231.659 5580.9849919 -10599.802511 2096.099754 1.47567e+20 1.2326387881e-05 1.0 
253661594.98 -170063608.33 -97266003.375 5747.9320836 -4204.6548526 -2201.1423949 1.47567e+20 1.2326387881e-05 1.0 
429203176.7 -86650102.214 -411444184.78 10645.317486 -2301.5342325 -10250.002807 1.47567e+20 1.2326387881e-05 1.0 
171415132.92 8471098.7022 130969634.12 3480.1430654 -47.880713565 2593.7416857 1.469116e+20 1.2271641802e-05 1.0 
169514303.2 155485274.71 200721000.03 3874.1075652 3503.3637652 4558.3373536 1.469116e+20 1.2271641802e-05 1.0 
171736297.36 -204184253.43 -45536969.36 3534.3064149 -4868.0060743 -988.42278115 1.469116e+20 1.2271641802e-05 1.0 
657214607.14 -426488279.84 -201582341.02 16481.392105 -10931.573811 -5069.9581332 1.469116e+20 1.2271641802e-05 1.0 
620662083.3 -400802017.07 -297123559.34 15592.212494 -10285.41725 -7484.4928393 1.469116e+20 1.2271641802e-05 1.0 
181380671.55 90079707.421 -170526028.93 4005.1873315 1898.0461567 -3710.9401838 1.469116e+20 1.2271641802e-05 1.0 
78103808.525 -172205566.61 -30959200.544 1046.3904476 -3657.6716287 -444.26769851 1.469116e+20 1.2271641802e-05 1.0 
383347437.41 -296565319.46 -390528666.72 9482.0711652 -7596.9276158 -9752.53886 1.469116e+20 1.2271641802e-05 1.0 
270317414.71 -47412355.886 -313850643.78 6497.8467521 -1308.847203 -7587.6160405 1.469116e+20 1.2271641802e-05 1.0 
-15476166.059 -158650483.54 170956297.33 -624.87652865 -3545.0966187 3472.0068422 1.462674e+20 1.2217831268e-05 1.0 
94984857.856 106468604.29 342816114.78 2168.509659 2409.1286283 8175.593016 1.462674e+20 1.2217831268e-05 1.0 
391133860.47 -457960450.34 288930836.06 9670.2124003 -11672.187128 7231.1069626 1.462674e+20 1.2217831268e-05 1.0 
64617623.469 -403907706.36 -6744648.7689 1298.5168889 -9932.7527808 -182.43521126 1.462674e+20 1.2217831268e-05 1.0 
192690671.68 -506452564.66 -210313020.34 4599.3587672 -12820.006403 -5246.2494548 1.462674e+20 1.2217831268e-05 1.0 
180506284.94 -417291034.03 -308235507.12 4290.5194018 -10544.833777 -7674.2529668 1.462674e+20 1.2217831268e-05 1.0 
309397837.34 -57732109.849 -382301437.15 7558.0941225 -1566.400227 -9403.254792 1.462674e+20 1.2217831268e-05 1.0 
-3524740.4208 -176389239.27 -164360276.7 -376.04629666 -3970.1703038 -3383.4391587 1.462674e+20 1.2217831268e-05 1.0 
300399695.75 9438181.3063 470494508.34 7400.0451371 115.80363566 11706.181172 1.462562e+20 1.2216895724e-05 1.0 
478032771.37 -405434328.41 92107765.072 11848.869106 -10324.68865 2322.1504016 1.462562e+20 1.2216895724e-05 1.0 
188937798.86 -68496873.672 -106232125.67 3855.8988486 -1693.0578844 -2132.0551243 1.462562e+20 1.2216895724e-05 1.0 
95379697.68 -156999720.28 -33132886.838 1383.8672976 -3325.7424132 -466.86456602 1.456008e+20 1.2162149645e-05 1.0 
134421733.21 -157094791.83 -45594360.729 2406.9351635 -3526.5847762 -821.32890313 1.456008e+20 1.2162149645e-05 1.0 
410180782.71 -218145956.88 -209184884.16 10025.875799 -5571.1808572 -5128.7542424 1.456008e+20 1.2162149645e-05 1.0 
240819234.55 76488958.221 -228989578.73 5645.0648223 1672.6211269 -5346.6017867 1.456008e+20 1.2162149645e-05 1.0 
513055680.12 -215764200.89 -447849433.82 12817.645433 -5580.1669637 -11246.152617 1.456008e+20 1.2162149645e-05 1.0 
323681952.61 253561.1791 -539825750.57 8021.7738276 -124.95800915 -13504.303202 1.456008e+20 1.2162149645e-05 1.0 
82199818.134 -376018442.92 266248613.46 1801.5345143 -9427.4140277 6487.7096137 1.444008e+20 1.2061912698e-05 1.0 
-24071712.567 -220471466.08 57084663.759 -907.41674031 -4709.0593061 1089.9459144 1.444008e+20 1.2061912698e-05 1.0 
-16239554.419 -46604342.947 337709893.65 -526.41536152 -1313.5332295 7904.0896805 1.444008e+20 1.2061912698e-05 1.0 
242726730.1 -479366282.09 293404487.09 5895.5555596 -12185.004234 7307.9252907 1.444008e+20 1.2061912698e-05 1.0 
39955014.299 -340815106.13 50208554.928 659.59324238 -8192.8538304 1129.8843116 1.444008e+20 1.2061912698e-05 1.0 
119101224.41 -581527.8788 -410817306.35 2780.6638417 -181.10779073 -9985.5059439 1.444008e+20 1.2061912698e-05 1.0 
-28075928.924 -11703949.473 -264790686.7 -791.8782206 -477.53442455 -5807.2446163 1.444008e+20 1.2061912698e-05 1.0 
396925669.21 -182557919.55 455813252.73 9839.8804434 -4731.6919635 11384.237997 1.442896e+20 1.2052624075e-05 1.0 
214285768.49 -234470985.81 18108315.66 4721.078592 -5723.4454018 403.27688904 1.442896e+20 1.2052624075e-05 1.0 
623921090.28 -561667144.76 16992934.683 15636.784058 -14379.05289 406.3362403 1.442896e+20 1.2052624075e-05 1.0 
163374289.55 -78296813.031 -80727975.849 3039.5290258 -1812.1269308 -1480.293794 1.442896e+20 1.2052624075e-05 1.0 
