x1	x2	x3	v1	v2	v3	mass	rel_mass	water_fraction
-16044.120255239377 -69576.87289661229 -13645.721781650846 -0.5592202195099653 -3.7861891114651245 -0.05968771410909937 1.4565876171700005e+23 0.9936604589935536 0.09432790301167492 
-25874253.475 12255009.687 60406631.504 -604.40995074 228.2458265 1397.817873 8.311414e+18 5.6699118905e-05 0.0 
-31335053.701 -9922405.4278 35781400.472 -616.01347938 -299.19544043 729.03106012 8.311414e+18 5.6699118905e-05 0.0 
57979452.848 -10165188.919 51108286.674 1383.3601118 -317.68959883 1215.8904831 5.702237e+18 3.8899736397e-05 1.0 
58404092.242 -2032350.9406 -41915168.376 1365.7804621 -115.4701814 -996.80451573 2.912598e+18 1.9869271381e-05 1.0 
-59732726.122 940853.45849 -5118493.0411 -1332.5291071 -52.006159434 -125.61522113 2.912598e+18 1.9869271381e-05 1.0 
25319990.742 -1234562.1096 -69639907.619 597.41831469 -95.909101301 -1649.8536271 2.908859e+18 1.9843764529e-05 1.0 
-17899197.144 -8999767.9342 39245918.775 -337.58739544 -268.55424011 731.2811251 2.906997e+18 1.9831062267e-05 1.0 
50515549.433 7105073.2321 19958251.638 1097.7575572 84.672919403 429.1225393 2.906997e+18 1.9831062267e-05 1.0 
41125724.581 11883732.015 -25830980.761 851.34023208 184.81253101 -540.04044258 2.906997e+18 1.9831062267e-05 1.0 
-83830187.67 32784255.9 -18019170.114 -2061.188357 767.60323539 -451.32664186 2.906997e+18 1.9831062267e-05 1.0 
83725048.72 21701509.693 -33095451.455 2065.2027028 489.61683347 -815.62138334 2.901447e+18 1.9793201067e-05 1.0 
-29161393.035 3473550.6106 39290097.079 -599.94420419 -1.0580247599 798.71688705 2.899607e+18 1.9780648885e-05 1.0 
-569151.87611 21805496.375 102660136.63 -5.0430323834 496.52840319 2566.652293 2.89869e+18 1.977439326e-05 1.0 
-58674015.948 -12757546.956 12650864.61 -1312.7334622 -371.17491341 274.78045222 2.89869e+18 1.977439326e-05 1.0 
-49041425.312 6022122.967 -22816188.993 -1057.842168 64.253476566 -490.3424416 2.897773e+18 1.9768137634e-05 1.0 
18163432.585 17006287.842 -62640100.955 421.04665133 344.38667038 -1456.4581177 2.892303e+18 1.9730822181e-05 1.0 
-19372292.658 -3832974.7194 95491029.683 -476.61167054 -157.3260462 2364.2211394 2.89049e+18 1.9718454189e-05 1.0 
40170584.679 -13197876.367 12507242.56 748.5862747 -359.41764211 221.04347133 2.89049e+18 1.9718454189e-05 1.0 
-13456206.408 -18265794.43 -40597948.158 -266.86524988 -469.76210115 -770.60456207 2.89049e+18 1.9718454189e-05 1.0 
-53854324.979 -6213406.4031 28510474.445 -1211.7013371 -220.54609745 632.99278102 2.888682e+18 1.9706120306e-05 1.0 
31405939.927 19082378.447 -76216119.625 758.18682837 414.4483228 -1858.5757391 2.888682e+18 1.9706120306e-05 1.0 
29925707.09 -3563500.6508 36934982.922 609.09585208 -161.45095474 729.25284332 2.885081e+18 1.9681554868e-05 1.0 
28083031.505 24462233.192 66566730.402 670.56158277 537.60195572 1589.6683362 2.885081e+18 1.9681554868e-05 1.0 
34843998.813 8082860.0697 35795796.742 725.81727275 101.62072376 747.28078749 2.885081e+18 1.9681554868e-05 1.0 
78535489.729 8071292.6104 -4703355.2226 1893.6625701 136.80015508 -93.75447481 2.885081e+18 1.9681554868e-05 1.0 
-34255147.841 -21562113.902 -17890489.101 -615.96968878 -523.74669212 -322.69423306 2.885081e+18 1.9681554868e-05 1.0 
51338684.602 -18674594.087 -7248672.1044 1089.2584055 -499.32250743 -152.87835365 2.884184e+18 1.9675435679e-05 1.0 
-6777129.6302 -18264895.069 40923543.837 -132.6120393 -464.68041935 761.03145463 2.883288e+18 1.9669323312e-05 1.0 
-30012602.882 10632120.113 64708926.506 -705.200487 194.17522123 1525.2075717 2.883288e+18 1.9669323312e-05 1.0 
43325728.536 3994714.0822 4382121.3187 821.81813871 3.3764829704 74.186103897 2.883288e+18 1.9669323312e-05 1.0 
16644303.019 -6699538.1848 -54696174.896 365.11076175 -228.77186996 -1195.7523755 2.883288e+18 1.9669323312e-05 1.0 
40728670.76 18367651.481 25590150.837 863.26041213 335.73710034 531.6781725 2.879717e+18 1.9644962529e-05 1.0 
19018655.406051546 -16687390.6802411 59660994.61642363 428.24734519267736 -466.83313489600283 1352.8952394154148 5.734897e+18 3.9122537623e-05 1.0 
-41883717.304 17876478.487 12900122.972 -849.86788075 310.50688459 246.54559153 2.877938e+18 1.963282648e-05 1.0 
31258774.578 -18346412.672 18784669.887 519.40993422 -446.97080562 321.26702703 2.877051e+18 1.962677551e-05 1.0 
50022418.375 -6579921.0027 21072957.506 1064.9904383 -221.29533226 461.41921347 2.877051e+18 1.962677551e-05 1.0 
64651923.444 -6947778.0732 6772130.7437 1477.0160534 -234.39366254 165.92234126 2.876165e+18 1.9620731361e-05 1.0 
-35017923.582 -27405915.337 51109011.608 -810.48975027 -724.75555727 1159.3890535 2.874396e+18 1.960866353e-05 1.0 
10289195.875 -15466499.987 50631213.033 226.02506299 -428.11816042 1065.0067737 2.874396e+18 1.960866353e-05 1.0 
-54019104.602 5179762.0088 78133174.646 -1336.7850834 68.969382131 1927.1501353 2.874396e+18 1.960866353e-05 1.0 
12169749.0 10404870.971 73932932.949 301.42499803 191.09688615 1761.720445 2.874396e+18 1.960866353e-05 1.0 
-16012805.621 -21473572.881 -35448421.531 -288.46627798 -524.64913652 -639.99916045 2.874396e+18 1.960866353e-05 1.0 
-11086343.302 -15101902.042 -44016803.323 -224.89101225 -406.94157541 -860.06173674 2.874396e+18 1.960866353e-05 1.0 
-18543867.568 10676064.985 -37283608.568 -369.20438286 133.09602465 -695.11345848 2.872632e+18 1.9596629808e-05 1.0 
23589928.261 -20571074.102 39427429.125 478.04032559 -528.90486219 786.48596826 2.870872e+18 1.9584623373e-05 1.0 
-3457442.6364 -332166.73181 -41119514.636 -80.891835958 -98.968391639 -740.69876192 2.870872e+18 1.9584623373e-05 1.0 
21380856.363 5237762.085 85216882.283 534.15412691 68.693824764 2079.5675262 2.869118e+18 1.957265787e-05 1.0 
56113409.622 -3519801.3683 19105857.495 1253.3106654 -157.53072955 404.79386358 2.869118e+18 1.957265787e-05 1.0 
65790599.583 -14499224.024 -48181854.561 1584.2339993 -423.72795991 -1158.1547987 2.869118e+18 1.957265787e-05 1.0 
-116309734.66 -3573851.0025 720007.3933 -2921.675034 -149.19576793 22.575844675 2.867367e+18 1.9560712832e-05 1.0 
25356190.327 -17504499.34 27872666.515 438.2293211 -436.3085482 475.75344643 2.865622e+18 1.9548808724e-05 1.0 
-67741977.286 -13320108.989 47686992.79 -1636.5640127 -396.51475797 1152.4403078 2.865622e+18 1.9548808724e-05 1.0 
-69415069.313 -15920437.506 41488430.359 -1671.1557909 -458.823924 997.11531057 2.865622e+18 1.9548808724e-05 1.0 
-133144460.5 24654331.782 -17401688.511 -3381.7539737 578.01818884 -442.65278903 2.86475e+18 1.9542860082e-05 1.0 
-73966490.853 -19393914.917 -2855172.1993 -1750.904545 -540.68195217 -67.761803217 2.86475e+18 1.9542860082e-05 1.0 
-49013297.648 10238899.221 -73724893.447 -1197.9373097 194.17217122 -1808.2776109 2.86475e+18 1.9542860082e-05 1.0 
22463525.373 7265011.7911 -93053058.285 561.8521632 121.12059617 -2296.9145554 2.86475e+18 1.9542860082e-05 1.0 
-26405155.18 -17873314.776 76883992.212 -638.6221636 -507.80287409 1851.9642945 2.86388e+18 1.9536925083e-05 1.0 
-60669338.807 3235049.1111 77380197.683 -1509.6705749 19.871728537 1910.6578808 2.86388e+18 1.9536925083e-05 1.0 
-36238141.913 3720338.2941 -102644738.62 -907.22509232 35.001223355 -2564.8876269 2.86388e+18 1.9536925083e-05 1.0 
95670618.061 15267620.631 2298954.7394 2362.8385947 322.76632938 61.213400781 2.863011e+18 1.9530996906e-05 1.0 
63239362.382 -1183335.7632 -95480251.401 1588.7196102 -88.08922821 -2394.6511747 2.863011e+18 1.9530996906e-05 1.0 
1450664.2434 -26696090.4 56519645.618 35.435301962 -699.50034188 1253.2721867 2.862144e+18 1.9525082372e-05 1.0 
2279108.9657 -10581692.639 91519722.876 54.465158519 -328.1156675 2242.5368692 2.862144e+18 1.9525082372e-05 1.0 
52875516.821 -15938628.473 50273093.157 1242.779808 -455.62086219 1189.0170733 2.862144e+18 1.9525082372e-05 1.0 
-20183804.375 26541530.866 60336752.237 -481.60461057 579.12101656 1406.9934335 2.862144e+18 1.9525082372e-05 1.0 
59351359.68 3290078.782 31919153.581 1371.6361435 6.5105695485 743.3773948 2.862144e+18 1.9525082372e-05 1.0 
80956066.565 12738263.57 -4052492.6368 1957.4401389 254.44860375 -94.504196193 2.862144e+18 1.9525082372e-05 1.0 
-20693239.392 -21130377.49 29843354.488 -349.79254594 -506.27614476 510.37241783 2.861277e+18 1.9519167839e-05 1.0 
-63246431.338 6505754.1999 45267718.602 -1515.4882067 94.820749093 1080.0554562 2.860411e+18 1.9513260127e-05 1.0 
-51371086.56 -20302346.586 29516759.489 -1148.7198648 -547.39629542 657.72100822 2.860411e+18 1.9513260127e-05 1.0 
75176624.31 -12620460.564 54860869.858 1842.6240027 -378.36989364 1348.6422278 2.858683e+18 1.9501471991e-05 1.0 
-43514090.475 -15627902.514 77127145.828 -1060.1452266 -454.55341212 1885.2859612 2.858683e+18 1.9501471991e-05 1.0 
71504859.056 -20465054.674 1639362.0515 1681.2982853 -564.25081131 30.182168801 2.858683e+18 1.9501471991e-05 1.0 
108658817.37 9567273.1256 46078131.486 2736.6582413 184.68154533 1160.1928967 2.858683e+18 1.9501471991e-05 1.0 
78575704.743 -14524598.515 -29391217.136 1902.4430665 -423.03994473 -707.38583083 2.858683e+18 1.9501471991e-05 1.0 
-115857272.82 18977757.317 21181701.534 -2917.6318325 426.17743941 532.11437125 2.858683e+18 1.9501471991e-05 1.0 
-97660154.127 -176942.31942 19839936.536 -2418.6972577 -65.054643348 490.38706348 2.858683e+18 1.9501471991e-05 1.0 
42992565.682 -22828142.51 -28810678.838 913.5754992 -598.38149157 -617.51436581 2.858683e+18 1.9501471991e-05 1.0 
82453879.596 4953967.8098 -83470879.361 2069.8028765 67.491429077 -2103.077348 2.858683e+18 1.9501471991e-05 1.0 
8101854.1165 20175440.673 -130686223.86 207.78156624 461.775776 -3313.8289812 2.858683e+18 1.9501471991e-05 1.0 
-36623586.397 -20187050.167 -54912905.253 -837.51947416 -555.7251819 -1270.6063087 2.858683e+18 1.9501471991e-05 1.0 
4135049.0834 -10627052.625 -87570432.382 97.713452077 -327.77013969 -2132.4939659 2.858683e+18 1.9501471991e-05 1.0 
-49679769.513 -19279837.438 -2284483.6447 -1032.9851802 -506.76024335 -50.114469162 2.856959e+18 1.9489711143e-05 1.0 
106265305.79 25251104.614 -99410630.81 2710.3398706 595.24842855 -2533.3155483 2.856959e+18 1.9489711143e-05 1.0 
-86545477.035 -7495518.3276 -26438884.562 -2118.6779431 -250.44699609 -642.27651737 2.856959e+18 1.9489711143e-05 1.0 
-68430209.575 -22461572.654 -13315213.856 -1603.1680075 -613.71286961 -303.72104056 2.856959e+18 1.9489711143e-05 1.0 
43383864.6 -16131008.889 -50472956.176 1008.0204811 -455.62460533 -1155.6244641 2.856959e+18 1.9489711143e-05 1.0 
76146503.888 -12308891.882 -27726957.213 1831.673751 -370.57656528 -664.47071859 2.856099e+18 1.9483844362e-05 1.0 
46912021.865 -23908568.669 -25143369.181 1011.6216248 -624.12510622 -547.02281065 2.856099e+18 1.9483844362e-05 1.0 
-124682898.22 16018879.461 9844149.3466 -3150.3466349 353.34266814 248.92930157 2.856099e+18 1.9483844362e-05 1.0 
-13245992.143 -17541131.401 -44271289.849 -267.81175755 -460.58840391 -878.48569615 2.856099e+18 1.9483844362e-05 1.0 
-124418875.04 10799344.418 -44355057.597 -3151.9865331 220.61137658 -1128.4797715 2.85524e+18 1.9477984403e-05 1.0 
-87700234.41 -3604759.6977 -21979599.101 -2143.4270104 -152.04456721 -540.06031457 2.85524e+18 1.9477984403e-05 1.0 
-87811413.768 -18027845.392 64136969.203 -2197.6504558 -517.38545272 1597.8751837 2.854382e+18 1.9472131267e-05 1.0 
53026712.264 -21075391.547 -9917054.8423 1144.2953459 -556.31367479 -221.23610218 2.854382e+18 1.9472131267e-05 1.0 
-92041336.083 18799132.51 29012739.979 -2280.1675035 412.52034836 728.90265979 2.853525e+18 1.9466284952e-05 1.0 
119773190.18 -1072.7834381 -65431396.857 3040.0441087 -56.790659758 -1660.0265644 2.853525e+18 1.9466284952e-05 1.0 
-159210554.68 36324432.872 -11315899.797 -4074.3233031 883.20261112 -292.93010354 2.853525e+18 1.9466284952e-05 1.0 
-88333436.428 -11636063.388 8808194.597 -2154.7795163 -353.89704773 216.13291675 2.853525e+18 1.9466284952e-05 1.0 
-62285229.09 919573.16415 -75260368.177 -1543.0785364 -38.525048387 -1856.3162042 2.853525e+18 1.9466284952e-05 1.0 
-30260648.878 -10804134.796 -52159484.52 -677.79676605 -326.74163835 -1161.5073574 2.853525e+18 1.9466284952e-05 1.0 
-33869896.116 -24992033.248 60999835.221 -799.06267212 -674.67102026 1426.2110738 2.851814e+18 1.9454612787e-05 1.0 
-82422574.612 26991126.788 84521395.228 -2080.5410657 633.16639989 2131.0538304 2.851814e+18 1.9454612787e-05 1.0 
89421552.235 -16532524.948 -11346566.394 2186.5576348 -476.29484859 -282.50092586 2.851814e+18 1.9454612787e-05 1.0 
-105064391.1 16993330.247 -54974183.965 -2648.7618984 375.6745557 -1384.5853302 2.851814e+18 1.9454612787e-05 1.0 
58719389.973 -3669947.9702 -107682306.04 1481.6080185 -150.49307181 -2713.8120121 2.851814e+18 1.9454612787e-05 1.0 
-58462277.295 8458454.9666 87581459.194 -1464.0308138 153.34612942 2177.9794166 2.85096e+18 1.9448786937e-05 1.0 
64847507.605 16158714.147 85248308.439 1623.546234 351.70302567 2129.2329534 2.85096e+18 1.9448786937e-05 1.0 
91807581.435 -24135332.947 23244051.943 2261.9868991 -669.46636106 573.569125 2.85096e+18 1.9448786937e-05 1.0 
-32871531.236 22107053.174 -118235661.08 -830.25309842 508.03729009 -2987.0907436 2.85096e+18 1.9448786937e-05 1.0 
-58286070.238 1530091.4268 64142989.789 -1415.5079627 -24.025666163 1562.9289115 2.850107e+18 1.944296791e-05 1.0 
-134815226.9 28474428.249 -40306768.236 -3432.5163587 675.78632014 -1025.9642718 2.850107e+18 1.944296791e-05 1.0 
39874871.852 8372352.3246 -96512459.477 989.30756623 152.32556693 -2406.1665823 2.850107e+18 1.944296791e-05 1.0 
-7918640.5867 6973618.5245 133249258.59 -197.55206343 122.47073439 3380.8913853 2.848405e+18 1.9431357142e-05 1.0 
67248615.282 34467141.05 120488423.25 1708.0876519 829.44212732 3068.466242 2.848405e+18 1.9431357142e-05 1.0 
-36037458.974 12248424.854 107752015.48 -901.13501387 253.37071388 2705.0951529 2.848405e+18 1.9431357142e-05 1.0 
63566505.668 31649247.224 79812059.82 1585.8351972 745.78385072 1995.1265305 2.848405e+18 1.9431357142e-05 1.0 
134606844.55 7217282.8446 -60349814.011 3429.5343768 129.65351101 -1540.8328991 2.848405e+18 1.9431357142e-05 1.0 
21050531.636 -10860634.562 -72075923.974 495.31098408 -332.10605283 -1707.3695952 2.848405e+18 1.9431357142e-05 1.0 
40154628.312 21529693.333 148783789.04 1023.4113228 499.69597595 3803.01693 2.845859e+18 1.9413988742e-05 1.0 
42599389.732 27243694.822 107965294.86 1080.2015193 639.71673108 2720.656683 2.845859e+18 1.9413988742e-05 1.0 
-93751430.526 11504049.536 -2876765.2877 -2311.9699269 226.94567773 -73.822916856 2.845859e+18 1.9413988742e-05 1.0 
-54200968.259 -16653820.87 7567503.2554 -1169.7668002 -455.82019445 166.83162766 2.845859e+18 1.9413988742e-05 1.0 
46765170.906 -14396941.972 35140474.864 1033.7478308 -408.26435477 775.91968915 2.845012e+18 1.9408210646e-05 1.0 
104292116.12 160300.6291 7192465.9756 2596.3672622 -55.374859742 179.10333714 2.845012e+18 1.9408210646e-05 1.0 
-1470546.7861 24846758.87 -67151815.212 -30.175161669 542.91420625 -1583.4121221 2.845012e+18 1.9408210646e-05 1.0 
-27666723.792 -11944005.816 69072278.666 -658.21761841 -358.15832473 1630.3017478 2.844166e+18 1.9402439371e-05 1.0 
67710351.056 33315865.77 109184533.24 1721.376823 797.12686901 2766.6512949 2.844166e+18 1.9402439371e-05 1.0 
-42352047.865 28589563.47 85826818.229 -1042.9973314 660.0677499 2133.4176259 2.844166e+18 1.9402439371e-05 1.0 
132659044.69 15389583.589 3137892.0526 3364.0230685 338.65679125 79.470178315 2.844166e+18 1.9402439371e-05 1.0 
-80537122.0 25788011.156 -17631194.471 -1967.122106 583.86975504 -423.74792256 2.844166e+18 1.9402439371e-05 1.0 
36369635.425 -3946824.408 -49865117.055 811.03905653 -166.88032218 -1126.8470839 2.844166e+18 1.9402439371e-05 1.0 
13299435.819 14680244.111 93372539.483 327.3510957 307.67160744 2303.5112055 2.843322e+18 1.939668174e-05 1.0 
71504865.636 16549148.762 55782248.427 1754.9295951 351.04497428 1374.4434209 2.843322e+18 1.939668174e-05 1.0 
-67416085.167 10417576.986 18853062.263 -1582.7803851 182.94128003 441.56227238 2.843322e+18 1.939668174e-05 1.0 
122896272.08 40264470.122 -72747148.651 3132.9756126 982.3085744 -1855.4982062 2.843322e+18 1.939668174e-05 1.0 
49130296.11 14190206.171 -37515945.081 1128.975504 264.58649625 -847.4927658 2.843322e+18 1.939668174e-05 1.0 
-60947961.568 12878594.329 -102086555.15 -1533.0812526 269.72855256 -2572.4246892 2.843322e+18 1.939668174e-05 1.0 
2281474.5264 22508535.388 -126223390.75 59.616217785 519.57187813 -3193.3466999 2.843322e+18 1.939668174e-05 1.0 
-53102153.68 -16334650.258 -40647084.283 -1231.1463067 -461.93043547 -931.0168021 2.843322e+18 1.939668174e-05 1.0 
12999816.04 -14960184.184 44046041.31 268.85862079 -404.04118678 864.4738346 2.841635e+18 1.9385173299e-05 1.0 
83877672.574 13551738.006 988434.58288 2039.9429602 273.39984385 22.259397866 2.841635e+18 1.9385173299e-05 1.0 
-109695984.78 20046170.371 -88953607.956 -2791.8022151 459.76262396 -2268.3682763 2.841635e+18 1.9385173299e-05 1.0 
-21991337.755 3133319.3235 -65527882.347 -508.69794805 4.6496176589 -1529.7528291 2.841635e+18 1.9385173299e-05 1.0 
-30097254.151 17958129.66 -118649448.4 -770.92202334 403.30930531 -2998.6286742 2.841635e+18 1.9385173299e-05 1.0 
55312667.956 16759372.482 -135724087.56 1408.9933702 375.49779379 -3459.0986096 2.841635e+18 1.9385173299e-05 1.0 
-96689134.271 30568089.628 -34348135.338 -2418.1874074 718.68868451 -855.26763221 2.839953e+18 1.9373698968e-05 1.0 
52288286.249 -26593611.068 8539428.9051 1133.1519825 -685.25809955 181.5779446 2.838275e+18 1.9362251924e-05 1.0 
-50544677.359 19613025.999 134508107.06 -1288.279172 447.75665082 3427.3103268 2.838275e+18 1.9362251924e-05 1.0 
110355903.54 11954831.338 33091599.642 2772.3389084 245.63735715 829.93033218 2.838275e+18 1.9362251924e-05 1.0 
52971362.828 -22267077.901 -170772.45141 1137.4733353 -583.91592514 -9.7953474691 2.838275e+18 1.9362251924e-05 1.0 
-114016679.64 31866391.241 45608416.23 -2882.8730764 758.51368351 1152.9540184 2.838275e+18 1.9362251924e-05 1.0 
-111665101.64 3433097.6649 27578394.213 -2804.9825333 28.238088785 687.3766678 2.838275e+18 1.9362251924e-05 1.0 
-62601729.952 -8696999.206 -36191908.312 -1467.0625095 -279.43491016 -852.49046977 2.838275e+18 1.9362251924e-05 1.0 
20105759.105 5375521.9931 -127101382.11 504.50104362 79.364934294 -3217.2083156 2.838275e+18 1.9362251924e-05 1.0 
6702303.7348 23473645.893 129989768.72 163.90683702 544.54481003 3295.8372745 2.8366e+18 1.9350825345e-05 1.0 
87019853.005 9408453.8104 88921670.596 2199.4580267 182.13282416 2244.7387081 2.8366e+18 1.9350825345e-05 1.0 
73180281.128 19984014.731 45244782.425 1787.5123984 437.93200612 1107.8386583 2.8366e+18 1.9350825345e-05 1.0 
98029075.352 16454076.266 93539617.351 2485.4281991 364.46387673 2378.3829881 2.835764e+18 1.9345122289e-05 1.0 
106564754.49 34177525.328 67059961.241 2701.4938089 821.9986175 1703.6614783 2.835764e+18 1.9345122289e-05 1.0 
121736487.05 25720696.569 -35414724.919 3083.2419327 602.29841208 -895.68682603 2.835764e+18 1.9345122289e-05 1.0 
-113952920.49 10609929.266 -56001152.048 -2884.972872 214.18420961 -1410.7835682 2.835764e+18 1.9345122289e-05 1.0 
-26468884.775 8103895.825 -140282421.0 -673.38218915 150.58679111 -3571.2378676 2.835764e+18 1.9345122289e-05 1.0 
-50241237.4 -7929678.3138 -49578855.511 -1175.555846 -260.63899458 -1152.569148 2.835764e+18 1.9345122289e-05 1.0 
-37797002.428 15028434.581 100185093.3 -943.18947309 322.77018408 2508.4604614 2.835077e+18 1.9340435686e-05 1.0 
-57540569.826 44375236.8 65992501.718 -1422.1017571 1065.2828845 1639.0771747 2.835077e+18 1.9340435686e-05 1.0 
-60568316.379 36046120.824 -46801698.048 -1478.8104811 837.75411592 -1131.5390513 2.835077e+18 1.9340435686e-05 1.0 
2925398.4676 -14013149.042 70259452.804 73.47265139 -407.06623882 1638.3483364 2.83493e+18 1.9339432876e-05 1.0 
54759876.356 -6957942.8149 102199155.15 1371.7419138 -236.12574367 2567.4015768 2.83493e+18 1.9339432876e-05 1.0 
-53833769.659 24987236.252 71705944.0 -1323.1632966 567.46891026 1765.2513186 2.83493e+18 1.9339432876e-05 1.0 
-17825164.293 12268533.132 52128579.134 -389.47666728 205.15018186 1143.8954926 2.834161e+18 1.9334186883e-05 1.0 
57376785.086 28197866.042 -47393389.969 1392.3100484 637.95214911 -1131.3651319 2.834161e+18 1.9334186883e-05 1.0 
-75045664.51 3686523.527 63816432.914 -1850.5979366 30.240798854 1583.7238279 2.834096e+18 1.9333743463e-05 1.0 
51693017.884 -16601883.304 -12081222.151 1102.3154145 -454.64152488 -253.91246181 2.834096e+18 1.9333743463e-05 1.0 
74147786.048 -25854661.495 43231603.105 1797.0237962 -710.29293695 1066.7751341 2.833263e+18 1.9328060872e-05 1.0 
98650603.304 -18073304.073 20154628.447 2443.153822 -517.4617588 504.0274438 2.833263e+18 1.9328060872e-05 1.0 
-114490683.0 2355712.626 54718708.513 -2895.169624 2.8284858834 1385.3830358 2.833263e+18 1.9328060872e-05 1.0 
-37063816.367 -16290127.984 14611643.182 -659.92945769 -416.83128391 263.38404866 2.833263e+18 1.9328060872e-05 1.0 
-65545644.398 34990393.411 -128249671.33 -1670.7059612 845.6971533 -3271.0882365 2.833263e+18 1.9328060872e-05 1.0 
-37278761.396 -13617838.523 -122494007.74 -941.05100323 -405.84719363 -3097.9529975 2.833263e+18 1.9328060872e-05 1.0 
24305518.191 8282321.6642 42215186.908 500.9064914 96.94126932 870.69145131 2.833253e+18 1.9327992654e-05 1.0 
96118297.135 33627507.943 22185388.225 2397.8972767 795.26440189 559.49787768 2.833253e+18 1.9327992654e-05 1.0 
-37780738.707 28528585.893 -34200104.647 -838.60598693 592.45427555 -763.780841 2.833253e+18 1.9327992654e-05 1.0 
50436513.399 -15313966.152 109408652.24 1273.5294401 -449.28582803 2751.40294 2.832431e+18 1.9322385103e-05 1.0 
22233785.781 21295650.222 -68672082.951 526.83008395 455.32324096 -1633.735584 2.832431e+18 1.9322385103e-05 1.0 
-56519293.296 10824025.457 53372799.419 -1357.6155691 201.08381475 1282.1744868 2.832352e+18 1.9321846178e-05 1.0 
98764731.094 17379756.332 30360759.405 2465.6413449 380.95381027 755.64158434 2.832352e+18 1.9321846178e-05 1.0 
71487186.209 25666001.473 40609897.875 1738.2343831 579.82144964 1003.1487881 2.832352e+18 1.9321846178e-05 1.0 
-31684254.355 346087.46537 131675019.53 -806.45354209 -48.432848291 3342.1804442 2.8316e+18 1.9316716156e-05 1.0 
60856739.752 -13569079.303 35290424.761 1418.4037929 -395.99435711 824.92924793 2.8316e+18 1.9316716156e-05 1.0 
-73763838.098 40173240.075 130197509.08 -1884.0802428 978.97932848 3325.2732035 2.8316e+18 1.9316716156e-05 1.0 
144843687.4 26319280.176 17460886.648 3691.7420258 620.58332677 444.97124989 2.8316e+18 1.9316716156e-05 1.0 
-96553883.887 9061079.0724 70442970.198 -2430.2244234 170.70028991 1774.09739 2.8316e+18 1.9316716156e-05 1.0 
-68034390.266 -8546300.4742 54121750.932 -1647.7700134 -276.0586328 1322.1125838 2.8316e+18 1.9316716156e-05 1.0 
107442305.15 -1495924.0856 -1516172.2906 2680.9437185 -99.820138599 -26.837899107 2.8316e+18 1.9316716156e-05 1.0 
-12352467.121 -12013141.129 -46437993.981 -251.70621754 -342.60414654 -932.61753397 2.8316e+18 1.9316716156e-05 1.0 
31679985.621 29325988.604 70933467.221 758.00292086 665.26613216 1726.3743008 2.830571e+18 1.9309696485e-05 1.0 
42511568.377 34729119.104 94477950.784 1067.3479448 825.92164456 2367.6886037 2.830571e+18 1.9309696485e-05 1.0 
88188374.775 31939006.075 3656189.9411 2172.999008 740.61111689 87.380032393 2.830571e+18 1.9309696485e-05 1.0 
49737708.744 15074101.689 14095499.217 1069.0674181 264.14214509 310.2187187 2.830571e+18 1.9309696485e-05 1.0 
-38518959.291 10352604.892 -15284682.212 -733.44955785 120.0841584 -270.28712812 2.830571e+18 1.9309696485e-05 1.0 
17136465.606 26241495.818 50491166.759 392.79245576 543.33611554 1128.25121 2.828816e+18 1.9297724159e-05 1.0 
115650442.65 29135474.987 -25835369.242 2919.8533625 688.54944376 -655.02141665 2.828816e+18 1.9297724159e-05 1.0 
87697249.387 19123988.267 -41187726.905 2174.0012325 421.39400065 -1027.5906702 2.828816e+18 1.9297724159e-05 1.0 
-24257242.502 23573387.943 -70471233.93 -571.03311565 515.35659932 -1695.706088 2.828816e+18 1.9297724159e-05 1.0 
22749184.534 26115547.026 -65429912.809 550.12841254 573.63044894 -1549.7721637 2.828816e+18 1.9297724159e-05 1.0 
-14676982.799 9343187.3863 139081828.58 -376.25264173 182.50253107 3535.0114371 2.828285e+18 1.9294101763e-05 1.0 
-24684211.917 8537457.8472 91819581.427 -611.73533479 154.50258474 2261.8349311 2.828285e+18 1.9294101763e-05 1.0 
64226916.251 11360756.396 -35809322.806 1521.9590838 208.86842257 -853.37796333 2.828285e+18 1.9294101763e-05 1.0 
-83551962.813 38237572.014 -67561273.312 -2093.5220716 909.44113412 -1685.0542502 2.828285e+18 1.9294101763e-05 1.0 
-61869264.965 -11799245.176 -55598582.035 -1490.0940102 -357.18960779 -1343.9621024 2.828285e+18 1.9294101763e-05 1.0 
13360743.885 -10063839.262 -61589677.278 298.0597092 -308.90282165 -1393.3178484 2.828285e+18 1.9294101763e-05 1.0 
-9477784.9393 -11564649.29 -99979331.963 -233.69944078 -351.82835438 -2474.419867 2.828285e+18 1.9294101763e-05 1.0 
-18361912.247 18711078.779 80373535.95 -444.35820189 401.72899505 1954.2402688 2.827088e+18 1.9285936023e-05 1.0 
-43254946.604 10416500.174 30581531.445 -929.55005067 154.50857364 660.31952488 2.827088e+18 1.9285936023e-05 1.0 
57026689.569 10381371.563 83624300.645 1424.6945536 202.06919627 2074.8506213 2.827088e+18 1.9285936023e-05 1.0 
-18560660.615 14769424.836 33700049.894 -355.63504082 214.11982418 607.80135164 2.827088e+18 1.9285936023e-05 1.0 
-82925073.973 1790794.4335 46265231.324 -2044.5988546 -18.828865285 1141.8745501 2.827088e+18 1.9285936023e-05 1.0 
80466361.623 39230706.408 24432879.086 1980.0064254 925.49580937 599.60713724 2.827088e+18 1.9285936023e-05 1.0 
-46473311.552 19907864.347 -29900082.013 -1029.1856918 392.30104013 -676.16840452 2.827088e+18 1.9285936023e-05 1.0 
56910665.796 15311916.451 -10693086.723 1275.6629118 283.66292452 -244.29229351 2.827088e+18 1.9285936023e-05 1.0 
-54062912.838 34766068.331 -84445485.201 -1341.2979422 821.49605442 -2113.973879 2.827088e+18 1.9285936023e-05 1.0 
48577266.939 26080382.897 -76001610.054 1193.6014796 596.2989328 -1876.6510496 2.826633e+18 1.9282832087e-05 1.0 
-69163245.729 19368902.301 -57676605.431 -1700.3500565 425.37077414 -1418.1444531 2.826633e+18 1.9282832087e-05 1.0 
27724775.999 33570244.399 -106536451.52 696.29785037 797.97292301 -2676.0345262 2.826633e+18 1.9282832087e-05 1.0 
-12320544.214 26941266.067 67527520.447 -291.56116045 588.98391064 1600.7933632 2.826233e+18 1.9280103352e-05 1.0 
-61031086.312 39548074.937 29219504.66 -1463.4413358 917.50603199 701.57596222 2.826233e+18 1.9280103352e-05 1.0 
-23496467.351 11574437.511 -38724948.349 -468.76347558 164.58878782 -774.97668788 2.826233e+18 1.9280103352e-05 1.0 
39072505.597 7791826.4968 -66037447.116 934.24801921 127.79888823 -1576.3215802 2.826233e+18 1.9280103352e-05 1.0 
5783933.2776 20241708.126 -95907168.369 144.80056792 451.73857057 -2377.5163459 2.826233e+18 1.9280103352e-05 1.0 
-4174016.6382 32065014.188 121606126.01 -104.42649526 765.79477239 3076.518782 2.825384e+18 1.9274311612e-05 1.0 
-93185098.205 42607226.87 43380304.541 -2337.1894182 1028.3830142 1088.7549985 2.825384e+18 1.9274311612e-05 1.0 
82620184.51 -5639129.2786 -14742483.017 1997.7727005 -205.49268386 -359.72693006 2.824985e+18 1.9271589698e-05 1.0 
59092352.062 -10371836.974 -16827423.446 1325.0881201 -315.84767144 -385.89038186 2.824985e+18 1.9271589698e-05 1.0 
-75647061.936 21589987.083 -42971150.052 -1853.6394377 478.91080043 -1051.5769567 2.824985e+18 1.9271589698e-05 1.0 
28081540.981 -21184937.441 63357115.998 651.09989224 -582.42256491 1477.9709325 2.824163e+18 1.9265982148e-05 1.0 
-123217729.21 31097544.051 112957375.1 -3156.4803681 748.41953733 2896.6573525 2.824163e+18 1.9265982148e-05 1.0 
120127279.21 28295498.918 -11289343.235 3033.0699797 663.56602007 -282.17849276 2.824163e+18 1.9265982148e-05 1.0 
-8450656.9256 19515856.77 63379584.81 -209.64589667 397.26340423 1468.193553 2.823704e+18 1.9262850924e-05 1.0 
18998983.71 15272479.742 78513317.562 457.38200679 316.19891806 1902.1810688 2.823704e+18 1.9262850924e-05 1.0 
-92326312.436 33179747.583 8941531.4425 -2288.3293308 776.3372954 222.11320393 2.823704e+18 1.9262850924e-05 1.0 
44993760.961 11795915.107 50031663.822 1054.0288824 215.1618282 1161.5532078 2.823704e+18 1.9262850924e-05 1.0 
-94196805.983 45339393.228 -10043540.156 -2348.3424927 1091.3296575 -253.13218811 2.823704e+18 1.9262850924e-05 1.0 
-73061882.152 8674886.3127 16977238.084 -1737.5507985 145.38435315 412.83201561 2.823704e+18 1.9262850924e-05 1.0 
-111533397.6 47934851.67 -29195800.628 -2818.5501151 1170.5845376 -739.06664345 2.823704e+18 1.9262850924e-05 1.0 
98802439.089 27644918.213 7387903.5495 2460.8474518 638.71135092 198.74336818 2.823704e+18 1.9262850924e-05 1.0 
78077677.728 22954861.862 -11420092.135 1892.9154562 507.5953965 -268.84129245 2.823704e+18 1.9262850924e-05 1.0 
-41974940.349 23896675.917 -66422628.829 -1012.7005492 527.85529209 -1606.3866892 2.823704e+18 1.9262850924e-05 1.0 
99158441.906 33869456.213 -46084264.018 2492.3713158 806.56930011 -1158.6743968 2.823704e+18 1.9262850924e-05 1.0 
91206536.521 6757347.7286 -57371050.113 2282.1379932 111.76244615 -1435.4704811 2.823704e+18 1.9262850924e-05 1.0 
-33722347.368 32906083.786 -76019930.62 -827.08114912 763.39276737 -1862.1031315 2.823704e+18 1.9262850924e-05 1.0 
-19457374.657 39442173.547 -101867349.06 -495.86375425 951.57487591 -2555.5276362 2.823704e+18 1.9262850924e-05 1.0 
64823884.448 34787905.838 -40181023.704 1575.8900876 800.66380602 -970.80896006 2.823704e+18 1.9262850924e-05 1.0 
53778342.799 24194868.909 -62234463.276 1305.7846398 537.19868935 -1518.004931 2.823704e+18 1.9262850924e-05 1.0 
-9803322.7566 9866015.4319 -64194289.619 -224.50148571 164.1247923 -1479.3359237 2.823704e+18 1.9262850924e-05 1.0 
77282988.766 -11322070.834 28210207.345 1860.911274 -344.84327967 678.23650348 2.823341e+18 1.9260374597e-05 1.0 
130521836.57 12883052.921 39518512.951 3314.1182243 273.71937164 1008.4765427 2.823341e+18 1.9260374597e-05 1.0 
-92408714.97 33592647.872 32491957.062 -2306.1838389 795.75631537 808.87536104 2.823341e+18 1.9260374597e-05 1.0 
42738956.583 27755877.412 -39451789.604 975.05077284 594.02949843 -911.98274453 2.823341e+18 1.9260374597e-05 1.0 
-1489586.2393 23960721.197 -148535158.52 -42.82425088 561.34357502 -3788.8121826 2.823341e+18 1.9260374597e-05 1.0 
-54244708.742 17108391.99 -143767801.74 -1382.7991359 384.52738381 -3672.7375515 2.823341e+18 1.9260374597e-05 1.0 
-31774443.786 43484739.562 -137064970.7 -812.33222532 1065.4604005 -3492.5256406 2.823341e+18 1.9260374597e-05 1.0 
-61226617.762 -5108218.5987 -101104698.78 -1536.2727398 -190.28529925 -2543.966404 2.823341e+18 1.9260374597e-05 1.0 
22581727.492 42410343.188 119689428.97 569.91154884 1031.9810936 3032.6673798 2.822873e+18 1.9257181977e-05 1.0 
118679652.63 64698296.246 -11539598.133 3018.1456172 1614.2420191 -305.36807604 2.822873e+18 1.9257181977e-05 1.0 
62062889.389 14635355.991 -14032945.233 1429.9034264 276.58396457 -345.54977187 2.822873e+18 1.9257181977e-05 1.0 
-84338089.862 38304238.531 -68604027.134 -2121.0773625 926.0691925 -1740.3273611 2.822873e+18 1.9257181977e-05 1.0 
113113621.6 27307284.784 13717902.869 2846.8885401 640.6971365 340.59595698 2.82252e+18 1.9254773868e-05 1.0 
16054562.048 26663717.366 -46263696.257 343.5244563 539.75325738 -1012.6938306 2.822048e+18 1.925155396e-05 1.0 
-34045354.729 26259129.205 132928390.04 -867.00709468 616.09918584 3377.8693282 2.820881e+18 1.9243592876e-05 1.0 
127942576.39 13791666.442 50154858.902 3250.4730119 295.66125794 1271.0700452 2.820881e+18 1.9243592876e-05 1.0 
-87459710.523 2122450.7506 -76677792.404 -2196.9477872 -6.425111749 -1925.6949232 2.820881e+18 1.9243592876e-05 1.0 
7814439.0957 -6748684.8681 -94541996.249 187.31883729 -232.27775192 -2324.6275776 2.820881e+18 1.9243592876e-05 1.0 
125576234.69 22441194.805 -19118656.181 3181.6532013 517.29235353 -486.20876107 2.820063e+18 1.9238012612e-05 1.0 
70653026.062 -6779823.3798 -99942310.05 1778.4321491 -231.69440952 -2520.1071481 2.820063e+18 1.9238012612e-05 1.0 
27572284.63 -19752281.005 -34295079.369 532.83466624 -506.00518415 -668.95186166 2.820063e+18 1.9238012612e-05 1.0 
-27271743.991 14190345.187 60486083.572 -638.2708031 263.10771844 1403.5155305 2.8188e+18 1.9229396631e-05 1.0 
61709253.789 19874468.526 56017358.624 1501.4071597 428.99061717 1362.7585172 2.8188e+18 1.9229396631e-05 1.0 
88199126.575 37721299.444 111385944.94 2248.8957816 914.41760944 2839.481839 2.8188e+18 1.9229396631e-05 1.0 
-104705692.49 35727072.364 33717621.491 -2634.3453352 856.40643798 847.87632928 2.8188e+18 1.9229396631e-05 1.0 
110633131.77 40268279.203 49178741.413 2800.1611776 973.46260476 1243.1844459 2.8188e+18 1.9229396631e-05 1.0 
121924237.2 44094879.587 82230367.881 3114.6460548 1081.6883511 2099.745632 2.8188e+18 1.9229396631e-05 1.0 
-105828050.99 26936789.143 -17642374.397 -2653.6431636 628.96143381 -445.89117004 2.8188e+18 1.9229396631e-05 1.0 
87864908.267 41200026.607 -28082539.708 2184.4673621 983.89655973 -694.99564731 2.8188e+18 1.9229396631e-05 1.0 
80860047.82 26170127.202 -78018499.711 2032.032057 611.49634971 -1971.1960251 2.8188e+18 1.9229396631e-05 1.0 
-56358352.701 25967728.411 -111317804.46 -1431.9582917 608.03258543 -2814.5182015 2.8188e+18 1.9229396631e-05 1.0 
13319892.173 24120756.439 -41772636.574 262.66682222 464.78626911 -873.86156955 2.8188e+18 1.9229396631e-05 1.0 
-22189018.565 27965096.852 -89008809.76 -545.68496033 645.96870029 -2199.7555556 2.8188e+18 1.9229396631e-05 1.0 
49964695.693 20610444.371 -19178983.422 1109.9617668 400.31196639 -411.57861822 2.8188e+18 1.9229396631e-05 1.0 
68634004.833 25603261.805 -85020348.736 1722.1983269 593.72155276 -2129.895923 2.8188e+18 1.9229396631e-05 1.0 
-8919029.9353 42718389.628 -114021079.34 -225.20462983 1036.0800274 -2877.7959645 2.8188e+18 1.9229396631e-05 1.0 
-21460137.886 -19555236.223 35112678.86 -398.57518655 -491.3419323 652.29401489 2.818429e+18 1.9226865729e-05 1.0 
-60456971.714 -13920720.566 80013016.093 -1494.2222758 -412.91984194 1983.6399212 2.818429e+18 1.9226865729e-05 1.0 
90476350.641 38135721.49 -15655687.141 2246.5393638 906.19714091 -384.10263236 2.818429e+18 1.9226865729e-05 1.0 
93427512.252 -2416122.2205 -51648116.81 2332.0812791 -120.56396559 -1279.9340974 2.818429e+18 1.9226865729e-05 1.0 
50406454.253 34176693.595 106048600.64 1274.0012852 816.47055301 2674.3679953 2.817208e+18 1.9218536265e-05 1.0 
-92746146.041 40112151.892 34766435.181 -2312.9732879 963.3756086 880.86269879 2.817208e+18 1.9218536265e-05 1.0 
-21943021.814 39913671.93 115471488.38 -560.91902279 971.18117721 2922.460403 2.817208e+18 1.9218536265e-05 1.0 
-142300942.03 38117212.704 29418057.112 -3631.1436031 924.93105384 747.17533032 2.817208e+18 1.9218536265e-05 1.0 
61115299.295 23117419.37 23060201.856 1426.8250812 488.5079683 546.94084498 2.817208e+18 1.9218536265e-05 1.0 
-137734234.35 25638833.015 -62307002.097 -3515.8929504 604.2643356 -1592.1045869 2.817208e+18 1.9218536265e-05 1.0 
-94080822.509 38093396.063 -18413028.773 -2343.1267673 907.63406171 -456.23979749 2.817208e+18 1.9218536265e-05 1.0 
35188896.747 17859638.447 -67657124.334 842.10133745 372.9998252 -1623.1227679 2.817208e+18 1.9218536265e-05 1.0 
52515816.097 37818775.752 -97982257.399 1329.1145936 907.49323706 -2463.9464423 2.817208e+18 1.9218536265e-05 1.0 
13242339.708 -19521156.264 58103789.995 295.38860236 -530.8576962 1295.9061562 2.816799e+18 1.9215746133e-05 1.0 
26236901.342 -18991935.573 30950536.149 482.56160113 -476.98177671 565.14681966 2.816799e+18 1.9215746133e-05 1.0 
-19946262.177 -17481736.331 -34389786.196 -346.60155678 -440.87492753 -622.13110052 2.816799e+18 1.9215746133e-05 1.0 
-32762825.855 -19160971.762 61918909.821 -764.76158744 -532.98713614 1444.1424851 2.815985e+18 1.9210193157e-05 1.0 
-57428440.498 2035147.11 89653158.016 -1428.9211739 -10.239168579 2235.4965861 2.815985e+18 1.9210193157e-05 1.0 
-45677386.078 -28063624.033 51783097.55 -1064.4689499 -748.90627185 1213.950837 2.815985e+18 1.9210193157e-05 1.0 
78799857.85 32605813.64 -64993460.63 1965.6761598 765.33586621 -1623.8886494 2.815985e+18 1.9210193157e-05 1.0 
-84254590.148 33275378.284 -97146366.142 -2134.1598233 793.50305594 -2464.5030912 2.815985e+18 1.9210193157e-05 1.0 
-121671900.48 45959022.155 124882424.82 -3124.2337406 1133.4569107 3205.1819956 2.815635e+18 1.9207805514e-05 1.0 
9007261.8194 -11529344.173 93932786.537 221.01203353 -352.91537147 2307.8899654 2.815172e+18 1.9204647003e-05 1.0 
69724753.672 27662138.069 -113351845.44 1766.8374312 652.65848213 -2880.1859977 2.815172e+18 1.9204647003e-05 1.0 
9547461.8848 30261243.199 131815994.32 248.03338198 719.00615676 3347.775219 2.814856e+18 1.9202491302e-05 1.0 
-69456967.194 25764621.615 49714141.04 -1697.7472112 579.57672494 1222.0277062 2.814856e+18 1.9202491302e-05 1.0 
-91193549.241 33172746.904 -84422097.078 -2311.1405335 792.98635646 -2138.044258 2.814856e+18 1.9202491302e-05 1.0 
66366280.415 26108357.395 -117663510.48 1688.0187993 613.42847882 -2988.0717165 2.814856e+18 1.9202491302e-05 1.0 
4971427.9619 26652220.356 -111095064.38 119.22028502 621.22837232 -2792.8076704 2.814856e+18 1.9202491302e-05 1.0 
