x1	x2	x3	v1	v2	v3	mass	rel_mass	water_fraction
698.772646505297 -7436.014471432049 18222.03781501723 0.08213191385016563 -0.18406033923743892 0.7364931190919282 1.8704672567699998e+21 0.9924156646256747 0.09244861131889036 
10987044.735 899430.67223 10537758.351 243.650983 21.682223376 234.03998629 7.605227e+16 4.0351128203e-05 1.0 
-4705215.1819 -91711.967782 -32669626.702 -117.21951172 -2.6812125462 -811.8235189 7.603058e+16 4.0339620118e-05 1.0 
9732607.1455 101741.80635 -1783043.4601 171.13152198 1.5046603793 -30.184286719 3.804359e+16 2.0184825218e-05 1.0 
10138084.292 -385328.40677 -2289916.2541 185.75959447 -7.2600708076 -40.176137059 3.804225e+16 2.0184114253e-05 1.0 
9474170.3396 -499482.42544 -1552794.1637 162.05872544 -9.9962984132 -27.713804672 3.803565e+16 2.0180612484e-05 1.0 
-19718085.886 316655.7288 -2194511.3724 -465.80811986 7.7004018494 -51.063513297 3.803565e+16 2.0180612484e-05 1.0 
11010631.348 78232.982778 9336495.1093 239.83337612 1.3192795382 203.82164828 3.8035e+16 2.0180267613e-05 1.0 
-12227742.565 -7827569.0554 5375564.2941 -269.26035674 -182.27815805 120.89125605 3.803305e+16 2.0179233e-05 1.0 
317565.59654 391238.47224 23121206.218 11.180613879 9.2643492142 558.43420069 3.803305e+16 2.0179233e-05 1.0 
4955816.272 279418.15519 -21289463.632 120.56123411 6.2392322225 -510.00135538 3.803305e+16 2.0179233e-05 1.0 
6839801.1611 -1715520.3177 -24187883.471 169.41248738 -42.308007312 -589.40576556 3.803177e+16 2.0178553869e-05 1.0 
-20051587.291 2260989.3337 42720366.59 -505.16914278 57.57346448 1076.776229 3.803048e+16 2.0177869432e-05 1.0 
-10659989.99 -324846.58386 10457687.184 -235.16689537 -6.8196420644 229.76963847 3.803048e+16 2.0177869432e-05 1.0 
14260549.357 1054741.1441 -21202844.203 347.15579645 26.915302827 -518.10340339 3.803048e+16 2.0177869432e-05 1.0 
15952681.323 -367783.42565 15733281.625 382.82199936 -9.7872383957 378.75345507 3.803048e+16 2.0177869432e-05 1.0 
-9270905.2079 243387.52006 7965840.0264 -187.48358556 5.3475332771 161.7764027 3.802921e+16 2.0177195607e-05 1.0 
-18246806.274 1033621.9386 14654636.532 -440.6920238 25.780873488 354.0068476 3.802921e+16 2.0177195607e-05 1.0 
13230560.238 73540.02079 -2501065.2762 280.93296798 2.1348992316 -54.577791946 3.802921e+16 2.0177195607e-05 1.0 
14238872.756 -49018.141631 -2766528.6699 310.86876115 -0.28243188358 -61.062018008 3.802921e+16 2.0177195607e-05 1.0 
-22512327.001 301749.6922 -21800341.846 -558.18623734 7.8367238806 -540.25514595 3.802921e+16 2.0177195607e-05 1.0 
3940818.1216 27636.83057 -26980312.024 97.462459146 1.3119048567 -662.36046892 3.802921e+16 2.0177195607e-05 1.0 
-7778705.824091782 7474.177354313252 8194003.170095304 -149.11347464697474 -0.06183854544646052 159.54414763446107 7.605213e+16 4.0351053923e-05 1.0 
-3695327.3356 -1305613.3752 -25156958.961 -90.078241634 -33.052678027 -613.46086527 3.802921e+16 2.0177195607e-05 1.0 
15642000.27 1237917.6749 -22281594.654 383.8637061 31.351218328 -547.46263467 3.802857e+16 2.0176856042e-05 1.0 
14463371.204 -5380870.9994 -16121729.635 346.82370135 -132.18639668 -387.25978988 3.802857e+16 2.0176856042e-05 1.0 
-10274645.419 724917.48042 -13808796.309 -236.11573379 17.167309046 -316.42202852 3.802857e+16 2.0176856042e-05 1.0 
-18604751.16 2111294.9732 8808894.3893 -441.99192702 52.142255239 209.07650578 3.802794e+16 2.0176521782e-05 1.0 
-19995379.619 167316.2032 -22486614.484 -494.76727591 3.9339408477 -555.91273385 3.802794e+16 2.0176521782e-05 1.0 
-13198726.614 -5004943.6373 -2738702.3482 -286.56108789 -113.60574159 -57.528925723 3.802794e+16 2.0176521782e-05 1.0 
12031195.12 449218.41231 -5584257.169 253.75926341 9.5563708013 -117.62994914 3.802794e+16 2.0176521782e-05 1.0 
10425430.011 2058222.6129 -17781674.015 245.41391363 49.891875791 -424.30069807 3.802731e+16 2.0176187522e-05 1.0 
24700169.942 65830.029097 -16601602.304 609.53408697 2.4192130159 -410.64036877 3.802668e+16 2.0175853262e-05 1.0 
33165323.036 904231.3719 -17329107.354 829.11875639 23.399336494 -433.20317508 3.802668e+16 2.0175853262e-05 1.0 
-8667040.7671 383453.28043 -14743543.827 -199.16637008 9.0859176135 -337.18756859 3.802668e+16 2.0175853262e-05 1.0 
-13050489.35 -588406.86245 14492284.845 -307.93508081 -15.367506747 340.11185327 3.802668e+16 2.0175853262e-05 1.0 
-7925113.8916 -736632.83958 9182307.9977 -159.51995247 -16.728548096 185.53627811 3.802668e+16 2.0175853262e-05 1.0 
16466240.286 -757453.0557 566781.24814 373.90558525 -17.8652274 11.160583473 3.802668e+16 2.0175853262e-05 1.0 
-8708575.7553 -1053061.7187 -3865230.6833 -148.18572832 -20.936548957 -66.616111772 3.802668e+16 2.0175853262e-05 1.0 
15741945.728 3438846.1605 -6643020.3947 364.69890184 81.561080484 -147.64272142 3.802668e+16 2.0175853262e-05 1.0 
9465086.4899 -1541991.4709 13224159.632 215.99158762 -35.924463284 297.98229178 3.802542e+16 2.0175184743e-05 1.0 
-7032329.8991 1618790.5118 27830147.959 -173.09544471 40.675702852 685.32432141 3.802542e+16 2.0175184743e-05 1.0 
13605636.004 1497245.0123 7725268.567 303.69237417 36.159610879 174.27112809 3.802542e+16 2.0175184743e-05 1.0 
-26526687.921 2695122.6916 13906772.606 -656.00781278 68.154825358 342.67932463 3.802542e+16 2.0175184743e-05 1.0 
16124930.641 -101674.15873 -2503900.3909 364.4437282 -1.8263448641 -58.583393958 3.802542e+16 2.0175184743e-05 1.0 
15897899.119 354193.00021 -3825467.2088 359.52468092 9.305781299 -86.911203949 3.802542e+16 2.0175184743e-05 1.0 
-12641768.556 718967.18306 15639652.123 -300.01321715 16.618174046 369.33905583 3.802542e+16 2.0175184743e-05 1.0 
-15711823.701 -24238.472736 8409086.2699 -363.28490516 -1.0188449045 194.07014883 3.802542e+16 2.0175184743e-05 1.0 
-30452631.616 -109391.80022 3746189.177 -753.92595845 -2.7158700292 93.31703149 3.802479e+16 2.0174850483e-05 1.0 
29319682.607 1403771.9345 -27801761.091 734.84396676 35.646805729 -697.54617267 3.802479e+16 2.0174850483e-05 1.0 
-3777391.1954 1463967.7561 -10577818.334 -73.267243236 31.744850832 -204.83921168 3.802479e+16 2.0174850483e-05 1.0 
-15343923.92 -3496790.2217 17083328.614 -370.68253084 -87.35082087 411.57651144 3.802479e+16 2.0174850483e-05 1.0 
17344679.443 -1555060.0908 385320.92483 398.32039621 -38.343417538 8.1881762646 3.802479e+16 2.0174850483e-05 1.0 
-12632433.084 1041459.1761 -15221977.628 -298.4359127 25.083103169 -359.44466606 3.802479e+16 2.0174850483e-05 1.0 
7328660.8405 149172.20357 -12906832.254 159.86209475 2.1696727989 -284.58191405 3.802479e+16 2.0174850483e-05 1.0 
14503156.958 -650325.66232 16973612.216 347.54483497 -14.966647262 408.59989361 3.802417e+16 2.0174521529e-05 1.0 
-987573.77031 -87370.796316 14422416.186 -19.923691885 -2.6458079349 314.50408299 3.802417e+16 2.0174521529e-05 1.0 
-8110761.6947 4068568.2315 4958876.7773 -143.03251317 80.978247797 93.584192838 3.802417e+16 2.0174521529e-05 1.0 
-22343721.018 927963.32024 -1261231.6795 -537.34566084 22.266816139 -27.834392797 3.802417e+16 2.0174521529e-05 1.0 
4321974.2994 -5003635.319 11113777.967 87.419611083 -110.33894856 230.65485694 3.802292e+16 2.0173858316e-05 1.0 
17622949.039 923803.54403 39260625.668 443.10447074 23.27701055 987.23768662 3.802292e+16 2.0173858316e-05 1.0 
-8215674.5039 1828044.0085 29991063.824 -202.89040465 45.997857906 743.12816401 3.802292e+16 2.0173858316e-05 1.0 
-9088821.8153 422209.20056 8841266.3614 -186.79233616 10.224406661 182.76080437 3.802292e+16 2.0173858316e-05 1.0 
12378341.011 -2737716.5333 34848124.245 309.88435228 -69.287737151 871.39030638 3.802292e+16 2.0173858316e-05 1.0 
15733556.536 337076.80266 16996809.183 380.36638081 8.301115967 409.89427107 3.802292e+16 2.0173858316e-05 1.0 
12220164.551 719840.11842 6567781.057 261.86331492 16.860568592 142.63441379 3.802292e+16 2.0173858316e-05 1.0 
13170764.511 48390.477403 31004996.087 328.2447446 1.162934262 772.32156545 3.802292e+16 2.0173858316e-05 1.0 
30819952.905 282891.07816 -18520046.781 769.56361818 7.1325721268 -462.56590895 3.802292e+16 2.0173858316e-05 1.0 
28925094.938 -272109.93383 -18448362.529 720.07707944 -5.7822167411 -459.55166573 3.802292e+16 2.0173858316e-05 1.0 
-29561349.117 -353473.2564 1278264.2667 -730.37648401 -8.7012906647 32.140529489 3.802292e+16 2.0173858316e-05 1.0 
-32854301.983 1020768.9488 1894545.9192 -816.57100536 26.022066703 47.139477628 3.802292e+16 2.0173858316e-05 1.0 
29430422.508 1816921.5572 -23026206.414 735.81401855 45.778184904 -576.00292742 3.802292e+16 2.0173858316e-05 1.0 
23495746.317 2113408.6871 -21750271.324 582.35741234 53.808360357 -540.04429426 3.802292e+16 2.0173858316e-05 1.0 
-3017242.1393 3209622.8137 -20593076.638 -74.311968895 78.863468717 -490.7674667 3.802292e+16 2.0173858316e-05 1.0 
12799480.462 308311.05654 -18576507.27 308.19668865 7.8319905223 -447.13854263 3.802292e+16 2.0173858316e-05 1.0 
15266512.76 1634032.9463 -15604835.076 365.43179501 41.330960926 -373.55174993 3.802292e+16 2.0173858316e-05 1.0 
5572262.2725 -321351.45089 -25992145.468 137.88746971 -7.6547063709 -636.6058162 3.802292e+16 2.0173858316e-05 1.0 
5175786.4093 120771.2117 -16876673.867 120.82318015 3.8007073109 -388.81688998 3.802292e+16 2.0173858316e-05 1.0 
-13106749.178 569242.12952 -17639303.056 -313.81210361 14.893968892 -423.03344964 3.802292e+16 2.0173858316e-05 1.0 
-1838220.827 467072.42498 -26707506.085 -45.699651649 12.951806811 -653.95296595 3.802292e+16 2.0173858316e-05 1.0 
1551431.576 -511215.26203 -22544431.705 37.073362593 -10.879754591 -542.45787492 3.802292e+16 2.0173858316e-05 1.0 
-10996579.768 -1770837.5705 17536544.289 -261.63556741 -44.250399223 416.45699665 3.802292e+16 2.0173858316e-05 1.0 
-12945491.351 -1201905.4609 13000542.903 -300.86511232 -30.166044941 302.23069206 3.802292e+16 2.0173858316e-05 1.0 
-4307418.0726 -64890.664132 9750667.6913 -79.113210552 -2.2907654809 181.69690521 3.802292e+16 2.0173858316e-05 1.0 
17000356.42 -578628.09072 40323731.961 428.05717962 -14.824489206 1013.5470948 3.802292e+16 2.0173858316e-05 1.0 
18242666.892 -1179570.4102 39430973.771 458.03533626 -29.905612631 991.23755132 3.802292e+16 2.0173858316e-05 1.0 
6093943.8327 -607391.99566 34889952.832 151.67116491 -15.470408857 870.54738461 3.802292e+16 2.0173858316e-05 1.0 
-13603868.629 -1237874.822 14899.956888 -290.07830051 -28.979572967 0.48499231934 3.802292e+16 2.0173858316e-05 1.0 
-14915178.27 199919.70378 26818418.015 -370.18288905 5.227573185 663.84611929 3.802292e+16 2.0173858316e-05 1.0 
-34317068.151 -515018.01853 6138234.4171 -855.83613286 -13.406873295 152.06605371 3.802292e+16 2.0173858316e-05 1.0 
24909106.69 783324.84403 34728238.137 626.25467322 19.755897853 872.61406216 3.802292e+16 2.0173858316e-05 1.0 
-20622171.094 57546.581186 -1111712.6211 -490.0908561 0.21443519127 -25.230960839 3.802292e+16 2.0173858316e-05 1.0 
20818999.029 -246971.41246 3092795.24 495.58938318 -7.0102205663 74.445535694 3.802292e+16 2.0173858316e-05 1.0 
-7729858.1038 -579705.3146 -9367756.7577 -154.7685604 -12.759297048 -190.61492479 3.802292e+16 2.0173858316e-05 1.0 
-21628819.115 -1073901.9977 -24402408.014 -536.77795651 -27.84773436 -606.17022131 3.802292e+16 2.0173858316e-05 1.0 
-14131564.311 210235.43345 -17421704.779 -339.48749783 4.4462185147 -418.87154536 3.802292e+16 2.0173858316e-05 1.0 
6719080.0137 -2380186.0786 -33205065.295 167.51134846 -60.31979808 -826.30808439 3.802292e+16 2.0173858316e-05 1.0 
3001442.3218 476090.96339 -33886787.045 74.850559083 11.435870356 -843.38611288 3.802292e+16 2.0173858316e-05 1.0 
7007369.0433 -2343058.9815 -28521943.537 172.73106639 -59.603366898 -703.63738842 3.802292e+16 2.0173858316e-05 1.0 
5841920.7003 -673592.32126 -26317247.616 143.62484993 -17.501126998 -644.17230222 3.802292e+16 2.0173858316e-05 1.0 
-42850760.288 852956.56234 -16604209.861 -1079.2089034 21.858019891 -418.22101009 3.802169e+16 2.0173205713e-05 1.0 
-44169505.817 634640.31863 -10117091.103 -1111.4024986 16.717960769 -254.1290596 3.802169e+16 2.0173205713e-05 1.0 
-8205851.0583 45286.184052 -15838437.539 -190.19740968 1.2094515716 -365.79378677 3.802169e+16 2.0173205713e-05 1.0 
-3718314.6886 -807886.36335 -26954977.92 -92.430394027 -19.952104463 -661.54754267 3.802169e+16 2.0173205713e-05 1.0 
20771067.866499998 2147484.4939 -27845668.3905 517.7209465499999 54.504294906999995 -693.33968538 7.604338e+16 4.0346411426e-05 1.0 
-26753860.134 -588738.66996 -30735845.054 -671.57413916 -14.771392557 -770.56283393 3.802169e+16 2.0173205713e-05 1.0 
-10632375.678 -107563.63776 -5936753.0961 -214.20740795 -1.2801544666 -121.57642963 3.802169e+16 2.0173205713e-05 1.0 
1399366.222 406692.03486 -26081772.258 34.656908112 10.812487123 -637.49252733 3.802169e+16 2.0173205713e-05 1.0 
15042094.67 -468477.95933 -3170902.3465 334.19082342 -12.119574791 -71.357734619 3.802169e+16 2.0173205713e-05 1.0 
18776026.278 -72392.7465 -4296820.925 440.27205874 -2.3645745342 -101.23950135 3.802169e+16 2.0173205713e-05 1.0 
40188017.814 -937718.61554 -18728660.651 1010.5605381 -23.847116884 -471.60621289 3.802169e+16 2.0173205713e-05 1.0 
-13081019.448 36382.162701 -18962237.566 -314.51176753 -0.28698693083 -457.37703605 3.802169e+16 2.0173205713e-05 1.0 
23247620.392 33595.031041 -15885584.441 572.13316194 1.1633092811 -390.82045989 3.802169e+16 2.0173205713e-05 1.0 
-17652020.499 -2005501.2337 -26800113.338 -437.53426138 -51.177301454 -665.23919758 3.802169e+16 2.0173205713e-05 1.0 
-2014635.6152 722867.95717 -19968977.572 -47.252025551 17.665620717 -472.64721025 3.802169e+16 2.0173205713e-05 1.0 
-9375851.9077 -88914.40908 -26090531.299 -230.69144451 -2.5744350809 -641.016179 3.802169e+16 2.0173205713e-05 1.0 
17961160.664 801488.71288 -13492407.275 431.47575919 18.65489981 -324.83640412 3.802169e+16 2.0173205713e-05 1.0 
17820970.195 192288.81582 -24779369.562 441.40232661 4.4949348399 -612.32959953 3.802169e+16 2.0173205713e-05 1.0 
-8638735.8954 -2832350.1374 -30326436.669 -213.94849315 -72.084216275 -751.77699196 3.802169e+16 2.0173205713e-05 1.0 
71693.362968 -3860462.8313 12317958.373 -4.1500556012 -84.842320465 255.79683597 3.802107e+16 2.0172876759e-05 1.0 
18627367.55048384 -1154302.1392851989 4461996.200214983 436.44588054868433 -28.01901218202995 105.26691814232908 7.603664e+16 4.0342835378e-05 1.0 
36615661.927 2028116.3197 311608.33247 914.58932818 51.823154489 7.9316598205 3.802107e+16 2.0172876759e-05 1.0 
-21536600.302 302123.70055 14073819.038 -525.90632698 7.5077622138 343.31615464 3.802107e+16 2.0172876759e-05 1.0 
-13588137.369 1155312.1577 7829257.0558 -303.52400713 27.025265459 177.17762611 3.802107e+16 2.0172876759e-05 1.0 
18744677.52 649276.94469 -6401028.0419 441.68485223 15.694468494 -151.72540872 3.802107e+16 2.0172876759e-05 1.0 
17055933.7 -256283.68676 -42452062.845 429.04673867 -5.9439789989 -1068.2040081 3.802045e+16 2.0172547805e-05 1.0 
16105438.478 2084250.5317 -31950576.176 401.7841475 53.500743257 -796.79454402 3.802045e+16 2.0172547805e-05 1.0 
2300945.0268 -77975.633071 -27581003.004 56.82639953 -2.3272914465 -677.4196977 3.802045e+16 2.0172547805e-05 1.0 
-5823638.7458 908323.15512 -30706798.096 -143.90804854 22.534361468 -760.96548826 3.802045e+16 2.0172547805e-05 1.0 
7571159.0574 -2798261.596 29547710.231 187.68092407 -69.483838605 730.78778539 3.801984e+16 2.0172224157e-05 1.0 
18810080.223 542716.01016 19870482.184 461.83026289 14.543139803 486.86195522 3.801984e+16 2.0172224157e-05 1.0 
-12481873.946 -2067988.3074 573076.36851 -257.76812321 -44.785716885 7.2053295719 3.801984e+16 2.0172224157e-05 1.0 
3327721.4242 -2295043.2399 11857341.963 67.622972578 -51.592081216 242.48302181 3.801984e+16 2.0172224157e-05 1.0 
-6470619.5278 3474490.5081 31302500.521 -160.98740501 86.561329144 776.46483768 3.801984e+16 2.0172224157e-05 1.0 
22531424.475 38126.47694 16439401.304 553.09231966 1.185456248 405.45029337 3.801984e+16 2.0172224157e-05 1.0 
-35839182.292 869426.47503 -18541003.319 -898.13606939 21.449586008 -465.4618431 3.801984e+16 2.0172224157e-05 1.0 
5448060.4162 441287.03372 11998086.678 115.47638438 11.337230051 251.44430047 3.801922e+16 2.0171895203e-05 1.0 
6155374.2597 229038.9833 8059177.6218 111.43869008 5.7998304324 142.91105143 3.801922e+16 2.0171895203e-05 1.0 
26513113.037 3284346.9342 26979743.737 663.31509138 83.09750247 675.06241253 3.801922e+16 2.0171895203e-05 1.0 
19976116.472 -240184.88644 6225070.7543 475.29569492 -5.1867563268 148.14326238 3.801922e+16 2.0171895203e-05 1.0 
14977878.644 -642202.23265 3483225.6159 332.8010109 -13.302339955 79.155492491 3.801922e+16 2.0171895203e-05 1.0 
50879073.053 4134619.8866 4831196.5957 1284.0733372 105.3430615 122.03030696 3.801922e+16 2.0171895203e-05 1.0 
18554740.168 496095.53419 -3866566.0669 433.49729827 12.779219303 -92.42521416 3.801922e+16 2.0171895203e-05 1.0 
-42547839.063 459431.85899 -6404094.211 -1069.289456 12.148649388 -160.78757027 3.801922e+16 2.0171895203e-05 1.0 
-48746972.756 3229319.1035 -4488842.2663 -1228.8719819 82.21438771 -112.9577721 3.801922e+16 2.0171895203e-05 1.0 
3205328.788 1116609.1895 -36233261.258 80.466692355 28.840933852 -904.32431694 3.801922e+16 2.0171895203e-05 1.0 
3020217.326 454118.72077 -10312485.329 56.723120955 10.450868462 -192.91348679 3.801922e+16 2.0171895203e-05 1.0 
-12416976.079 818475.3752 -18705065.741 -298.55057346 20.59901915 -449.27660752 3.801922e+16 2.0171895203e-05 1.0 
-3184765.3779 -85347.617813 -28531250.249 -78.532170233 -0.89786774453 -702.40392094 3.801922e+16 2.0171895203e-05 1.0 
-2295368.2844 2008276.2227 -11205777.513 -45.35549978 44.451230305 -219.94691968 3.801922e+16 2.0171895203e-05 1.0 
2141350.31 -197764.38505 38552381.757 54.029022323 -5.2263969738 965.58419217 3.801922e+16 2.0171895203e-05 1.0 
-11740120.892 -1023765.6253 963987.55499 -233.73695886 -23.173796102 18.167625975 3.801922e+16 2.0171895203e-05 1.0 
-27652474.783 -1373277.3402 31246763.383 -694.45091954 -34.691527733 784.24491878 3.801922e+16 2.0171895203e-05 1.0 
-40476968.733 2135193.5558 22364488.471 -1019.1963153 53.953215815 562.72437946 3.801922e+16 2.0171895203e-05 1.0 
6078075.1808 -1087102.3363 29956750.568 150.58304253 -27.355242731 741.88257799 3.801922e+16 2.0171895203e-05 1.0 
-24856606.56 -2621323.5241 -2031830.8375 -604.76507244 -65.912714835 -49.637544911 3.801922e+16 2.0171895203e-05 1.0 
-42625570.155 -1866593.8722 12365345.434 -1072.6568867 -47.371492397 310.63866063 3.801922e+16 2.0171895203e-05 1.0 
15615820.055 -143081.21245 -401675.2748 349.06189285 -3.7723583794 -9.4477079274 3.801922e+16 2.0171895203e-05 1.0 
-26096109.648 -1245290.3196 -25330502.159 -650.74243286 -32.124632768 -633.29687257 3.801922e+16 2.0171895203e-05 1.0 
10021274.536 -693850.37242 -1582165.013 178.63923265 -15.619948848 -31.32143608 3.801922e+16 2.0171895203e-05 1.0 
25216687.033 -1917637.2511 -3122348.2571 614.56073753 -48.515502915 -77.132923841 3.801922e+16 2.0171895203e-05 1.0 
11917456.156 2202008.0879 -42215453.003 299.18809864 55.353560492 -1061.2303188 3.801922e+16 2.0171895203e-05 1.0 
-1879172.9169 399545.63958 -23263963.112 -45.984501314 8.660638478 -562.04215911 3.801922e+16 2.0171895203e-05 1.0 
12503326.9 4938669.284 -10527761.784 286.32715127 117.30752017 -239.23119305 3.801922e+16 2.0171895203e-05 1.0 
11016699.311 -40686.619867 -27996472.517 272.19227418 -2.2381537462 -691.81131236 3.801922e+16 2.0171895203e-05 1.0 
-974834.1389 423756.69843 -23058299.337 -24.477398078 9.3250595919 -556.26308709 3.801922e+16 2.0171895203e-05 1.0 
5142948.2515 -418825.72667 -12514954.2 109.94021159 -10.455444776 -265.63270315 3.801922e+16 2.0171895203e-05 1.0 
-1911740.2847 -245219.30364 28981987.725 -47.674342257 -5.2760297426 714.28698243 3.801861e+16 2.0171571555e-05 1.0 
-17908968.378 1611208.6197 8005188.5024 -421.5733548 40.373462798 188.91197356 3.801861e+16 2.0171571555e-05 1.0 
6610751.9989 -515255.34262 13442851.517 145.52780716 -12.983668581 296.49809503 3.801861e+16 2.0171571555e-05 1.0 
35880598.623 2695919.875 17855099.558 899.2451057 67.836994521 447.18020014 3.801861e+16 2.0171571555e-05 1.0 
33672786.162 -275665.94655 -37241783.559 848.88144222 -7.1698092753 -939.62693111 3.801861e+16 2.0171571555e-05 1.0 
-4862041.2726 -206192.34329 -8939547.6742 -86.62215303 -5.8060889045 -160.59960083 3.801861e+16 2.0171571555e-05 1.0 
-11527009.155 3762630.1074 41943076.45 -290.52758081 95.522582234 1053.9539139 3.8018e+16 2.0171247906e-05 1.0 
13481560.262 -73748.806819 43837750.236 339.20181155 -1.6312088946 1103.1158056 3.8018e+16 2.0171247906e-05 1.0 
25187246.012 -2399003.12 32881001.188 632.30445742 -60.401140012 824.99593945 3.8018e+16 2.0171247906e-05 1.0 
26230028.034 -1114559.9752 17081640.225 649.56727998 -26.950767893 423.5199523 3.8018e+16 2.0171247906e-05 1.0 
-23519159.279 676232.56978 34312021.074 -591.0977696 17.02952104 861.56048144 3.8018e+16 2.0171247906e-05 1.0 
-22061363.815 2714309.0333 9182051.5331 -534.81412527 67.964818411 220.83655569 3.8018e+16 2.0171247906e-05 1.0 
25848013.036 -714526.40996 1201361.3219 631.33616038 -17.397011783 28.49384891 3.8018e+16 2.0171247906e-05 1.0 
14496078.109 708549.06188 -3725340.5695 319.68863293 17.652662379 -81.800105323 3.8018e+16 2.0171247906e-05 1.0 
-34377175.3147725 782862.9330035317 -18756069.908327684 -861.2546765744578 19.46012610899327 -469.7807959881805 7.603176e+16 4.0340246190999997e-05 1.0 
-41481371.623 453580.39539 -8416036.4585 -1041.3182905 12.281111895 -211.06227563 3.8018e+16 2.0171247906e-05 1.0 
15267444.125 1558061.4369 -26480309.51 378.32247105 40.01066629 -654.96957863 3.8018e+16 2.0171247906e-05 1.0 
18196438.321 789263.33458 -24518599.747 449.07687197 20.598558727 -606.85996352 3.8018e+16 2.0171247906e-05 1.0 
17770601.186 48616.139802 40019787.818 447.0838233 0.443922245 1005.2301608 3.8018e+16 2.0171247906e-05 1.0 
5962183.0346 -1260273.716 53755610.754 150.51047443 -32.23150155 1357.7113113 3.8018e+16 2.0171247906e-05 1.0 
-17541403.463 -2618016.4443 47467792.924 -442.66006203 -66.508036191 1197.3288027 3.8018e+16 2.0171247906e-05 1.0 
-32491306.855 -553779.33221 18382938.653 -811.64272312 -14.742009994 460.23228625 3.8018e+16 2.0171247906e-05 1.0 
19386626.501 1506125.3027 18450556.153 473.72799485 36.656561887 452.56216961 3.8018e+16 2.0171247906e-05 1.0 
20468756.897 1726804.9924 27986911.162 509.73903355 43.622910893 698.10714013 3.8018e+16 2.0171247906e-05 1.0 
-19440432.695 9322504.3084 -4202477.4157 -464.37849861 229.41817781 -99.097427852 3.8018e+16 2.0171247906e-05 1.0 
15899527.574 -41858.157893 26222759.106 393.54381125 -1.0419918355 649.38812959 3.8018e+16 2.0171247906e-05 1.0 
-28804043.476 1949064.5954 -5277375.7419 -710.52200318 48.094610345 -130.15986634 3.8018e+16 2.0171247906e-05 1.0 
-42948334.261 2318040.0842 494015.42033 -1078.7344066 58.360295849 12.361953132 3.8018e+16 2.0171247906e-05 1.0 
23392270.416 245635.3008 -4865232.982 566.13596198 5.7042317094 -118.18081412 3.8018e+16 2.0171247906e-05 1.0 
3130907.1583 -191860.49139 -15211335.265 70.174840356 -4.8320682242 -339.42126178 3.8018e+16 2.0171247906e-05 1.0 
-11909683.867 -998324.3123 -31617358.088 -295.68548769 -25.779624466 -786.60955556 3.8018e+16 2.0171247906e-05 1.0 
14106259.626 1688028.5848 8814602.0404 322.26700715 41.58541134 198.14665781 3.801739e+16 2.0170924258e-05 1.0 
-12338481.265 404077.32195 -2263252.0731 -253.52461086 8.7632648718 -48.120659198 3.801739e+16 2.0170924258e-05 1.0 
-33146780.788 -143235.60648 1696833.9025 -823.81832547 -2.518198404 41.982327445 3.801739e+16 2.0170924258e-05 1.0 
20110732.677 1296873.8399 -25469920.22 498.60901505 32.661585221 -633.32760223 3.801739e+16 2.0170924258e-05 1.0 
22209813.135 224793.34935 -17224811.674 546.06873064 6.7805138243 -423.27390525 3.801739e+16 2.0170924258e-05 1.0 
-6243625.8643 -958638.50974 14092072.57 -138.92514303 -23.439804407 313.45605957 3.801739e+16 2.0170924258e-05 1.0 
-8310252.3354 -660608.77146 5051933.2364 -144.67637367 -14.578182695 84.790404941 3.801739e+16 2.0170924258e-05 1.0 
-24725277.667 -1275140.1477 -22633916.88 -614.97077464 -32.300404354 -563.08259729 3.801739e+16 2.0170924258e-05 1.0 
-20170137.742 597580.10627 -35120637.885 -506.03803463 15.067391756 -881.11635676 3.801678e+16 2.017060061e-05 1.0 
-9666576.7996 -1009189.2728 -55946.860537 -166.72265292 -17.778986096 4.5472280487 3.801678e+16 2.017060061e-05 1.0 
5090090.2003 4531183.8527 -58939380.618 127.16380493 115.54805741 -1490.9258998 3.801678e+16 2.017060061e-05 1.0 
17874104.141 1604388.1603 -26776857.705 443.9322356 41.471887456 -663.70671006 3.801678e+16 2.017060061e-05 1.0 
45558979.366 -1108117.6161 -25249898.245 1149.8091752 -28.454153374 -637.23336289 3.801678e+16 2.017060061e-05 1.0 
-8819271.9686 105.50270517 -14712363.462 -200.64036935 -0.74649168889 -337.50755291 3.801678e+16 2.017060061e-05 1.0 
11759768.531 -611224.63428 -28711822.921 292.86936909 -15.506173505 -710.61933692 3.801678e+16 2.017060061e-05 1.0 
-11935118.241 -1429721.8776 -39702920.506 -299.52387729 -36.350681438 -996.25489168 3.801678e+16 2.017060061e-05 1.0 
18227619.986 1131936.8224 15567534.355 441.343664 28.97354433 376.97784785 3.801557e+16 2.0169958619e-05 1.0 
3460225.5457 2117219.6759 33755066.63 86.020152407 53.375934387 840.30828666 3.801557e+16 2.0169958619e-05 1.0 
-520850.64904 392957.35105 29543895.959 -13.357360823 9.8353488742 729.8068234 3.801557e+16 2.0169958619e-05 1.0 
-42072873.752 -1412533.7592 11098173.021 -1057.3502513 -35.389895157 279.09093781 3.801557e+16 2.0169958619e-05 1.0 
25215087.526 -224796.61509 -11952599.692 619.82868759 -5.4724079713 -294.47555065 3.801557e+16 2.0169958619e-05 1.0 
26098863.184 536522.86524 -19606057.941 647.15540432 15.036278498 -487.47113362 3.801557e+16 2.0169958619e-05 1.0 
-45254211.972 1540640.7095 -15324274.537 -1140.8230066 39.266810032 -386.93251531 3.801557e+16 2.0169958619e-05 1.0 
-42713842.074 -209508.05902 -2683952.1893 -1072.5569208 -4.6992763569 -67.544408714 3.801557e+16 2.0169958619e-05 1.0 
-13345357.192 837860.55461 -11191064.646 -306.5181457 20.571030985 -257.32010428 3.801557e+16 2.0169958619e-05 1.0 
-13489412.274 -1447010.8987 -37898202.436 -338.32811791 -36.097857233 -949.65643601 3.801557e+16 2.0169958619e-05 1.0 
-7606098.9745 850484.69962 -10441095.174 -158.99237411 21.020335618 -216.92337465 3.801557e+16 2.0169958619e-05 1.0 
-11377411.132 -1791958.7085 28308452.469 -281.55668417 -45.659345175 699.90783754 3.801557e+16 2.0169958619e-05 1.0 
23841814.211 623787.36827 35597923.121 599.10316799 15.349149015 893.76999769 3.801557e+16 2.0169958619e-05 1.0 
37475444.519 -1522925.2239 35491688.59 945.85465014 -38.933086033 895.23933518 3.801557e+16 2.0169958619e-05 1.0 
-37204566.721 -1759632.1016 -16780507.742 -933.5652506 -44.294293171 -420.26804019 3.801557e+16 2.0169958619e-05 1.0 
29565062.193 -78242.954079 -5378698.1837 730.46761703 -2.3239173509 -134.08657462 3.801557e+16 2.0169958619e-05 1.0 
25111315.829 -6509886.0255 -36752501.949 630.2699348 -165.5165677 -924.69785816 3.801557e+16 2.0169958619e-05 1.0 
-3505545.1426 -296785.11976 -17090107.762 -79.333960071 -8.9836040271 -392.82047282 3.801557e+16 2.0169958619e-05 1.0 
-6429893.8193 1127583.8608 26503484.58 -157.2125909 29.251597399 649.97502137 3.801436e+16 2.0169316628e-05 1.0 
-5622397.7299 1695583.9695 18800319.621 -131.15864523 42.357214623 442.86228035 3.801436e+16 2.0169316628e-05 1.0 
17123097.159 3005451.1652 7644110.1214 400.16355209 73.870551044 177.96649557 3.801436e+16 2.0169316628e-05 1.0 
-45819410.124 2397721.8393 25431006.901 -1156.2762292 61.084894721 642.25306969 3.801436e+16 2.0169316628e-05 1.0 
-46821262.351 -2846162.6661 15278138.395 -1180.1156202 -71.93569486 384.47854534 3.801436e+16 2.0169316628e-05 1.0 
45065231.994 1528978.0514 -20286348.438 1135.8418395 39.123650528 -511.93011304 3.801436e+16 2.0169316628e-05 1.0 
41532609.64 23739.469698 -20203707.323 1044.8153476 1.1909009539 -508.80223856 3.801436e+16 2.0169316628e-05 1.0 
-24230737.163 -1331322.7256 31486779.663 -606.85268916 -34.277538748 788.97383134 3.801436e+16 2.0169316628e-05 1.0 
-18334569.472 -2313361.4339 19170767.602 -448.09907072 -58.114024135 469.36590769 3.801436e+16 2.0169316628e-05 1.0 
9519334.2245 650096.72761 4678511.9797 175.41881721 11.595823719 89.187823526 3.801436e+16 2.0169316628e-05 1.0 
-38926369.663 -130071.65111 -5026068.6147 -976.0999785 -3.0582104648 -125.52175358 3.801436e+16 2.0169316628e-05 1.0 
-4952707.6602 276298.27732 22785308.164 -120.27428083 8.1705441667 549.67985005 3.801376e+16 2.0168998285e-05 1.0 
-1276053.1172 1267039.9022 12086346.653 -21.587126197 29.15920596 245.05911589 3.801376e+16 2.0168998285e-05 1.0 
13200011.024 -37852.566731 25449888.421 324.62532909 -0.049571931718 626.64914503 3.801376e+16 2.0168998285e-05 1.0 
34822687.595 2898182.5092 17482355.381 871.6420293 73.508665173 438.49770169 3.801376e+16 2.0168998285e-05 1.0 
49558104.186 -274137.51455 4710503.1121 1249.5353112 -6.754855505 118.11761045 3.801376e+16 2.0168998285e-05 1.0 
18061540.263 409617.0359 -5408009.4373 421.3258341 11.334367449 -128.08634558 3.801376e+16 2.0168998285e-05 1.0 
-39077339.536 2272243.3154 3287207.5998 -979.5680949 57.675697824 81.276881905 3.801376e+16 2.0168998285e-05 1.0 
-42738399.085 1064474.1275 10763280.2 -1073.8849106 27.229719301 270.58107926 3.801376e+16 2.0168998285e-05 1.0 
17122207.561 -148189.09629 -24497872.865 424.49724492 -3.1440126595 -604.87540637 3.801376e+16 2.0168998285e-05 1.0 
15681290.971 1564561.7215 -14451066.085 374.05818688 40.199859573 -344.5541846 3.801376e+16 2.0168998285e-05 1.0 
-23727351.312 -329649.72026 -23373514.728 -589.83430562 -7.7850997771 -580.61302942 3.801376e+16 2.0168998285e-05 1.0 
-11447534.11 380295.69377 -7648576.2786 -245.16312873 9.2713527193 -163.07144538 3.801376e+16 2.0168998285e-05 1.0 
-2358546.0102 1677234.3597 -13113430.819 -48.288892232 38.820681888 -277.45874172 3.801376e+16 2.0168998285e-05 1.0 
-328469.26117 1733304.0407 25631064.928 -8.3044774042 41.702557387 624.97259672 3.801376e+16 2.0168998285e-05 1.0 
-20075393.444 -1990424.2968 44600697.651 -505.60408098 -50.529531153 1124.3642915 3.801376e+16 2.0168998285e-05 1.0 
-43034907.224 -3775730.3724 13040783.774 -1082.8823718 -96.056446652 327.40265982 3.801376e+16 2.0168998285e-05 1.0 
-5894018.8049 733473.61859 9846019.4902 -115.90348171 15.712583092 192.38105817 3.801376e+16 2.0168998285e-05 1.0 
-39865516.878 2102855.2491 2719681.3454 -999.02409241 52.932799878 67.715071605 3.801376e+16 2.0168998285e-05 1.0 
16565946.544 -1013174.3827 2681242.4568 377.52856332 -24.793010193 60.693904995 3.801376e+16 2.0168998285e-05 1.0 
18630087.738 -984655.6554 5313449.6525 438.21554541 -24.041583765 124.84060666 3.801376e+16 2.0168998285e-05 1.0 
9405610.8743 -225264.19834 -9242230.5429 198.39800779 -5.0060006512 -194.17060067 3.801376e+16 2.0168998285e-05 1.0 
-27984626.837 -2759417.1773 -32759670.696 -702.67769714 -70.215928422 -822.9071241 3.801376e+16 2.0168998285e-05 1.0 
19738032.331 441275.61829 -13577067.484 477.48872739 9.3614425136 -328.99435727 3.801376e+16 2.0168998285e-05 1.0 
22036678.091 -1841317.4404 49689897.315 556.47144509 -46.502491126 1254.8153334 3.801316e+16 2.0168679943e-05 1.0 
5661522.149 -1121660.7669 37346197.153 141.01229005 -28.781454266 933.65956509 3.801316e+16 2.0168679943e-05 1.0 
26883913.415 -533978.59004 17727186.072 667.77287195 -13.509690732 439.47929624 3.801316e+16 2.0168679943e-05 1.0 
-16558776.42 4493092.4582 -8300899.7332 -386.31695577 107.87044495 -196.0581206 3.801316e+16 2.0168679943e-05 1.0 
7643796.7117 558801.49745 33794044.168 189.7908981 14.918984368 841.56194291 3.801197e+16 2.0168048563e-05 1.0 
1398864.1723 3400735.6492 41024665.787 36.124420763 86.04259305 1029.3564324 3.801197e+16 2.0168048563e-05 1.0 
38982846.219 2480929.6463 30613399.797 982.72947107 63.25915215 772.91353599 3.801197e+16 2.0168048563e-05 1.0 
-1712110.9291 3043018.0446 -42454615.167 -42.764266048 77.403875405 -1065.9185129 3.801197e+16 2.0168048563e-05 1.0 
-11821059.662 -1210187.4081 -31124830.175 -292.94131514 -29.2422559 -774.21285282 3.801197e+16 2.0168048563e-05 1.0 
-5365058.4507 -40224.383367 -33013611.458 -132.450596 -0.19529435842 -820.34538931 3.801197e+16 2.0168048563e-05 1.0 
-8668847.6592 824281.71433 -17765612.056 -203.95036723 21.474828764 -418.54438357 3.801197e+16 2.0168048563e-05 1.0 
1851552.3768 249527.56401 18232670.422 41.80908332 4.4233948322 423.46768781 3.801197e+16 2.0168048563e-05 1.0 
24532438.965 954817.10212 27657256.68 613.00535718 23.526755452 690.45586445 3.801197e+16 2.0168048563e-05 1.0 
-2364190.9771 3094573.656 31633240.45 -58.018965589 77.996626701 785.06684266 3.801197e+16 2.0168048563e-05 1.0 
-43172728.248 -2064252.8538 5889238.1442 -1084.4071923 -52.841818431 148.02879671 3.801197e+16 2.0168048563e-05 1.0 
59512677.105 -3708352.9521 22248052.898 1506.5373301 -94.405490635 563.67813206 3.801197e+16 2.0168048563e-05 1.0 
19897637.139 -1244293.9382 -44096562.099 500.69646946 -31.771725886 -1110.9849187 3.801197e+16 2.0168048563e-05 1.0 
15666094.545 1051262.9162 -22704342.455 383.33161969 25.324702506 -557.19746623 3.801197e+16 2.0168048563e-05 1.0 
15860355.135 476751.25916 -28051225.332 393.29357241 11.28882602 -695.62574728 3.801197e+16 2.0168048563e-05 1.0 
-2146427.8019 109378.05259 -23527124.593 -51.403191118 1.6018143852 -568.16983029 3.801197e+16 2.0168048563e-05 1.0 
16129675.855 2639371.1639 7366748.7254 372.13682605 64.15938148 171.61733163 3.801137e+16 2.0167730221e-05 1.0 
44130556.767 -323518.86788 -8108033.5426 1109.7336827 -7.7121481079 -203.23760687 3.801137e+16 2.0167730221e-05 1.0 
-44242107.042 824026.5241 -22271427.632 -1114.8359614 21.330034028 -561.3853468 3.801137e+16 2.0167730221e-05 1.0 
-25007101.884 -3747425.1563 26082548.985 -623.92333814 -94.623782097 651.07270466 3.801137e+16 2.0167730221e-05 1.0 
-3725118.0455 3552310.9348 32398322.862 -92.0194091 90.043244179 804.12282005 3.801078e+16 2.0167417184e-05 1.0 
-7866108.8354 182746.42801 8145043.3275 -158.50278149 3.7482323509 154.07860695 3.801078e+16 2.0167417184e-05 1.0 
27230131.866 -308075.10158 20105789.385 676.54197074 -6.4235252953 500.48191877 3.801078e+16 2.0167417184e-05 1.0 
-32703943.602 1370041.5912 11178147.909 -815.45048412 34.367319484 277.77380993 3.801078e+16 2.0167417184e-05 1.0 
-45634111.438 1170715.4608 10764268.951 -1148.4438973 30.352135445 269.90764385 3.801078e+16 2.0167417184e-05 1.0 
38426115.319 739822.79362 -13841519.372 964.12932435 19.028527894 -347.68746131 3.801078e+16 2.0167417184e-05 1.0 
32480725.921 -741632.04859 -18219832.482 810.72903069 -17.462142744 -455.8981235 3.801078e+16 2.0167417184e-05 1.0 
-30268937.923 -489045.62916 -18065383.62 -755.38375459 -12.481236599 -449.9940119 3.801078e+16 2.0167417184e-05 1.0 
-39832982.641 -1985781.3406 -5406518.5284 -998.05264369 -49.054306259 -135.24191553 3.801078e+16 2.0167417184e-05 1.0 
12048288.462 -1287788.8648 -42530188.818 302.84894726 -32.27661544 -1069.6077143 3.801078e+16 2.0167417184e-05 1.0 
16371216.658 162344.70628 -16839002.356 395.76661153 5.7060277361 -406.06893345 3.801078e+16 2.0167417184e-05 1.0 
-21353671.256 2319587.9903 -43317541.751 -538.19597622 58.9000481 -1091.434832 3.801078e+16 2.0167417184e-05 1.0 
-9437901.2519 -2392743.7859 -6252352.6982 -182.71676172 -49.311330952 -126.50686169 3.801078e+16 2.0167417184e-05 1.0 
-4477897.9628 240078.03249 -55264800.058 -112.5450283 6.1081913445 -1396.1230784 3.801078e+16 2.0167417184e-05 1.0 
-23900050.962 -1524187.9514 35006482.057 -600.42719714 -39.077435705 878.07140551 3.801078e+16 2.0167417184e-05 1.0 
-23465860.875 -2544833.205 19279873.694 -579.69446429 -64.586646641 477.0098446 3.801078e+16 2.0167417184e-05 1.0 
27013117.825 3587410.5169 15880403.235 668.38638169 89.25853778 394.86512521 3.801078e+16 2.0167417184e-05 1.0 
-47255671.957 665131.07229 -15941955.515 -1191.4963337 16.651814601 -401.95634805 3.801078e+16 2.0167417184e-05 1.0 
43173319.651 -1152550.4567 -5672559.2216 1084.9774789 -29.541906284 -141.51231072 3.801078e+16 2.0167417184e-05 1.0 
12191121.686 -1143345.6488 -28585224.817 301.76675699 -28.488740587 -708.69981901 3.801078e+16 2.0167417184e-05 1.0 
-27455602.999 -3191872.7011 -37544414.33 -691.53120262 -81.255503996 -944.71988407 3.801078e+16 2.0167417184e-05 1.0 
43934619.482 -491171.43155 -27636938.398 1108.8421965 -12.612626021 -696.8028172 3.801078e+16 2.0167417184e-05 1.0 
-5739971.5063 123769.69304 -12207193.595 -121.37143009 1.0263083839 -258.97936786 3.801078e+16 2.0167417184e-05 1.0 
28509221.053 1331841.5751 -46676161.844 719.14904577 33.760582432 -1179.2635153 3.801078e+16 2.0167417184e-05 1.0 
-10148185.427 -804748.93253 -30525372.749 -251.18855396 -21.346017182 -757.23472975 3.801078e+16 2.0167417184e-05 1.0 
29920431.329 2449181.8356 42277115.53 754.43123706 62.607786493 1066.8306532 3.800959e+16 2.0166785804e-05 1.0 
21136454.552 3494831.8958 10391114.233 510.66464939 87.265067727 251.35147334 3.800959e+16 2.0166785804e-05 1.0 
12535844.119 -821662.3711 3003035.5459 260.98809677 -15.906968935 62.317728342 3.800959e+16 2.0166785804e-05 1.0 
56899752.639 1264175.6585 -5377200.4397 1438.268379 32.293857661 -135.42630587 3.800959e+16 2.0166785804e-05 1.0 
39424545.14 2404628.7213 -12675364.391 988.68161475 61.675444384 -318.0452583 3.800959e+16 2.0166785804e-05 1.0 
-40403648.598 3968110.1408 -36791376.121 -1019.5148749 100.85261364 -930.21269472 3.800959e+16 2.0166785804e-05 1.0 
-38330566.387 -1680860.7898 -19036345.533 -961.9524428 -41.930474508 -478.65582107 3.800959e+16 2.0166785804e-05 1.0 
6213722.8818 2364104.965 -61385598.643 156.67789528 60.200997669 -1553.2084318 3.800959e+16 2.0166785804e-05 1.0 
12904205.017 -709277.85514 -17705344.075 309.17981389 -15.467746955 -423.60039235 3.800959e+16 2.0166785804e-05 1.0 
1171619.1784 -1350641.4542 51303384.469 30.198101401 -34.653324589 1294.1959218 3.800959e+16 2.0166785804e-05 1.0 
-10624773.673 353686.74959 5193627.6277 -210.02291893 5.3015718733 106.3114885 3.800959e+16 2.0166785804e-05 1.0 
-25014535.908 -358972.69959 34172293.913 -627.88609412 -9.336596947 857.63526021 3.800959e+16 2.0166785804e-05 1.0 
-27958595.23 -5811539.6902 23802612.36 -697.93704318 -146.94765667 594.87682404 3.800959e+16 2.0166785804e-05 1.0 
-46753283.929 146820.97711 -5648883.8844 -1177.0228387 3.2036396371 -141.03870934 3.800959e+16 2.0166785804e-05 1.0 
-40036942.872 -2348701.9941 -2773465.907 -1004.1603001 -59.263670775 -69.604701499 3.800959e+16 2.0166785804e-05 1.0 
32066939.547 2403254.4303 -12665113.936 798.13468987 59.709710684 -315.90575685 3.800959e+16 2.0166785804e-05 1.0 
10840849.436 -3543013.7438 -39924433.07 270.82709512 -89.873902178 -1002.70491 3.800959e+16 2.0166785804e-05 1.0 
-26414094.288 2432009.3609 -45436988.439 -667.20954519 61.360315146 -1146.2138098 3.800959e+16 2.0166785804e-05 1.0 
1384024.0359 913667.29102 20858749.2 32.02816186 23.387153801 495.90342767 3.800841e+16 2.016615973e-05 1.0 
19046440.643 1840398.6734 16368395.532 464.09195924 46.945542632 397.33257845 3.800841e+16 2.016615973e-05 1.0 
-3463678.8051 459674.17486 28051171.051 -85.851388845 12.537237065 689.41644027 3.800841e+16 2.016615973e-05 1.0 
-19047544.569 850223.89709 47181020.35 -479.59362682 22.085653369 1189.9754354 3.800841e+16 2.016615973e-05 1.0 
-20695714.125 -1335952.8085 33991705.328 -518.38005576 -33.231330903 851.85241666 3.800841e+16 2.016615973e-05 1.0 
-37271059.206 -2429630.9829 41538452.596 -941.75035812 -61.363898362 1049.1247195 3.800841e+16 2.016615973e-05 1.0 
-33380630.155 373937.32436 30632852.165 -839.37590795 10.024911733 770.42143353 3.800841e+16 2.016615973e-05 1.0 
-31489888.285 828609.44701 9003348.7499 -783.15933153 20.746157801 224.0510249 3.800841e+16 2.016615973e-05 1.0 
-44203532.916 2283223.4615 10101571.403 -1111.2579138 58.518410078 254.0541924 3.800841e+16 2.016615973e-05 1.0 
-22371754.871 -2350749.7165 -6539749.4816 -541.36152045 -58.720825496 -157.63913967 3.800841e+16 2.016615973e-05 1.0 
-33933549.881 -546819.77455 3390404.8209 -844.11012204 -12.6580384 84.196875932 3.800841e+16 2.016615973e-05 1.0 
22412413.293 533996.91555 -15480902.877 551.15416784 13.538777879 -378.96258641 3.800841e+16 2.016615973e-05 1.0 
19113464.865 -505838.61811 -14384240.907 462.43460903 -10.588446578 -347.88927548 3.800841e+16 2.016615973e-05 1.0 
-40671321.535 -252327.89069 -17716249.442 -1023.8839255 -6.4194897381 -446.52479908 3.800841e+16 2.016615973e-05 1.0 
-34610243.791 755289.55572 2530119.262 -861.33222612 20.012357 64.010433927 3.800841e+16 2.016615973e-05 1.0 
-29682434.276 2191545.4638 -36312182.838 -747.34347139 55.913795593 -913.67819325 3.800841e+16 2.016615973e-05 1.0 
-4432103.7582 1824572.4563 23185040.597 -106.02144074 43.947956986 560.63596385 3.800841e+16 2.016615973e-05 1.0 
7409052.7729 -370053.15446 8917734.152 144.14450636 -10.299909454 176.34818929 3.800841e+16 2.016615973e-05 1.0 
13241660.576 -259215.93984 7715531.0198 294.39756864 -7.8482068352 169.97354807 3.800841e+16 2.016615973e-05 1.0 
46571541.09 -5663874.3205 8066587.9688 1172.7028118 -144.19225482 202.59482572 3.800841e+16 2.016615973e-05 1.0 
60376530.143 -3354742.3405 3269675.9977 1527.2645158 -85.481854411 82.750637686 3.800841e+16 2.016615973e-05 1.0 
-37754944.876 -205196.92991 -36176200.209 -952.28326192 -5.3276593926 -913.06654981 3.800841e+16 2.016615973e-05 1.0 
33928936.747 -1983034.6783 -4419999.8073 844.4464099 -50.071510315 -110.60860759 3.800841e+16 2.016615973e-05 1.0 
26703147.623 2379083.5823 -23955368.395 665.50546116 59.073093 -597.9424394 3.800841e+16 2.016615973e-05 1.0 
7161752.7407 6601626.0577 61034945.323 181.79903007 168.14379783 1544.0829279 3.800723e+16 2.0165533657e-05 1.0 
44880667.743 2928241.7212 39324683.809 1134.6213293 74.926465694 994.98600134 3.800723e+16 2.0165533657e-05 1.0 
-19563380.331 1568981.0726 8282531.1063 -466.4540218 40.129800791 196.21866445 3.800723e+16 2.0165533657e-05 1.0 
43791944.86 -1293281.1729 10937713.892 1102.340009 -32.957225995 274.83841966 3.800723e+16 2.0165533657e-05 1.0 
9907106.8866 1257628.7648 -4354198.6105 185.74542484 28.462239597 -84.359630543 3.800723e+16 2.0165533657e-05 1.0 
-37636980.742 3757409.4719 -21843748.236 -945.37102159 95.668211125 -548.3222232 3.800723e+16 2.0165533657e-05 1.0 
13853708.06 2883177.4168 -41637984.438 347.79720555 73.71514454 -1046.0527427 3.800723e+16 2.0165533657e-05 1.0 
18561095.06 -449157.58335 32102038.417 463.80751897 -12.237513044 801.54296905 3.800723e+16 2.0165533657e-05 1.0 
-20916653.605 -4269430.6864 55078522.251 -529.49414528 -108.56474126 1392.1357278 3.800723e+16 2.0165533657e-05 1.0 
-34593832.288 686219.88988 4885890.2203 -862.0466926 16.410565314 120.22085077 3.800723e+16 2.0165533657e-05 1.0 
39676538.593 -1081074.1584 40601021.875 1002.0373846 -27.770686543 1026.8472764 3.800723e+16 2.0165533657e-05 1.0 
-49960009.363 1677749.9787 -6245388.0232 -1259.4207668 42.302886456 -157.48387515 3.800723e+16 2.0165533657e-05 1.0 
14301558.33 -119746.1592 -5813818.5191 318.23826017 -4.3365430629 -128.92816679 3.800723e+16 2.0165533657e-05 1.0 
5399678.0447 -1750119.8715 -56771187.189 136.96248063 -44.602040296 -1434.4949222 3.800723e+16 2.0165533657e-05 1.0 
