#   x1                  x2                  x3                  v1                  v2                  v3                  mass                rel_mass            mat0_frac           mat1_frac           mat2_frac
   -7.3647030889e+04    5.2210009304e+06    1.1430666954e+03   -2.6559349178e-01    1.2790674967e+02    2.2891606408e-02    1.7019342794e+21    9.0796812128e-01    9.0132160493e-01    9.8678395072e-02    0.0000000000e+00
    2.3687360715e+05   -5.3338956558e+07    5.6843689707e+04   -1.1340908436e+01   -1.3050189049e+03    1.5805909457e+00    1.5502824749e+20    8.2706311472e-02    9.2405652079e-01    7.5943479209e-02    0.0000000000e+00
    3.5048066614e+06   -4.8305604896e+07   -3.1222469792e+05    6.5092376492e+01   -1.2054811055e+03   -1.1770994292e+01    2.6849767000e+18    1.4324132720e-03    1.0000000000e+00    0.0000000000e+00    0.0000000000e+00
    3.7559974325e+06   -4.7088395672e+07    4.0355182615e+05    7.1608415482e+01   -1.1774815595e+03    6.1322819381e+00    8.9497860000e+17    4.7746381741e-04    1.0000000000e+00    0.0000000000e+00    0.0000000000e+00
    2.4080755431e+06   -5.0298266412e+07    2.6270372483e+05    2.4576681926e+01   -1.2645900864e+03    3.2873743606e+00    2.2373720000e+17    1.1936197984e-04    1.0000000000e+00    0.0000000000e+00    0.0000000000e+00
    1.8871819193e+06   -5.1619967419e+07    6.4921719484e+05   -7.2952825676e+00   -1.3099554320e+03    5.9525443619e+00    2.2372860000e+17    1.1935739181e-04    1.0000000000e+00    0.0000000000e+00    0.0000000000e+00
    3.7532076927e+06   -4.8295096154e+07   -7.7662128943e+05    7.7282565645e+01   -1.1951318250e+03   -8.9655470353e+00    2.2368140000e+17    1.1933221099e-04    1.0000000000e+00    0.0000000000e+00    0.0000000000e+00
    3.0365251641e+06   -4.8899256376e+07   -2.2418891679e+04    4.8082291717e+01   -1.2169423832e+03   -1.1178907100e+01    1.4990175000e+17    7.9971366680e-05    7.4665105644e-01    2.5334894356e-01    0.0000000000e+00
    1.4690850677e+06   -5.2718813447e+07    1.6013649317e+05   -4.9409635770e+01   -1.3489097470e+03   -3.0889016690e+00    1.1191570000e+17    5.9706117386e-05    1.0000000000e+00    0.0000000000e+00    0.0000000000e+00
    2.5513215078e+06   -5.0425409723e+07    5.0182415289e+05    2.6798488155e+01   -1.2637867567e+03    4.7473553393e+00    1.1191150000e+17    5.9703876720e-05    1.0000000000e+00    0.0000000000e+00    0.0000000000e+00
    3.0607694605e+06   -4.8936593137e+07   -1.1234085665e+05    5.2492739048e+01   -1.2071726364e+03   -9.0563540363e+00    1.1190720000e+17    5.9701582705e-05    1.0000000000e+00    0.0000000000e+00    0.0000000000e+00
    4.0659451909e+06   -4.5078565024e+07    1.0918798446e+06    8.3997719948e+01   -1.1225739598e+03    2.8275925652e+01    1.1190720000e+17    5.9701582705e-05    1.0000000000e+00    0.0000000000e+00    0.0000000000e+00
    3.8175113608e+06   -4.5149552616e+07    1.1248803377e+06    7.9350847493e+01   -1.1213038032e+03    2.4439642690e+01    1.1189220000e+17    5.9693580327e-05    1.0000000000e+00    0.0000000000e+00    0.0000000000e+00
    3.7100611838e+06   -4.8260159332e+07   -4.3679760452e+05    5.5701323900e+01   -1.1967869250e+03    6.5827538697e+00    1.1188570000e+17    5.9690112630e-05    1.0000000000e+00    0.0000000000e+00    0.0000000000e+00
    3.3513781545e+06   -3.1276254595e+07    3.4588068074e+06    6.6866497546e+01   -7.6361332108e+02    8.4832081940e+01    1.1188150000e+17    5.9687871964e-05    1.0000000000e+00    0.0000000000e+00    0.0000000000e+00
    1.3189663753e+06   -5.2807700641e+07   -8.5879005590e+05   -3.4518385469e+01   -1.3540653569e+03   -7.9479341188e-01    1.1187290000e+17    5.9683283934e-05    1.0000000000e+00    0.0000000000e+00    0.0000000000e+00
    4.5278304199e+06   -3.9143844622e+07    8.0501410933e+05    9.5038432299e+01   -9.6426878942e+02    2.0970067750e+01    1.1186220000e+17    5.9677575571e-05    1.0000000000e+00    0.0000000000e+00    0.0000000000e+00
    3.8951306845e+06   -4.1291002045e+07    6.4431706803e+05    8.0946554927e+01   -1.0191696873e+03    1.6360180612e+01    1.1186220000e+17    5.9677575571e-05    1.0000000000e+00    0.0000000000e+00    0.0000000000e+00
    1.8480180817e+06   -5.1597185030e+07    5.8027868945e+05    2.8025867098e+00   -1.3063836411e+03    9.0091259579e+00    1.1186000000e+17    5.9676401889e-05    1.0000000000e+00    0.0000000000e+00    0.0000000000e+00
    4.8897764291e+06   -2.5212075794e+07   -2.7001552881e+06    1.0220650983e+02   -6.1027010056e+02   -6.3080417807e+01    1.1186000000e+17    5.9676401889e-05    1.0000000000e+00    0.0000000000e+00    0.0000000000e+00
    6.8803210092e+06   -3.8275200604e+07   -2.7784101514e+06    1.5183277917e+02   -9.4058595174e+02   -6.2394151533e+01    1.1186000000e+17    5.9676401889e-05    1.0000000000e+00    0.0000000000e+00    0.0000000000e+00
    3.3676772259e+06   -4.3789427714e+07   -2.0659989724e+06    6.6501714886e+01   -1.0827174737e+03   -4.2112676315e+01    1.1186000000e+17    5.9676401889e-05    1.0000000000e+00    0.0000000000e+00    0.0000000000e+00
    1.1629447034e+06   -5.2863940289e+07    4.9363892132e+05   -6.5929289860e+01   -1.3624493925e+03    1.1882661171e+01    1.1186000000e+17    5.9676401889e-05    1.0000000000e+00    0.0000000000e+00    0.0000000000e+00
    4.7902225046e+06   -3.6003753423e+07    9.4939027176e+05    1.0064550662e+02   -8.8416426844e+02    2.2641764447e+01    1.1185790000e+17    5.9675281556e-05    1.0000000000e+00    0.0000000000e+00    0.0000000000e+00
    3.6576904284e+06   -4.4561675592e+07    2.4982056806e+05    7.4261880675e+01   -1.1091667302e+03    4.9040989588e+00    1.1185570000e+17    5.9674107873e-05    1.0000000000e+00    0.0000000000e+00    0.0000000000e+00
    3.7752502216e+06   -4.6317382938e+07   -3.1702591827e+05    7.4469079318e+01   -1.1577561736e+03   -1.5708097987e+01    1.1184710000e+17    5.9669519843e-05    1.0000000000e+00    0.0000000000e+00    0.0000000000e+00
    2.0131994399e+06   -5.1554909749e+07   -1.0812087309e+06    1.3716827424e+01   -1.3070032329e+03   -2.9322667150e+01    1.1184710000e+17    5.9669519843e-05    1.0000000000e+00    0.0000000000e+00    0.0000000000e+00
    4.3373775873e+06   -3.6046924057e+07    4.5104900604e+05    9.1974521225e+01   -8.8507202157e+02    9.2306764008e+00    1.1184710000e+17    5.9669519843e-05    1.0000000000e+00    0.0000000000e+00    0.0000000000e+00
    5.5553260995e+06   -3.5097289463e+07   -2.1441226335e+06    1.1986123054e+02   -8.6132995732e+02   -4.8306739717e+01    1.1184710000e+17    5.9669519843e-05    1.0000000000e+00    0.0000000000e+00    0.0000000000e+00
    2.7344579274e+06   -4.9743113186e+07   -9.0256780047e+05    4.2137863458e+01   -1.2427935398e+03   -1.5451729844e+00    1.1184710000e+17    5.9669519843e-05    1.0000000000e+00    0.0000000000e+00    0.0000000000e+00
    3.0267995049e+06   -1.6026525702e+07   -2.2376875429e+06    5.3051345834e+01   -3.7348933179e+02   -4.9644377356e+01    1.1184290000e+17    5.9667279177e-05    1.0000000000e+00    0.0000000000e+00    0.0000000000e+00
    3.5894548316e+06   -1.5250723381e+07   -1.2384361508e+06    6.6115572650e+01   -3.5296347902e+02   -2.7135284301e+01    1.1184290000e+17    5.9667279177e-05    1.0000000000e+00    0.0000000000e+00    0.0000000000e+00
    3.6474944841e+06   -4.8908865551e+07   -5.4131940647e+04    6.2398136681e+01   -1.2056879421e+03   -3.0226599761e+00    1.1184290000e+17    5.9667279177e-05    1.0000000000e+00    0.0000000000e+00    0.0000000000e+00
    4.1706641035e+06   -4.7284275525e+07   -6.6267287397e+05    8.7554675993e+01   -1.1829738301e+03   -1.9156079209e+01    1.1184070000e+17    5.9666105495e-05    1.0000000000e+00    0.0000000000e+00    0.0000000000e+00
    3.2124602365e+06   -3.5288952899e+07    2.0614240267e+06    6.4589795475e+01   -8.6511532223e+02    5.0851077956e+01    1.1184070000e+17    5.9666105495e-05    1.0000000000e+00    0.0000000000e+00    0.0000000000e+00
    1.1016129107e+06   -5.2850597909e+07   -5.9671777092e+05   -5.8850714998e+01   -1.3648171278e+03   -9.7013702270e+00    1.1183430000e+17    5.9662691147e-05    1.0000000000e+00    0.0000000000e+00    0.0000000000e+00
   -2.5009581530e+06   -9.7782417986e+05   -9.7470298031e+04   -6.7424159462e+01    7.9719941219e+01    7.9778441434e+00    1.1183430000e+17    5.9662691147e-05    1.0000000000e+00    0.0000000000e+00    0.0000000000e+00
    5.5497470471e+06   -3.0976787197e+07   -1.1762764093e+06    1.1855579037e+02   -7.5791780827e+02   -2.9554141978e+01    1.1183000000e+17    5.9660397132e-05    1.0000000000e+00    0.0000000000e+00    0.0000000000e+00
    3.9339231767e+06   -4.4955976043e+07    2.8121124012e+05    7.5557587600e+01   -1.1144121713e+03   -3.2526796476e+00    1.1182780000e+17    5.9659223450e-05    1.0000000000e+00    0.0000000000e+00    0.0000000000e+00
    1.1015638790e+07   -2.6413780215e+07   -1.1715045599e+07    2.5319651422e+02   -6.4347876703e+02   -2.8001953157e+02    1.1182780000e+17    5.9659223450e-05    1.0000000000e+00    0.0000000000e+00    0.0000000000e+00
    5.7882127915e+06   -4.2960656955e+07    5.8641796869e+05    1.2227403896e+02   -1.0633465187e+03    1.4788356845e+01    1.1182570000e+17    5.9658103117e-05    1.0000000000e+00    0.0000000000e+00    0.0000000000e+00
    5.1982265654e+06   -3.5769261905e+07    1.8479537766e+06    1.1007779574e+02   -8.7934857086e+02    4.4904650837e+01    1.1182570000e+17    5.9658103117e-05    1.0000000000e+00    0.0000000000e+00    0.0000000000e+00
    1.7537670337e+06   -1.1587007600e+07   -6.9892476139e+06    1.9373768572e+01   -2.6147651623e+02   -1.5738945460e+02    1.1182570000e+17    5.9658103117e-05    1.0000000000e+00    0.0000000000e+00    0.0000000000e+00
    7.0479765213e+05   -5.2667952018e+07    3.4980411594e+05    2.9964525264e+01   -1.3434188132e+03    6.5568893819e+01    1.1182570000e+17    5.9658103117e-05    1.0000000000e+00    0.0000000000e+00    0.0000000000e+00
    4.5623935603e+06   -4.7668187932e+07    2.9996162529e+06    8.9638286802e+01   -1.1800203497e+03    5.7781558727e+01    1.1182140000e+17    5.9655809102e-05    1.0000000000e+00    0.0000000000e+00    0.0000000000e+00
    5.4866875203e+06   -3.8722472903e+07    2.3834066836e+05    1.1740106882e+02   -9.5339993680e+02    9.1295163823e-01    1.1182140000e+17    5.9655809102e-05    1.0000000000e+00    0.0000000000e+00    0.0000000000e+00
    9.7474507581e+06   -3.5971938336e+07    5.3143718901e+06    2.2241435518e+02   -8.8241047456e+02    1.2326707991e+02    1.1182140000e+17    5.9655809102e-05    1.0000000000e+00    0.0000000000e+00    0.0000000000e+00
    1.3972206357e+06   -5.1855001930e+07   -1.5186905794e+04   -1.0276513336e+01   -1.3244706807e+03   -3.3941966300e+01    1.1182140000e+17    5.9655809102e-05    1.0000000000e+00    0.0000000000e+00    0.0000000000e+00
    1.3725779474e+07   -9.6705520755e+06    5.8840524936e+06    3.0607929667e+02   -2.2779427239e+02    1.3525259268e+02    1.1182140000e+17    5.9655809102e-05    1.0000000000e+00    0.0000000000e+00    0.0000000000e+00
    5.9044262926e+06   -2.4274834199e+07   -1.5983180256e+06    1.2616493762e+02   -5.8739024236e+02   -3.5351312599e+01    1.1182140000e+17    5.9655809102e-05    1.0000000000e+00    0.0000000000e+00    0.0000000000e+00
    6.3707915470e+06   -4.6670821824e+07   -7.3303370023e+04    1.3098736857e+02   -1.1565636922e+03    4.7071621189e+00    1.1182140000e+17    5.9655809102e-05    1.0000000000e+00    0.0000000000e+00    0.0000000000e+00
    5.9231568747e+06   -3.7147928596e+07   -1.9830071265e+06    1.2831005873e+02   -9.1325349281e+02   -4.2953563938e+01    1.1182140000e+17    5.9655809102e-05    1.0000000000e+00    0.0000000000e+00    0.0000000000e+00
    5.7092915042e+06   -3.4347813127e+07   -5.8054085245e+06    1.2443585476e+02   -8.4093143634e+02   -1.3490568898e+02    1.1182140000e+17    5.9655809102e-05    1.0000000000e+00    0.0000000000e+00    0.0000000000e+00
    3.6854788096e+06   -2.9197386892e+07   -1.7361388205e+06    7.3118041425e+01   -7.1265010242e+02   -4.1242957605e+01    1.1181710000e+17    5.9653515087e-05    1.0000000000e+00    0.0000000000e+00    0.0000000000e+00
   -1.0401973072e+06   -4.9877294054e+05    1.4831380013e+07   -4.1966809276e+01   -6.8338836362e+00    3.2299004285e+02    1.1181710000e+17    5.9653515087e-05    1.0000000000e+00    0.0000000000e+00    0.0000000000e+00
    3.0731797989e+06   -4.8817116464e+07   -1.2504280190e+07    6.0416552956e+01   -1.1948131235e+03   -2.9363228901e+02    1.1181710000e+17    5.9653515087e-05    1.0000000000e+00    0.0000000000e+00    0.0000000000e+00
   -2.3877673749e+06   -4.0404662640e+06   -5.0340161513e+06   -7.1738357861e+01   -4.5005716497e+01   -8.7637711116e+01    3.8023060000e+16    2.0284993828e-05    0.0000000000e+00    1.0000000000e+00    0.0000000000e+00
   -5.0765425561e+06   -1.7600815919e+07    3.5490779649e+05   -1.3603605456e+02   -4.0760339971e+02    8.7746148779e+00    3.8015790000e+16    2.0281115342e-05    0.0000000000e+00    1.0000000000e+00    0.0000000000e+00
    3.8225372957e+05    8.6408544978e+06    3.2614411277e+05   -6.2769799526e+01    4.2302350150e+01   -8.2841888636e+00    3.8013180000e+16    2.0279722928e-05    0.0000000000e+00    1.0000000000e+00    0.0000000000e+00
   -1.9720287525e+06   -2.6420174920e+06    1.0320683701e+07   -6.3508381779e+01   -3.6547676211e+01    2.0934883686e+02    3.8010580000e+16    2.0278335849e-05    0.0000000000e+00    1.0000000000e+00    0.0000000000e+00
   -2.6227025377e+06   -2.5097496399e+06   -2.9869199602e+06   -7.1490646801e+01    1.2341077717e+01   -3.6781193464e+01    3.8009290000e+16    2.0277647645e-05    0.0000000000e+00    1.0000000000e+00    0.0000000000e+00
   -2.9416411159e+06    1.3315380750e+06   -1.0537622515e+06   -4.2897760372e+01    1.5829206265e+02    2.1562432156e+01    3.8009290000e+16    2.0277647645e-05    0.0000000000e+00    1.0000000000e+00    0.0000000000e+00
   -3.1166517570e+06   -2.2987070026e+07    9.5021336376e+06   -8.9183617302e+01   -5.4920476457e+02    2.2532858084e+02    3.8008650000e+16    2.0277306210e-05    0.0000000000e+00    1.0000000000e+00    0.0000000000e+00
   -3.9966338919e+06   -2.6760588726e+07   -1.4994246662e+07   -1.1027208212e+02   -6.4532839509e+02   -3.6007740257e+02    3.8006720000e+16    2.0276276571e-05    0.0000000000e+00    1.0000000000e+00    0.0000000000e+00
    6.9388056852e+05   -7.8480322332e+06   -5.3208961596e+06   -5.0697247503e+00   -1.5233051950e+02   -1.1142626982e+02    3.8005450000e+16    2.0275599036e-05    0.0000000000e+00    1.0000000000e+00    0.0000000000e+00
   -2.6731502979e+06   -1.7476005596e+06   -3.5216230974e+06   -7.0612400993e+01    3.1078916677e+01   -4.0928671130e+01    3.8005450000e+16    2.0275599036e-05    0.0000000000e+00    1.0000000000e+00    0.0000000000e+00
   -3.8392631302e+06   -1.8044346293e+07   -8.7680767098e+05   -1.0629674209e+02   -4.1812911040e+02   -1.9514300035e+01    3.8004170000e+16    2.0274916166e-05    0.0000000000e+00    1.0000000000e+00    0.0000000000e+00
   -5.5505242133e+06   -1.5745957098e+07    2.8491967384e+05   -1.4586611444e+02   -3.5852624549e+02    7.6539668689e+00    3.8004170000e+16    2.0274916166e-05    0.0000000000e+00    1.0000000000e+00    0.0000000000e+00
   -2.8413165272e+06   -2.4610881172e+07    1.0060213206e+07   -8.2712121884e+01   -5.9075117714e+02    2.3827195032e+02    3.8002900000e+16    2.0274238632e-05    0.0000000000e+00    1.0000000000e+00    0.0000000000e+00
    9.8470766774e+06    1.1220609121e+07    3.8871590178e+06    1.8933794804e+02    2.4837712403e+02    7.8605528911e+01    3.8002900000e+16    2.0274238632e-05    0.0000000000e+00    1.0000000000e+00    0.0000000000e+00
    1.8800420445e+06   -1.5624020233e+07   -1.0147618290e+06    2.8303352264e+01   -3.5901544445e+02   -2.1546210062e+01    3.8002900000e+16    2.0274238632e-05    0.0000000000e+00    1.0000000000e+00    0.0000000000e+00
   -2.8531204965e+06   -2.9488668280e+07    5.3157198245e+06   -8.1944105927e+01   -7.1185313085e+02    1.2689076016e+02    3.8002270000e+16    2.0273902532e-05    0.0000000000e+00    1.0000000000e+00    0.0000000000e+00
   -3.2416526945e+06   -2.0076521968e+07   -6.9148806639e+05   -9.1927365879e+01   -4.7169561253e+02   -1.6862187676e+01    3.8002270000e+16    2.0273902532e-05    0.0000000000e+00    1.0000000000e+00    0.0000000000e+00
   -3.2719323082e+06   -2.8107918314e+07    4.2834628952e+06   -9.2655980798e+01   -6.7795733891e+02    9.9245573809e+01    3.8001640000e+16    2.0273566432e-05    0.0000000000e+00    1.0000000000e+00    0.0000000000e+00
   -3.3096734276e+06   -1.0800480919e+07    2.8613797477e+06   -9.2668779604e+01   -2.2640104400e+02    6.0175357485e+01    3.8001640000e+16    2.0273566432e-05    0.0000000000e+00    1.0000000000e+00    0.0000000000e+00
   -3.7722957309e+06   -9.2134381216e+05   -3.3046377293e+06   -8.5598847686e+01    5.2065341540e+01   -3.0618538019e+01    3.8001010000e+16    2.0273230332e-05    0.0000000000e+00    1.0000000000e+00    0.0000000000e+00
   -1.1251148512e+06   -4.1788002038e+07    4.6330035176e+06   -3.7157830425e+01   -1.0235458564e+03    1.0698196052e+02    3.8000370000e+16    2.0272888897e-05    0.0000000000e+00    1.0000000000e+00    0.0000000000e+00
   -1.7480095876e+06   -1.9404609503e+07    1.9016904130e+06   -5.5984786625e+01   -4.5357678607e+02    4.4708616916e+01    3.8000370000e+16    2.0272888897e-05    0.0000000000e+00    1.0000000000e+00    0.0000000000e+00
   -2.6546885885e+06   -2.0847533262e+07   -1.2301791588e+06   -7.7863903928e+01   -4.9105009667e+02   -2.9127447349e+01    3.8000370000e+16    2.0272888897e-05    0.0000000000e+00    1.0000000000e+00    0.0000000000e+00
   -6.6507361849e+06   -1.2608085012e+07    1.0100288925e+06   -1.6982352450e+02   -2.7548416059e+02    2.5387611562e+01    3.8000370000e+16    2.0272888897e-05    0.0000000000e+00    1.0000000000e+00    0.0000000000e+00
   -2.7347097786e+06   -1.0438470713e+07   -7.7048438179e+06   -8.0531881861e+01   -2.2621139405e+02   -1.6683966952e+02    3.7999120000e+16    2.0272222032e-05    0.0000000000e+00    1.0000000000e+00    0.0000000000e+00
    8.2545697284e+04   -7.4678033769e+05    1.4835366364e+07   -1.6761212976e+01   -1.1445334545e+01    3.2344890655e+02    3.7998490000e+16    2.0271885932e-05    0.0000000000e+00    1.0000000000e+00    0.0000000000e+00
   -4.6338317933e+06   -2.9683168778e+07    6.8461240458e+06   -1.2578176572e+02   -7.1780129277e+02    1.6063634272e+02    3.7997860000e+16    2.0271549833e-05    0.0000000000e+00    1.0000000000e+00    0.0000000000e+00
   -5.0450372658e+06    4.4526857471e+05    1.2024439631e+06   -8.8834894219e+01    1.0199480497e+02    4.3870743724e+00    3.7997860000e+16    2.0271549833e-05    0.0000000000e+00    1.0000000000e+00    0.0000000000e+00
   -7.5252062912e+05   -4.1491419510e+07   -1.5901604271e+07   -3.1359231978e+01   -1.0130978278e+03   -3.8076113413e+02    3.7997860000e+16    2.0271549833e-05    0.0000000000e+00    1.0000000000e+00    0.0000000000e+00
    1.7021028883e+06   -5.0074459771e+07    5.0188925014e+05    2.7851760840e+01   -1.2582043190e+03   -8.5142177083e+00    3.7994750000e+16    2.0269890673e-05    0.0000000000e+00    1.0000000000e+00    0.0000000000e+00
   -4.8798366490e+06   -1.7582580840e+07   -4.6689597591e+05   -1.2989345512e+02   -4.0555271868e+02   -1.0459504714e+01    3.7994750000e+16    2.0269890673e-05    0.0000000000e+00    1.0000000000e+00    0.0000000000e+00
   -4.6341537642e+06   -1.1744505607e+06    2.5905076231e+05   -9.4345187088e+01    5.9617470738e+01    1.9526622101e+00    3.7993510000e+16    2.0269229143e-05    0.0000000000e+00    1.0000000000e+00    0.0000000000e+00
    3.0016550324e+06    3.2146576820e+06   -1.2297127149e+07    4.4062899613e+01    7.9086776577e+01   -2.5209297036e+02    3.7993510000e+16    2.0269229143e-05    0.0000000000e+00    1.0000000000e+00    0.0000000000e+00
   -1.0352591099e+06   -3.3746594970e+07   -1.5407794174e+07   -3.8720579965e+01   -8.2096901249e+02   -3.6773931438e+02    3.7993510000e+16    2.0269229143e-05    0.0000000000e+00    1.0000000000e+00    0.0000000000e+00
   -1.1619167877e+07   -1.6535394656e+07    6.4832241543e+05   -2.9108200163e+02   -3.8136733849e+02    1.7971591406e+01    3.7992890000e+16    2.0268898378e-05    0.0000000000e+00    1.0000000000e+00    0.0000000000e+00
   -2.6098319231e+06   -3.0393551556e+06    1.0476787761e+07   -7.6664103906e+01   -4.7621610459e+01    2.1351232880e+02    3.7992270000e+16    2.0268567613e-05    0.0000000000e+00    1.0000000000e+00    0.0000000000e+00
   -5.5848670559e+06   -2.8409034384e+06    8.3961543564e+06   -1.3865275124e+02   -3.4859808383e+01    1.6351847170e+02    3.7991650000e+16    2.0268236848e-05    0.0000000000e+00    1.0000000000e+00    0.0000000000e+00
    1.6708309409e+06   -4.2115829021e+06    1.9009109066e+07    2.3401866783e+01   -9.7502455390e+01    4.3739794871e+02    3.7991650000e+16    2.0268236848e-05    0.0000000000e+00    1.0000000000e+00    0.0000000000e+00
   -4.5349527274e+05    1.1936651962e+06    1.1778764074e+07   -3.0541428505e+01    4.1392890732e+01    2.3523232129e+02    3.7991650000e+16    2.0268236848e-05    0.0000000000e+00    1.0000000000e+00    0.0000000000e+00
   -4.8825330202e+06   -2.6274204628e+07   -1.2001960219e+07   -1.3177550853e+02   -6.3200407666e+02   -2.8659334716e+02    3.7991650000e+16    2.0268236848e-05    0.0000000000e+00    1.0000000000e+00    0.0000000000e+00
   -3.5875746571e+06   -3.7314281029e+07    7.9514803238e+06   -9.9655992265e+01   -9.0988970671e+02    1.8660255440e+02    3.7990420000e+16    2.0267580653e-05    0.0000000000e+00    1.0000000000e+00    0.0000000000e+00
   -1.2980077385e+06    2.0289867185e+06    6.9733133414e+06   -4.9352189452e+01    7.6630551183e+01    8.3906187030e+01    3.7989200000e+16    2.0266929793e-05    0.0000000000e+00    1.0000000000e+00    0.0000000000e+00
    1.4216847395e+06   -4.7877927379e+07   -3.5915392662e+06    2.2985176333e+01   -1.1807023234e+03   -6.9224684574e+01    3.7989200000e+16    2.0266929793e-05    0.0000000000e+00    1.0000000000e+00    0.0000000000e+00
   -3.0529752015e+06   -3.3333688811e+07   -6.6789403148e+06   -8.6506332266e+01   -8.0884993503e+02   -1.5777432506e+02    3.7989200000e+16    2.0266929793e-05    0.0000000000e+00    1.0000000000e+00    0.0000000000e+00
   -3.6602471224e+06   -4.2920257633e+06   -1.6844114108e+07   -1.0184889515e+02   -9.3933318805e+01   -3.8093301404e+02    3.7989200000e+16    2.0266929793e-05    0.0000000000e+00    1.0000000000e+00    0.0000000000e+00
   -2.9800016536e+06    1.3151365889e+07   -5.1870703790e+06   -7.7064723329e+01    2.5727740794e+02   -9.1295555749e+01    3.7987970000e+16    2.0266273598e-05    0.0000000000e+00    1.0000000000e+00    0.0000000000e+00
   -6.0733764543e+06   -7.8892843691e+06    7.7056393476e+06   -1.5523993962e+02   -1.5998452995e+02    1.6386887432e+02    3.7987360000e+16    2.0265948168e-05    0.0000000000e+00    1.0000000000e+00    0.0000000000e+00
   -6.5629268593e+05   -3.0181473268e+06    1.3466725348e+07   -3.3557057201e+01   -5.8194117905e+01    2.9097500855e+02    3.7987360000e+16    2.0265948168e-05    0.0000000000e+00    1.0000000000e+00    0.0000000000e+00
    3.6594059840e+06    1.1730875788e+07    2.1214895434e+05    2.7799852147e+01    2.1202600077e+02    1.4476454683e+00    3.7986750000e+16    2.0265622738e-05    0.0000000000e+00    1.0000000000e+00    0.0000000000e+00
   -1.3775023576e+06   -4.2337377879e+07   -1.6568698332e+07   -4.6856856725e+01   -1.0329228900e+03   -3.9713777992e+02    3.7986750000e+16    2.0265622738e-05    0.0000000000e+00    1.0000000000e+00    0.0000000000e+00
   -3.3404449996e+06   -2.6069772769e+07   -1.4736998203e+07   -9.5367429537e+01   -6.2811101593e+02   -3.5195998951e+02    3.7986140000e+16    2.0265297308e-05    0.0000000000e+00    1.0000000000e+00    0.0000000000e+00
   -1.3286558452e+05   -3.9565120575e+07    1.7702841835e+07   -1.6598516761e+01   -9.6635764189e+02    4.2418073634e+02    3.7985540000e+16    2.0264977213e-05    0.0000000000e+00    1.0000000000e+00    0.0000000000e+00
    1.3357968542e+06   -5.1119306834e+07    7.8112438448e+05    1.1335163361e+01   -1.2894670672e+03   -1.8971519782e+01    3.7985540000e+16    2.0264977213e-05    0.0000000000e+00    1.0000000000e+00    0.0000000000e+00
   -5.6701974481e+06   -1.5577785753e+07   -4.7551277554e+05   -1.4784204992e+02   -3.5328940344e+02   -9.5379821997e+00    3.7985540000e+16    2.0264977213e-05    0.0000000000e+00    1.0000000000e+00    0.0000000000e+00
   -4.5901088164e+06   -2.5256356078e+07   -7.2877220152e+06   -1.2394777356e+02   -6.0422011479e+02   -1.7207553305e+02    3.7985540000e+16    2.0264977213e-05    0.0000000000e+00    1.0000000000e+00    0.0000000000e+00
    3.4146426205e+06   -4.7291328646e+07    2.3744939611e+06    6.5230884718e+01   -1.1719362954e+03    4.0434324902e+01    3.7985370000e+16    2.0264886519e-05    0.0000000000e+00    1.0000000000e+00    0.0000000000e+00
    4.6707890336e+06   -3.6346758611e+07    2.9151885870e+06    9.7892397164e+01   -8.9348228960e+02    6.6874091327e+01    3.7985370000e+16    2.0264886519e-05    0.0000000000e+00    1.0000000000e+00    0.0000000000e+00
    5.3620250868e+06   -3.4855966838e+07   -6.8654608520e+06    1.1643262193e+02   -8.5288837227e+02   -1.6007764977e+02    3.7985370000e+16    2.0264886519e-05    0.0000000000e+00    1.0000000000e+00    0.0000000000e+00
   -2.3725352048e+06   -1.9657917162e+07   -4.3340126286e+06   -7.2010422860e+01   -4.6229864881e+02   -1.0094382440e+02    3.7984930000e+16    2.0264651782e-05    0.0000000000e+00    1.0000000000e+00    0.0000000000e+00
    4.4995052336e+06   -4.8017669028e+07    3.4006067901e+05    7.6744688381e+01   -1.1952449921e+03    7.1837120946e+00    3.7984680000e+16    2.0264518410e-05    0.0000000000e+00    1.0000000000e+00    0.0000000000e+00
    1.7588315360e+06   -5.1484623643e+07    2.6974287000e+05    5.3564998346e+00   -1.3102698811e+03    2.9169392814e+01    3.7984680000e+16    2.0264518410e-05    0.0000000000e+00    1.0000000000e+00    0.0000000000e+00
    2.2793676689e+06   -5.8091390281e+07   -4.6699844857e+05    3.3809498189e+01   -1.3941851547e+03   -5.7511945918e+00    3.7984680000e+16    2.0264518410e-05    0.0000000000e+00    1.0000000000e+00    0.0000000000e+00
   -1.8668784216e+06   -3.9183683438e+07   -1.4783727894e+07   -5.8737151305e+01   -9.5523390291e+02   -3.5438034698e+02    3.7984320000e+16    2.0264326352e-05    0.0000000000e+00    1.0000000000e+00    0.0000000000e+00
   -2.1203331928e+06   -1.8136276796e+07   -1.3199295431e+07   -6.5343717892e+01   -4.2730501359e+02   -3.1111774350e+02    3.7984320000e+16    2.0264326352e-05    0.0000000000e+00    1.0000000000e+00    0.0000000000e+00
    2.4544506143e+05   -3.5126271566e+07   -2.0437364013e+07   -7.4371895215e+00   -8.5640448542e+02   -4.9089114562e+02    3.7984320000e+16    2.0264326352e-05    0.0000000000e+00    1.0000000000e+00    0.0000000000e+00
    6.6281128557e+06   -4.2965603623e+07   -4.9921387493e+05    1.4054323347e+02   -1.0623908562e+03   -1.1259265471e+01    3.7984000000e+16    2.0264155635e-05    0.0000000000e+00    1.0000000000e+00    0.0000000000e+00
    2.9159285221e+07    3.9171661432e+05    2.9699313396e+06    6.9119139864e+02    6.3875886543e+00    7.1258605791e+01    3.7984000000e+16    2.0264155635e-05    0.0000000000e+00    1.0000000000e+00    0.0000000000e+00
    1.0443471263e+07    1.4461061051e+07    1.9135985653e+07    2.3502001507e+02    3.3969257498e+02    4.5244889298e+02    3.7984000000e+16    2.0264155635e-05    0.0000000000e+00    1.0000000000e+00    0.0000000000e+00
   -2.5735228244e+06    3.3008282932e+06    1.8025638461e+06   -5.0441574446e+00    1.7408324542e+02   -9.3796386620e+01    3.7984000000e+16    2.0264155635e-05    0.0000000000e+00    1.0000000000e+00    0.0000000000e+00
    5.0924957141e+06   -4.0002662197e+07   -6.9226367212e+06    1.0953269219e+02   -9.8239060200e+02   -1.6029321110e+02    3.7984000000e+16    2.0264155635e-05    0.0000000000e+00    1.0000000000e+00    0.0000000000e+00
    2.7242176326e+06   -6.0672804696e+07   -1.1293003495e+06    4.9826550804e+01   -1.4675016399e+03   -2.2821925027e+01    3.7984000000e+16    2.0264155635e-05    0.0000000000e+00    1.0000000000e+00    0.0000000000e+00
    3.6357117142e+06   -4.3239692074e+07   -1.3522019527e+07    7.4229867431e+01   -1.0586215950e+03   -3.2027629050e+02    3.7984000000e+16    2.0264155635e-05    0.0000000000e+00    1.0000000000e+00    0.0000000000e+00
    1.5792761359e+06   -5.4374844989e+07   -7.8252117804e+06    2.3563278903e+01   -1.3266533153e+03   -1.7252277321e+02    3.7984000000e+16    2.0264155635e-05    0.0000000000e+00    1.0000000000e+00    0.0000000000e+00
    4.8076783952e+06   -4.3545839406e+07    5.9299210629e+06    1.0139166626e+02   -1.0728447055e+03    1.3381062927e+02    3.7983320000e+16    2.0263792861e-05    0.0000000000e+00    1.0000000000e+00    0.0000000000e+00
    2.3376221871e+06   -4.7878390898e+07    1.5501141859e+06    4.0895194199e+01   -1.1904579633e+03    1.8517771782e+01    3.7983320000e+16    2.0263792861e-05    0.0000000000e+00    1.0000000000e+00    0.0000000000e+00
    5.4288552324e+06   -4.5024732177e+07    1.1870256670e+06    1.1063530993e+02   -1.1168170942e+03    2.3450910710e+01    3.7983320000e+16    2.0263792861e-05    0.0000000000e+00    1.0000000000e+00    0.0000000000e+00
    1.7624371763e+07   -8.6816875849e+06   -1.5178507509e+06    4.0153997512e+02   -2.0712920236e+02   -3.7861553718e+01    3.7983320000e+16    2.0263792861e-05    0.0000000000e+00    1.0000000000e+00    0.0000000000e+00
    2.1921158695e+06   -5.2080366883e+07    8.5908044992e+06    3.8163829813e+01   -1.2740252104e+03    1.9224994306e+02    3.7983320000e+16    2.0263792861e-05    0.0000000000e+00    1.0000000000e+00    0.0000000000e+00
    3.9348618575e+06   -4.9127649261e+07    1.3001438749e+06    6.2677243850e+01   -1.2230448347e+03    3.0317263333e+01    3.7983320000e+16    2.0263792861e-05    0.0000000000e+00    1.0000000000e+00    0.0000000000e+00
    4.3413310717e+06   -2.5501175503e+07   -1.0354187894e+07    8.9546188894e+01   -6.1976868426e+02   -2.4515031043e+02    3.7983320000e+16    2.0263792861e-05    0.0000000000e+00    1.0000000000e+00    0.0000000000e+00
    3.6693472407e+06   -3.6449995885e+07   -1.9673588529e+07    7.5803588963e+01   -8.9027731906e+02   -4.7208984774e+02    3.7982640000e+16    2.0263430086e-05    0.0000000000e+00    1.0000000000e+00    0.0000000000e+00
    8.3317229333e+06   -3.9552580956e+07    2.3842529713e+05    1.8557582076e+02   -9.7502892199e+02    8.0100652496e+00    3.7981980000e+16    2.0263077981e-05    0.0000000000e+00    1.0000000000e+00    0.0000000000e+00
    4.3325042669e+06   -2.5340224148e+07   -6.4897114524e+06    8.8175408458e+01   -6.1569099940e+02   -1.5351964557e+02    3.7981980000e+16    2.0263077981e-05    0.0000000000e+00    1.0000000000e+00    0.0000000000e+00
    2.3942555486e+06   -5.9324889612e+07    2.3602390078e+06    4.0628794810e+01   -1.4327329827e+03    4.7297434876e+01    3.7981980000e+16    2.0263077981e-05    0.0000000000e+00    1.0000000000e+00    0.0000000000e+00
    1.8856816859e+06   -5.2114180407e+07    4.7571000611e+05   -1.7099086637e+01   -1.3213356358e+03    2.5271232796e+01    3.7981980000e+16    2.0263077981e-05    0.0000000000e+00    1.0000000000e+00    0.0000000000e+00
    5.5860110989e+06   -4.7700764354e+07   -2.9803407268e+06    1.1417983787e+02   -1.1797176037e+03   -5.9045456543e+01    3.7981980000e+16    2.0263077981e-05    0.0000000000e+00    1.0000000000e+00    0.0000000000e+00
    3.3805067567e+06   -2.3342536569e+07   -1.6081756050e+07    6.7052340152e+01   -5.6575101245e+02   -3.8112021436e+02    3.7981980000e+16    2.0263077981e-05    0.0000000000e+00    1.0000000000e+00    0.0000000000e+00
   -6.4563016411e+05   -2.1192845712e+07   -1.5577112731e+07   -3.0657155856e+01   -5.0981807779e+02   -3.6811705883e+02    3.7981980000e+16    2.0263077981e-05    0.0000000000e+00    1.0000000000e+00    0.0000000000e+00
   -6.4644173989e+06   -6.5664813854e+06    1.2704051064e+07   -1.6634722814e+02   -1.3845021675e+02    2.8288019426e+02    3.7981910000e+16    2.0263040637e-05    0.0000000000e+00    1.0000000000e+00    0.0000000000e+00
    4.1790235483e+05    6.9202440379e+06    1.3980299276e+07   -8.1375926813e+00    1.5392549444e+02    2.9537459669e+02    3.7981910000e+16    2.0263040637e-05    0.0000000000e+00    1.0000000000e+00    0.0000000000e+00
   -8.5936933903e+06   -1.7713695552e+07   -8.6756806785e+05   -2.1893522682e+02   -4.1007572217e+02   -1.7747774011e+01    3.7981910000e+16    2.0263040637e-05    0.0000000000e+00    1.0000000000e+00    0.0000000000e+00
   -2.9757575275e+06    9.2944437631e+05   -4.7379038162e+06   -6.9251888672e+01    7.9100826853e+01   -3.1697807801e+01    3.7981910000e+16    2.0263040637e-05    0.0000000000e+00    1.0000000000e+00    0.0000000000e+00
    1.4440325339e+07   -1.1582958209e+07    1.6272566693e+07    3.3214476882e+02   -2.8112779183e+02    3.8627974639e+02    3.7981310000e+16    2.0262720542e-05    0.0000000000e+00    1.0000000000e+00    0.0000000000e+00
    2.0291780194e+06   -4.8227505291e+07    1.5409899081e+06    3.4940338927e+01   -1.1987274706e+03    1.6963800563e+01    3.7981310000e+16    2.0262720542e-05    0.0000000000e+00    1.0000000000e+00    0.0000000000e+00
   -4.6295765476e+06    4.3296791031e+05    3.4915979743e+06   -9.2646848184e+01    7.7581114285e+01    2.1744664047e+01    3.7980710000e+16    2.0262400447e-05    0.0000000000e+00    1.0000000000e+00    0.0000000000e+00
   -8.2427182462e+05    1.1485503713e+07    1.9813651336e+07   -3.3596292250e+01    2.6726915331e+02    4.5559685551e+02    3.7980710000e+16    2.0262400447e-05    0.0000000000e+00    1.0000000000e+00    0.0000000000e+00
   -1.7834214661e+06   -4.4420678079e+07    1.2597158118e+07   -5.6132222330e+01   -1.0855110771e+03    2.9832559452e+02    3.7980710000e+16    2.0262400447e-05    0.0000000000e+00    1.0000000000e+00    0.0000000000e+00
   -5.1790454623e+06   -3.0703804000e+06    7.1841166330e+05   -1.1687869572e+02   -2.7964076137e+00    1.1853966605e+01    3.7980710000e+16    2.0262400447e-05    0.0000000000e+00    1.0000000000e+00    0.0000000000e+00
    4.2567473127e+06   -3.1016255423e+07   -1.9209973768e+07    8.9566596601e+01   -7.5644860037e+02   -4.5989728092e+02    3.7980660000e+16    2.0262373772e-05    0.0000000000e+00    1.0000000000e+00    0.0000000000e+00
    7.1080799202e+06   -5.0601175364e+07   -4.1737636049e+07    1.6083491165e+02   -1.2389499234e+03   -1.0157211924e+03    3.7980660000e+16    2.0262373772e-05    0.0000000000e+00    1.0000000000e+00    0.0000000000e+00
   -2.0704065860e+06   -4.0033101533e+07    1.6129421577e+07   -6.3702849282e+01   -9.7690679160e+02    3.8573047933e+02    3.7979510000e+16    2.0261760256e-05    0.0000000000e+00    1.0000000000e+00    0.0000000000e+00
    6.3410633349e+06   -3.4871144296e+07    2.4895024975e+06    1.3784870370e+02   -8.5564442120e+02    5.4407839131e+01    3.7979360000e+16    2.0261680233e-05    0.0000000000e+00    1.0000000000e+00    0.0000000000e+00
    1.5058558188e+06   -5.2389091767e+07    6.6397502848e+05   -2.1762802839e+01   -1.3174220230e+03   -4.0511675561e+01    3.7979360000e+16    2.0261680233e-05    0.0000000000e+00    1.0000000000e+00    0.0000000000e+00
   -1.6001845907e+06    4.5108032752e+06    1.5720137748e+05    1.6466383858e+02    2.2382337265e+02   -1.9014614116e+02    3.7979360000e+16    2.0261680233e-05    0.0000000000e+00    1.0000000000e+00    0.0000000000e+00
    2.4317460195e+06   -5.9705552830e+05    1.5221573550e+07    3.7444564473e+01   -1.0930407347e+01    3.3504815642e+02    3.7979360000e+16    2.0261680233e-05    0.0000000000e+00    1.0000000000e+00    0.0000000000e+00
    6.2748410568e+06   -3.4163440196e+07   -5.5026719212e+06    1.3606640263e+02   -8.3877647132e+02   -1.3010901641e+02    3.7979360000e+16    2.0261680233e-05    0.0000000000e+00    1.0000000000e+00    0.0000000000e+00
    1.5243673050e+06   -5.6111188169e+07    5.3949519629e+05    9.9265927226e+00   -1.3284218194e+03    7.9776854387e-01    3.7979360000e+16    2.0261680233e-05    0.0000000000e+00    1.0000000000e+00    0.0000000000e+00
    9.8976720261e+06   -4.3938979967e+07   -7.0011486582e+06    2.2456101859e+02   -1.0820413449e+03   -1.6350018963e+02    3.7979360000e+16    2.0261680233e-05    0.0000000000e+00    1.0000000000e+00    0.0000000000e+00
    3.0986453775e+06   -5.3316803014e+07   -1.3645554328e+07    6.0867370771e+01   -1.3042449753e+03   -3.2145739495e+02    3.7979360000e+16    2.0261680233e-05    0.0000000000e+00    1.0000000000e+00    0.0000000000e+00
    1.9493873065e+06   -5.6903062022e+07   -1.0300037086e+07    3.2847863117e+01   -1.3887539958e+03   -2.3813654771e+02    3.7979360000e+16    2.0261680233e-05    0.0000000000e+00    1.0000000000e+00    0.0000000000e+00
   -5.1307436819e+06   -2.6892939041e+07   -1.3528617306e+07   -1.3736993021e+02   -6.4740146114e+02   -3.2344093238e+02    3.7978910000e+16    2.0261440161e-05    0.0000000000e+00    1.0000000000e+00    0.0000000000e+00
    9.4060169931e+06   -1.0655090946e+07    3.1310533888e+07    2.1524010669e+02   -2.6187646686e+02    7.5243256288e+02    3.7978310000e+16    2.0261120066e-05    0.0000000000e+00    1.0000000000e+00    0.0000000000e+00
    1.3006582862e+06   -2.4519783759e+05    1.4358737356e+07    1.0394853721e+01    2.2601041338e+00    3.1108958872e+02    3.7978310000e+16    2.0261120066e-05    0.0000000000e+00    1.0000000000e+00    0.0000000000e+00
   -3.4008884963e+06   -2.4109979296e+06    3.9193163820e+06   -8.6966889240e+01    5.9940595716e+00    5.3688521474e+01    3.7978310000e+16    2.0261120066e-05    0.0000000000e+00    1.0000000000e+00    0.0000000000e+00
    1.4268495042e+06   -4.4448964708e+07   -5.1701564388e+05    2.6356814414e+01   -1.0973812422e+03   -6.6711213467e+00    3.7978310000e+16    2.0261120066e-05    0.0000000000e+00    1.0000000000e+00    0.0000000000e+00
   -4.3039389696e+06   -2.5787369303e+07   -1.0348557784e+07   -1.1707160126e+02   -6.1810040587e+02   -2.4624103627e+02    3.7978310000e+16    2.0261120066e-05    0.0000000000e+00    1.0000000000e+00    0.0000000000e+00
    5.6068770787e+06   -4.4961915494e+07    2.0902112849e+05    1.1353420951e+02   -1.1156417048e+03    3.9025050979e+00    3.7978080000e+16    2.0260997363e-05    0.0000000000e+00    1.0000000000e+00    0.0000000000e+00
    1.9364588182e+07   -9.3205825304e+06   -1.2826080357e+07    4.5040398839e+02   -2.2856465551e+02   -3.0745846075e+02    3.7978080000e+16    2.0260997363e-05    0.0000000000e+00    1.0000000000e+00    0.0000000000e+00
   -8.6365502386e+05   -1.2802063505e+06    1.3517086186e+07   -3.7939172539e+01   -2.0562436993e+01    2.8798182836e+02    3.7978080000e+16    2.0260997363e-05    0.0000000000e+00    1.0000000000e+00    0.0000000000e+00
    3.9903766823e+06   -4.7217464655e+07    2.6238143753e+07    8.4179761422e+01   -1.1548964000e+03    6.3405812276e+02    3.7978080000e+16    2.0260997363e-05    0.0000000000e+00    1.0000000000e+00    0.0000000000e+00
    9.0702391597e+06   -4.1282240238e+07   -3.4295919278e+05    2.0250342615e+02   -1.0187003614e+03   -6.1916120256e+00    3.7978080000e+16    2.0260997363e-05    0.0000000000e+00    1.0000000000e+00    0.0000000000e+00
    8.9241719284e+04    8.0223372288e+05   -1.0137203287e+05   -6.2351010270e+01    1.5458623586e+02    1.1660101591e+01    3.7978080000e+16    2.0260997363e-05    0.0000000000e+00    1.0000000000e+00    0.0000000000e+00
    1.9541034833e+07    2.6305967192e+07   -4.9140396898e+05    4.5878863260e+02    6.2866473978e+02   -1.2944625116e+01    3.7978080000e+16    2.0260997363e-05    0.0000000000e+00    1.0000000000e+00    0.0000000000e+00
    6.3367238245e+06   -6.7067616155e+07    1.5004158703e+07    1.4090604204e+02   -1.6382617826e+03    3.6184417848e+02    3.7978080000e+16    2.0260997363e-05    0.0000000000e+00    1.0000000000e+00    0.0000000000e+00
    4.6311102485e+06   -3.9771277198e+07   -8.2996359697e+06    9.7991476743e+01   -9.7708345865e+02   -1.9366381530e+02    3.7978080000e+16    2.0260997363e-05    0.0000000000e+00    1.0000000000e+00    0.0000000000e+00
    3.9563514880e+06   -6.5127085234e+06   -2.0199594047e+07    7.8356090333e+01   -1.5582390084e+02   -4.7097628999e+02    3.7978080000e+16    2.0260997363e-05    0.0000000000e+00    1.0000000000e+00    0.0000000000e+00
   -6.0135434256e+06   -1.7488430903e+07   -2.0566271922e+07   -1.5981206634e+02   -4.1916690890e+02   -4.8904534577e+02    3.7978080000e+16    2.0260997363e-05    0.0000000000e+00    1.0000000000e+00    0.0000000000e+00
    2.9944629455e+06   -6.2070551674e+07   -1.0325070580e+06    5.6599116149e+01   -1.5041307376e+03   -2.2598787547e+01    3.7978080000e+16    2.0260997363e-05    0.0000000000e+00    1.0000000000e+00    0.0000000000e+00
    4.0057716704e+06   -4.8559798517e+07   -3.1227751589e+06    7.5836831123e+01   -1.2006402678e+03   -5.6600858872e+01    3.7978080000e+16    2.0260997363e-05    0.0000000000e+00    1.0000000000e+00    0.0000000000e+00
    6.6099574952e+06   -4.0166963309e+07   -1.9413054920e+07    1.4705786989e+02   -9.8332498989e+02   -4.6546857324e+02    3.7978080000e+16    2.0260997363e-05    0.0000000000e+00    1.0000000000e+00    0.0000000000e+00
    4.0326632136e+06   -6.2608102821e+07   -1.2737250148e+07    8.4058153275e+01   -1.5279592185e+03   -3.0372319238e+02    3.7978080000e+16    2.0260997363e-05    0.0000000000e+00    1.0000000000e+00    0.0000000000e+00
    2.8094781710e+06   -5.1679611906e+07   -2.7110161031e+05    1.9620273964e+01   -1.2990142213e+03   -5.2461304324e+00    3.7977450000e+16    2.0260661263e-05    0.0000000000e+00    1.0000000000e+00    0.0000000000e+00
    1.2053925791e+07   -3.1943365350e+07    4.5489383922e+06    2.7827931130e+02   -7.8243227417e+02    1.0447531803e+02    3.7977450000e+16    2.0260661263e-05    0.0000000000e+00    1.0000000000e+00    0.0000000000e+00
    2.1590234470e+06   -4.4870626528e+07    7.5300497677e+06    3.8110621571e+01   -1.1025242619e+03    1.7009440986e+02    3.7977450000e+16    2.0260661263e-05    0.0000000000e+00    1.0000000000e+00    0.0000000000e+00
    1.9895332528e+07   -1.3824269168e+06    7.2776807622e+06    4.5594020530e+02   -3.6688173904e+01    1.7002693313e+02    3.7977450000e+16    2.0260661263e-05    0.0000000000e+00    1.0000000000e+00    0.0000000000e+00
    2.1717920849e+06   -3.2384462081e+07    2.1441497990e+07    3.9375919429e+01   -7.9005121871e+02    5.1464337188e+02    3.7977450000e+16    2.0260661263e-05    0.0000000000e+00    1.0000000000e+00    0.0000000000e+00
    7.3668412672e+06   -4.0162173192e+07   -1.8431382245e+06    1.6165180278e+02   -9.9047121932e+02   -4.0651257599e+01    3.7977450000e+16    2.0260661263e-05    0.0000000000e+00    1.0000000000e+00    0.0000000000e+00
    2.1075812468e+07   -9.1817005534e+06   -4.7268113644e+06    4.9039241526e+02   -2.2196786189e+02   -1.0966248030e+02    3.7977450000e+16    2.0260661263e-05    0.0000000000e+00    1.0000000000e+00    0.0000000000e+00
    3.8133910312e+06   -6.7253830419e+07    3.1303308677e+06    7.8179446633e+01   -1.6380080918e+03    7.3014023808e+01    3.7977450000e+16    2.0260661263e-05    0.0000000000e+00    1.0000000000e+00    0.0000000000e+00
    4.3690672719e+06   -5.1049574115e+07    7.0323650803e+04    6.7309410196e+01   -1.2694532107e+03    1.2524378942e+01    3.7977450000e+16    2.0260661263e-05    0.0000000000e+00    1.0000000000e+00    0.0000000000e+00
    6.3327501524e+06   -3.6480324448e+07   -1.3790134575e+07    1.3977807277e+02   -8.9508332793e+02   -3.3021506436e+02    3.7977450000e+16    2.0260661263e-05    0.0000000000e+00    1.0000000000e+00    0.0000000000e+00
    3.8026312015e+06   -6.3682489201e+07   -1.6346413486e+06    7.6388003593e+01   -1.5465110951e+03   -3.9047136967e+01    3.7977450000e+16    2.0260661263e-05    0.0000000000e+00    1.0000000000e+00    0.0000000000e+00
    5.5619397782e+06   -4.8279115782e+07    4.8911264307e+04    1.0516887186e+02   -1.1987627046e+03    2.0569488249e+00    3.7976820000e+16    2.0260325163e-05    0.0000000000e+00    1.0000000000e+00    0.0000000000e+00
    1.4418834204e+07   -5.6197991056e+07    3.9185241743e+07    3.3985321240e+02   -1.3758140276e+03    9.5385534650e+02    3.7976820000e+16    2.0260325163e-05    0.0000000000e+00    1.0000000000e+00    0.0000000000e+00
    5.1428566748e+06   -2.8091877550e+07   -1.0568162378e+07    1.0933339516e+02   -6.8425719428e+02   -2.4802669474e+02    3.7976820000e+16    2.0260325163e-05    0.0000000000e+00    1.0000000000e+00    0.0000000000e+00
    5.4996901420e+06   -6.7723734991e+07   -3.7942674379e+06    1.1926029061e+02   -1.6505418098e+03   -8.8879748535e+01    3.7976820000e+16    2.0260325163e-05    0.0000000000e+00    1.0000000000e+00    0.0000000000e+00
   -3.8765472960e+06   -2.4461710747e+05    7.0091525370e+06   -9.5171384118e+01    3.6818960210e+01    1.1032792937e+02    3.7976530000e+16    2.0260170451e-05    0.0000000000e+00    1.0000000000e+00    0.0000000000e+00
    3.8245516388e+06   -1.8932835671e+07   -3.4665935184e+07    8.0075263747e+01   -4.6228162613e+02   -8.3678547237e+02    3.7976530000e+16    2.0260170451e-05    0.0000000000e+00    1.0000000000e+00    0.0000000000e+00
    8.2517418064e+06   -2.8607939840e+07    1.1095909459e+07    1.8524840072e+02   -6.9880734601e+02    2.6182118257e+02    3.7975580000e+16    2.0259663633e-05    0.0000000000e+00    1.0000000000e+00    0.0000000000e+00
    5.0174959232e+06   -2.7799461941e+07    1.0791156765e+07    1.0658696252e+02   -6.7702265004e+02    2.5349262928e+02    3.7975580000e+16    2.0259663633e-05    0.0000000000e+00    1.0000000000e+00    0.0000000000e+00
    8.8126942065e+06   -3.8146341442e+07    4.6474163124e+06    1.9782574728e+02   -9.3928816885e+02    1.0882313868e+02    3.7975580000e+16    2.0259663633e-05    0.0000000000e+00    1.0000000000e+00    0.0000000000e+00
    8.7031411869e+06   -1.7296138023e+07    9.5376352979e+06    1.9108626759e+02   -4.1629489412e+02    2.2363772644e+02    3.7975580000e+16    2.0259663633e-05    0.0000000000e+00    1.0000000000e+00    0.0000000000e+00
   -1.4258440340e+05    5.4567434163e+05    1.0865002578e+07   -2.5294357522e+01    2.2969351761e+01    2.0975960388e+02    3.7975580000e+16    2.0259663633e-05    0.0000000000e+00    1.0000000000e+00    0.0000000000e+00
    3.8620358382e+06   -5.6980892592e+06    1.8877342180e+07    7.5421891395e+01   -1.3569969804e+02    4.3683016858e+02    3.7975580000e+16    2.0259663633e-05    0.0000000000e+00    1.0000000000e+00    0.0000000000e+00
    2.6095494214e+06   -5.4551175005e+07    3.4661697103e+06    3.6988223947e+01   -1.3250899763e+03    5.2024848342e+01    3.7975580000e+16    2.0259663633e-05    0.0000000000e+00    1.0000000000e+00    0.0000000000e+00
    4.5249641510e+06   -4.9155785390e+07    1.4190070642e+07    9.5486157176e+01   -1.2030384886e+03    3.3532099284e+02    3.7975580000e+16    2.0259663633e-05    0.0000000000e+00    1.0000000000e+00    0.0000000000e+00
    4.2226069622e+06   -4.9846905616e+07    1.1064844966e+06    6.6561203266e+01   -1.2401462287e+03    2.7602382075e+01    3.7975580000e+16    2.0259663633e-05    0.0000000000e+00    1.0000000000e+00    0.0000000000e+00
    4.4326522446e+06   -6.6830190874e+06   -3.9246486551e+06    7.1125366524e+01   -1.3253739054e+02   -7.5719880102e+01    3.7975580000e+16    2.0259663633e-05    0.0000000000e+00    1.0000000000e+00    0.0000000000e+00
   -7.2074848120e+05   -3.9211495669e+06   -4.3966010375e+06   -4.0149271445e+01   -3.8872464576e+01   -7.4401568487e+01    3.7975580000e+16    2.0259663633e-05    0.0000000000e+00    1.0000000000e+00    0.0000000000e+00
    6.5812848435e+06   -8.0848110057e+07    4.8790594174e+06    1.4752446752e+02   -1.9764863128e+03    1.1864070938e+02    3.7975580000e+16    2.0259663633e-05    0.0000000000e+00    1.0000000000e+00    0.0000000000e+00
    2.0213070598e+07   -1.4004183173e+07   -1.1949463034e+07    4.7367665292e+02   -3.4144753627e+02   -2.8242239318e+02    3.7975580000e+16    2.0259663633e-05    0.0000000000e+00    1.0000000000e+00    0.0000000000e+00
   -6.1085911804e+06   -8.9683782371e+06   -1.0525509390e+07   -1.5898920010e+02   -1.9513629653e+02   -2.3310960838e+02    3.7975580000e+16    2.0259663633e-05    0.0000000000e+00    1.0000000000e+00    0.0000000000e+00
    4.0762010249e+06   -4.8648365361e+07   -1.3019325492e+07    8.3980443349e+01   -1.1918245579e+03   -3.0578359415e+02    3.7975580000e+16    2.0259663633e-05    0.0000000000e+00    1.0000000000e+00    0.0000000000e+00
    2.8051914906e+06   -5.4933231297e+07   -4.6451427341e+06    4.6275853066e+01   -1.3371215250e+03   -8.7007138454e+01    3.7975580000e+16    2.0259663633e-05    0.0000000000e+00    1.0000000000e+00    0.0000000000e+00
    2.8080999489e+06   -5.6644076125e+07   -4.2198167762e+06    4.7235383347e+01   -1.3737089922e+03   -8.1046940227e+01    3.7975580000e+16    2.0259663633e-05    0.0000000000e+00    1.0000000000e+00    0.0000000000e+00
    7.8003449569e+06   -3.1383882098e+07   -2.2599747839e+07    1.7602627647e+02   -7.6806630466e+02   -5.4247095552e+02    3.7974970000e+16    2.0259338203e-05    0.0000000000e+00    1.0000000000e+00    0.0000000000e+00
    8.1891158903e+06   -6.2802281398e+07   -3.2987928736e+07    1.8707266212e+02   -1.5366176823e+03   -8.0174011377e+02    3.7974970000e+16    2.0259338203e-05    0.0000000000e+00    1.0000000000e+00    0.0000000000e+00
   -8.5770680527e+05    6.9209119092e+06    5.2304457535e+06   -3.8176209135e+01    1.1512214834e+02    1.4514359236e+01    3.7974750000e+16    2.0259220835e-05    0.0000000000e+00    1.0000000000e+00    0.0000000000e+00
   -7.2081863364e+06   -1.5529527527e+07   -1.4692651463e+07   -1.8713461827e+02   -3.6537067994e+02   -3.4258214374e+02    3.7974750000e+16    2.0259220835e-05    0.0000000000e+00    1.0000000000e+00    0.0000000000e+00
    2.8469312955e+06   -5.0632277200e+07    2.5705907426e+06    4.2871988199e+01   -1.2573317484e+03    3.4669072966e+01    3.7974360000e+16    2.0259012773e-05    0.0000000000e+00    1.0000000000e+00    0.0000000000e+00
   -4.7460050578e+06   -2.3419890184e+07   -9.3376888467e+06   -1.2820700601e+02   -5.5942622486e+02   -2.2269252830e+02    3.7973570000e+16    2.0258591315e-05    0.0000000000e+00    1.0000000000e+00    0.0000000000e+00
   -3.6886477242e+06    2.7695399279e+06    1.9883586838e+06   -3.3507526045e+01    1.5557520327e+02   -4.5972472471e+01    3.7972980000e+16    2.0258276555e-05    0.0000000000e+00    1.0000000000e+00    0.0000000000e+00
    3.0122897796e+06   -6.1138164392e+07    1.5156559291e+07    6.0163526748e+01   -1.4926221892e+03    3.6438277240e+02    3.7972980000e+16    2.0258276555e-05    0.0000000000e+00    1.0000000000e+00    0.0000000000e+00
   -4.1224521954e+06   -1.6552792482e+07   -1.2742219115e+06   -1.1152687367e+02   -3.7838159894e+02   -2.8071339992e+01    3.7972980000e+16    2.0258276555e-05    0.0000000000e+00    1.0000000000e+00    0.0000000000e+00
   -2.3160996969e+06   -1.7620867332e+07   -2.4483892587e+07   -6.9944775348e+01   -4.2402295564e+02   -5.8503685952e+02    3.7972980000e+16    2.0258276555e-05    0.0000000000e+00    1.0000000000e+00    0.0000000000e+00
   -4.8044657157e+06   -6.6811958376e+06   -5.2775692818e+06   -1.2350895613e+02   -1.2116664926e+02   -1.0185469364e+02    3.7972980000e+16    2.0258276555e-05    0.0000000000e+00    1.0000000000e+00    0.0000000000e+00
    5.3328751096e+06   -2.4183705242e+07    3.7487771110e+07    1.1720184276e+02   -5.9078630905e+02    9.0766412202e+02    3.7972390000e+16    2.0257961794e-05    0.0000000000e+00    1.0000000000e+00    0.0000000000e+00
    4.3667859615e+06   -7.0100891228e+07   -1.9916545611e+07    9.3429699754e+01   -1.7138535032e+03   -4.8325233643e+02    3.7972390000e+16    2.0257961794e-05    0.0000000000e+00    1.0000000000e+00    0.0000000000e+00
    1.0284125920e+07   -2.6710427396e+07    1.1967757205e+07    2.3467183518e+02   -6.5289037335e+02    2.8364187699e+02    3.7971960000e+16    2.0257732393e-05    0.0000000000e+00    1.0000000000e+00    0.0000000000e+00
    5.8674929711e+06   -3.6856154803e+07    1.4258382786e+07    1.2859590724e+02   -9.0193673139e+02    3.3848017402e+02    3.7971960000e+16    2.0257732393e-05    0.0000000000e+00    1.0000000000e+00    0.0000000000e+00
    6.3830657323e+06   -4.2833601337e+07   -5.2385220640e+05    1.3593676664e+02   -1.0607328774e+03   -1.5847174672e+01    3.7971960000e+16    2.0257732393e-05    0.0000000000e+00    1.0000000000e+00    0.0000000000e+00
    2.0084756885e+07   -2.7018327124e+06    1.5213779162e+07    4.6790295039e+02   -6.8161269342e+01    3.6132996738e+02    3.7971960000e+16    2.0257732393e-05    0.0000000000e+00    1.0000000000e+00    0.0000000000e+00
   -1.6892344203e+06    9.9337873689e+05    3.4059292681e+06   -5.3683464333e+01    9.8703304886e+01   -1.2283709053e+01    3.7971960000e+16    2.0257732393e-05    0.0000000000e+00    1.0000000000e+00    0.0000000000e+00
    1.1609745223e+07   -1.4044752388e+07    3.6472359477e+07    2.6978604941e+02   -3.4623728095e+02    8.8120645477e+02    3.7971960000e+16    2.0257732393e-05    0.0000000000e+00    1.0000000000e+00    0.0000000000e+00
    6.9619722610e+06   -4.0184876273e+07    2.1452602334e+07    1.5598389406e+02   -9.8323608311e+02    5.1523520513e+02    3.7971960000e+16    2.0257732393e-05    0.0000000000e+00    1.0000000000e+00    0.0000000000e+00
    5.8236902560e+06   -4.7727305613e+07    5.9635783602e+04    1.1378624894e+02   -1.1848435787e+03    5.8428046416e+00    3.7971960000e+16    2.0257732393e-05    0.0000000000e+00    1.0000000000e+00    0.0000000000e+00
    9.1037052249e+06   -4.8117750920e+06   -1.5281542714e+06    1.7615578233e+02   -9.6710022110e+01   -2.7916911788e+01    3.7971960000e+16    2.0257732393e-05    0.0000000000e+00    1.0000000000e+00    0.0000000000e+00
   -2.4846189828e+06    1.8762373609e+07   -5.3931799813e+06   -7.0194082085e+01    4.1243532273e+02   -1.1544635500e+02    3.7971960000e+16    2.0257732393e-05    0.0000000000e+00    1.0000000000e+00    0.0000000000e+00
    3.2822392164e+06    2.0121788717e+07   -9.8113020263e+06    6.1609431850e+01    4.6012171692e+02   -2.2368841002e+02    3.7971960000e+16    2.0257732393e-05    0.0000000000e+00    1.0000000000e+00    0.0000000000e+00
    7.0229474343e+06   -7.9532876416e+07    2.0016976582e+07    1.5835927279e+02   -1.9450704801e+03    4.8715238884e+02    3.7971960000e+16    2.0257732393e-05    0.0000000000e+00    1.0000000000e+00    0.0000000000e+00
    5.6390200217e+06   -4.9516865010e+07   -4.2984769823e+05    1.0604708899e+02   -1.2279718960e+03   -1.2095443981e+00    3.7971960000e+16    2.0257732393e-05    0.0000000000e+00    1.0000000000e+00    0.0000000000e+00
    1.1879324000e+07   -9.3847662452e+06   -1.5622249782e+06    2.5730133263e+02   -2.1683105406e+02   -2.9582617260e+01    3.7971960000e+16    2.0257732393e-05    0.0000000000e+00    1.0000000000e+00    0.0000000000e+00
    9.9839613960e+05    8.0419047463e+06   -2.3067939109e+07    9.9898147115e+00    1.8556240605e+02   -5.3903481450e+02    3.7971960000e+16    2.0257732393e-05    0.0000000000e+00    1.0000000000e+00    0.0000000000e+00
    2.8378226434e+06    7.4328232482e+06   -1.7729470832e+07    4.9762730457e+01    1.7084811179e+02   -4.0031633104e+02    3.7971960000e+16    2.0257732393e-05    0.0000000000e+00    1.0000000000e+00    0.0000000000e+00
    4.3357060113e+06   -6.5285983478e+07   -1.7725134355e+06    9.0451355074e+01   -1.5875507022e+03   -4.1829585272e+01    3.7971960000e+16    2.0257732393e-05    0.0000000000e+00    1.0000000000e+00    0.0000000000e+00
    4.9779419224e+06   -5.0739932254e+07   -9.3347597645e+06    1.0376922600e+02   -1.2429417664e+03   -2.1283401536e+02    3.7971960000e+16    2.0257732393e-05    0.0000000000e+00    1.0000000000e+00    0.0000000000e+00
   -1.7331913763e+06   -3.0637973082e+06    1.4010726868e+07   -5.7023888731e+01   -6.0972496874e+01    3.0395823912e+02    3.7971800000e+16    2.0257647034e-05    0.0000000000e+00    1.0000000000e+00    0.0000000000e+00
    3.7465936981e+06    1.9608623010e+07    2.8022731374e+05    6.8682563005e+01    4.3443673574e+02    5.4142333448e+00    3.7971800000e+16    2.0257647034e-05    0.0000000000e+00    1.0000000000e+00    0.0000000000e+00
   -1.8593926776e+05   -4.1591888265e+07   -1.5582195386e+07   -1.8755667526e+01   -1.0162229987e+03   -3.7232100343e+02    3.7971800000e+16    2.0257647034e-05    0.0000000000e+00    1.0000000000e+00    0.0000000000e+00
   -2.7282030676e+06   -7.0066402459e+05   -1.0608341482e+07   -7.7542508715e+01    4.4441522387e-01   -2.0502431947e+02    3.7971800000e+16    2.0257647034e-05    0.0000000000e+00    1.0000000000e+00    0.0000000000e+00
    5.6096717389e+06    1.5721507069e+06   -2.7003926873e+07    1.2112486495e+02    3.5138893658e+01   -6.4179606299e+02    3.7971220000e+16    2.0257337609e-05    0.0000000000e+00    1.0000000000e+00    0.0000000000e+00
    5.0512296725e+06   -3.3777592598e+06   -2.8294490169e+07    1.0802132919e+02   -8.3748370916e+01   -6.7399024651e+02    3.7971220000e+16    2.0257337609e-05    0.0000000000e+00    1.0000000000e+00    0.0000000000e+00
    6.4907339553e+06    1.1490176249e+07   -2.8187767411e+07    1.4338603710e+02    2.7197162167e+02   -6.7166878407e+02    3.7971220000e+16    2.0257337609e-05    0.0000000000e+00    1.0000000000e+00    0.0000000000e+00
