#   x1                  x2                  x3                  v1                  v2                  v3                  mass                rel_mass            mat0_frac           mat1_frac           mat2_frac
    2.1538369592e+02    2.3369750335e+04   -1.2133267333e+03    7.7999846142e-03    7.6538958008e-01   -6.3440154124e-02    1.8738342908e+21    9.9735372291e-01    8.9396610260e-01    1.0603389740e-01    0.0000000000e+00
    2.9630836873e+06   -3.3016747948e+06    3.6109436059e+06    5.5345395398e-01   -5.4872108104e+01   -2.6266554615e+00    3.8557010000e+16    2.0522080130e-05    0.0000000000e+00    1.0000000000e+00    0.0000000000e+00
    1.3203639061e+06   -2.7172129796e+06    4.0196657259e+06   -8.5483142215e+00   -4.1379221196e+01   -2.7911728280e+01    3.8555120000e+16    2.0521074173e-05    0.0000000000e+00    1.0000000000e+00    0.0000000000e+00
    6.1579140954e+06   -4.0550653117e+06   -5.6569622785e+06    1.0290672089e+02   -1.0107062291e+02   -9.0671450866e+01    3.8553860000e+16    2.0520403534e-05    0.0000000000e+00    1.0000000000e+00    0.0000000000e+00
    1.1482642016e+06   -3.5393000015e+06    6.1728013156e+06    1.2670677202e+01   -7.7609264525e+01    5.9891931715e+01    3.8553230000e+16    2.0520068215e-05    0.0000000000e+00    1.0000000000e+00    0.0000000000e+00
   -7.1703696992e+06   -2.4981051995e+06   -1.2898909407e+07   -1.6294391134e+02   -7.8006377664e+01   -2.9482274517e+02    3.8552600000e+16    2.0519732895e-05    0.0000000000e+00    1.0000000000e+00    0.0000000000e+00
    1.4835146980e+07   -6.5737198830e+06    5.9299314172e+06    3.4822448981e+02   -1.7821227978e+02    1.4005122950e+02    3.8552010000e+16    2.0519418866e-05    0.0000000000e+00    1.0000000000e+00    0.0000000000e+00
    1.9661798524e+07   -4.9723926191e+06    6.4397663240e+06    4.8230162880e+02   -1.4100886204e+02    1.5791956625e+02    3.8552010000e+16    2.0519418866e-05    0.0000000000e+00    1.0000000000e+00    0.0000000000e+00
   -5.8699116935e+06   -2.7647633957e+06   -1.2594755657e+07   -1.3187822746e+02   -8.3289619422e+01   -2.8169205220e+02    3.8551970000e+16    2.0519397576e-05    0.0000000000e+00    1.0000000000e+00    0.0000000000e+00
    1.7087255884e+06   -3.0079173072e+06   -6.1628033422e+06    1.8710905534e+01   -6.9520658287e+01   -5.8558451332e+01    3.8551970000e+16    2.0519397576e-05    0.0000000000e+00    1.0000000000e+00    0.0000000000e+00
   -5.3357664880e+06   -2.4306552527e+06   -1.7545108212e+07   -1.2728137540e+02   -7.6729679231e+01   -4.2175653474e+02    3.8551970000e+16    2.0519397576e-05    0.0000000000e+00    1.0000000000e+00    0.0000000000e+00
    9.7959074864e+05   -3.4958099189e+06   -2.6550619478e+07    2.5009555247e+01   -1.0417710829e+02   -6.6885130305e+02    3.8551970000e+16    2.0519397576e-05    0.0000000000e+00    1.0000000000e+00    0.0000000000e+00
   -1.8026505559e+07   -2.6209069657e+06   -5.7859885848e+06   -4.3582230214e+02   -8.1396240543e+01   -1.3879295369e+02    3.8550720000e+16    2.0518732260e-05    0.0000000000e+00    1.0000000000e+00    0.0000000000e+00
   -5.1211338037e+06   -5.8839877463e+06    1.2476629130e+07   -1.1523422172e+02   -1.5788462144e+02    2.7918067532e+02    3.8548340000e+16    2.0517465498e-05    0.0000000000e+00    1.0000000000e+00    0.0000000000e+00
   -6.2495697676e+05    2.8873495464e+05   -1.6761037509e+05    1.0373950528e+02    2.4939779164e+02    3.5537162764e+01    3.8548340000e+16    2.0517465498e-05    0.0000000000e+00    1.0000000000e+00    0.0000000000e+00
    1.1660754577e+07   -4.4777332671e+06    5.9577866297e+06    2.5621454283e+02   -1.2339746352e+02    1.3189256529e+02    3.8548340000e+16    2.0517465498e-05    0.0000000000e+00    1.0000000000e+00    0.0000000000e+00
   -1.6507153884e+04   -1.2018896249e+06   -1.6618851537e+05   -1.9204465155e+00    3.1373125073e+02   -1.8228696985e+02    3.8548230000e+16    2.0517406950e-05    0.0000000000e+00    1.0000000000e+00    0.0000000000e+00
    6.0804815472e+06   -3.3575472320e+06    2.8484527833e+06    6.9076402235e+01   -7.8031152143e+01    3.1008963345e+01    3.8548230000e+16    2.0517406950e-05    0.0000000000e+00    1.0000000000e+00    0.0000000000e+00
    2.4799816697e+07   -3.1381282202e+06    1.5150552397e+07    6.2849105960e+02   -9.4756391451e+01    3.8431378290e+02    3.8547620000e+16    2.0517082276e-05    0.0000000000e+00    1.0000000000e+00    0.0000000000e+00
   -4.0863134149e+06   -2.7606161622e+06   -1.2853271582e+07   -9.1835697540e+01   -8.2941563477e+01   -2.8357905879e+02    3.8547620000e+16    2.0517082276e-05    0.0000000000e+00    1.0000000000e+00    0.0000000000e+00
   -9.0859384316e+06   -6.1601072836e+06    3.0215690073e+06   -1.7568313930e+02   -1.5478364489e+02    5.6987008262e+01    3.8547150000e+16    2.0516832117e-05    0.0000000000e+00    1.0000000000e+00    0.0000000000e+00
   -1.9605155562e+07   -3.3424905228e+06    2.9055150553e+07   -5.0238105437e+02   -1.0036926847e+02    7.4467934170e+02    3.8547000000e+16    2.0516752279e-05    0.0000000000e+00    1.0000000000e+00    0.0000000000e+00
   -6.8477599642e+06   -3.7487530328e+06    5.1905171535e+06   -1.1284698894e+02   -9.4849558689e+01    8.8470432784e+01    3.8546380000e+16    2.0516422282e-05    0.0000000000e+00    1.0000000000e+00    0.0000000000e+00
    1.7227748676e+06   -3.3523833515e+06    6.3237886107e+06    1.8891044829e+01   -7.8383142642e+01    6.6976857789e+01    3.8545970000e+16    2.0516204059e-05    0.0000000000e+00    1.0000000000e+00    0.0000000000e+00
    9.1588522994e+06   -4.1427813091e+06    1.1012756619e+07    2.0838189247e+02   -1.1744417043e+02    2.4899220862e+02    3.8545970000e+16    2.0516204059e-05    0.0000000000e+00    1.0000000000e+00    0.0000000000e+00
    2.4714022434e+07   -7.0699060422e+06   -7.9977876066e+06    6.2216680560e+02   -1.9599462918e+02   -2.0094106625e+02    3.8545970000e+16    2.0516204059e-05    0.0000000000e+00    1.0000000000e+00    0.0000000000e+00
   -8.5057310326e+06   -5.7513272709e+06   -9.0597722051e+06   -1.8644510607e+02   -1.5331671560e+02   -1.9540379256e+02    3.8545970000e+16    2.0516204059e-05    0.0000000000e+00    1.0000000000e+00    0.0000000000e+00
    1.0861938700e+07   -8.9198149051e+06   -4.8654689113e+06    2.3968288998e+02   -2.2948019583e+02   -1.0634185658e+02    3.8545970000e+16    2.0516204059e-05    0.0000000000e+00    1.0000000000e+00    0.0000000000e+00
    2.1026640773e+07   -6.7063398493e+06   -1.6845537803e+07    5.2983694095e+02   -1.8732038805e+02   -4.2576097020e+02    3.8545970000e+16    2.0516204059e-05    0.0000000000e+00    1.0000000000e+00    0.0000000000e+00
    3.2766321069e+06   -4.4483512024e+06   -9.4978558311e+06    6.4844336562e+01   -1.1651951159e+02   -1.8250984261e+02    3.8545970000e+16    2.0516204059e-05    0.0000000000e+00    1.0000000000e+00    0.0000000000e+00
   -3.6627912329e+05   -4.9140814953e+06   -8.7369134872e+06   -6.2116155563e+00   -1.2240002259e+02   -1.5349800745e+02    3.8545970000e+16    2.0516204059e-05    0.0000000000e+00    1.0000000000e+00    0.0000000000e+00
   -1.2321300944e+07   -1.3745068855e+06   -2.2884424155e+07   -3.0960938516e+02   -4.9769992232e+01   -5.7521561160e+02    3.8545760000e+16    2.0516092285e-05    0.0000000000e+00    1.0000000000e+00    0.0000000000e+00
    2.2925356481e+06   -5.9878135005e+06    2.0449420235e+07    5.5188164725e+01   -1.6711372280e+02    5.0172912052e+02    3.8545390000e+16    2.0515895352e-05    0.0000000000e+00    1.0000000000e+00    0.0000000000e+00
   -3.9491894162e+06   -3.1955679013e+06   -2.7322000439e+06   -4.0089467157e-01   -5.8893260818e+01   -1.4671341536e+00    3.8545390000e+16    2.0515895352e-05    0.0000000000e+00    1.0000000000e+00    0.0000000000e+00
   -1.2051505147e+07   -2.3525890227e+06    3.0330681579e+07   -3.0667452265e+02   -7.4598362087e+01    7.7449868555e+02    3.8544530000e+16    2.0515437614e-05    0.0000000000e+00    1.0000000000e+00    0.0000000000e+00
    1.3137855952e+07   -4.7589960580e+06    2.1199815207e+06    2.9070916088e+02   -1.3005802964e+02    4.6819703553e+01    3.8544530000e+16    2.0515437614e-05    0.0000000000e+00    1.0000000000e+00    0.0000000000e+00
   -1.2355802365e+07   -3.1888395337e+06    1.1285538241e+07   -2.9006678788e+02   -9.4658152152e+01    2.6702732989e+02    3.8544530000e+16    2.0515437614e-05    0.0000000000e+00    1.0000000000e+00    0.0000000000e+00
    1.1358326166e+07   -6.0430501810e+06    1.3902528916e+07    2.7264831353e+02   -1.6702995759e+02    3.3366634722e+02    3.8542540000e+16    2.0514378431e-05    0.0000000000e+00    1.0000000000e+00    0.0000000000e+00
    1.5211858241e+05   -3.7542119633e+06    3.3194163074e+06    3.2491472502e+00   -3.7829301825e+01   -4.1697070647e+01    3.8542540000e+16    2.0514378431e-05    0.0000000000e+00    1.0000000000e+00    0.0000000000e+00
   -3.9956050939e+07   -8.4559428245e+06   -3.2469025303e+06   -1.0283957300e+03   -2.3357979241e+02   -8.5588362116e+01    3.8542540000e+16    2.0514378431e-05    0.0000000000e+00    1.0000000000e+00    0.0000000000e+00
    1.3491464253e+07   -5.2331949626e+06    7.4857909293e+06    3.1278271308e+02   -1.4509960120e+02    1.7375089573e+02    3.8542540000e+16    2.0514378431e-05    0.0000000000e+00    1.0000000000e+00    0.0000000000e+00
    1.8766455683e+07   -6.5128280409e+06    1.1766421936e+07    4.6476640707e+02   -1.8082659664e+02    2.9121655047e+02    3.8542540000e+16    2.0514378431e-05    0.0000000000e+00    1.0000000000e+00    0.0000000000e+00
    6.7529296012e+06   -7.4787357738e+06   -2.8577879476e+06    1.1414195519e+02   -1.7557315680e+02   -4.8298835041e+01    3.8542540000e+16    2.0514378431e-05    0.0000000000e+00    1.0000000000e+00    0.0000000000e+00
    2.5257971996e+07   -8.6846337798e+06   -3.1193725560e+07    6.4897473582e+02   -2.3915818922e+02   -8.0416353004e+02    3.8542540000e+16    2.0514378431e-05    0.0000000000e+00    1.0000000000e+00    0.0000000000e+00
   -7.2748052013e+06   -2.8519918455e+06   -1.3457569624e+07   -1.6895872071e+02   -8.7132881616e+01   -3.0938212410e+02    3.8542540000e+16    2.0514378431e-05    0.0000000000e+00    1.0000000000e+00    0.0000000000e+00
   -9.4075460402e+06   -3.5308978975e+06   -3.0008561300e+07   -2.4001867984e+02   -1.0569817530e+02   -7.6436181004e+02    3.8542540000e+16    2.0514378431e-05    0.0000000000e+00    1.0000000000e+00    0.0000000000e+00
    1.1075132526e+07   -6.2819255869e+06   -1.5818016291e+07    2.6875408336e+02   -1.7364657031e+02   -3.8489651894e+02    3.8542540000e+16    2.0514378431e-05    0.0000000000e+00    1.0000000000e+00    0.0000000000e+00
   -1.7886212767e+06   -3.7627498666e+06   -1.4340769531e+07   -4.0373561689e+01   -1.0873863581e+02   -3.2524337729e+02    3.8542540000e+16    2.0514378431e-05    0.0000000000e+00    1.0000000000e+00    0.0000000000e+00
    3.1210952823e+05   -3.3977061972e+06    1.9842856967e+06   -7.2556001249e+00    1.0631545222e+01   -8.7838371928e+01    3.8542080000e+16    2.0514133595e-05    0.0000000000e+00    1.0000000000e+00    0.0000000000e+00
   -4.6594669825e+06   -3.0144833045e+06    2.3135089470e+07   -1.1635700756e+02   -9.1969509098e+01    5.7634786951e+02    3.8542080000e+16    2.0514133595e-05    0.0000000000e+00    1.0000000000e+00    0.0000000000e+00
    2.7590293842e+07   -3.4043883967e+06   -1.3356629003e+07    7.0232501579e+02   -1.0205282189e+02   -3.3964114483e+02    3.8542080000e+16    2.0514133595e-05    0.0000000000e+00    1.0000000000e+00    0.0000000000e+00
   -4.2241424320e+06   -2.7377135223e+06   -3.1756842176e+06   -1.2088598402e+01   -5.5210221747e+01   -8.6781728847e+00    3.8542080000e+16    2.0514133595e-05    0.0000000000e+00    1.0000000000e+00    0.0000000000e+00
    9.0259082586e+06   -6.0740526469e+06    2.9794084029e+07    2.2977685675e+02   -1.7099991029e+02    7.5840884207e+02    3.8541430000e+16    2.0513787630e-05    0.0000000000e+00    1.0000000000e+00    0.0000000000e+00
    6.2143025626e+06   -6.2370623082e+06    3.5209422415e+07    1.6059722689e+02   -1.7538508461e+02    9.0242417757e+02    3.8541430000e+16    2.0513787630e-05    0.0000000000e+00    1.0000000000e+00    0.0000000000e+00
   -1.7871154023e+07   -7.5547049079e+06    4.7777358927e+06   -4.3228679439e+02   -2.0498057206e+02    1.1437073112e+02    3.8541430000e+16    2.0513787630e-05    0.0000000000e+00    1.0000000000e+00    0.0000000000e+00
    1.1820712671e+07   -3.1620858176e+06    6.2357131055e+06    2.6168456348e+02   -9.3424116301e+01    1.3607874658e+02    3.8541430000e+16    2.0513787630e-05    0.0000000000e+00    1.0000000000e+00    0.0000000000e+00
   -1.6795985365e+07   -3.2192764644e+06   -9.6272454516e+06   -4.0689667523e+02   -9.7338977159e+01   -2.3449151338e+02    3.8541430000e+16    2.0513787630e-05    0.0000000000e+00    1.0000000000e+00    0.0000000000e+00
   -2.9745344729e+07   -7.4665140338e+06   -3.0980895079e+06   -7.5586665898e+02   -2.0673675586e+02   -7.7517531763e+01    3.8541430000e+16    2.0513787630e-05    0.0000000000e+00    1.0000000000e+00    0.0000000000e+00
    1.0334245434e+06   -4.2342304866e+06   -1.9041381610e+06   -2.3250116689e+01   -2.3373402279e+01    5.7306779018e+01    3.8541430000e+16    2.0513787630e-05    0.0000000000e+00    1.0000000000e+00    0.0000000000e+00
    1.5339458239e+07   -6.3322634168e+06   -2.4469561450e+07    3.8877554750e+02   -1.7712833560e+02   -6.2027057485e+02    3.8540860000e+16    2.0513484246e-05    0.0000000000e+00    1.0000000000e+00    0.0000000000e+00
   -1.5626174607e+07   -1.2093996950e+06   -1.8170089604e+07   -3.8912066094e+02   -4.5911646439e+01   -4.5365308073e+02    3.8540860000e+16    2.0513484246e-05    0.0000000000e+00    1.0000000000e+00    0.0000000000e+00
    7.2796684043e+06   -2.2339752183e+06   -1.7720516854e+07    1.7718102077e+02   -7.1701791683e+01   -4.2835147841e+02    3.8540860000e+16    2.0513484246e-05    0.0000000000e+00    1.0000000000e+00    0.0000000000e+00
   -1.4474461101e+07   -6.4008499129e+06    1.4019043376e+07   -3.5455446101e+02   -1.7693158417e+02    3.4231169982e+02    3.8540330000e+16    2.0513202152e-05    0.0000000000e+00    1.0000000000e+00    0.0000000000e+00
    5.9184982479e+06   -5.9353879452e+06    2.6922077402e+07    1.5119190824e+02   -1.6771525762e+02    6.7971539908e+02    3.8539780000e+16    2.0512909413e-05    0.0000000000e+00    1.0000000000e+00    0.0000000000e+00
   -7.0466952664e+06   -6.9336050886e+06    2.8615982048e+06   -1.1974806925e+02   -1.6404952539e+02    4.6859457458e+01    3.8539780000e+16    2.0512909413e-05    0.0000000000e+00    1.0000000000e+00    0.0000000000e+00
   -1.8753366236e+07   -3.0747602019e+06   -1.2527471280e+07   -4.6506735536e+02   -9.3929710210e+01   -3.0938711954e+02    3.8539780000e+16    2.0512909413e-05    0.0000000000e+00    1.0000000000e+00    0.0000000000e+00
    4.2209328261e+06   -8.1838604815e+06   -9.1997657060e+06    8.6672110722e+01   -2.0542278581e+02   -1.8973170707e+02    3.8539780000e+16    2.0512909413e-05    0.0000000000e+00    1.0000000000e+00    0.0000000000e+00
   -1.7487266598e+05   -3.3987219269e+06   -2.2699541953e+06   -2.2193849529e+00   -2.5070352915e+00    8.3897908493e+01    3.8539780000e+16    2.0512909413e-05    0.0000000000e+00    1.0000000000e+00    0.0000000000e+00
   -1.8319511383e+07    1.9393768850e+05   -1.1337357685e+07   -4.5204463616e+02   -1.1247277101e+01   -2.7914650274e+02    3.8539640000e+16    2.0512834898e-05    0.0000000000e+00    1.0000000000e+00    0.0000000000e+00
    4.2533129991e+05   -6.0210159670e+06    7.9856212557e+06    8.6189860076e+00   -1.4404556033e+02    1.3500764372e+02    3.8539240000e+16    2.0512621997e-05    0.0000000000e+00    1.0000000000e+00    0.0000000000e+00
   -5.4348874798e+06   -8.4949760068e+06    1.2192353760e+07   -1.2269081135e+02   -2.2217291033e+02    2.7675677122e+02    3.8539240000e+16    2.0512621997e-05    0.0000000000e+00    1.0000000000e+00    0.0000000000e+00
   -2.4014319608e+06   -4.1837830293e+06    1.9931807639e+06    2.5488225251e+01   -4.5517207890e+01   -3.0414131068e+01    3.8539240000e+16    2.0512621997e-05    0.0000000000e+00    1.0000000000e+00    0.0000000000e+00
    1.6761144841e+07   -5.3303501082e+06    2.9223243588e+07    4.2791518580e+02   -1.5213105485e+02    7.4722146944e+02    3.8539240000e+16    2.0512621997e-05    0.0000000000e+00    1.0000000000e+00    0.0000000000e+00
    1.4518193902e+07   -5.0337422869e+06    5.7980692093e+06    3.3764248347e+02   -1.4100242202e+02    1.3464939794e+02    3.8539240000e+16    2.0512621997e-05    0.0000000000e+00    1.0000000000e+00    0.0000000000e+00
    2.5698516057e+07   -4.6078237967e+05    3.0481409293e+07    6.6059985725e+02   -2.5640035734e+01    7.8512630893e+02    3.8539240000e+16    2.0512621997e-05    0.0000000000e+00    1.0000000000e+00    0.0000000000e+00
   -5.2831083170e+06   -5.7355244522e+06   -5.1907823502e+05   -5.0464087700e+01   -1.1616129760e+02   -2.9435922781e-01    3.8539240000e+16    2.0512621997e-05    0.0000000000e+00    1.0000000000e+00    0.0000000000e+00
   -2.4942003095e+07   -4.8498947839e+06   -3.1319239421e+07   -6.4173584276e+02   -1.4002774421e+02   -8.0559058092e+02    3.8539240000e+16    2.0512621997e-05    0.0000000000e+00    1.0000000000e+00    0.0000000000e+00
   -1.3572880760e+06   -4.9692255045e+06   -5.0343549772e+06   -1.0126088182e+01   -9.5820577437e+01   -3.7993292473e+01    3.8539240000e+16    2.0512621997e-05    0.0000000000e+00    1.0000000000e+00    0.0000000000e+00
    6.5434602671e+06   -1.4102732674e+06   -2.8367586685e+07    1.6582736753e+02   -5.1153253465e+01   -7.1939283610e+02    3.8539240000e+16    2.0512621997e-05    0.0000000000e+00    1.0000000000e+00    0.0000000000e+00
    1.6230072638e+06   -5.5666038755e+06   -2.9121354560e+07    4.1128761829e+01   -1.5791727680e+02   -7.3836094052e+02    3.8539240000e+16    2.0512621997e-05    0.0000000000e+00    1.0000000000e+00    0.0000000000e+00
   -1.1560318496e+07   -5.4515636333e+06    1.0954442044e+07   -2.6994755789e+02   -1.4982585930e+02    2.5654649267e+02    3.8539030000e+16    2.0512510223e-05    0.0000000000e+00    1.0000000000e+00    0.0000000000e+00
    1.1577418731e+07   -4.2185496668e+06   -2.1537212391e+06    2.4275241718e+02   -1.1470798266e+02   -4.4837762887e+01    3.8539030000e+16    2.0512510223e-05    0.0000000000e+00    1.0000000000e+00    0.0000000000e+00
   -1.1407055728e+07   -5.8307635766e+06    3.5017855016e+07   -2.9188453294e+02   -1.6506484659e+02    8.9870630899e+02    3.8538700000e+16    2.0512334580e-05    0.0000000000e+00    1.0000000000e+00    0.0000000000e+00
   -1.9471414944e+07   -7.8722850511e+06    1.8884210505e+07   -4.9111631004e+02   -2.1688499421e+02    4.7707886525e+02    3.8538700000e+16    2.0512334580e-05    0.0000000000e+00    1.0000000000e+00    0.0000000000e+00
   -3.1122457923e+07   -1.0577145680e+05    1.6517366505e+07   -7.9763090655e+02   -1.6803205418e+01    4.2316353752e+02    3.8538420000e+16    2.0512185549e-05    0.0000000000e+00    1.0000000000e+00    0.0000000000e+00
    8.0247275752e+06   -7.0153173057e+06   -6.5298275079e+06    1.6456101095e+02   -1.7651845530e+02   -1.3257438406e+02    3.8538420000e+16    2.0512185549e-05    0.0000000000e+00    1.0000000000e+00    0.0000000000e+00
   -1.7990181442e+05   -4.8686337298e+06   -1.2896680327e+07   -5.6773520007e+00   -1.3158532914e+02   -2.8238832214e+02    3.8538420000e+16    2.0512185549e-05    0.0000000000e+00    1.0000000000e+00    0.0000000000e+00
   -7.6672773441e+06   -2.5005213240e+06   -1.3785268725e+07   -1.7834131261e+02   -7.7521670392e+01   -3.1858146992e+02    3.8538420000e+16    2.0512185549e-05    0.0000000000e+00    1.0000000000e+00    0.0000000000e+00
   -8.4668482401e+05   -3.2894930235e+06   -5.1219591382e+06   -3.2088842362e+00   -6.1668415676e+01   -1.7537694006e+01    3.8538420000e+16    2.0512185549e-05    0.0000000000e+00    1.0000000000e+00    0.0000000000e+00
   -9.7947306179e+06   -2.9446977506e+06    1.8830921362e+07   -2.4022426760e+02   -9.0960177017e+01    4.6341557499e+02    3.8538160000e+16    2.0512047163e-05    0.0000000000e+00    1.0000000000e+00    0.0000000000e+00
   -1.9128717825e+07   -8.0652220173e+06    2.1948851499e+07   -4.8513489061e+02   -2.2251808459e+02    5.5660857213e+02    3.8538160000e+16    2.0512047163e-05    0.0000000000e+00    1.0000000000e+00    0.0000000000e+00
    2.3391038651e+07   -9.3480021594e+06    5.4430312141e+06    5.8443104328e+02   -2.5384002022e+02    1.3791831207e+02    3.8538160000e+16    2.0512047163e-05    0.0000000000e+00    1.0000000000e+00    0.0000000000e+00
    4.3392079267e+07   -8.4683866290e+06    1.0580451100e+07    1.1195720289e+03   -2.3362970259e+02    2.7473743104e+02    3.8538160000e+16    2.0512047163e-05    0.0000000000e+00    1.0000000000e+00    0.0000000000e+00
   -3.3627908114e+06   -4.6373798903e+06   -3.0175855917e+06   -9.6434445407e+00   -8.1096024470e+01   -7.1896911472e+00    3.8538160000e+16    2.0512047163e-05    0.0000000000e+00    1.0000000000e+00    0.0000000000e+00
    3.5707470840e+07    2.3109321268e+06    1.1859146917e+07    9.1700134441e+02    4.5874974422e+01    3.0495662212e+02    3.8537820000e+16    2.0511866197e-05    0.0000000000e+00    1.0000000000e+00    0.0000000000e+00
    1.5486747524e+07   -8.5750925256e+06    1.4087193148e+07    3.8115862798e+02   -2.3259712767e+02    3.4740664902e+02    3.8537630000e+16    2.0511765069e-05    0.0000000000e+00    1.0000000000e+00    0.0000000000e+00
   -6.9904208951e+06   -5.0911558866e+06    6.7021672044e+06   -1.3133327808e+02   -1.2898689358e+02    1.2952530412e+02    3.8537630000e+16    2.0511765069e-05    0.0000000000e+00    1.0000000000e+00    0.0000000000e+00
    1.0085731118e+07   -6.6027813589e+06    3.3907222371e+07    2.5940360151e+02   -1.8498287346e+02    8.6821557968e+02    3.8537100000e+16    2.0511482975e-05    0.0000000000e+00    1.0000000000e+00    0.0000000000e+00
    2.6800452348e+05    6.1962076947e+05   -1.9651152671e+04   -1.1513025372e+02   -9.9820838508e+00   -3.0373281981e+00    3.8537100000e+16    2.0511482975e-05    0.0000000000e+00    1.0000000000e+00    0.0000000000e+00
    3.1797527129e+06   -5.7574240070e+06    1.7003544868e+04   -9.7597944920e+00   -9.1409076518e+01   -3.1502573095e+00    3.8537100000e+16    2.0511482975e-05    0.0000000000e+00    1.0000000000e+00    0.0000000000e+00
   -3.0730958203e+07   -2.4655375318e+06   -1.2824172661e+07   -7.8521122480e+02   -7.8316460213e+01   -3.2671934744e+02    3.8537100000e+16    2.0511482975e-05    0.0000000000e+00    1.0000000000e+00    0.0000000000e+00
   -2.6527471222e+06    9.6176700767e+04    2.3824375533e+07   -6.5632485635e+01   -1.2715279724e+01    5.9428271983e+02    3.8536610000e+16    2.0511222171e-05    0.0000000000e+00    1.0000000000e+00    0.0000000000e+00
    1.5285840412e+07   -4.0268727123e+06    6.9997527898e+06    3.6045409260e+02   -1.1516523574e+02    1.6504203099e+02    3.8536610000e+16    2.0511222171e-05    0.0000000000e+00    1.0000000000e+00    0.0000000000e+00
   -5.4423507174e+06   -9.6335748095e+06    1.5487335394e+07   -1.3006026815e+02   -2.5562203911e+02    3.6878923698e+02    3.8536050000e+16    2.0510924110e-05    0.0000000000e+00    1.0000000000e+00    0.0000000000e+00
    2.8091841393e+04   -1.9175695858e+06    5.4248295045e+04    1.0961034766e+02    1.9220326035e+02   -1.1262517114e+02    3.8536050000e+16    2.0510924110e-05    0.0000000000e+00    1.0000000000e+00    0.0000000000e+00
    1.4608717225e+07   -5.7499325357e+06    9.8646910632e+06    3.4906646110e+02   -1.6028336486e+02    2.3564989763e+02    3.8536050000e+16    2.0510924110e-05    0.0000000000e+00    1.0000000000e+00    0.0000000000e+00
    1.7796031947e+07   -5.2083204166e+06    3.2019935010e+07    4.5502513311e+02   -1.4883736608e+02    8.2213412226e+02    3.8536050000e+16    2.0510924110e-05    0.0000000000e+00    1.0000000000e+00    0.0000000000e+00
    2.4904985505e+07    4.2390514737e+06    4.8148753310e+07    6.4587140263e+02    9.7318196278e+01    1.2479441784e+03    3.8536050000e+16    2.0510924110e-05    0.0000000000e+00    1.0000000000e+00    0.0000000000e+00
   -2.8832430422e+07   -1.3206825101e+07   -8.0574370280e+05   -7.3217766644e+02   -3.5455491426e+02   -2.0429147309e+01    3.8536050000e+16    2.0510924110e-05    0.0000000000e+00    1.0000000000e+00    0.0000000000e+00
   -1.0021395878e+07   -4.3500162766e+06    1.4749701173e+07   -2.4026540512e+02   -1.2410491691e+02    3.5302993060e+02    3.8536050000e+16    2.0510924110e-05    0.0000000000e+00    1.0000000000e+00    0.0000000000e+00
   -4.2047414575e+07   -4.9875075560e+06    2.5867334364e+06   -1.0840419568e+03   -1.4320209966e+02    6.5400248286e+01    3.8536050000e+16    2.0510924110e-05    0.0000000000e+00    1.0000000000e+00    0.0000000000e+00
   -2.4954452332e+07    2.7894887411e+06   -3.6975558118e+07   -6.4470695461e+02    5.8727823675e+01   -9.5426273713e+02    3.8536050000e+16    2.0510924110e-05    0.0000000000e+00    1.0000000000e+00    0.0000000000e+00
    3.6309842101e+07   -9.6795235986e+06   -3.3149476459e+07    9.3899965671e+02   -2.6522201301e+02   -8.5715650748e+02    3.8536050000e+16    2.0510924110e-05    0.0000000000e+00    1.0000000000e+00    0.0000000000e+00
   -4.0666607692e+06   -8.2163884782e+06   -3.4801543419e+07   -1.0243614472e+02   -2.2688436336e+02   -8.9121234911e+02    3.8536050000e+16    2.0510924110e-05    0.0000000000e+00    1.0000000000e+00    0.0000000000e+00
    2.1850387863e+07   -1.2672927340e+07   -1.6020533796e+07    5.5231961749e+02   -3.4077779750e+02   -4.0515435054e+02    3.8536050000e+16    2.0510924110e-05    0.0000000000e+00    1.0000000000e+00    0.0000000000e+00
    2.0845135880e+07   -9.7759261202e+06   -3.6526997947e+07    5.3706119638e+02   -2.6747695403e+02   -9.4107335870e+02    3.8536050000e+16    2.0510924110e-05    0.0000000000e+00    1.0000000000e+00    0.0000000000e+00
   -2.7171701221e+06   -5.1839178243e+06   -2.5953771384e+07   -6.8293624986e+01   -1.4773383460e+02   -6.5241864520e+02    3.8536050000e+16    2.0510924110e-05    0.0000000000e+00    1.0000000000e+00    0.0000000000e+00
    4.6831127111e+06   -7.0410238465e+06    1.5501582396e+07    1.1087656795e+02   -1.9092658167e+02    3.6503923217e+02    3.8535010000e+16    2.0510370567e-05    0.0000000000e+00    1.0000000000e+00    0.0000000000e+00
   -8.7382768042e+06   -8.7401482645e+06    2.5183036412e+07   -2.2061846299e+02   -2.3883259665e+02    6.3475267086e+02    3.8535010000e+16    2.0510370567e-05    0.0000000000e+00    1.0000000000e+00    0.0000000000e+00
   -1.8866593592e+07   -5.1174168452e+06    1.3393132273e+07   -4.6886120991e+02   -1.4612770672e+02    3.3271235905e+02    3.8535010000e+16    2.0510370567e-05    0.0000000000e+00    1.0000000000e+00    0.0000000000e+00
    5.2308935294e+06   -6.3787289174e+06    4.8247995609e+05    5.4180809754e+01   -1.3192385314e+02    6.8204583053e+00    3.8535010000e+16    2.0510370567e-05    0.0000000000e+00    1.0000000000e+00    0.0000000000e+00
    2.0728610803e+07   -3.9422992092e+06   -2.3621414616e+06    5.0812212545e+02   -1.1501483053e+02   -5.8477681650e+01    3.8535010000e+16    2.0510370567e-05    0.0000000000e+00    1.0000000000e+00    0.0000000000e+00
   -2.2363069593e+07   -4.2122703548e+06   -1.3039929633e+07   -5.6246129430e+02   -1.2372690845e+02   -3.2614961700e+02    3.8535010000e+16    2.0510370567e-05    0.0000000000e+00    1.0000000000e+00    0.0000000000e+00
   -1.9987427550e+07    9.7926479524e+04   -3.0480100636e+07   -5.1213923701e+02   -1.1327474219e+01   -7.8276912148e+02    3.8535010000e+16    2.0510370567e-05    0.0000000000e+00    1.0000000000e+00    0.0000000000e+00
    6.0219555584e+06   -6.2131851086e+06   -4.0826351043e+06    9.6875300272e+01   -1.4410927149e+02   -6.0894603631e+01    3.8535010000e+16    2.0510370567e-05    0.0000000000e+00    1.0000000000e+00    0.0000000000e+00
    1.4180289429e+07   -9.7739395938e+06   -1.5652814669e+07    3.5080270299e+02   -2.6348469407e+02   -3.8582988124e+02    3.8535010000e+16    2.0510370567e-05    0.0000000000e+00    1.0000000000e+00    0.0000000000e+00
    3.9287216500e+05   -5.3567125958e+06   -8.8052557855e+06    7.4202791353e+00   -1.3330780370e+02   -1.5732539982e+02    3.8535010000e+16    2.0510370567e-05    0.0000000000e+00    1.0000000000e+00    0.0000000000e+00
    1.4312162468e+07   -9.5295180444e+06   -2.3132849913e+07    3.6273433008e+02   -2.5945694844e+02   -5.8346685979e+02    3.8535010000e+16    2.0510370567e-05    0.0000000000e+00    1.0000000000e+00    0.0000000000e+00
    2.4855084354e+06   -8.6775466569e+06   -2.7876104181e+07    6.2137843061e+01   -2.3805342256e+02   -7.0523891402e+02    3.8535010000e+16    2.0510370567e-05    0.0000000000e+00    1.0000000000e+00    0.0000000000e+00
    2.8442423293e+07   -1.7817337809e+06   -2.6308019043e+06    7.2018005129e+02   -6.0723851048e+01   -6.5832333680e+01    3.8534800000e+16    2.0510258794e-05    0.0000000000e+00    1.0000000000e+00    0.0000000000e+00
