#   x1                  x2                  x3                  v1                  v2                  v3                  mass                rel_mass            mat0_frac           mat1_frac           mat2_frac
    5.3710666844e+05   -1.8733086573e+03   -1.1088712516e+05    1.4514708859e+01   -2.0893805307e+01   -2.8124647748e+00    1.2500487668e+24    9.7354985823e-01    8.7126251856e-01    1.2873748144e-01    0.0000000000e+00
   -9.7005566540e+05    1.6328477210e+07   -2.7277803469e+05    2.0239767134e+03    1.2895029071e+03   -6.2805487942e+00    3.2669365800e+21    2.5443212527e-03    9.1675787291e-01    8.3242127094e-02    0.0000000000e+00
   -2.4849539701e+07   -4.0122028709e+06   -3.1616211589e+05   -2.0167374717e+03    1.3195988196e+03   -2.1352291280e+01    3.1995593400e+21    2.4918472179e-03    9.4653322479e-01    5.3466775209e-02    0.0000000000e+00
   -1.0444992298e+07    1.7956418296e+07   -3.1275623979e+05    6.9058553632e+02    2.3648261765e+03   -9.6854471810e+00    2.9985981300e+21    2.3353367179e-03    9.2697510620e-01    7.3024893803e-02    0.0000000000e+00
    5.9833832973e+06    1.1134948931e+07   -1.3882064522e+05    2.7045875957e+03   -5.3613799250e+02    6.6185996981e+00    2.7382779500e+21    2.1325968880e-03    8.5134129280e-01    1.4865870720e-01    0.0000000000e+00
   -2.1387350927e+07    6.3080502388e+06   -3.3357012876e+05   -1.0709772891e+03    2.0060328000e+03   -2.2253747955e+01    2.6798402200e+21    2.0870850286e-03    9.0637228364e-01    9.3627716357e-02    0.0000000000e+00
    8.3667655133e+06    5.4820670027e+06   -1.9709200912e+05    2.1152596686e+03   -2.4340193929e+03    1.7383666212e+01    2.1046632500e+21    1.6391317387e-03    9.0573926256e-01    9.4260737436e-02    0.0000000000e+00
   -1.7541198909e+07    1.3678603736e+07   -2.6691315385e+05   -3.6570265485e+02    2.4240211995e+03   -2.1095565495e+01    2.0615674100e+21    1.6055682890e-03    8.5566590326e-01    1.4433409674e-01    0.0000000000e+00
   -2.2667701781e+07    1.6615442528e+06   -3.2614449153e+05   -1.4349548609e+03    1.7320708252e+03   -1.3551309679e+01    1.7965832400e+21    1.3991960994e-03    8.9095201623e-01    1.0904798377e-01    0.0000000000e+00
   -2.5806549091e+07   -8.4379506140e+06   -3.3323819947e+05   -2.4076037111e+03    1.0303738314e+03   -2.8370710090e+01    5.9556036000e+20    4.6382806770e-04    9.5863955754e-01    4.1360442458e-02    0.0000000000e+00
   -1.5097870736e+07    1.6324527085e+07   -1.3227038690e+05   -5.1693057369e-01    2.5380763859e+03   -3.6182743537e+00    5.3960722000e+20    4.2025123057e-04    9.1145483561e-01    8.8545164388e-02    0.0000000000e+00
   -2.0257622000e+07    9.4122283027e+06   -3.8964959851e+05   -8.4187410382e+02    2.1389840601e+03   -2.2260386581e+01    5.2391776000e+20    4.0803213003e-04    9.4964280272e-01    5.0357197282e-02    0.0000000000e+00
    8.3896465839e+06    1.9087117428e+06   -5.8341010228e+04    1.0470747672e+03   -3.5029861816e+03    4.2636003425e+01    3.0071904000e+20    2.3420284594e-04    8.2992161055e-01    1.7007838945e-01    0.0000000000e+00
   -1.9694026486e+07    1.0808047404e+07   -2.1208262110e+05   -7.2937811215e+02    2.2515268444e+03   -3.6487779999e+01    2.4244316000e+20    1.8881703683e-04    1.0000000000e+00    0.0000000000e+00    0.0000000000e+00
   -2.6841418651e+07   -9.6798052748e+06   -7.9893444456e+04   -2.6127506040e+03    9.9485206168e+02   -2.7960435779e+01    2.3385071000e+20    1.8212515512e-04    1.0000000000e+00    0.0000000000e+00    0.0000000000e+00
   -5.9056320484e+06    1.7868940417e+07   -4.5675603295e+05    1.3715284843e+03    1.9347242335e+03   -1.8685460710e+01    1.2537394000e+20    9.7642415841e-05    6.1387190990e-01    3.8612809010e-01    0.0000000000e+00
   -2.3789887768e+07   -5.5573901478e+05   -4.8813663523e+05   -1.6492474713e+03    1.5363523975e+03   -6.6986616981e+01    1.0012939000e+20    7.7981720414e-05    7.3517985079e-01    2.6482014921e-01    0.0000000000e+00
   -2.3140130446e+07   -8.2919620369e+06    7.6516353334e+05   -1.8922218846e+03    9.9904340738e+02    6.3782668782e+01    8.0848260000e+19    6.2965393151e-05    1.0000000000e+00    0.0000000000e+00    0.0000000000e+00
   -1.9253434806e+07    1.1704769239e+07   -1.1843071033e+05   -6.3154575353e+02    2.3842909313e+03    3.7962197755e+01    7.3248060000e+19    5.7046285170e-05    1.0000000000e+00    0.0000000000e+00    0.0000000000e+00
   -1.2524700491e+07    1.5874719924e+07   -8.7548115315e+05    3.6976610870e+02    2.4029032384e+03   -2.5912496592e+02    5.0814470000e+19    3.9574792102e-05    0.0000000000e+00    1.0000000000e+00    0.0000000000e+00
   -5.2086109665e+06    1.7066607597e+07   -2.7347048624e+05    1.4961356593e+03    1.8752083849e+03    2.1705227312e+01    4.9855750000e+19    3.8828131856e-05    0.0000000000e+00    1.0000000000e+00    0.0000000000e+00
   -1.2411206640e+07   -1.7874296557e+07   -4.1373786193e+05   -1.8543765692e+03    2.8005366807e+02   -5.3926706369e+01    4.9520440000e+19    3.8566989241e-05    0.0000000000e+00    1.0000000000e+00    0.0000000000e+00
   -1.4528781132e+07    1.5643043168e+07   -1.1147435944e+06    8.0882520128e+01    2.5043288273e+03   -1.5425722133e+02    4.9173420000e+19    3.8296726768e-05    0.0000000000e+00    1.0000000000e+00    0.0000000000e+00
   -1.5216517100e+07   -1.1379869918e+07    3.6457564341e+05   -1.7138212580e+03    9.8044176300e+02    1.6606686240e+02    4.8127260000e+19    3.7481967418e-05    0.0000000000e+00    1.0000000000e+00    0.0000000000e+00
   -1.8968049454e+07    5.6680922203e+06    2.5454201845e+04   -8.6870895179e+02    2.0655013307e+03   -5.4133123951e+01    2.6694190000e+19    2.0789688834e-05    0.0000000000e+00    1.0000000000e+00    0.0000000000e+00
   -6.6149834999e+06    1.8333582639e+07    3.3388448485e+05    1.1766973813e+03    2.4103612627e+03    3.5832614841e+01    2.6694190000e+19    2.0789688834e-05    0.0000000000e+00    1.0000000000e+00    0.0000000000e+00
   -2.0428687701e+07    6.1638431666e+06   -8.3501404994e+05   -1.1640006537e+03    2.0773549698e+03   -2.3866691699e+02    2.6632190000e+19    2.0741402645e-05    0.0000000000e+00    1.0000000000e+00    0.0000000000e+00
   -2.0923079666e+07   -1.6144063547e+07   -7.9860718250e+04   -2.2005173977e+03    3.0484482151e+02    3.5992187631e+01    2.6632190000e+19    2.0741402645e-05    0.0000000000e+00    1.0000000000e+00    0.0000000000e+00
   -2.1310907669e+07    9.1994758334e+06    6.3215626987e+05   -8.9640326063e+02    2.0778578143e+03   -1.1550055713e+02    2.6616620000e+19    2.0729276581e-05    0.0000000000e+00    1.0000000000e+00    0.0000000000e+00
   -2.0822295867e+07   -1.3438224124e+07   -4.6236025106e+04   -2.1179982840e+03    5.5253748840e+02   -5.8182254123e+01    2.6616620000e+19    2.0729276581e-05    0.0000000000e+00    1.0000000000e+00    0.0000000000e+00
   -4.8575742285e+06   -2.2259003926e+07   -2.3600797921e+06   -1.6821653923e+03   -2.4103320686e+02    3.2697729891e+01    2.6616620000e+19    2.0729276581e-05    0.0000000000e+00    1.0000000000e+00    0.0000000000e+00
   -2.3156672291e+07    3.9073066920e+05    4.9889954150e+05   -1.5356277277e+03    1.5650444939e+03   -7.6310766187e+01    2.6601310000e+19    2.0717353008e-05    0.0000000000e+00    1.0000000000e+00    0.0000000000e+00
   -1.8790449719e+07    8.6770779203e+06   -4.3268875194e+05   -7.1911787708e+02    2.0742016481e+03   -7.3932581276e+01    2.6601310000e+19    2.0717353008e-05    0.0000000000e+00    1.0000000000e+00    0.0000000000e+00
   -2.1768404415e+07    1.8615181712e+06    6.9306453025e+05   -1.5032693398e+03    1.7545050591e+03    8.0394412656e+01    2.6601310000e+19    2.0717353008e-05    0.0000000000e+00    1.0000000000e+00    0.0000000000e+00
    6.2990801805e+06   -1.9132985145e+07    2.1513707576e+06   -1.5306155470e+03   -6.0698348012e+02    2.5681994624e+02    2.6583130000e+19    2.0703194251e-05    0.0000000000e+00    1.0000000000e+00    0.0000000000e+00
   -8.2601711177e+06   -3.6405191375e+06   -1.6294493102e+06   -6.5819545163e+02    2.9170710785e+03    2.5295518249e+02    2.6516280000e+19    2.0651130836e-05    0.0000000000e+00    1.0000000000e+00    0.0000000000e+00
   -1.8030471316e+07    1.2994153456e+07    4.9090140379e+05   -4.5498877629e+02    2.3437530593e+03   -5.7847261182e+01    2.6516280000e+19    2.0651130836e-05    0.0000000000e+00    1.0000000000e+00    0.0000000000e+00
   -2.1552896356e+07    1.0900131169e+07   -3.7874432985e+05   -9.2192480424e+02    2.2859206558e+03   -1.0699464044e+02    2.6516280000e+19    2.0651130836e-05    0.0000000000e+00    1.0000000000e+00    0.0000000000e+00
   -5.2821409279e+06   -2.3263016174e+07   -1.9423605336e+06   -1.7145700622e+03   -4.9395544182e+02   -5.2894970167e+01    2.6516280000e+19    2.0651130836e-05    0.0000000000e+00    1.0000000000e+00    0.0000000000e+00
    2.4197990619e+07   -1.8705422395e+07    1.7848264990e+05   -2.5133748871e+01   -1.4870574716e+03   -1.0981794943e+02    2.6516280000e+19    2.0651130836e-05    0.0000000000e+00    1.0000000000e+00    0.0000000000e+00
   -7.9743387407e+06   -1.3981420839e+07    4.5445542513e+05   -1.7545470921e+03    9.9917870602e+02    1.4644267940e+02    2.6516280000e+19    2.0651130836e-05    0.0000000000e+00    1.0000000000e+00    0.0000000000e+00
   -2.1092122361e+07   -6.3918632429e+06   -5.2221081619e+05   -1.9141947244e+03    1.2102893363e+03   -6.6922597946e+01    2.6516280000e+19    2.0651130836e-05    0.0000000000e+00    1.0000000000e+00    0.0000000000e+00
   -1.6467060088e+07   -1.4752738325e+07   -6.9127013471e+05   -1.8607417933e+03    4.5321343610e+02   -3.1793499947e+01    2.6516280000e+19    2.0651130836e-05    0.0000000000e+00    1.0000000000e+00    0.0000000000e+00
    6.0483674748e+06   -2.2779933967e+07    7.4278701289e+05   -1.3068354563e+03   -8.2742783885e+02    7.8094144644e+01    2.6516280000e+19    2.0651130836e-05    0.0000000000e+00    1.0000000000e+00    0.0000000000e+00
   -1.8735330027e+07   -1.6517601158e+07   -6.3448795441e+05   -2.0855337759e+03    3.1485042832e+02   -3.7910724698e+01    2.6516280000e+19    2.0651130836e-05    0.0000000000e+00    1.0000000000e+00    0.0000000000e+00
    5.5489565528e+06   -2.5996849576e+07   -2.6928570654e+06   -1.2097484371e+03   -1.1875780784e+03   -2.0170308431e+02    2.6516280000e+19    2.0651130836e-05    0.0000000000e+00    1.0000000000e+00    0.0000000000e+00
   -2.2003954068e+07    5.3049993886e+06   -1.1839954977e+06   -1.1438619982e+03    2.0307476586e+03    9.9876747878e+01    2.6516280000e+19    2.0651130836e-05    0.0000000000e+00    1.0000000000e+00    0.0000000000e+00
    2.1799794944e+06    1.0960132568e+07    7.2394103591e+05    2.7165710957e+03   -5.9400168560e+01   -7.6533231589e+01    2.6516280000e+19    2.0651130836e-05    0.0000000000e+00    1.0000000000e+00    0.0000000000e+00
    6.6695809833e+06    7.8003114121e+06    8.7289229414e+05    2.6104794751e+03   -1.5237286908e+03    1.3849061434e+02    2.6516280000e+19    2.0651130836e-05    0.0000000000e+00    1.0000000000e+00    0.0000000000e+00
    1.6047408445e+07   -1.5726456927e+07   -1.0585034787e+06   -9.4501643816e+02   -1.0743470641e+03    1.4518338275e+02    2.6516280000e+19    2.0651130836e-05    0.0000000000e+00    1.0000000000e+00    0.0000000000e+00
   -5.3365154844e+06   -2.0300560851e+07    1.0509986256e+06   -1.8030142013e+03   -1.0347140976e+02   -1.4839262392e+00    2.6509200000e+19    2.0645616864e-05    0.0000000000e+00    1.0000000000e+00    0.0000000000e+00
   -1.1407138163e+07   -2.2074024775e+07    1.3311518233e+06   -1.9636397710e+03   -3.0670576279e+02   -6.0757995178e+01    2.6449580000e+19    2.0599184242e-05    0.0000000000e+00    1.0000000000e+00    0.0000000000e+00
   -1.0539357177e+07   -2.2423853590e+07    7.6501890602e+05   -1.9148402913e+03   -3.2501129126e+02    5.3606588873e+00    2.6449580000e+19    2.0599184242e-05    0.0000000000e+00    1.0000000000e+00    0.0000000000e+00
    2.6856479910e+06   -1.3541403674e+07   -2.9378396605e+06   -2.2087342405e+03    2.4035521107e+02   -7.8124398572e+01    2.6449580000e+19    2.0599184242e-05    0.0000000000e+00    1.0000000000e+00    0.0000000000e+00
   -2.4232594449e+07   -7.2166543184e+06    1.2349996860e+05   -2.3326473628e+03    1.1867453887e+03   -1.0858254216e+02    2.6449580000e+19    2.0599184242e-05    0.0000000000e+00    1.0000000000e+00    0.0000000000e+00
    1.5255477090e+07   -1.8920503378e+07    1.3876287129e+05   -9.2860494685e+02   -1.0783311595e+03   -9.2660984698e+01    2.6449580000e+19    2.0599184242e-05    0.0000000000e+00    1.0000000000e+00    0.0000000000e+00
    1.3673743831e+07   -1.8676871218e+07   -1.3505760427e+06   -1.0365220701e+03   -9.8079872681e+02   -7.8579100826e+01    2.6449580000e+19    2.0599184242e-05    0.0000000000e+00    1.0000000000e+00    0.0000000000e+00
   -6.5646729297e+05   -2.4923633166e+07   -7.4587824736e+05   -1.5174044140e+03   -7.5352400887e+02   -6.4223578455e+01    2.6449580000e+19    2.0599184242e-05    0.0000000000e+00    1.0000000000e+00    0.0000000000e+00
    6.6888083498e+06   -2.5513355821e+07   -2.9982792509e+06   -1.1668700673e+03   -1.0724190222e+03   -1.5888533224e+02    2.6449580000e+19    2.0599184242e-05    0.0000000000e+00    1.0000000000e+00    0.0000000000e+00
   -2.5206682625e+07   -4.2927617318e+06    3.3177124845e+05   -2.1186796069e+03    1.3066646872e+03   -6.8149142745e+01    2.6448200000e+19    2.0598109485e-05    0.0000000000e+00    1.0000000000e+00    0.0000000000e+00
   -1.1047123702e+07   -1.7557366911e+07    3.4954600373e+05   -1.7900452809e+03    3.4651152491e+02    1.2407175089e+01    2.6417820000e+19    2.0574449252e-05    0.0000000000e+00    1.0000000000e+00    0.0000000000e+00
    1.1408915756e+07   -2.1331247005e+07    3.9745596459e+05   -1.0463341664e+03   -1.1261894433e+03   -3.8249635280e+01    2.6416290000e+19    2.0573257673e-05    0.0000000000e+00    1.0000000000e+00    0.0000000000e+00
   -2.5401112721e+07   -9.4675659232e+06   -5.0924348620e+05   -2.4741662089e+03    9.6288437358e+02   -1.5642339668e+02    2.6383030000e+19    2.0547354469e-05    0.0000000000e+00    1.0000000000e+00    0.0000000000e+00
    6.5221141882e+06   -2.3271041314e+07    1.5563073174e+06   -1.2506912583e+03   -1.0495449905e+03   -8.0169148581e+01    2.6349820000e+19    2.0521490206e-05    0.0000000000e+00    1.0000000000e+00    0.0000000000e+00
   -1.3606487428e+07   -1.3331806404e+07   -1.1327577643e+06   -1.7179860217e+03    8.6048475810e+02    5.6957238871e+01    2.6349820000e+19    2.0521490206e-05    0.0000000000e+00    1.0000000000e+00    0.0000000000e+00
   -2.4681827214e+06   -2.3519230718e+07    7.0762429405e+04   -1.6027212894e+03   -5.9366978289e+02    5.0642310508e+01    2.6349820000e+19    2.0521490206e-05    0.0000000000e+00    1.0000000000e+00    0.0000000000e+00
   -2.2996565261e+07    4.2081808740e+06   -3.3429625545e+05   -1.2590272650e+03    1.9558869423e+03   -2.2114459972e+01    2.6316640000e+19    2.0495649307e-05    0.0000000000e+00    1.0000000000e+00    0.0000000000e+00
    4.7720522165e+06   -2.0811968449e+07    2.3613013624e+05   -1.4081595846e+03   -5.0410155859e+02   -4.0083840538e+01    2.6316640000e+19    2.0495649307e-05    0.0000000000e+00    1.0000000000e+00    0.0000000000e+00
    4.3177847465e+06   -1.8647575401e+07   -1.6956663060e+06   -1.6848451700e+03   -4.3511713561e+02   -1.8837135255e+02    2.6316640000e+19    2.0495649307e-05    0.0000000000e+00    1.0000000000e+00    0.0000000000e+00
   -7.7222975549e+06    1.6659169315e+07   -4.8951198728e+05    1.2283828458e+03    1.9790320472e+03    3.1875154313e+01    2.6316640000e+19    2.0495649307e-05    0.0000000000e+00    1.0000000000e+00    0.0000000000e+00
   -2.1446926942e+07    3.8434194876e+06    2.2216612398e+05   -1.1043928231e+03    2.0228321694e+03   -3.4230310939e+01    2.6316640000e+19    2.0495649307e-05    0.0000000000e+00    1.0000000000e+00    0.0000000000e+00
   -2.4188314744e+07   -1.0163514668e+07   -1.7603913645e+05   -2.3375515396e+03    7.2553957912e+02   -6.3243549263e+01    2.6316640000e+19    2.0495649307e-05    0.0000000000e+00    1.0000000000e+00    0.0000000000e+00
    3.7893822988e+06   -1.9931017664e+07    7.5245021309e+05   -1.5420353675e+03   -3.9801495635e+02   -3.6922946596e+01    2.6316640000e+19    2.0495649307e-05    0.0000000000e+00    1.0000000000e+00    0.0000000000e+00
    8.0638864373e+06   -6.8376664714e+05    1.7982389557e+05   -3.8429594948e+02   -3.3058400970e+03    1.6232329298e+01    2.6316640000e+19    2.0495649307e-05    0.0000000000e+00    1.0000000000e+00    0.0000000000e+00
   -1.5045142165e+07   -1.0651211215e+07    1.6793364487e+06   -1.6198982641e+03    1.0542429856e+03    9.8004825572e+01    2.6316640000e+19    2.0495649307e-05    0.0000000000e+00    1.0000000000e+00    0.0000000000e+00
   -2.0300533358e+07   -7.3118940931e+06   -2.7209440341e+06   -1.6088021703e+03    1.2780713758e+03   -3.2649582201e+02    2.6316640000e+19    2.0495649307e-05    0.0000000000e+00    1.0000000000e+00    0.0000000000e+00
   -2.4563651103e+07   -6.3742097089e+06   -1.9822970905e+06   -2.1776426173e+03    9.0295438227e+02    1.6286947021e+02    2.6316640000e+19    2.0495649307e-05    0.0000000000e+00    1.0000000000e+00    0.0000000000e+00
   -1.9549832863e+06   -2.4248481270e+07   -1.0528644283e+06   -1.5740295945e+03   -6.1477400543e+02   -1.4098754294e+02    2.6283490000e+19    2.0469831772e-05    0.0000000000e+00    1.0000000000e+00    0.0000000000e+00
    3.0020825543e+06   -2.2665358738e+07    1.4081549967e+06   -1.4276236006e+03   -6.5152307267e+02    9.6086868545e+01    2.6283490000e+19    2.0469831772e-05    0.0000000000e+00    1.0000000000e+00    0.0000000000e+00
   -2.0092593244e+07   -1.0116241715e+07    5.4650858867e+05   -1.8483412966e+03    8.8583683019e+02    1.4549950715e+02    2.6283490000e+19    2.0469831772e-05    0.0000000000e+00    1.0000000000e+00    0.0000000000e+00
    2.0181557878e+07    3.5356781787e+07    1.1145040793e+07    1.4197752677e+03    7.4283079184e+02    7.8503256261e+02    2.6267090000e+19    2.0457059296e-05    0.0000000000e+00    1.0000000000e+00    0.0000000000e+00
   -1.8666854910e+06    1.5869689046e+07   -2.7424335185e+04    1.9021930142e+03    1.4847903302e+03   -1.5767772430e+02    2.6250390000e+19    2.0444053177e-05    0.0000000000e+00    1.0000000000e+00    0.0000000000e+00
    1.2466053053e+07   -1.8099429227e+07    8.2886921312e+04   -1.1416192621e+03   -9.8514823538e+02   -8.2428213038e+01    2.6250390000e+19    2.0444053177e-05    0.0000000000e+00    1.0000000000e+00    0.0000000000e+00
   -1.4269036336e+07    1.4749450423e+07   -1.5068446691e+06    5.5659151765e+01    2.4534948763e+03   -2.1705956806e+02    2.6250390000e+19    2.0444053177e-05    0.0000000000e+00    1.0000000000e+00    0.0000000000e+00
   -1.9330226974e+07   -3.2323002554e+06    9.5899060913e+05   -1.4278432826e+03    1.5391394297e+03    1.9369058605e+02    2.6250390000e+19    2.0444053177e-05    0.0000000000e+00    1.0000000000e+00    0.0000000000e+00
   -2.4770424882e+07   -5.3998348785e+06   -8.8123058417e+05   -2.2077499538e+03    1.2356242010e+03   -1.8310456444e+02    2.6250390000e+19    2.0444053177e-05    0.0000000000e+00    1.0000000000e+00    0.0000000000e+00
    2.0919959043e+06   -2.2489155094e+07   -1.3942813551e+06   -1.5435949638e+03   -6.5123510739e+02   -1.4558104023e+02    2.6250390000e+19    2.0444053177e-05    0.0000000000e+00    1.0000000000e+00    0.0000000000e+00
   -9.2300868333e+06   -1.9837794684e+07   -1.1259342772e+06   -1.8042511724e+03    8.2873238755e+01   -2.7580115411e+01    2.6250390000e+19    2.0444053177e-05    0.0000000000e+00    1.0000000000e+00    0.0000000000e+00
   -1.7939734951e+06   -1.9510268541e+07    6.1966771837e+05   -1.8083655859e+03   -4.3632990155e+01    6.1273720015e+01    2.6250390000e+19    2.0444053177e-05    0.0000000000e+00    1.0000000000e+00    0.0000000000e+00
   -8.0067242184e+06    9.9692565443e+06   -2.1295546656e+06    1.3078646021e+03    1.6387714580e+03    4.4650954356e+01    2.6250390000e+19    2.0444053177e-05    0.0000000000e+00    1.0000000000e+00    0.0000000000e+00
   -2.1618225523e+07   -1.1240081915e+07    9.3165917213e+05   -2.1642646026e+03    6.7796679029e+02    3.0136308078e+01    2.6217320000e+19    2.0418297947e-05    0.0000000000e+00    1.0000000000e+00    0.0000000000e+00
    7.3036943040e+05   -2.1917814794e+07    7.3762326811e+05   -1.5658930096e+03   -4.5234350452e+02   -1.0369613200e+02    2.6217320000e+19    2.0418297947e-05    0.0000000000e+00    1.0000000000e+00    0.0000000000e+00
   -3.3141568641e+06   -2.7094864224e+07   -3.8203986304e+05   -1.5693429910e+03   -9.5747626530e+02   -1.1236326092e+02    2.6184280000e+19    2.0392566081e-05    0.0000000000e+00    1.0000000000e+00    0.0000000000e+00
   -8.5821450093e+06   -1.9914631807e+07    6.5957510298e+04   -1.8252366840e+03    1.6797269117e+01   -4.3346488650e+00    2.6184280000e+19    2.0392566081e-05    0.0000000000e+00    1.0000000000e+00    0.0000000000e+00
   -4.5651035196e+06   -2.5805309523e+07   -6.3974344332e+05   -1.5814456418e+03   -6.9168804550e+02   -7.1741304604e+00    2.6184280000e+19    2.0392566081e-05    0.0000000000e+00    1.0000000000e+00    0.0000000000e+00
    9.0505883065e+06   -2.2952390360e+07    3.5989206659e+05   -1.1118697099e+03   -1.1158045899e+03    3.6614607291e+01    2.6177560000e+19    2.0387332481e-05    0.0000000000e+00    1.0000000000e+00    0.0000000000e+00
   -2.6349421197e+07   -6.9282820642e+06   -2.2466514881e+05   -2.3978983613e+03    1.0964856546e+03   -2.2865507908e+02    2.6118320000e+19    2.0341195806e-05    0.0000000000e+00    1.0000000000e+00    0.0000000000e+00
   -2.0577196481e+07    8.6903990975e+06    6.6304899125e+05   -8.4261767499e+02    2.1350768038e+03    5.4548811213e+01    2.6118320000e+19    2.0341195806e-05    0.0000000000e+00    1.0000000000e+00    0.0000000000e+00
    7.1047279066e+06    6.7675708191e+06    5.2083450648e+05    2.4316002873e+03   -2.1137533396e+03    1.1320573749e+02    2.6118320000e+19    2.0341195806e-05    0.0000000000e+00    1.0000000000e+00    0.0000000000e+00
   -2.3995738533e+07   -5.3812424791e+06   -4.1314337685e+05   -2.2284343482e+03    1.2904512994e+03   -1.5155775150e+02    2.6118320000e+19    2.0341195806e-05    0.0000000000e+00    1.0000000000e+00    0.0000000000e+00
   -1.0703477143e+07   -1.7267084786e+07    1.3298412723e+06   -1.8554828328e+03    3.5407966749e+02    6.9918056370e+01    2.6118320000e+19    2.0341195806e-05    0.0000000000e+00    1.0000000000e+00    0.0000000000e+00
   -2.0643056591e+07    1.0551829530e+07   -1.1315718504e+06   -8.4005802703e+02    2.2589069274e+03    1.3656328998e+01    2.6118320000e+19    2.0341195806e-05    0.0000000000e+00    1.0000000000e+00    0.0000000000e+00
   -2.1779832493e+07    7.8894004163e+06    2.7329248133e+05   -9.3050847629e+02    1.9845094622e+03    2.2572311648e+02    2.6118320000e+19    2.0341195806e-05    0.0000000000e+00    1.0000000000e+00    0.0000000000e+00
    3.6586620280e+06    1.2072435295e+07   -6.4022327498e+05    2.6482372124e+03    6.3147577731e+01   -1.3365583848e+02    2.6118240000e+19    2.0341133501e-05    0.0000000000e+00    1.0000000000e+00    0.0000000000e+00
   -2.1509487817e+07    6.8334310166e+06   -1.0721051536e+06   -1.2967078244e+03    1.9487070641e+03    6.3763967761e+01    2.6052490000e+19    2.0289926776e-05    0.0000000000e+00    1.0000000000e+00    0.0000000000e+00
   -5.2448246163e+06    1.6140916523e+07   -3.4126238288e+04    1.3928797245e+03    1.7284116655e+03   -8.3236948016e+01    2.6052490000e+19    2.0289926776e-05    0.0000000000e+00    1.0000000000e+00    0.0000000000e+00
    1.9814203671e+07   -8.5117394792e+06    7.2480595526e+05   -7.2946803201e+02   -1.1626688609e+03    5.2415849159e+01    2.6052490000e+19    2.0289926776e-05    0.0000000000e+00    1.0000000000e+00    0.0000000000e+00
   -2.0220807131e+07   -1.3464170415e+07   -1.3617061922e+06   -2.1518360884e+03    5.8567003213e+02   -1.7853983548e+01    2.6052490000e+19    2.0289926776e-05    0.0000000000e+00    1.0000000000e+00    0.0000000000e+00
    2.8541009874e+06   -2.3691894764e+07    1.9653629406e+06   -1.4434479847e+03   -8.8174124640e+02    8.3713446839e+00    2.6029790000e+19    2.0272247801e-05    0.0000000000e+00    1.0000000000e+00    0.0000000000e+00
   -2.3613440181e+07   -4.6393480439e+06   -1.0232524062e+06   -2.1203290999e+03    1.2935131249e+03   -1.3015360579e+02    2.6029790000e+19    2.0272247801e-05    0.0000000000e+00    1.0000000000e+00    0.0000000000e+00
   -8.6335117124e+05    1.5876462617e+07    4.2511140804e+05    1.9877409336e+03    1.2494472399e+03   -1.1807600573e+02    2.6019630000e+19    2.0264335096e-05    0.0000000000e+00    1.0000000000e+00    0.0000000000e+00
   -1.1574947654e+07   -2.2492927761e+07    1.7181082683e+05   -1.8664261004e+03   -3.2175302698e+02   -1.7500883533e+02    2.6019630000e+19    2.0264335096e-05    0.0000000000e+00    1.0000000000e+00    0.0000000000e+00
    7.6545386059e+06   -1.9549750785e+07   -2.1061607825e+05   -1.4468753560e+03   -6.9399871348e+02   -1.5915489934e+01    2.6019630000e+19    2.0264335096e-05    0.0000000000e+00    1.0000000000e+00    0.0000000000e+00
   -1.6250729818e+07   -9.3462289539e+06   -7.6036415399e+05   -1.5557249004e+03    1.1839987868e+03   -2.2743227442e+01    2.6019630000e+19    2.0264335096e-05    0.0000000000e+00    1.0000000000e+00    0.0000000000e+00
   -1.8577960278e+07   -7.1918167428e+06   -6.3986637417e+05   -1.6736519784e+03    1.2624414495e+03   -1.9944521128e+01    2.6019630000e+19    2.0264335096e-05    0.0000000000e+00    1.0000000000e+00    0.0000000000e+00
    8.3963277961e+05   -2.5678500322e+07   -2.9638868271e+05   -1.4253154927e+03   -9.5023745635e+02    1.0434040462e+01    2.6019630000e+19    2.0264335096e-05    0.0000000000e+00    1.0000000000e+00    0.0000000000e+00
    5.2335675368e+05   -2.3993853885e+07   -1.1033861954e+06   -1.4841609309e+03   -7.9007870585e+02    7.7323303827e+01    2.5986800000e+19    2.0238766780e-05    0.0000000000e+00    1.0000000000e+00    0.0000000000e+00
    3.3080193218e+05    1.5059378589e+07    3.6983649878e+05    2.1521363240e+03    1.0543719803e+03    1.9067481868e+02    2.5986800000e+19    2.0238766780e-05    0.0000000000e+00    1.0000000000e+00    0.0000000000e+00
    2.4077153151e+07    7.9188855943e+06   -1.2893064824e+07    8.2516568277e+02   -9.7490210733e+02   -5.3266032771e+02    2.5971170000e+19    2.0226593988e-05    0.0000000000e+00    1.0000000000e+00    0.0000000000e+00
   -2.8829452613e+06    1.4026873913e+07   -4.8535968751e+05    1.9798703130e+03    1.3848949186e+03    3.6463549585e+01    2.5921230000e+19    2.0187700241e-05    0.0000000000e+00    1.0000000000e+00    0.0000000000e+00
   -1.0223973366e+06   -2.7459993286e+07   -1.6158090182e+06   -1.4665452038e+03   -1.0476979353e+03   -2.1998443742e+02    2.5921230000e+19    2.0187700241e-05    0.0000000000e+00    1.0000000000e+00    0.0000000000e+00
   -3.1382558059e+05   -2.1752993987e+07    1.1622865368e+06   -1.6470791878e+03   -4.3307246814e+02    5.7981821168e+01    2.5921230000e+19    2.0187700241e-05    0.0000000000e+00    1.0000000000e+00    0.0000000000e+00
   -7.9016096302e+06   -1.1860967453e+07   -1.7320910558e+06   -1.6831806119e+03    1.3541873409e+03   -1.0536754019e+02    2.5921230000e+19    2.0187700241e-05    0.0000000000e+00    1.0000000000e+00    0.0000000000e+00
   -5.9373739446e+06   -2.1721753647e+07   -1.5494766657e+06   -1.7055518139e+03   -2.7836011220e+02   -6.1339473149e+01    2.5921230000e+19    2.0187700241e-05    0.0000000000e+00    1.0000000000e+00    0.0000000000e+00
   -1.1125187183e+07    1.6804914638e+07    4.0119714677e+05    5.1740805358e+02    2.4756747748e+03    1.4577233488e+02    2.5921230000e+19    2.0187700241e-05    0.0000000000e+00    1.0000000000e+00    0.0000000000e+00
   -2.0417671724e+07   -9.4887834382e+06    6.6870136809e+05   -1.7117883455e+03    1.0034000048e+03   -1.1348276960e+02    2.5921230000e+19    2.0187700241e-05    0.0000000000e+00    1.0000000000e+00    0.0000000000e+00
   -2.1949707964e+07    1.0119581632e+07   -5.0960433466e+05   -9.2940981044e+02    2.1188763820e+03    3.5132550373e+00    2.5888500000e+19    2.0162209806e-05    0.0000000000e+00    1.0000000000e+00    0.0000000000e+00
    2.7262705749e+06    1.4089083637e+07    8.0512694896e+05    2.5542578013e+03    6.4851887780e+02   -7.1632743174e+01    2.5883740000e+19    2.0158502673e-05    0.0000000000e+00    1.0000000000e+00    0.0000000000e+00
   -2.1755635071e+07   -1.0760946476e+07    1.3919635536e+06   -2.2483615745e+03    4.9374241059e+02    1.5147730297e+01    2.5883740000e+19    2.0158502673e-05    0.0000000000e+00    1.0000000000e+00    0.0000000000e+00
   -1.4263233702e+07   -1.7768170695e+07    2.9855398378e+05   -1.8487907142e+03    2.2515239389e+02   -7.0580235867e+01    2.5855790000e+19    2.0136734947e-05    0.0000000000e+00    1.0000000000e+00    0.0000000000e+00
    1.3712115521e+07   -2.1777441048e+07   -1.0832640647e+06   -8.4505698864e+02   -1.2603020641e+03   -2.3558520507e+01    2.5855790000e+19    2.0136734947e-05    0.0000000000e+00    1.0000000000e+00    0.0000000000e+00
   -1.3270281755e+07    1.4767008584e+07   -1.8063420365e+05    1.7143721695e+02    2.3119026660e+03   -1.0547520648e+02    2.5855790000e+19    2.0136734947e-05    0.0000000000e+00    1.0000000000e+00    0.0000000000e+00
    1.2706765796e+07   -2.1401303135e+07   -1.1524514455e+05   -9.5115949197e+02   -1.0042863580e+03   -5.4245631633e+01    2.5855790000e+19    2.0136734947e-05    0.0000000000e+00    1.0000000000e+00    0.0000000000e+00
   -5.3165266675e+04    1.4587509506e+07    6.8487021715e+05    2.2360789268e+03    1.1091439398e+03    8.8671357275e+00    2.5855790000e+19    2.0136734947e-05    0.0000000000e+00    1.0000000000e+00    0.0000000000e+00
    1.6641898217e+07   -1.9192887418e+07   -1.6972359777e+06   -7.2372657684e+02   -1.2185104561e+03   -9.6493341511e+01    2.5855790000e+19    2.0136734947e-05    0.0000000000e+00    1.0000000000e+00    0.0000000000e+00
   -2.0730575638e+07   -3.2578973257e+06    1.2186737461e+06   -1.5854332537e+03    1.4540427005e+03   -7.1380535399e+01    2.5796890000e+19    2.0090863068e-05    0.0000000000e+00    1.0000000000e+00    0.0000000000e+00
   -2.1269471206e+07    5.4146814783e+06    2.5795679934e+05   -1.1959589775e+03    2.0847575951e+03    2.4370482310e+02    2.5796890000e+19    2.0090863068e-05    0.0000000000e+00    1.0000000000e+00    0.0000000000e+00
    1.5167213922e+07   -1.9114818324e+07   -1.8530833474e+06   -8.6038267522e+02   -1.2068782532e+03   -4.4562453376e+01    2.5790480000e+19    2.0085870899e-05    0.0000000000e+00    1.0000000000e+00    0.0000000000e+00
   -1.2883265182e+06    1.6781189219e+07    4.6009045349e+05    1.8990946564e+03    1.3106955907e+03   -5.8719811460e+01    2.5790480000e+19    2.0085870899e-05    0.0000000000e+00    1.0000000000e+00    0.0000000000e+00
   -1.2654019739e+07   -1.6368886272e+07   -7.8604296716e+05   -1.8358877351e+03    4.0593525219e+02   -7.2901191166e+00    2.5790480000e+19    2.0085870899e-05    0.0000000000e+00    1.0000000000e+00    0.0000000000e+00
   -7.4872941917e+06   -1.9565690628e+07   -6.9996559106e+05   -1.7402021789e+03    1.5839556853e+02    5.7626010305e+01    2.5790480000e+19    2.0085870899e-05    0.0000000000e+00    1.0000000000e+00    0.0000000000e+00
   -2.3141842803e+07    4.9891961808e+06   -2.0415213777e+05   -1.1312123435e+03    1.9532115599e+03    8.3124053142e+01    2.5790480000e+19    2.0085870899e-05    0.0000000000e+00    1.0000000000e+00    0.0000000000e+00
   -1.0001784907e+07   -1.4923488638e+07   -1.0223233459e+06   -1.6930290426e+03    7.3707338114e+02   -8.5159117407e+01    2.5725290000e+19    2.0035100307e-05    0.0000000000e+00    1.0000000000e+00    0.0000000000e+00
   -1.8571808885e+07   -1.2645885833e+07   -5.3590283696e+05   -1.9789332979e+03    7.2111112522e+02   -5.3214373572e+01    2.5725290000e+19    2.0035100307e-05    0.0000000000e+00    1.0000000000e+00    0.0000000000e+00
   -1.4082051872e+07   -1.3052572279e+07    1.7998976607e+05   -1.7159596445e+03    7.7138154813e+02   -1.7945312720e+02    2.5725290000e+19    2.0035100307e-05    0.0000000000e+00    1.0000000000e+00    0.0000000000e+00
   -1.3124513984e+07   -1.5556307410e+07   -1.1257818033e+06   -1.7474918880e+03    5.5578828902e+02   -2.5384089045e+01    2.5725290000e+19    2.0035100307e-05    0.0000000000e+00    1.0000000000e+00    0.0000000000e+00
   -1.5399973805e+07   -1.6328574142e+07   -3.7803294879e+05   -1.9265208572e+03    3.1331886904e+02   -9.2537745804e+01    2.5725290000e+19    2.0035100307e-05    0.0000000000e+00    1.0000000000e+00    0.0000000000e+00
    1.3796726725e+07   -1.5158686687e+07   -1.1726980834e+06   -1.2124310548e+03   -9.8558989840e+02   -5.1667578538e+01    2.5725290000e+19    2.0035100307e-05    0.0000000000e+00    1.0000000000e+00    0.0000000000e+00
   -2.0467208477e+07   -1.2445727942e+07    7.2208235893e+05   -2.1337035018e+03    6.8843500395e+02   -7.0476920140e+00    2.5725290000e+19    2.0035100307e-05    0.0000000000e+00    1.0000000000e+00    0.0000000000e+00
   -2.3219616904e+07   -7.5854404874e+05    3.3538009036e+05   -1.7893903006e+03    1.5521048284e+03    3.2636616526e+01    2.5725290000e+19    2.0035100307e-05    0.0000000000e+00    1.0000000000e+00    0.0000000000e+00
   -1.5972104320e+07   -1.8209873303e+07   -1.0551999265e+06   -1.9626060844e+03    1.9230653810e+02   -9.5180325712e+01    2.5660220000e+19    1.9984423173e-05    0.0000000000e+00    1.0000000000e+00    0.0000000000e+00
   -1.2155808257e+07   -1.3030436994e+07   -1.0692065056e+06   -1.8048396964e+03    9.4921192393e+02   -1.2480328809e+01    2.5660220000e+19    1.9984423173e-05    0.0000000000e+00    1.0000000000e+00    0.0000000000e+00
   -3.2235125470e+06   -1.1880351687e+07    2.4788558328e+06   -2.1815818743e+03    1.1412818885e+03   -6.4522957441e+01    2.5660220000e+19    1.9984423173e-05    0.0000000000e+00    1.0000000000e+00    0.0000000000e+00
    2.7658716396e+07   -1.3202124298e+07    9.3949348127e+05    1.9647539576e+02   -1.3053266651e+03    7.4806605448e+01    2.5595260000e+19    1.9933831708e-05    0.0000000000e+00    1.0000000000e+00    0.0000000000e+00
   -1.7795241743e+07   -1.2508907814e+07    5.8904491248e+05   -1.9558573584e+03    7.6045115310e+02    1.0561126335e+02    2.5595260000e+19    1.9933831708e-05    0.0000000000e+00    1.0000000000e+00    0.0000000000e+00
   -8.1697155099e+06   -2.3582527001e+07   -2.1013858348e+04   -1.8354955315e+03   -5.4074221524e+02   -9.9202871476e+01    2.5568030000e+19    1.9912624725e-05    0.0000000000e+00    1.0000000000e+00    0.0000000000e+00
   -1.2813985614e+07    1.1699322539e+07    4.6435022587e+04    3.5824032407e+02    2.1737071192e+03   -4.0160763544e+01    2.5568030000e+19    1.9912624725e-05    0.0000000000e+00    1.0000000000e+00    0.0000000000e+00
   -7.4049570752e+06   -2.3018060531e+07   -1.4242562473e+06   -1.7740203309e+03   -3.8313792633e+02   -1.2442818809e+02    2.5562820000e+19    1.9908567127e-05    0.0000000000e+00    1.0000000000e+00    0.0000000000e+00
    1.4582443615e+07   -1.7462527805e+07   -1.8977920001e+06   -9.0331511990e+02   -9.3203566290e+02   -1.6188767604e+02    2.5562820000e+19    1.9908567127e-05    0.0000000000e+00    1.0000000000e+00    0.0000000000e+00
    1.6050873811e+07   -1.9102576961e+07   -1.2776415027e+05   -6.1468907089e+02   -1.2064121927e+03   -6.4635441794e+01    2.5562820000e+19    1.9908567127e-05    0.0000000000e+00    1.0000000000e+00    0.0000000000e+00
   -1.3830348371e+07    1.7948338764e+07    7.4983762035e+04    2.1855131379e+02    2.5378807497e+03   -2.5465355714e+01    2.5530410000e+19    1.9883325911e-05    0.0000000000e+00    1.0000000000e+00    0.0000000000e+00
   -7.7532154109e+06   -1.8743049309e+07    1.7450801528e+06   -1.8116868210e+03    1.0220554192e+02   -7.7549189966e+01    2.5530410000e+19    1.9883325911e-05    0.0000000000e+00    1.0000000000e+00    0.0000000000e+00
   -9.7853073177e+06   -2.1076418451e+07   -1.6222257400e+06   -1.8106966900e+03   -7.1045630208e+01    5.5163910097e+01    2.5530410000e+19    1.9883325911e-05    0.0000000000e+00    1.0000000000e+00    0.0000000000e+00
    3.5214282986e+06   -2.4803210157e+07    2.3095429694e+04   -1.3541956395e+03   -8.5209004388e+02    6.0136595310e+01    2.5530410000e+19    1.9883325911e-05    0.0000000000e+00    1.0000000000e+00    0.0000000000e+00
   -1.6300057658e+07   -1.0514948628e+07    5.6775852957e+05   -1.6868774252e+03    9.8656607444e+02   -7.9386937626e+01    2.5530410000e+19    1.9883325911e-05    0.0000000000e+00    1.0000000000e+00    0.0000000000e+00
   -1.2300646899e+07   -2.3135834251e+07   -7.5875093886e+05   -1.9560083942e+03   -4.0004007479e+02   -2.0927253176e+00    2.5530410000e+19    1.9883325911e-05    0.0000000000e+00    1.0000000000e+00    0.0000000000e+00
   -1.0124071976e+07   -1.6572229152e+07    5.0014444598e+05   -1.7898088428e+03    4.7767170262e+02    1.3639046448e+02    2.5498030000e+19    1.9858108060e-05    0.0000000000e+00    1.0000000000e+00    0.0000000000e+00
   -5.8263205964e+05   -1.6343270512e+07    5.4274924524e+05   -1.8008206994e+03    3.5954948811e+02   -6.9146521493e+01    2.5483180000e+19    1.9846542739e-05    0.0000000000e+00    1.0000000000e+00    0.0000000000e+00
    6.6354783340e+06    7.4475178654e+06    8.1038728104e+04    2.5673955211e+03   -1.8385231290e+03    3.2344497707e+02    2.5483180000e+19    1.9846542739e-05    0.0000000000e+00    1.0000000000e+00    0.0000000000e+00
   -4.7725844772e+06    4.2952315412e+06   -7.3984907240e+05    2.1271418134e+03    2.3465703071e+03    5.4211946048e+02    2.5465670000e+19    1.9832905784e-05    0.0000000000e+00    1.0000000000e+00    0.0000000000e+00
   -2.3386018940e+07   -1.3382253252e+06    7.8054775853e+05   -1.9292452305e+03    1.4994127649e+03   -5.3716764447e+01    2.5465670000e+19    1.9832905784e-05    0.0000000000e+00    1.0000000000e+00    0.0000000000e+00
   -1.6899527841e+06   -2.0670904100e+07    1.4017630715e+06   -1.7533865571e+03   -2.9068524257e+02    3.8368072995e+01    2.5465670000e+19    1.9832905784e-05    0.0000000000e+00    1.0000000000e+00    0.0000000000e+00
   -1.0650063026e+07   -1.2025744737e+07   -3.1827022686e+05   -1.6867485049e+03    1.1391953142e+03    1.5265690784e+02    2.5465670000e+19    1.9832905784e-05    0.0000000000e+00    1.0000000000e+00    0.0000000000e+00
   -1.0531251433e+06   -1.3765159821e+07    3.5587607952e+04   -2.0477073283e+03    7.7366403814e+02    3.1463619418e+01    2.5465670000e+19    1.9832905784e-05    0.0000000000e+00    1.0000000000e+00    0.0000000000e+00
    7.2854760056e+06   -1.5449772479e+07    2.1101689346e+06   -1.7848433431e+03   -4.9834898993e+02    6.6166930234e+01    2.5455010000e+19    1.9824603675e-05    0.0000000000e+00    1.0000000000e+00    0.0000000000e+00
   -2.2632227386e+07   -2.2454241829e+06    7.6284101832e+04   -1.7998641716e+03    1.3685994665e+03    1.1324007499e+02    2.5455010000e+19    1.9824603675e-05    0.0000000000e+00    1.0000000000e+00    0.0000000000e+00
    2.1993818992e+06    1.4724249062e+07    6.2804970242e+05    2.4114217755e+03    5.9089567793e+02    1.9337753840e+01    2.5433350000e+19    1.9807734661e-05    0.0000000000e+00    1.0000000000e+00    0.0000000000e+00
   -2.4379042285e+07   -8.3715857433e+06   -3.5992054110e+05   -2.3940807644e+03    1.0081547400e+03    3.6205659003e+01    2.5433350000e+19    1.9807734661e-05    0.0000000000e+00    1.0000000000e+00    0.0000000000e+00
   -2.2134060375e+05   -2.6460792362e+07   -5.0902394832e+05   -1.4770072965e+03   -8.9488694807e+02   -3.8251948888e+01    2.5401040000e+19    1.9782571326e-05    0.0000000000e+00    1.0000000000e+00    0.0000000000e+00
   -1.3618603734e+07   -1.7566917938e+07   -2.5731791164e+04   -1.9795445406e+03    2.5855644533e+02   -7.5018189935e+01    2.5342870000e+19    1.9737267977e-05    0.0000000000e+00    1.0000000000e+00    0.0000000000e+00
   -1.0040802947e+07    1.7904694620e+07    3.4250987370e+05    7.7881674778e+02    2.3396602535e+03   -2.7674518509e+01    2.5336510000e+19    1.9732314749e-05    0.0000000000e+00    1.0000000000e+00    0.0000000000e+00
    1.5010695855e+07   -1.7258918473e+06    1.2755308599e+07   -6.5962228630e+02   -1.2702836186e+03    5.8118053079e+02    2.5336510000e+19    1.9732314749e-05    0.0000000000e+00    1.0000000000e+00    0.0000000000e+00
   -2.2004767364e+07    3.6239558494e+06    5.2178424486e+05   -1.3904181051e+03    1.8059994201e+03   -9.9977535158e+01    2.5336510000e+19    1.9732314749e-05    0.0000000000e+00    1.0000000000e+00    0.0000000000e+00
   -3.7044243625e+06   -9.1174264245e+06   -2.4004374244e+06   -2.3028033714e+03    1.8650291407e+03    1.0927035840e+02    2.5336510000e+19    1.9732314749e-05    0.0000000000e+00    1.0000000000e+00    0.0000000000e+00
    1.6753968106e+07   -1.6388727664e+07   -4.6660074480e+05   -8.5498961909e+02   -1.1572330532e+03    5.3674325342e+01    2.5336510000e+19    1.9732314749e-05    0.0000000000e+00    1.0000000000e+00    0.0000000000e+00
    9.5091213277e+06    1.6450058413e+06   -3.2871573652e+04    1.2576523685e+03   -3.1936092272e+03    4.2798586973e+02    2.5336510000e+19    1.9732314749e-05    0.0000000000e+00    1.0000000000e+00    0.0000000000e+00
    7.1188613691e+06   -2.1438409185e+07   -4.4482277427e+05   -1.3159905072e+03   -7.9759721369e+02    3.1216352760e+01    2.5336510000e+19    1.9732314749e-05    0.0000000000e+00    1.0000000000e+00    0.0000000000e+00
   -1.1888931420e+07   -1.7330596730e+07   -4.0705427516e+05   -1.8638272918e+03    3.1691159911e+02    6.6450127194e+01    2.5336510000e+19    1.9732314749e-05    0.0000000000e+00    1.0000000000e+00    0.0000000000e+00
    5.0113773932e+07    2.9816484049e+07    1.0739137057e+07    2.7259045382e+03    8.7617019112e+02    7.9146547731e+02    2.5287130000e+19    1.9693857136e-05    0.0000000000e+00    1.0000000000e+00    0.0000000000e+00
   -1.7400696318e+06   -2.8567296408e+07   -4.4742477248e+05   -1.4909239226e+03   -1.1518253579e+03   -6.0000976708e+01    2.5272080000e+19    1.9682136053e-05    0.0000000000e+00    1.0000000000e+00    0.0000000000e+00
    4.8253535756e+07   -8.6863145493e+06    1.0230198457e+07    2.2609513285e+03   -1.1721313465e+03    5.6661997434e+02    2.5272080000e+19    1.9682136053e-05    0.0000000000e+00    1.0000000000e+00    0.0000000000e+00
    1.6348986679e+07   -1.8219284090e+07   -6.4872630143e+05   -8.3025476888e+02   -1.2278200469e+03   -9.0242442507e+01    2.5272080000e+19    1.9682136053e-05    0.0000000000e+00    1.0000000000e+00    0.0000000000e+00
   -9.0265499683e+06   -1.0210757531e+07   -3.9072829132e+05   -1.4595988904e+03    1.6219267788e+03   -1.3985016686e+02    2.5239910000e+19    1.9657081751e-05    0.0000000000e+00    1.0000000000e+00    0.0000000000e+00
   -1.1883565389e+07   -1.4314608909e+07    1.1875778309e+07    2.9620633620e+02    7.6170878325e+02   -1.1002887835e+03    2.5239910000e+19    1.9657081751e-05    0.0000000000e+00    1.0000000000e+00    0.0000000000e+00
    3.4264985750e+06   -2.1239496356e+07    1.7234006024e+06   -1.4377552151e+03   -5.0329996720e+02    6.1503703311e+01    2.5239910000e+19    1.9657081751e-05    0.0000000000e+00    1.0000000000e+00    0.0000000000e+00
   -1.4228511150e+07   -1.6701173464e+07   -6.5644091776e+05   -1.8726870852e+03    3.7778398125e+02   -1.6229089592e+02    2.5239910000e+19    1.9657081751e-05    0.0000000000e+00    1.0000000000e+00    0.0000000000e+00
   -1.1254278981e+07    1.8168135622e+07    8.2208724763e+05    4.8194217517e+02    2.6771979038e+03    1.8926778960e+01    2.5239910000e+19    1.9657081751e-05    0.0000000000e+00    1.0000000000e+00    0.0000000000e+00
   -2.1574898712e+07   -4.9044492251e+06   -7.6934812435e+05   -1.8610362735e+03    1.3661025672e+03   -5.9946502963e+01    2.5239910000e+19    1.9657081751e-05    0.0000000000e+00    1.0000000000e+00    0.0000000000e+00
   -8.7111939275e+05   -2.5319842966e+07    1.3203027650e+06   -1.5777163689e+03   -8.7680276397e+02   -1.9659951404e+01    2.5207750000e+19    1.9632035237e-05    0.0000000000e+00    1.0000000000e+00    0.0000000000e+00
   -3.8299998368e+06    1.6219699598e+07    3.9352048353e+05    1.7155396278e+03    1.7438917074e+03    1.7243209490e+02    2.5176250000e+19    1.9607502738e-05    0.0000000000e+00    1.0000000000e+00    0.0000000000e+00
   -1.7921486277e+07   -1.3557535763e+07   -6.2945755207e+05   -1.9257513096e+03    6.0223046048e+02    3.2639813056e+00    2.5175620000e+19    1.9607012088e-05    0.0000000000e+00    1.0000000000e+00    0.0000000000e+00
   -1.1227286468e+07    1.7308925090e+07   -6.0817537330e+05    5.1353829556e+02    2.6055482109e+03    9.6413980598e+01    2.5175620000e+19    1.9607012088e-05    0.0000000000e+00    1.0000000000e+00    0.0000000000e+00
   -1.3076640146e+07   -2.2328693402e+07   -1.2031274234e+06   -1.8906913096e+03   -2.1509823406e+02   -6.2455247781e+01    2.5143510000e+19    1.9582004515e-05    0.0000000000e+00    1.0000000000e+00    0.0000000000e+00
   -1.1717728857e+07    1.8269600707e+07   -9.7466708925e+05    5.7236473075e+02    2.4212449098e+03    1.2760831594e+01    2.5143510000e+19    1.9582004515e-05    0.0000000000e+00    1.0000000000e+00    0.0000000000e+00
   -1.9676415698e+07   -4.3300928489e+06   -2.0515043443e+06   -1.6261007109e+03    1.5923130077e+03   -2.1237557982e+02    2.5143510000e+19    1.9582004515e-05    0.0000000000e+00    1.0000000000e+00    0.0000000000e+00
    8.9796424989e+06   -2.3492294753e+07   -5.6732922523e+05   -1.1909789965e+03   -1.2120011593e+03   -4.8087845268e+01    2.5143510000e+19    1.9582004515e-05    0.0000000000e+00    1.0000000000e+00    0.0000000000e+00
    8.5499234759e+06   -2.5162342265e+07   -1.5036789029e+06   -1.0825782432e+03   -1.1912638225e+03   -9.0232508614e+01    2.5143510000e+19    1.9582004515e-05    0.0000000000e+00    1.0000000000e+00    0.0000000000e+00
   -3.6801781972e+06    1.4869954067e+07    1.4905957376e+06    1.8073219824e+03    1.4970012809e+03    2.5312254384e+02    2.5143510000e+19    1.9582004515e-05    0.0000000000e+00    1.0000000000e+00    0.0000000000e+00
    8.9519189275e+06   -1.4489158853e+04   -8.1589277038e+03    6.2341249865e+02   -3.5500169368e+03    1.2285285345e+02    2.5143510000e+19    1.9582004515e-05    0.0000000000e+00    1.0000000000e+00    0.0000000000e+00
    7.3949938076e+06    5.4519759460e+06    1.1194803999e+05    2.1680838475e+03   -2.5239395346e+03    1.1227473728e+02    2.5143510000e+19    1.9582004515e-05    0.0000000000e+00    1.0000000000e+00    0.0000000000e+00
    1.7547261522e+07    1.9197605100e+07   -9.0785377214e+06    1.0169263574e+03   -5.5348801050e+02   -7.2226326756e+02    2.5121110000e+19    1.9564559182e-05    0.0000000000e+00    1.0000000000e+00    0.0000000000e+00
    1.1089915328e+07   -1.7324990523e+07   -3.5849403678e+05   -1.3317294348e+03   -9.1860686884e+02   -6.2325180653e+01    2.5079370000e+19    1.9532051673e-05    0.0000000000e+00    1.0000000000e+00    0.0000000000e+00
    3.4895306789e+06   -1.9383513775e+07   -7.3128188925e+05   -1.6741996257e+03   -4.1417378193e+02   -1.2653837853e+02    2.5066170000e+19    1.9521771388e-05    0.0000000000e+00    1.0000000000e+00    0.0000000000e+00
   -1.5695868262e+07   -9.7566901241e+06   -4.0733841989e+06    8.6378400933e+02    1.5430539518e+03   -7.0759809891e+01    2.5066170000e+19    1.9521771388e-05    0.0000000000e+00    1.0000000000e+00    0.0000000000e+00
    4.4744698817e+07    2.7774872767e+07   -1.2174717242e+07    2.4778710701e+03    6.5201270053e+02   -6.6077117400e+02    2.5066170000e+19    1.9521771388e-05    0.0000000000e+00    1.0000000000e+00    0.0000000000e+00
   -1.3775675881e+07   -1.9973082011e+07   -8.8849365523e+05   -1.9542196613e+03    7.4384296067e+00   -9.0608559589e+01    2.5047330000e+19    1.9507098617e-05    0.0000000000e+00    1.0000000000e+00    0.0000000000e+00
   -2.3083166708e+07   -1.7581977909e+07    5.4799285464e+05   -2.4750578802e+03    6.3341917100e+00   -7.8196389832e+01    2.5047330000e+19    1.9507098617e-05    0.0000000000e+00    1.0000000000e+00    0.0000000000e+00
   -2.4279252459e+07   -3.8344730948e+06    2.9450817191e+05   -2.1409853477e+03    1.3867715824e+03    4.7809569207e+01    2.5047330000e+19    1.9507098617e-05    0.0000000000e+00    1.0000000000e+00    0.0000000000e+00
    1.5499167518e+07   -1.5215972313e+07   -3.1068172525e+06   -1.0058694154e+03   -1.1501900430e+03   -1.0162762812e+02    2.5047330000e+19    1.9507098617e-05    0.0000000000e+00    1.0000000000e+00    0.0000000000e+00
    5.5962516820e+06   -1.3911176162e+07   -1.1649577404e+07   -1.1475888186e+03   -7.0024014225e+02    5.2332551590e+02    2.5038770000e+19    1.9500432008e-05    0.0000000000e+00    1.0000000000e+00    0.0000000000e+00
    2.3782669637e+07    1.5809643280e+07   -1.2380952769e+07    1.1596130939e+03   -5.6736118632e+02   -5.8523626748e+02    2.5038770000e+19    1.9500432008e-05    0.0000000000e+00    1.0000000000e+00    0.0000000000e+00
    2.0864355677e+07   -1.2199133334e+07   -1.7782954214e+06   -5.4429992524e+02   -1.2003888758e+03   -9.7470109389e+01    2.5015310000e+19    1.9482161137e-05    0.0000000000e+00    1.0000000000e+00    0.0000000000e+00
    8.6502871639e+06    1.1849100970e+06   -8.7547177505e+05    7.3251058870e+02   -3.5233494120e+03    6.5334570250e+01    2.5015310000e+19    1.9482161137e-05    0.0000000000e+00    1.0000000000e+00    0.0000000000e+00
   -1.0810554198e+07   -2.6683291053e+07   -1.5143310823e+06   -1.8361963145e+03   -8.0115064934e+02   -2.0579020068e+02    2.5011410000e+19    1.9479123780e-05    0.0000000000e+00    1.0000000000e+00    0.0000000000e+00
    2.8700097857e+07   -1.6931335037e+07   -1.5873864652e+07    8.0834586835e+02   -1.4190555723e+03   -5.6576633162e+02    2.5011410000e+19    1.9479123780e-05    0.0000000000e+00    1.0000000000e+00    0.0000000000e+00
   -2.5414935670e+07   -7.6212658367e+06   -9.0002481006e+05   -2.3705956360e+03    1.1344258706e+03   -1.0770131049e+02    2.4951330000e+19    1.9432332905e-05    0.0000000000e+00    1.0000000000e+00    0.0000000000e+00
    1.2588652089e+06   -1.5432091814e+07   -3.9718805522e+06   -2.0050399261e+03    8.3289582056e+01    4.6534946429e+01    2.4951330000e+19    1.9432332905e-05    0.0000000000e+00    1.0000000000e+00    0.0000000000e+00
   -2.3537787002e+06   -1.5744138085e+07   -2.4936864016e+05   -2.0195120673e+03    4.0630182947e+02   -3.7113128648e+01    2.4951330000e+19    1.9432332905e-05    0.0000000000e+00    1.0000000000e+00    0.0000000000e+00
   -2.1746504433e+07   -2.3846573862e+07    6.1907955756e+05   -3.6322270688e+01    5.8893915567e+02    3.1593352854e+02    2.4902460000e+19    1.9394272484e-05    0.0000000000e+00    1.0000000000e+00    0.0000000000e+00
   -4.5837384870e+06   -1.7080012637e+07    1.1404042228e+05   -1.8045478990e+03    3.3490834318e+02   -2.3069203420e+00    2.4887440000e+19    1.9382574766e-05    0.0000000000e+00    1.0000000000e+00    0.0000000000e+00
   -6.8937938955e+06   -2.0679954029e+07    2.9562668480e+05   -1.8307790901e+03   -1.5465115530e+02    2.7678130928e+01    2.4887440000e+19    1.9382574766e-05    0.0000000000e+00    1.0000000000e+00    0.0000000000e+00
   -6.4408851512e+06   -2.2747028100e+06    7.6838114838e+05   -1.2476029998e+03    3.2001624525e+03   -2.9995068694e+02    2.4887440000e+19    1.9382574766e-05    0.0000000000e+00    1.0000000000e+00    0.0000000000e+00
    5.9980430475e+06   -2.1965506108e+07   -8.6690211945e+05   -1.3482331671e+03   -7.7808499388e+02   -3.7738200350e+00    2.4887440000e+19    1.9382574766e-05    0.0000000000e+00    1.0000000000e+00    0.0000000000e+00
   -2.2993717281e+07   -5.2258259088e+05   -4.8722612912e+05   -1.7818471449e+03    1.6775989645e+03    7.6027019135e+01    2.4887440000e+19    1.9382574766e-05    0.0000000000e+00    1.0000000000e+00    0.0000000000e+00
   -1.2917877697e+07   -2.2755469797e+07   -2.5254484557e+06   -1.9083983447e+03   -3.0004489485e+02   -1.5416807682e+02    2.4887440000e+19    1.9382574766e-05    0.0000000000e+00    1.0000000000e+00    0.0000000000e+00
    1.9988799104e+05   -1.7216971670e+07    3.5942137617e+05   -1.8360640261e+03    1.3445865970e+02   -3.1153667869e+01    2.4875330000e+19    1.9373143382e-05    0.0000000000e+00    1.0000000000e+00    0.0000000000e+00
   -3.1807403967e+06    1.1213193086e+07    7.2137406044e+05    2.0760916247e+03    1.1588658393e+03    1.7314557643e+02    2.4855520000e+19    1.9357715166e-05    0.0000000000e+00    1.0000000000e+00    0.0000000000e+00
   -1.9742469581e+07    1.1995127754e+07   -9.0663594395e+05   -5.4705449270e+02    2.2737513446e+03   -1.3986774333e+02    2.4855520000e+19    1.9357715166e-05    0.0000000000e+00    1.0000000000e+00    0.0000000000e+00
   -2.4001334820e+07   -3.8798988780e+06   -1.0702947604e+06   -2.1403044224e+03    1.3338954301e+03   -4.8739731537e+01    2.4855520000e+19    1.9357715166e-05    0.0000000000e+00    1.0000000000e+00    0.0000000000e+00
   -1.8398212693e+07    1.0643933781e+07    3.8089131577e+05   -6.4127864917e+02    2.1668300100e+03    1.5119791529e+02    2.4855520000e+19    1.9357715166e-05    0.0000000000e+00    1.0000000000e+00    0.0000000000e+00
   -2.2253779971e+07   -1.5388717990e+07   -3.5747658959e+05   -2.3359472781e+03    2.3325364255e+02    1.1606187614e+00    2.4855520000e+19    1.9357715166e-05    0.0000000000e+00    1.0000000000e+00    0.0000000000e+00
   -4.9933331925e+06   -1.0662449978e+07   -2.8567392912e+06   -2.0040955071e+03    1.4935829940e+03    2.8062219395e+02    2.4823630000e+19    1.9332878931e-05    0.0000000000e+00    1.0000000000e+00    0.0000000000e+00
    1.3502507389e+07   -1.9695726277e+07    2.6265982638e+05   -9.3426415887e+02   -1.0274541099e+03    1.8511111204e+02    2.4823630000e+19    1.9332878931e-05    0.0000000000e+00    1.0000000000e+00    0.0000000000e+00
   -6.8292776990e+06    1.7419410113e+07   -3.0665123161e+05    1.2299078230e+03    2.1298633310e+03    4.6164959920e+01    2.4823630000e+19    1.9332878931e-05    0.0000000000e+00    1.0000000000e+00    0.0000000000e+00
   -3.0836545817e+07   -4.8527048614e+07    1.7657022606e+07   -7.7890786208e+02   -8.4142625691e+02    1.3614806718e+02    2.4794210000e+19    1.9309966356e-05    0.0000000000e+00    1.0000000000e+00    0.0000000000e+00
   -2.1249561390e+07   -1.0638058363e+06    1.1721158388e+06   -1.5673740881e+03    1.5521649659e+03    4.0187641599e+01    2.4794210000e+19    1.9309966356e-05    0.0000000000e+00    1.0000000000e+00    0.0000000000e+00
   -7.4012502928e+06   -3.3047081467e+07   -2.5524189478e+07   -2.2631343963e+02   -2.8562663484e+02    9.8177883093e+01    2.4794210000e+19    1.9309966356e-05    0.0000000000e+00    1.0000000000e+00    0.0000000000e+00
   -8.6949752467e+06   -2.3361094382e+06    6.0209041294e+06    1.2462744227e+03    2.5974459563e+03    7.9449278716e+02    2.4794210000e+19    1.9309966356e-05    0.0000000000e+00    1.0000000000e+00    0.0000000000e+00
    1.8870086360e+07    9.2936121963e+06   -1.0277660454e+07    5.3716756890e+02   -1.1848934055e+03   -6.2520485457e+02    2.4794210000e+19    1.9309966356e-05    0.0000000000e+00    1.0000000000e+00    0.0000000000e+00
   -1.2745473125e+07   -6.3663427584e+06    3.4541296312e+05    1.5516211599e+03    1.3312958859e+03   -1.1851295509e+03    2.4791750000e+19    1.9308050484e-05    0.0000000000e+00    1.0000000000e+00    0.0000000000e+00
   -1.4981563871e+07   -2.0306022546e+07   -2.1347802557e+06   -1.9989081858e+03   -9.1666315125e+01   -9.5945081778e+01    2.4791750000e+19    1.9308050484e-05    0.0000000000e+00    1.0000000000e+00    0.0000000000e+00
   -1.8221607077e+07   -1.8429306673e+07   -6.7337264441e+05   -2.1718398027e+03    4.9487579313e+01   -3.7678535943e+01    2.4791750000e+19    1.9308050484e-05    0.0000000000e+00    1.0000000000e+00    0.0000000000e+00
   -2.1365111574e+07    9.3756002028e+06   -4.2239075848e+04   -8.3437681316e+02    2.1883005102e+03   -1.9403548722e+02    2.4791750000e+19    1.9308050484e-05    0.0000000000e+00    1.0000000000e+00    0.0000000000e+00
    3.0915134149e+07    1.6627978678e+07   -1.0106416711e+07    1.2226224931e+03   -1.1227886986e+02   -1.0034955956e+03    2.4791750000e+19    1.9308050484e-05    0.0000000000e+00    1.0000000000e+00    0.0000000000e+00
    2.2837951846e+07   -2.7373912266e+07    9.0063656929e+06    2.5287366507e+02   -2.0474838986e+03    3.5340393662e+02    2.4759890000e+19    1.9283237613e-05    0.0000000000e+00    1.0000000000e+00    0.0000000000e+00
    4.4777633845e+06   -2.4474676922e+07    1.0653119172e+06   -1.3223755408e+03   -9.0690145721e+02    3.1240178689e+01    2.4759890000e+19    1.9283237613e-05    0.0000000000e+00    1.0000000000e+00    0.0000000000e+00
   -1.8319634423e+07   -1.7670204520e+07   -9.8264608175e+05   -2.0868472746e+03    1.7818380815e+02    4.1117781777e+01    2.4759890000e+19    1.9283237613e-05    0.0000000000e+00    1.0000000000e+00    0.0000000000e+00
   -2.3745180548e+06   -2.1940372704e+07   -4.7465003457e+05   -1.6870516663e+03   -4.5530262094e+02    1.0760351946e+01    2.4759890000e+19    1.9283237613e-05    0.0000000000e+00    1.0000000000e+00    0.0000000000e+00
    1.2824097396e+07   -1.8258546866e+07   -9.9561284938e+05   -1.2355934465e+03   -1.0578009347e+03    1.2799030293e+02    2.4759890000e+19    1.9283237613e-05    0.0000000000e+00    1.0000000000e+00    0.0000000000e+00
   -2.2583910141e+07   -1.4580670109e+07   -4.6302484875e+05   -2.2767661909e+03    4.6317886472e+02    6.5076841951e+01    2.4759890000e+19    1.9283237613e-05    0.0000000000e+00    1.0000000000e+00    0.0000000000e+00
   -8.3094714670e+06   -9.9439510755e+06    1.5279046861e+06   -1.6226277410e+03    1.5723867401e+03   -3.7676077138e+02    2.4759890000e+19    1.9283237613e-05    0.0000000000e+00    1.0000000000e+00    0.0000000000e+00
   -1.5148456737e+07   -1.5688879835e+07   -1.2059064498e+06   -1.8352947780e+03    5.3109701444e+02    7.5383004483e+01    2.4759890000e+19    1.9283237613e-05    0.0000000000e+00    1.0000000000e+00    0.0000000000e+00
   -2.6309228626e+07   -6.0671651924e+07    8.7870888059e+06   -7.6225731934e+02   -1.2137864303e+03    4.1179437436e+01    2.4740350000e+19    1.9268019676e-05    0.0000000000e+00    1.0000000000e+00    0.0000000000e+00
   -2.9293607833e+07   -5.8102898654e+06    2.6186701253e+06   -2.5282401151e+03    6.6567656711e+02    3.3034985810e+02    2.4740350000e+19    1.9268019676e-05    0.0000000000e+00    1.0000000000e+00    0.0000000000e+00
   -1.4454694916e+07    1.8133285885e+07   -2.4907883576e+05    1.1571147419e+02    2.6597532124e+03   -2.3976192385e+01    2.4728050000e+19    1.9258440319e-05    0.0000000000e+00    1.0000000000e+00    0.0000000000e+00
    2.0077462736e+07   -2.1795722884e+07   -1.4485918168e+06   -3.4352899979e+02   -1.4561802363e+03   -1.6580915161e+02    2.4728050000e+19    1.9258440319e-05    0.0000000000e+00    1.0000000000e+00    0.0000000000e+00
    7.7649402255e+06   -1.9141089448e+07   -1.3747491100e+06   -1.4748429577e+03   -6.4017643415e+02    5.9455988643e+01    2.4728050000e+19    1.9258440319e-05    0.0000000000e+00    1.0000000000e+00    0.0000000000e+00
   -2.6209107438e+06   -2.0931423074e+07   -1.7143452934e+06   -1.7484187627e+03   -3.4401821774e+02   -2.3870113576e+01    2.4728050000e+19    1.9258440319e-05    0.0000000000e+00    1.0000000000e+00    0.0000000000e+00
   -1.4796920500e+07   -9.0783714184e+06    2.6339841953e+06   -1.5584800362e+03    1.1391762622e+03   -3.6136125798e+02    2.4728050000e+19    1.9258440319e-05    0.0000000000e+00    1.0000000000e+00    0.0000000000e+00
   -2.3860078080e+07   -6.1146182522e+06   -8.1623580551e+05   -2.1377932285e+03    1.3051560430e+03   -2.5769709151e+02    2.4696230000e+19    1.9233658601e-05    0.0000000000e+00    1.0000000000e+00    0.0000000000e+00
   -2.0633327712e+07   -1.3793881363e+07   -3.5416356176e+06    5.0245906100e+02    1.0281709047e+03   -2.6102792172e+02    2.4696230000e+19    1.9233658601e-05    0.0000000000e+00    1.0000000000e+00    0.0000000000e+00
    1.5616898025e+07   -2.4111492439e+07   -1.1509357228e+05   -6.2444043430e+02   -1.4078721941e+03    1.1667106345e+02    2.4696230000e+19    1.9233658601e-05    0.0000000000e+00    1.0000000000e+00    0.0000000000e+00
   -6.2120601582e+06   -2.4251140074e+07   -1.3457169650e+06   -1.7210238071e+03   -4.9858398865e+02   -1.4286189929e+02    2.4696230000e+19    1.9233658601e-05    0.0000000000e+00    1.0000000000e+00    0.0000000000e+00
    2.1050150169e+07    8.8245728045e+06   -1.0691864976e+07    5.8262613604e+02   -1.0590474728e+03   -6.3119640755e+02    2.4633120000e+19    1.9184507933e-05    0.0000000000e+00    1.0000000000e+00    0.0000000000e+00
   -1.8140659993e+06   -8.7600188429e+06   -8.4396937508e+06   -1.7402283011e+03    1.0448255176e+02    1.6144309406e+03    2.4632640000e+19    1.9184134104e-05    0.0000000000e+00    1.0000000000e+00    0.0000000000e+00
    1.2989514525e+07   -1.4184047033e+06    8.8906049078e+06   -7.5067972655e+02   -1.7971264334e+03   -1.1831601858e+02    2.4579740000e+19    1.9142935082e-05    0.0000000000e+00    1.0000000000e+00    0.0000000000e+00
    1.8492581751e+07    9.5421454022e+06   -1.1963867642e+07    7.4071243670e+02   -1.2221155702e+03   -1.8495869920e+02    2.4579740000e+19    1.9142935082e-05    0.0000000000e+00    1.0000000000e+00    0.0000000000e+00
   -4.2839686399e+06    1.7318486717e+07    5.6463931883e+05    1.6467891766e+03    1.7616625556e+03    1.0734064340e+01    2.4569110000e+19    1.9134656337e-05    0.0000000000e+00    1.0000000000e+00    0.0000000000e+00
   -2.1992355826e+07   -1.1205894884e+07    1.8333218485e+05   -2.0847520147e+03    7.6146363156e+02   -1.4864386000e+02    2.4569110000e+19    1.9134656337e-05    0.0000000000e+00    1.0000000000e+00    0.0000000000e+00
    9.3586460059e+06    4.6501759179e+06    2.6381653814e+05    2.1037123297e+03   -2.5169377656e+03    8.4497400855e+01    2.4569110000e+19    1.9134656337e-05    0.0000000000e+00    1.0000000000e+00    0.0000000000e+00
    8.6647797849e+06   -2.5860021529e+07   -1.4788873562e+05   -1.0343908486e+03   -1.2283897274e+03   -9.9962456076e+01    2.4569110000e+19    1.9134656337e-05    0.0000000000e+00    1.0000000000e+00    0.0000000000e+00
   -2.1256948808e+07   -1.6024931501e+07   -6.6639538640e+05   -2.2883029415e+03    3.1543649731e+02   -3.4237269442e+01    2.4569110000e+19    1.9134656337e-05    0.0000000000e+00    1.0000000000e+00    0.0000000000e+00
    8.4138439998e+06   -2.4352938610e+07   -1.2696840464e+06   -1.1378023226e+03   -1.1574127496e+03   -6.3454762731e+01    2.4569110000e+19    1.9134656337e-05    0.0000000000e+00    1.0000000000e+00    0.0000000000e+00
   -8.8420211400e+06   -2.0659641508e+07    3.9539066528e+05   -1.7228476558e+03   -6.4891379580e+01    5.7288182906e+00    2.4569110000e+19    1.9134656337e-05    0.0000000000e+00    1.0000000000e+00    0.0000000000e+00
   -1.2310208971e+07   -8.7572461927e+06   -9.9017892848e+05   -1.3532643638e+03    1.5630878044e+03   -9.9027541643e+01    2.4569110000e+19    1.9134656337e-05    0.0000000000e+00    1.0000000000e+00    0.0000000000e+00
   -1.0468863567e+07    1.7519971183e+07    9.0261426231e+05    5.9793755694e+02    2.6504622294e+03    7.9279594069e+01    2.4569110000e+19    1.9134656337e-05    0.0000000000e+00    1.0000000000e+00    0.0000000000e+00
   -5.3820976983e+06   -1.9876336578e+07   -8.5522158346e+05   -1.8069849116e+03    4.9896534234e+01   -5.7217548440e+00    2.4569110000e+19    1.9134656337e-05    0.0000000000e+00    1.0000000000e+00    0.0000000000e+00
   -3.4197885209e+06   -1.0609316409e+07   -2.8556517939e+07   -1.2502798963e+02    1.0847139881e+02    6.1792205399e+02    2.4553110000e+19    1.9122195385e-05    0.0000000000e+00    1.0000000000e+00    0.0000000000e+00
   -2.0687167848e+07   -3.3872861050e+07   -9.4869880742e+06   -3.2789251198e+02   -4.6329819406e+01    3.0623465224e+02    2.4553110000e+19    1.9122195385e-05    0.0000000000e+00    1.0000000000e+00    0.0000000000e+00
    3.8521622805e+07    3.2910405947e+07   -9.9949283764e+06    2.2250628486e+03    8.7389448475e+02   -6.4843294909e+02    2.4526520000e+19    1.9101486840e-05    0.0000000000e+00    1.0000000000e+00    0.0000000000e+00
   -1.8392781797e+07   -8.7324185181e+06   -3.4266356261e+05   -1.5391816677e+03    1.0234845263e+03   -1.7083844104e+02    2.4505650000e+19    1.9085233086e-05    0.0000000000e+00    1.0000000000e+00    0.0000000000e+00
   -1.6576911374e+07   -1.5531616320e+07   -1.1472487580e+06   -1.9304330605e+03    4.3028566965e+02   -8.8633543187e+01    2.4505650000e+19    1.9085233086e-05    0.0000000000e+00    1.0000000000e+00    0.0000000000e+00
    1.3575913619e+07   -2.1262041894e+07   -1.7236945810e+06   -8.9873520995e+02   -1.1405762763e+03   -9.3709280601e+01    2.4505650000e+19    1.9085233086e-05    0.0000000000e+00    1.0000000000e+00    0.0000000000e+00
   -6.5239933147e+06    1.5580674322e+07    5.2839615567e+05    1.3123412277e+03    1.9273632344e+03   -1.5204483558e+02    2.4473950000e+19    1.9060544824e-05    0.0000000000e+00    1.0000000000e+00    0.0000000000e+00
   -1.1639228668e+07   -1.6210495541e+07   -1.7865748238e+05   -1.6675998581e+03    5.1274513340e+02   -4.9379909884e+01    2.4473950000e+19    1.9060544824e-05    0.0000000000e+00    1.0000000000e+00    0.0000000000e+00
   -3.9720485508e+06   -2.5578637632e+07   -1.0361025268e+06   -1.6082677419e+03   -7.5068951773e+02   -7.0199083142e+01    2.4473950000e+19    1.9060544824e-05    0.0000000000e+00    1.0000000000e+00    0.0000000000e+00
   -1.2778363982e+07   -5.3421274980e+07    4.0490427599e+07   -4.3299426784e+02   -1.2123449849e+03    7.4658383635e+02    2.4473450000e+19    1.9060155420e-05    0.0000000000e+00    1.0000000000e+00    0.0000000000e+00
    8.8840734756e+06   -2.4027619782e+07    9.8614669259e+05   -1.0872445605e+03   -1.1412129348e+03    4.5047317564e+01    2.4442250000e+19    1.9035856563e-05    0.0000000000e+00    1.0000000000e+00    0.0000000000e+00
   -2.5771295044e+06   -2.6640047774e+07    2.5551769659e+04   -1.5654420150e+03   -9.7438148139e+02   -1.4701014362e+02    2.4442250000e+19    1.9035856563e-05    0.0000000000e+00    1.0000000000e+00    0.0000000000e+00
   -2.6206126143e+07   -1.1542342056e+07   -1.1859629424e+06   -2.4739932882e+03    6.5527231444e+02   -8.8321864308e+01    2.4442250000e+19    1.9035856563e-05    0.0000000000e+00    1.0000000000e+00    0.0000000000e+00
   -2.4797062452e+07   -3.3519690207e+07   -5.2291163395e+05   -3.8221272940e+02    6.3736668897e+01   -2.6997153550e+02    2.4420520000e+19    1.9018933033e-05    0.0000000000e+00    1.0000000000e+00    0.0000000000e+00
   -1.0163918838e+07   -2.9626827667e+04   -2.8161952894e+07   -2.9880004454e+01   -2.3440666519e+01    6.8889358867e+02    2.4420520000e+19    1.9018933033e-05    0.0000000000e+00    1.0000000000e+00    0.0000000000e+00
   -2.5899170616e+07   -2.5719314168e+07   -2.6620376413e+06   -1.7195595733e+02    2.7399498677e+02    4.1622011953e+02    2.4420520000e+19    1.9018933033e-05    0.0000000000e+00    1.0000000000e+00    0.0000000000e+00
   -1.6011601405e+07   -1.1090258162e+07   -3.8752410203e+05   -1.5958573966e+03    9.6873644076e+02   -1.1858266364e+02    2.4410580000e+19    1.9011191666e-05    0.0000000000e+00    1.0000000000e+00    0.0000000000e+00
   -2.3340413778e+07   -1.3652415400e+07   -5.4059586245e+05   -2.4117579552e+03    4.8319575592e+02   -5.7756474108e+01    2.4410580000e+19    1.9011191666e-05    0.0000000000e+00    1.0000000000e+00    0.0000000000e+00
   -1.7350523493e+07    1.2745820802e+07    1.1552282037e+06   -1.9326111697e+02    2.3464611754e+03   -6.2061869184e+01    2.4410580000e+19    1.9011191666e-05    0.0000000000e+00    1.0000000000e+00    0.0000000000e+00
    1.0584702213e+07   -1.3061758679e+07   -4.9639811882e+05   -1.7393799509e+03   -6.9089166555e+02   -7.0307893611e+01    2.4410580000e+19    1.9011191666e-05    0.0000000000e+00    1.0000000000e+00    0.0000000000e+00
    3.4480243642e+06   -2.3740605961e+07    7.2218376899e+05   -1.3773620814e+03   -7.7342279595e+02    7.9733193425e+01    2.4410580000e+19    1.9011191666e-05    0.0000000000e+00    1.0000000000e+00    0.0000000000e+00
   -2.3781601049e+07    5.8814272956e+04    3.2966335224e+05   -1.6963283641e+03    1.6946453251e+03   -7.0662362301e+01    2.4378920000e+19    1.8986534557e-05    0.0000000000e+00    1.0000000000e+00    0.0000000000e+00
   -1.5743837978e+06   -2.5056936555e+07    7.7063014338e+05   -1.6039966283e+03   -8.8864903215e+02   -1.6598640302e+00    2.4378920000e+19    1.8986534557e-05    0.0000000000e+00    1.0000000000e+00    0.0000000000e+00
   -2.2159934772e+07    5.5651275027e+05    2.5399987977e+05   -1.6394756453e+03    1.6883500860e+03    2.5719383404e+01    2.4378920000e+19    1.8986534557e-05    0.0000000000e+00    1.0000000000e+00    0.0000000000e+00
   -1.6845450381e+07   -1.5899206469e+07   -3.6653490485e+05   -1.9641633323e+03    4.3107950718e+02   -6.2666926354e+01    2.4378920000e+19    1.8986534557e-05    0.0000000000e+00    1.0000000000e+00    0.0000000000e+00
   -1.6992212046e+07    1.3034431110e+07   -1.7209588599e+06   -1.7477654209e+02    2.2008186947e+03    7.3213413766e+01    2.4378920000e+19    1.8986534557e-05    0.0000000000e+00    1.0000000000e+00    0.0000000000e+00
   -2.3412639422e+07   -2.1328522450e+06    1.0395742813e+06   -1.7917753064e+03    1.4681515591e+03   -1.7107014504e+01    2.4347270000e+19    1.8961885237e-05    0.0000000000e+00    1.0000000000e+00    0.0000000000e+00
    3.0643743767e+06   -2.0308755101e+07    2.8915755662e+05   -1.5869323375e+03   -5.0330397914e+02    6.0779955478e+01    2.4347270000e+19    1.8961885237e-05    0.0000000000e+00    1.0000000000e+00    0.0000000000e+00
   -8.2907385827e+06    1.7561195996e+07   -1.1520665110e+06    9.1116494450e+02    2.3864382863e+03   -1.2099591241e+02    2.4347270000e+19    1.8961885237e-05    0.0000000000e+00    1.0000000000e+00    0.0000000000e+00
   -2.3481329210e+07    2.0567797038e+06   -4.5581814725e+05   -1.4388289402e+03    1.6495771802e+03   -1.8876607661e+02    2.4315110000e+19    1.8936838723e-05    0.0000000000e+00    1.0000000000e+00    0.0000000000e+00
    8.3894697029e+06    6.7493820469e+06    6.0320825130e+05    2.5267938436e+03   -1.8552655270e+03    2.1487338596e+02    2.4315110000e+19    1.8936838723e-05    0.0000000000e+00    1.0000000000e+00    0.0000000000e+00
   -1.8632988568e+07   -3.5177792872e+07    3.9846937030e+07   -4.9875095833e+02   -6.1972493012e+02    5.2449173811e+02    2.4262610000e+19    1.8895951224e-05    0.0000000000e+00    1.0000000000e+00    0.0000000000e+00
   -5.5004137355e+06    1.3950576876e+07    1.8970141351e+06    1.4110184555e+03    1.6251308170e+03    5.2594229782e+02    2.4252400000e+19    1.8887999579e-05    0.0000000000e+00    1.0000000000e+00    0.0000000000e+00
   -1.0308128873e+07   -1.4569746949e+07    3.1728429267e+07   -1.7152182988e+02   -2.4297299266e+01   -2.6833239476e+02    2.4210250000e+19    1.8855172759e-05    0.0000000000e+00    1.0000000000e+00    0.0000000000e+00
   -1.1470765368e+07   -1.0499332616e+07    4.3154998446e+05    1.0403085455e+03    1.7162955139e+03    8.0002980013e+02    2.4210250000e+19    1.8855172759e-05    0.0000000000e+00    1.0000000000e+00    0.0000000000e+00
    8.4568910915e+06    5.8031205615e+05    7.1317320257e+05    3.7380840705e+02   -3.5685013173e+03    2.0679953917e+02    2.4189220000e+19    1.8838794395e-05    0.0000000000e+00    1.0000000000e+00    0.0000000000e+00
   -1.2021345616e+07   -1.4727080032e+07   -1.3968849545e+06   -1.7017307258e+03    6.7115774137e+02   -1.7874523057e+02    2.4189220000e+19    1.8838794395e-05    0.0000000000e+00    1.0000000000e+00    0.0000000000e+00
   -1.3152519314e+07   -9.0047501123e+06   -2.6453411575e+06    1.2248429361e+03    1.5818510370e+03   -6.6109662820e+02    2.4189220000e+19    1.8838794395e-05    0.0000000000e+00    1.0000000000e+00    0.0000000000e+00
   -2.3426352508e+07    1.7318609730e+06    3.2097441612e+05   -1.5650863057e+03    1.5976844037e+03   -1.3586832549e+02    2.4189220000e+19    1.8838794395e-05    0.0000000000e+00    1.0000000000e+00    0.0000000000e+00
   -1.4110013608e+07   -2.2465386784e+07   -2.3038009069e+06   -1.9250108508e+03   -3.3901307304e+02   -3.2031450200e+02    2.4189220000e+19    1.8838794395e-05    0.0000000000e+00    1.0000000000e+00    0.0000000000e+00
   -9.2865566567e+06   -1.5391087960e+07   -7.3228229778e+05   -1.7598010215e+03    6.3679951332e+02   -1.8386408418e+00    2.4189220000e+19    1.8838794395e-05    0.0000000000e+00    1.0000000000e+00    0.0000000000e+00
   -1.1273828415e+07   -1.5703443690e+07    7.5221298770e+04   -1.7171741114e+03    6.1103768728e+02    3.9871965195e+01    2.4189220000e+19    1.8838794395e-05    0.0000000000e+00    1.0000000000e+00    0.0000000000e+00
    1.0663650699e+07   -1.8754590596e+07   -1.2631228172e+06   -1.2739431110e+03   -9.7444870814e+02   -2.0125444285e+01    2.4189220000e+19    1.8838794395e-05    0.0000000000e+00    1.0000000000e+00    0.0000000000e+00
   -2.3180135504e+07   -1.4672676634e+07    1.1721740191e+05   -2.3382374660e+03    4.1173354488e+02    9.0782073686e+01    2.4189220000e+19    1.8838794395e-05    0.0000000000e+00    1.0000000000e+00    0.0000000000e+00
   -2.0848824755e+07   -5.0638162423e+06    1.1086318261e+06   -1.7295527036e+03    1.3113157356e+03    1.5934500556e+01    2.4189220000e+19    1.8838794395e-05    0.0000000000e+00    1.0000000000e+00    0.0000000000e+00
    1.9140065806e+07   -2.0229164179e+07   -2.6407869384e+06   -2.1939264376e+02   -1.3600787907e+03    1.0221737373e+02    2.4189220000e+19    1.8838794395e-05    0.0000000000e+00    1.0000000000e+00    0.0000000000e+00
   -1.6493616390e+07    1.2036044878e+07   -2.0831904268e+06   -3.1891702797e+02    2.3560302604e+03    3.7041046526e+01    2.4189220000e+19    1.8838794395e-05    0.0000000000e+00    1.0000000000e+00    0.0000000000e+00
   -2.0345402957e+07   -1.2061836114e+07   -9.2368773802e+05   -1.9916809893e+03    7.1165485740e+02   -1.0124656284e+02    2.4189220000e+19    1.8838794395e-05    0.0000000000e+00    1.0000000000e+00    0.0000000000e+00
   -1.0317658712e+07    1.7254130137e+07   -1.0527562607e+05    5.8203295210e+02    2.4504421967e+03    5.0967291853e+01    2.4189220000e+19    1.8838794395e-05    0.0000000000e+00    1.0000000000e+00    0.0000000000e+00
    2.5931971594e+06    1.3263008395e+07   -3.4128732163e+05    2.5342732626e+03    4.0584630142e+02   -6.0055805845e+00    2.4189220000e+19    1.8838794395e-05    0.0000000000e+00    1.0000000000e+00    0.0000000000e+00
   -1.9760553916e+07    6.2771516307e+06    8.7990971543e+04   -8.0823791218e+02    1.9909442299e+03   -1.3308421505e+02    2.4189220000e+19    1.8838794395e-05    0.0000000000e+00    1.0000000000e+00    0.0000000000e+00
   -3.2401607949e+07   -4.8281841495e+07   -2.2173140175e+07   -8.2623856824e+02   -8.8867306175e+02   -2.5560010974e+02    2.4158020000e+19    1.8814495538e-05    0.0000000000e+00    1.0000000000e+00    0.0000000000e+00
   -2.4257987378e+07   -1.0843651078e+06    2.2712987168e+05   -1.7851350265e+03    1.5110299721e+03    1.0897396311e+02    2.4126090000e+19    1.8789628151e-05    0.0000000000e+00    1.0000000000e+00    0.0000000000e+00
   -7.6344888082e+06    1.8784967361e+07    1.6655829928e+05    1.0658239786e+03    2.1108744841e+03   -4.4468646552e+01    2.4126090000e+19    1.8789628151e-05    0.0000000000e+00    1.0000000000e+00    0.0000000000e+00
    2.5266838736e+06    1.2225809698e+07   -5.8147630743e+06    2.2317356339e+03    1.1712029651e+03    8.9949864142e+02    2.4126090000e+19    1.8789628151e-05    0.0000000000e+00    1.0000000000e+00    0.0000000000e+00
   -1.3405629246e+07   -1.7614043242e+07   -1.7008883575e+06   -1.8329180371e+03    3.2139135644e+02   -1.1393887775e+02    2.4126090000e+19    1.8789628151e-05    0.0000000000e+00    1.0000000000e+00    0.0000000000e+00
   -1.7903309391e+06   -2.3450436568e+07   -9.6373694714e+05   -1.5932369211e+03   -5.8074844141e+02   -1.1598297411e+01    2.4126090000e+19    1.8789628151e-05    0.0000000000e+00    1.0000000000e+00    0.0000000000e+00
   -2.4196741674e+07   -1.6842474556e+07   -2.8922627944e+05   -2.5374559351e+03    1.2054774880e+02   -9.0299294049e+01    2.4126090000e+19    1.8789628151e-05    0.0000000000e+00    1.0000000000e+00    0.0000000000e+00
   -7.3814554336e+06   -1.8053926009e+07    1.1248329415e+06   -1.7651180048e+03    2.3681726481e+02   -6.4164449626e+01    2.4126090000e+19    1.8789628151e-05    0.0000000000e+00    1.0000000000e+00    0.0000000000e+00
   -1.9814965495e+07   -1.6301205422e+07   -8.4789234522e+05   -2.1998852377e+03    1.8531964248e+02   -4.5518361567e+01    2.4126090000e+19    1.8789628151e-05    0.0000000000e+00    1.0000000000e+00    0.0000000000e+00
   -1.5498278150e+07   -1.2977191361e+07   -1.1386778016e+06   -1.7165998030e+03    8.3949040164e+02    1.0541571020e+02    2.4126090000e+19    1.8789628151e-05    0.0000000000e+00    1.0000000000e+00    0.0000000000e+00
   -1.5227560258e+07    7.6181916968e+06   -1.8307567738e+06    3.3051185089e+01    2.3520300678e+03    4.3895198294e+01    2.4126090000e+19    1.8789628151e-05    0.0000000000e+00    1.0000000000e+00    0.0000000000e+00
   -2.4321553671e+07   -2.4921623518e+06   -1.1647538012e+06   -1.8734497679e+03    1.4905300780e+03    5.8901307099e+01    2.4126090000e+19    1.8789628151e-05    0.0000000000e+00    1.0000000000e+00    0.0000000000e+00
   -1.5350144037e+07    1.2632455957e+07    1.0753214417e+06   -1.6147938119e+02    2.2599197003e+03   -5.6027988716e+01    2.4063000000e+19    1.8740493059e-05    0.0000000000e+00    1.0000000000e+00    0.0000000000e+00
   -2.7005421336e+06    1.5729059789e+07    3.1900773601e+05    1.8607886094e+03    1.5331672487e+03    5.0116262685e+01    2.4063000000e+19    1.8740493059e-05    0.0000000000e+00    1.0000000000e+00    0.0000000000e+00
   -1.4710045277e+07   -2.9395497304e+07    4.0237026339e+07   -3.8666744779e+02   -4.6452746927e+02    4.3029093918e+02    2.4053930000e+19    1.8733429257e-05    0.0000000000e+00    1.0000000000e+00    0.0000000000e+00
    8.3162934937e+06   -1.7953385600e+07    1.6377878095e+05   -1.5293482060e+03   -6.8252176737e+02   -1.1307112970e+01    2.4031480000e+19    1.8715944984e-05    0.0000000000e+00    1.0000000000e+00    0.0000000000e+00
   -3.1620542375e+07   -7.4913868119e+06    3.4864092367e+06   -3.4415531406e+03    1.0719191462e+03    6.0396918497e+02    2.4031480000e+19    1.8715944984e-05    0.0000000000e+00    1.0000000000e+00    0.0000000000e+00
   -2.3486204870e+05   -1.4189347072e+07   -1.4611172987e+05   -2.1449015876e+03    6.0554660704e+02    4.5809052704e+01    2.4031480000e+19    1.8715944984e-05    0.0000000000e+00    1.0000000000e+00    0.0000000000e+00
   -2.5470942904e+07   -2.2603672914e+07    9.5364507990e+05   -4.4099616909e+01    4.8089116932e+02    3.2971803019e+02    2.4031480000e+19    1.8715944984e-05    0.0000000000e+00    1.0000000000e+00    0.0000000000e+00
    5.7115777356e+06   -2.9141376389e+07    2.2265350518e+06   -1.0883861717e+03   -1.4185795214e+03    1.1595695617e+02    2.4031480000e+19    1.8715944984e-05    0.0000000000e+00    1.0000000000e+00    0.0000000000e+00
   -2.3791124790e+07    3.7172914091e+06   -3.7257102489e+06   -1.5091990117e+03    1.8440935534e+03   -2.6964413702e+02    2.4031480000e+19    1.8715944984e-05    0.0000000000e+00    1.0000000000e+00    0.0000000000e+00
   -9.7027410469e+06   -1.0911987841e+07   -1.2947556435e+07    3.6946444277e+02    7.0001835762e+02    1.4436606119e+03    2.4031480000e+19    1.8715944984e-05    0.0000000000e+00    1.0000000000e+00    0.0000000000e+00
   -1.1916596026e+07    1.6851002530e+07   -8.6595667129e+05    5.1886075061e+02    2.3965600735e+03    9.8511096303e+01    2.4031480000e+19    1.8715944984e-05    0.0000000000e+00    1.0000000000e+00    0.0000000000e+00
    3.2368829356e+07    8.8356080102e+06   -1.6199025957e+07    1.0453857005e+03   -3.3531087452e+02   -1.2257839588e+03    2.4031480000e+19    1.8715944984e-05    0.0000000000e+00    1.0000000000e+00    0.0000000000e+00
   -2.4772874287e+07   -2.7401380676e+07   -2.9297795597e+06   -2.1976316000e+02    3.7096771015e+02    1.7702745625e+01    2.4002080000e+19    1.8693047984e-05    0.0000000000e+00    1.0000000000e+00    0.0000000000e+00
    8.0765205517e+06   -8.2879370580e+06    1.3957529255e+07   -1.1107784869e+03   -1.0871479832e+03   -1.8819006517e+02    2.3999960000e+19    1.8691396908e-05    0.0000000000e+00    1.0000000000e+00    0.0000000000e+00
   -1.4858056604e+07   -1.3211491300e+07   -2.5304943892e+05   -1.7852904728e+03    7.8507502009e+02   -2.2164571026e+02    2.3999960000e+19    1.8691396908e-05    0.0000000000e+00    1.0000000000e+00    0.0000000000e+00
    1.0024053661e+07   -2.0961007340e+07   -5.9570935972e+04   -1.1948768009e+03   -1.0196022665e+03    6.3630936701e+01    2.3999960000e+19    1.8691396908e-05    0.0000000000e+00    1.0000000000e+00    0.0000000000e+00
    1.0846921931e+07   -2.3541102742e+07    3.9467868714e+05   -9.6611159012e+02   -1.1963084006e+03    1.8984418011e+01    2.3999960000e+19    1.8691396908e-05    0.0000000000e+00    1.0000000000e+00    0.0000000000e+00
   -2.0286928509e+07   -7.4634633624e+06   -5.2095915025e+05   -1.8200816560e+03    1.2117145295e+03   -4.0556810883e+01    2.3999960000e+19    1.8691396908e-05    0.0000000000e+00    1.0000000000e+00    0.0000000000e+00
    6.7651380740e+06   -1.9205780683e+07    1.1300936604e+04   -1.5113833834e+03   -7.6614975179e+02    1.2108541759e+02    2.3999960000e+19    1.8691396908e-05    0.0000000000e+00    1.0000000000e+00    0.0000000000e+00
   -2.2914620797e+07   -7.2417095388e+06    9.2258717453e+04   -2.1565435382e+03    1.1021452995e+03    4.9857905593e+01    2.3999960000e+19    1.8691396908e-05    0.0000000000e+00    1.0000000000e+00    0.0000000000e+00
   -5.6230503818e+05   -7.4140337292e+06    7.6718022367e+05   -3.3928966381e+03    1.6212391425e+03   -7.5988639093e+02    2.3999960000e+19    1.8691396908e-05    0.0000000000e+00    1.0000000000e+00    0.0000000000e+00
    2.5230682497e+06    1.5472116078e+07    7.8193785894e+05    2.4250577423e+03    7.6921533711e+02   -4.0205942686e+01    2.3968450000e+19    1.8666856621e-05    0.0000000000e+00    1.0000000000e+00    0.0000000000e+00
   -1.9744438932e+07   -6.7962439189e+06    4.0099670811e+07   -3.6037996489e+02   -1.1964871284e+02    1.9950280617e+02    2.3968450000e+19    1.8666856621e-05    0.0000000000e+00    1.0000000000e+00    0.0000000000e+00
   -6.7743771315e+06   -1.7449595992e+07   -7.5820880573e+05   -1.8125288685e+03    3.1947877010e+02   -4.4702406885e+00    2.3968450000e+19    1.8666856621e-05    0.0000000000e+00    1.0000000000e+00    0.0000000000e+00
    1.1065339604e+07   -1.7289099649e+07    6.6671999493e+05   -1.3331056691e+03   -8.7953750271e+02    4.7507872933e+01    2.3950340000e+19    1.8652752381e-05    0.0000000000e+00    1.0000000000e+00    0.0000000000e+00
    1.4421365100e+07   -2.0262681299e+07    1.9031414979e+06   -7.7337174252e+02   -1.2985252160e+03    4.1849992016e+01    2.3950340000e+19    1.8652752381e-05    0.0000000000e+00    1.0000000000e+00    0.0000000000e+00
   -3.2244277506e+07   -4.2230612284e+07   -2.1907693212e+06   -7.1239703533e+02   -4.5293757799e+02    1.3836275130e+02    2.3950340000e+19    1.8652752381e-05    0.0000000000e+00    1.0000000000e+00    0.0000000000e+00
   -3.3690745179e+07   -5.3335254160e+07   -6.1332348441e+06   -8.6287630900e+02   -9.8766665628e+02    1.0836225178e+02    2.3950340000e+19    1.8652752381e-05    0.0000000000e+00    1.0000000000e+00    0.0000000000e+00
    7.6361885594e+06   -2.4277707709e+07    8.0402926160e+05   -1.1442901042e+03   -1.0675820406e+03    1.9866526008e+01    2.3936950000e+19    1.8642324121e-05    0.0000000000e+00    1.0000000000e+00    0.0000000000e+00
   -7.0857040916e+06   -2.4232358720e+07    7.0381492121e+05   -1.7807368958e+03   -5.9188546942e+02   -5.9922861085e+01    2.3936950000e+19    1.8642324121e-05    0.0000000000e+00    1.0000000000e+00    0.0000000000e+00
   -1.5835519498e+07    1.1766323235e+07   -1.2118813375e+06   -2.2606913798e+02    2.3026005603e+03   -1.8456326505e+02    2.3936950000e+19    1.8642324121e-05    0.0000000000e+00    1.0000000000e+00    0.0000000000e+00
   -2.1439689773e+07   -1.2944556622e+07    2.0530092415e+05   -2.1404089280e+03    5.5382983595e+02    2.0967711549e+01    2.3905460000e+19    1.8617799410e-05    0.0000000000e+00    1.0000000000e+00    0.0000000000e+00
   -1.2380517114e+07   -8.6360477281e+06    5.3132149633e+06    1.1848185255e+03    1.7176334737e+03    3.5905974040e+02    2.3898710000e+19    1.8612542446e-05    0.0000000000e+00    1.0000000000e+00    0.0000000000e+00
   -1.7275659413e+07   -1.3703649330e+07   -1.0343479809e+06   -1.9835493945e+03    7.2435925189e+02   -9.7242967742e+00    2.3873980000e+19    1.8593282487e-05    0.0000000000e+00    1.0000000000e+00    0.0000000000e+00
   -1.9813047029e+07    1.0563642397e+07   -1.9603079632e+06   -6.4723273974e+02    2.1774179464e+03    1.3716137143e+00    2.3873980000e+19    1.8593282487e-05    0.0000000000e+00    1.0000000000e+00    0.0000000000e+00
    3.3529628270e+07    5.9374191055e+06    9.8773786818e+06    1.3322178614e+03   -7.2019289332e+02    6.0964799401e+02    2.3872950000e+19    1.8592480313e-05    0.0000000000e+00    1.0000000000e+00    0.0000000000e+00
   -1.9229788743e+07   -4.0272661023e+07    3.0264168059e+07   -4.9715893343e+02   -6.4755155434e+02    2.8453123048e+02    2.3847200000e+19    1.8572425969e-05    0.0000000000e+00    1.0000000000e+00    0.0000000000e+00
    1.8460703372e+07   -1.4385252209e+07    7.7803156630e+05   -7.4062024101e+02   -1.1863582956e+03    1.0686841820e+02    2.3847200000e+19    1.8572425969e-05    0.0000000000e+00    1.0000000000e+00    0.0000000000e+00
    1.3516696056e+06    1.3685288667e+07    7.4028950134e+05    2.4556436545e+03    7.5679077784e+02    1.9490725706e+02    2.3847200000e+19    1.8572425969e-05    0.0000000000e+00    1.0000000000e+00    0.0000000000e+00
   -1.1693953387e+07   -9.4480784623e+06    3.2111187811e+06    1.2524576216e+03    1.6994100956e+03    6.5327695541e+02    2.3847200000e+19    1.8572425969e-05    0.0000000000e+00    1.0000000000e+00    0.0000000000e+00
   -2.1344936435e+07   -1.1917048887e+07   -2.4995221490e+05   -1.9808239639e+03    6.8702187037e+02   -1.7480750923e+02    2.3811040000e+19    1.8544264217e-05    0.0000000000e+00    1.0000000000e+00    0.0000000000e+00
   -2.6253300773e+07   -1.2604257001e+07   -1.1852204151e+06   -2.7535414785e+03    5.0565244924e+02   -8.6737172815e+01    2.3811040000e+19    1.8544264217e-05    0.0000000000e+00    1.0000000000e+00    0.0000000000e+00
   -2.0533466847e+07    1.5223464102e+07   -5.3570582831e+05   -7.4542241285e+02    2.4836758424e+03    2.3256930287e+01    2.3811040000e+19    1.8544264217e-05    0.0000000000e+00    1.0000000000e+00    0.0000000000e+00
   -2.1372805096e+07    2.7241688660e+06    2.5192254893e+05   -1.3381850279e+03    1.9162111414e+03    1.7537408833e+02    2.3811040000e+19    1.8544264217e-05    0.0000000000e+00    1.0000000000e+00    0.0000000000e+00
   -2.4563036438e+07   -3.0631778315e+07    3.3518986259e+07   -5.5886486601e+02   -4.5510362516e+02    2.7048380648e+02    2.3795800000e+19    1.8532395160e-05    0.0000000000e+00    1.0000000000e+00    0.0000000000e+00
   -2.0318166082e+07   -1.5229944701e+07    3.1424779677e+05   -2.1521118872e+03    4.2431509886e+02   -6.1422171519e+01    2.3748130000e+19    1.8495269311e-05    0.0000000000e+00    1.0000000000e+00    0.0000000000e+00
    7.8155109373e+06   -2.3538956781e+07   -3.5513693670e+05   -1.2426183298e+03   -1.0887778988e+03    1.3158898336e+01    2.3748130000e+19    1.8495269311e-05    0.0000000000e+00    1.0000000000e+00    0.0000000000e+00
   -1.2255264314e+07   -7.3745627897e+06   -2.5670689744e+07    5.4054422403e+00    8.7022927247e+01    7.4252084477e+02    2.3748130000e+19    1.8495269311e-05    0.0000000000e+00    1.0000000000e+00    0.0000000000e+00
   -1.7565498221e+07   -1.7164979878e+07   -3.5443674635e+05   -2.0239577682e+03    2.5331370345e+02   -7.8319443025e+01    2.3716680000e+19    1.8470775752e-05    0.0000000000e+00    1.0000000000e+00    0.0000000000e+00
   -2.0828810393e+07   -6.5970951641e+06   -1.1202812732e+06   -1.7731298387e+03    1.3651706254e+03   -8.6115148874e+01    2.3716680000e+19    1.8470775752e-05    0.0000000000e+00    1.0000000000e+00    0.0000000000e+00
   -1.8292035491e+07   -1.0042579554e+07   -3.6319498303e+05   -1.7271885813e+03    1.0164717009e+03   -3.4654604131e+01    2.3716680000e+19    1.8470775752e-05    0.0000000000e+00    1.0000000000e+00    0.0000000000e+00
   -1.0427908897e+07   -7.9559112156e+06    4.2192717312e+06    1.2204177350e+03    2.1107216025e+03    1.9869561822e+02    2.3716680000e+19    1.8470775752e-05    0.0000000000e+00    1.0000000000e+00    0.0000000000e+00
    1.0120726780e+07   -7.3415390768e+06    6.8458994969e+06   -1.5666036947e+03   -1.4110821470e+03   -3.0893278203e+02    2.3693320000e+19    1.8452582762e-05    0.0000000000e+00    1.0000000000e+00    0.0000000000e+00
   -2.7724216492e+07   -3.3114726346e+07    3.0974554524e+06   -4.1042585679e+02   -3.5985791631e+01   -2.7077083938e+02    2.3693320000e+19    1.8452582762e-05    0.0000000000e+00    1.0000000000e+00    0.0000000000e+00
   -1.4119042089e+07   -3.1413714431e+07   -3.3511136750e+07   -3.4566895899e+02   -4.3686148552e+02   -1.7837769042e+02    2.3693320000e+19    1.8452582762e-05    0.0000000000e+00    1.0000000000e+00    0.0000000000e+00
   -9.4832082311e+06    1.8535905595e+07   -8.8183464373e+05    1.0082086834e+03    2.2363189756e+03   -7.0053924664e+01    2.3685250000e+19    1.8446297770e-05    0.0000000000e+00    1.0000000000e+00    0.0000000000e+00
   -3.4877458246e+06    1.7752078500e+07    5.3847742197e+05    1.6453181563e+03    1.5554167179e+03    1.0691062204e+02    2.3685250000e+19    1.8446297770e-05    0.0000000000e+00    1.0000000000e+00    0.0000000000e+00
    3.7550690807e+07    1.1783636221e+07    1.9182163374e+07    1.7295540827e+03   -2.8839504535e+02    1.1478396077e+03    2.3685250000e+19    1.8446297770e-05    0.0000000000e+00    1.0000000000e+00    0.0000000000e+00
   -1.7979278126e+07    9.9569878358e+05    1.3056462491e+05   -9.6096630758e+02    1.8356114744e+03    3.7946009663e+02    2.3685250000e+19    1.8446297770e-05    0.0000000000e+00    1.0000000000e+00    0.0000000000e+00
   -1.5716322660e+07   -1.8990774201e+07   -2.3168235701e+06   -1.9642836213e+03    2.5098800618e+01   -1.8040382278e+02    2.3685250000e+19    1.8446297770e-05    0.0000000000e+00    1.0000000000e+00    0.0000000000e+00
   -9.8387933284e+06   -2.6736350038e+07    1.7736106851e+05   -1.8437101490e+03   -8.2973158729e+02    6.2271306391e+00    2.3685250000e+19    1.8446297770e-05    0.0000000000e+00    1.0000000000e+00    0.0000000000e+00
    1.2933424816e+07   -2.5628323814e+07    5.9534434488e+05   -7.9434076649e+02   -1.4034204676e+03    3.4013725832e+01    2.3685250000e+19    1.8446297770e-05    0.0000000000e+00    1.0000000000e+00    0.0000000000e+00
    1.9290764598e+07   -7.5319328677e+04   -1.3472049172e+07   -5.7505312746e+00   -1.2510875562e+03   -3.6671757130e+02    2.3642230000e+19    1.8412793385e-05    0.0000000000e+00    1.0000000000e+00    0.0000000000e+00
    8.3265722807e+06    7.4626412072e+06    6.3288106767e+05    2.4818079909e+03   -1.7058358708e+03   -1.3165930982e+02    2.3622390000e+19    1.8397341804e-05    0.0000000000e+00    1.0000000000e+00    0.0000000000e+00
   -2.3289385074e+07   -1.0966383589e+07   -2.4092148836e+05   -2.2260238685e+03    6.5683464484e+02   -2.4310387706e+01    2.3622390000e+19    1.8397341804e-05    0.0000000000e+00    1.0000000000e+00    0.0000000000e+00
   -1.2753610844e+07   -2.0220789648e+07   -3.1709645649e+05   -1.8679476520e+03   -3.4687829481e+01   -1.1188921804e+02    2.3622390000e+19    1.8397341804e-05    0.0000000000e+00    1.0000000000e+00    0.0000000000e+00
   -6.0463495590e+06    1.6576722500e+07    1.3394127520e+06    1.3477531614e+03    1.9245767501e+03    1.0903579344e+02    2.3622390000e+19    1.8397341804e-05    0.0000000000e+00    1.0000000000e+00    0.0000000000e+00
   -2.2351523348e+07   -2.1036767947e+07    1.2238606767e+07   -4.4262770269e+01    2.7333037937e+02   -5.4365979528e+02    2.3622390000e+19    1.8397341804e-05    0.0000000000e+00    1.0000000000e+00    0.0000000000e+00
   -4.2905745457e+06   -2.1641549100e+07    1.1242102901e+06   -1.7178372515e+03   -3.1674132633e+02   -6.3925252639e+01    2.3622390000e+19    1.8397341804e-05    0.0000000000e+00    1.0000000000e+00    0.0000000000e+00
   -9.7970604714e+06   -1.8088834885e+07    6.7967468208e+05   -1.7937153796e+03    2.8369546280e+02   -9.7482916325e+01    2.3622390000e+19    1.8397341804e-05    0.0000000000e+00    1.0000000000e+00    0.0000000000e+00
   -1.0445824466e+07   -1.8110577106e+07   -1.0083288196e+05   -1.8586805197e+03    2.7504300147e+02    6.3296000939e+01    2.3622390000e+19    1.8397341804e-05    0.0000000000e+00    1.0000000000e+00    0.0000000000e+00
    1.7722077592e+06   -2.2760725421e+07   -8.3773758358e+05   -1.4943541171e+03   -5.9355536089e+02    6.1223649854e+01    2.3622390000e+19    1.8397341804e-05    0.0000000000e+00    1.0000000000e+00    0.0000000000e+00
   -2.3471891223e+07   -2.8556374524e+07   -1.4714896553e+06   -2.1798619398e+02    2.9508210664e+02    3.1931327576e+02    2.3616730000e+19    1.8392933743e-05    0.0000000000e+00    1.0000000000e+00    0.0000000000e+00
   -1.8639295641e+07   -1.3986301881e+07   -2.0123166141e+06    6.0953682227e+02    8.3185328991e+02    8.2689523349e+02    2.3616730000e+19    1.8392933743e-05    0.0000000000e+00    1.0000000000e+00    0.0000000000e+00
   -1.2647147698e+07   -2.2353137900e+07    4.6646068019e+07   -3.4795441492e+02   -3.9584233747e+02    5.8547142717e+02    2.3591240000e+19    1.8373081888e-05    0.0000000000e+00    1.0000000000e+00    0.0000000000e+00
