#   x1                  x2                  x3                  v1                  v2                  v3                  mass                rel_mass            mat0_frac           mat1_frac           mat2_frac
    1.5790105917e+04    3.8431385361e+04   -9.9166262941e+03    5.8833723001e-01    2.7856469648e+00   -5.5005721495e-01    1.4576117708e+23    9.9302744482e-01    9.0476600313e-01    9.5233996871e-02    0.0000000000e+00
   -3.2093400120e+07    6.9627773030e+06    1.2020582763e+07   -6.9375095284e+02    1.7662693566e+02    2.5855374664e+02    2.9202190000e+18    1.9894581465e-05    0.0000000000e+00    1.0000000000e+00    0.0000000000e+00
    6.1767896322e+06    4.9209086214e+05   -7.4617211009e+06   -4.5471784054e+02   -2.3547572245e+01    6.3640252153e+02    2.9183210000e+18    1.9881650957e-05    0.0000000000e+00    1.0000000000e+00    0.0000000000e+00
   -2.3076501431e+07    7.6225555951e+06   -1.0649262665e+07   -3.0346602969e+02    1.5415387401e+02   -1.7024207429e+02    2.9164310000e+18    1.9868774951e-05    0.0000000000e+00    1.0000000000e+00    0.0000000000e+00
   -3.5608852517e+07   -5.2906710861e+06   -1.9859577165e+07   -8.6760005992e+02   -1.4177536773e+02   -5.1098416783e+02    2.9154900000e+18    1.9862364198e-05    0.0000000000e+00    1.0000000000e+00    0.0000000000e+00
    5.8502733155e+06   -1.9224914206e+06   -9.6322638475e+06   -2.8901221013e+02    6.5661147549e+01    5.2453133569e+02    2.9154900000e+18    1.9862364198e-05    0.0000000000e+00    1.0000000000e+00    0.0000000000e+00
    6.8945216407e+06   -4.1663648343e+06   -7.0269116564e+06   -4.2623787176e+02    1.8062559348e+02    4.9530771589e+02    2.9154900000e+18    1.9862364198e-05    0.0000000000e+00    1.0000000000e+00    0.0000000000e+00
   -4.0020449379e+06   -1.1085037707e+06   -1.1966243605e+07    8.7826030631e+01    2.2670034438e+01    4.8254824271e+02    2.9154900000e+18    1.9862364198e-05    0.0000000000e+00    1.0000000000e+00    0.0000000000e+00
   -1.9117853288e+07    3.5148977476e+06   -8.3981800191e+06   -5.7274680869e+01    4.3975994652e+01   -9.4514901943e+01    2.9145510000e+18    1.9855967071e-05    0.0000000000e+00    1.0000000000e+00    0.0000000000e+00
    8.9379970841e+06   -1.3364334331e+07   -3.2984098172e+07    1.8465886978e+02   -3.4361681600e+02   -7.4057306374e+02    2.9136140000e+18    1.9849583569e-05    0.0000000000e+00    1.0000000000e+00    0.0000000000e+00
   -1.7430481120e+07   -4.4885365351e+06    2.6752199408e+06    9.0082457944e+01   -2.6059667641e+01   -3.2657690100e+01    2.9126800000e+18    1.9843220506e-05    0.0000000000e+00    1.0000000000e+00    0.0000000000e+00
    2.2925069685e+06   -5.4332989208e+06   -5.6936693487e+06   -3.3050326618e+02    4.7041997916e+02    7.8399467057e+02    2.9108170000e+18    1.9830528442e-05    0.0000000000e+00    1.0000000000e+00    0.0000000000e+00
   -2.8296159852e+07   -3.8512154878e+06    2.5640195057e+07   -6.7852661156e+02   -9.0695362596e+01    5.8774976953e+02    2.9089630000e+18    1.9817897693e-05    0.0000000000e+00    1.0000000000e+00    0.0000000000e+00
   -5.1153812360e+07    8.1193452415e+06    9.3302754937e+06   -1.4163291735e+03    2.4130028798e+02    2.6627757516e+02    2.9089630000e+18    1.9817897693e-05    0.0000000000e+00    1.0000000000e+00    0.0000000000e+00
   -4.0103481328e+06    1.6669869352e+06   -6.3449977506e+06    5.2332080763e+02   -1.4901500069e+02    8.8398835223e+02    2.9071180000e+18    1.9805328258e-05    0.0000000000e+00    1.0000000000e+00    0.0000000000e+00
   -1.1089703046e+07   -3.2623854828e+06   -1.3157135332e+06    5.6821507455e+02    1.0705539525e+02    5.8513898158e+01    2.9061980000e+18    1.9799060572e-05    0.0000000000e+00    1.0000000000e+00    0.0000000000e+00
   -1.0291956053e+07    6.2958813269e+06   -5.1843012944e+06    3.9491537389e+02   -1.0539789138e+02    2.0874069928e+02    2.9061980000e+18    1.9799060572e-05    0.0000000000e+00    1.0000000000e+00    0.0000000000e+00
    4.6735986078e+07   -3.1136089354e+06    2.2167832571e+06    1.2359247091e+03   -8.8364214042e+01    6.7160884574e+01    2.9061980000e+18    1.9799060572e-05    0.0000000000e+00    1.0000000000e+00    0.0000000000e+00
   -1.0562871635e+07    2.8546596758e+06    1.9079944198e+07   -6.3625829022e+01    3.8789217796e+01    1.1754503904e+02    2.9052800000e+18    1.9792806512e-05    0.0000000000e+00    1.0000000000e+00    0.0000000000e+00
    4.9859526282e+06   -2.1026188278e+06    3.8925216822e+07    1.3775079099e+02   -5.4726083291e+01    9.3288796885e+02    2.9043650000e+18    1.9786572890e-05    0.0000000000e+00    1.0000000000e+00    0.0000000000e+00
    8.8806726002e+06    8.5848831955e+06    2.5179877881e+07    1.3018490903e+02    1.7948774935e+02    3.9245815578e+02    2.9034510000e+18    1.9780346080e-05    0.0000000000e+00    1.0000000000e+00    0.0000000000e+00
   -4.9761354933e+05    5.9377974986e+05   -2.0640773110e+07    5.5551554064e+01    2.3879537243e-01   -6.4374139046e+01    2.9025400000e+18    1.9774139709e-05    0.0000000000e+00    1.0000000000e+00    0.0000000000e+00
    9.4483818837e+06   -4.7019673901e+06    2.4066517456e+07    1.1414491097e+02   -8.6310281971e+01    3.3120388390e+02    2.9016310000e+18    1.9767946963e-05    0.0000000000e+00    1.0000000000e+00    0.0000000000e+00
   -1.2343109954e+07   -3.5023128100e+06   -3.5598002172e+07   -2.7800762061e+02   -9.1645885170e+01   -8.2902978287e+02    2.9016310000e+18    1.9767946963e-05    0.0000000000e+00    1.0000000000e+00    0.0000000000e+00
   -2.1183627969e+06   -2.8979772216e+06   -2.7958969230e+07   -3.2014515044e+01   -6.0402463077e+01   -4.4517363336e+02    2.9016310000e+18    1.9767946963e-05    0.0000000000e+00    1.0000000000e+00    0.0000000000e+00
    1.5359000257e+07    5.8479719088e+06   -2.1695273726e+07    2.2042930230e+02    1.0699460689e+02   -3.2210574200e+02    2.9016310000e+18    1.9767946963e-05    0.0000000000e+00    1.0000000000e+00    0.0000000000e+00
    2.0732348358e+07    5.5466914579e+06    2.1236551456e+07    3.8177065783e+02    1.2404575208e+02    3.7151599506e+02    2.9007230000e+18    1.9761761029e-05    0.0000000000e+00    1.0000000000e+00    0.0000000000e+00
   -5.6572329971e+06    4.1576155640e+06    1.5842494039e+05    1.0273845171e+03   -4.9990118013e+02   -6.4335324585e+01    2.9007230000e+18    1.9761761029e-05    0.0000000000e+00    1.0000000000e+00    0.0000000000e+00
   -4.4864519195e+07   -8.3948863108e+05   -2.6356089896e+07   -1.2376741093e+03   -1.9689614059e+01   -7.2585657480e+02    2.8998180000e+18    1.9755595534e-05    0.0000000000e+00    1.0000000000e+00    0.0000000000e+00
    3.1345288099e+07    6.3395818736e+06   -7.7213747182e+06    6.3623028674e+02    1.4552571504e+02   -1.4007724383e+02    2.8998180000e+18    1.9755595534e-05    0.0000000000e+00    1.0000000000e+00    0.0000000000e+00
   -1.9426365992e+07   -1.9083485781e+07   -2.5722887868e+05   -2.2939864952e+02   -3.6612236768e+02   -3.2985848574e+01    2.8980130000e+18    1.9743298607e-05    0.0000000000e+00    1.0000000000e+00    0.0000000000e+00
    1.8975720968e+07   -7.4984142866e+06    1.8592309428e+07    2.7079022354e+02   -1.4534673967e+02    2.9204486335e+02    2.8944270000e+18    1.9718868258e-05    0.0000000000e+00    1.0000000000e+00    0.0000000000e+00
   -4.3957784613e+06   -1.9734896353e+06   -3.6924767083e+06    9.6190468163e+02    3.0080351442e+02    8.2936960919e+02    2.8944270000e+18    1.9718868258e-05    0.0000000000e+00    1.0000000000e+00    0.0000000000e+00
   -1.8959377598e+07    7.9346141826e+06    3.4994144298e+07   -4.7606518455e+02    2.1128864512e+02    8.4152143838e+02    2.8944270000e+18    1.9718868258e-05    0.0000000000e+00    1.0000000000e+00    0.0000000000e+00
    3.4720762392e+07    3.6603075868e+06   -1.1336665133e+07    7.8289499870e+02    8.9950928440e+01   -2.4662685502e+02    2.8944270000e+18    1.9718868258e-05    0.0000000000e+00    1.0000000000e+00    0.0000000000e+00
    6.3477457630e+06   -8.8508155138e+06    1.3317742844e+07   -1.6996554408e+01   -8.8763306485e+00   -1.8060611165e+02    2.8935350000e+18    1.9712791328e-05    0.0000000000e+00    1.0000000000e+00    0.0000000000e+00
    1.1200658005e+07   -3.2639403938e+06    9.9670544842e+06   -1.9451037921e+02    2.2862439799e+01   -2.0462944235e+02    2.8935350000e+18    1.9712791328e-05    0.0000000000e+00    1.0000000000e+00    0.0000000000e+00
   -9.3925291102e+05    3.5110934978e+06    2.5527941361e+07   -1.5611037633e+01    6.1974003065e+01    3.2607185188e+02    2.8935350000e+18    1.9712791328e-05    0.0000000000e+00    1.0000000000e+00    0.0000000000e+00
   -3.4336625168e+07    1.8301884372e+07    4.1758631047e+06   -8.0085058052e+02    4.8333728734e+02    7.5984205392e+01    2.8935350000e+18    1.9712791328e-05    0.0000000000e+00    1.0000000000e+00    0.0000000000e+00
    4.0096154976e+07   -9.7409205286e+05    3.3196545507e+07    1.1058128897e+03   -2.7873060709e+01    9.1255822204e+02    2.8935350000e+18    1.9712791328e-05    0.0000000000e+00    1.0000000000e+00    0.0000000000e+00
   -2.0771992363e+07    3.8803692457e+06   -2.3082420986e+07   -4.1049427570e+02    8.6531280624e+01   -4.2177931172e+02    2.8935350000e+18    1.9712791328e-05    0.0000000000e+00    1.0000000000e+00    0.0000000000e+00
    4.1037544257e+07   -2.5763913032e+06    2.1393334069e+07    1.0819799492e+03   -7.3027839248e+01    5.5121112027e+02    2.8926460000e+18    1.9706734836e-05    0.0000000000e+00    1.0000000000e+00    0.0000000000e+00
   -1.5057515079e+07   -4.7791152438e+06    2.0110731045e+07   -1.9406274412e+02   -9.0244144556e+01    2.4221698577e+02    2.8926460000e+18    1.9706734836e-05    0.0000000000e+00    1.0000000000e+00    0.0000000000e+00
   -3.6424281128e+07   -1.9569283354e+07    4.8492943422e+07   -1.0578649196e+03   -6.0093212935e+02    1.4221702375e+03    2.8926460000e+18    1.9706734836e-05    0.0000000000e+00    1.0000000000e+00    0.0000000000e+00
   -2.8866499141e+07    1.5759884271e+07    1.6291207519e+06   -5.6560886524e+02    3.7255670288e+02    1.2884503146e+01    2.8926460000e+18    1.9706734836e-05    0.0000000000e+00    1.0000000000e+00    0.0000000000e+00
   -3.2933250820e+07    1.2532979715e+07   -4.2799317263e+06   -7.0880086221e+02    3.0989859321e+02   -1.1345040956e+02    2.8926460000e+18    1.9706734836e-05    0.0000000000e+00    1.0000000000e+00    0.0000000000e+00
    1.0806812959e+07   -5.6666717420e+06   -3.0535453088e+06   -4.7634923380e+02    1.3579286250e+02    8.7679913036e+01    2.8926460000e+18    1.9706734836e-05    0.0000000000e+00    1.0000000000e+00    0.0000000000e+00
    1.2942904111e+07    5.8492989928e+06   -1.1930585821e+07   -6.9498664817e+01    2.5371578937e+01    4.0254877816e+01    2.8926460000e+18    1.9706734836e-05    0.0000000000e+00    1.0000000000e+00    0.0000000000e+00
    4.3410187185e+06    6.6836679284e+06   -9.1283129938e+06   -2.2162336735e+02   -1.8650113016e+02    4.6482372246e+02    2.8926460000e+18    1.9706734836e-05    0.0000000000e+00    1.0000000000e+00    0.0000000000e+00
    1.2499184036e+07   -1.2095753837e+07    2.5941988996e+07    2.2283037808e+02   -2.6986721302e+02    4.8041052476e+02    2.8917580000e+18    1.9700685157e-05    0.0000000000e+00    1.0000000000e+00    0.0000000000e+00
   -9.2198016756e+06    1.2740135445e+06    5.9089808045e+06    5.2847576053e+02   -4.3417310130e+01   -3.5709153180e+02    2.8917580000e+18    1.9700685157e-05    0.0000000000e+00    1.0000000000e+00    0.0000000000e+00
    1.9794658095e+06    3.0368670174e+06    8.7471709813e+06   -1.4250088094e+02   -1.8536372446e+02   -7.7737994823e+02    2.8917580000e+18    1.9700685157e-05    0.0000000000e+00    1.0000000000e+00    0.0000000000e+00
   -1.8136935882e+07   -9.3916145327e+06   -1.5941429989e+07   -2.1967545703e+02   -1.6597927207e+02   -2.0596798092e+02    2.8908720000e+18    1.9694649103e-05    0.0000000000e+00    1.0000000000e+00    0.0000000000e+00
   -1.0977243985e+07   -7.5125149716e+06   -8.1424629018e+06    2.2329893666e+02    3.8560585749e+01    1.5281320869e+02    2.8908720000e+18    1.9694649103e-05    0.0000000000e+00    1.0000000000e+00    0.0000000000e+00
   -4.4171518681e+06    6.3580266822e+06    1.4316737364e+07    5.9252281229e+01   -1.7890996613e+01   -2.1480337898e+02    2.8908720000e+18    1.9694649103e-05    0.0000000000e+00    1.0000000000e+00    0.0000000000e+00
   -2.9643550588e+07    7.0086605598e+06   -3.8977602166e+06   -5.4843903404e+02    1.5495767886e+02   -3.4947787790e+01    2.8908720000e+18    1.9694649103e-05    0.0000000000e+00    1.0000000000e+00    0.0000000000e+00
    3.1045254795e+06    3.8389454793e+06   -1.2405674130e+07   -7.9673097192e+01   -6.5985744073e+01    4.2623749048e+02    2.8908720000e+18    1.9694649103e-05    0.0000000000e+00    1.0000000000e+00    0.0000000000e+00
    1.2520228503e+06    7.0006774046e+06   -2.8751158421e+07    3.5444711682e+01    1.5306601190e+02   -4.9410631734e+02    2.8908720000e+18    1.9694649103e-05    0.0000000000e+00    1.0000000000e+00    0.0000000000e+00
    3.5683562584e+06   -1.6203002960e+06    4.0713221747e+07    7.0390111998e+01   -4.1470435605e+01    9.9462184615e+02    2.8891050000e+18    1.9682611059e-05    0.0000000000e+00    1.0000000000e+00    0.0000000000e+00
    9.1032386867e+06   -1.4992052705e+06    6.9724336207e+06   -4.7649029642e+02    4.6459706542e+01   -3.4552828173e+02    2.8891050000e+18    1.9682611059e-05    0.0000000000e+00    1.0000000000e+00    0.0000000000e+00
   -7.5059654425e+06   -1.6399156533e+06    1.3847194977e+07    1.0990166066e+02    4.8495953077e+00   -2.2000807646e+02    2.8873460000e+18    1.9670627516e-05    0.0000000000e+00    1.0000000000e+00    0.0000000000e+00
   -3.0066351095e+07   -1.2132873252e+06    2.7182229915e+07   -7.3394981746e+02   -2.7842828876e+01    6.5531560407e+02    2.8873460000e+18    1.9670627516e-05    0.0000000000e+00    1.0000000000e+00    0.0000000000e+00
    3.8141447261e+07   -2.5069104400e+06    1.1713378570e+07    9.1686651752e+02   -6.6053146759e+01    2.8796744621e+02    2.8873460000e+18    1.9670627516e-05    0.0000000000e+00    1.0000000000e+00    0.0000000000e+00
    3.4970301785e+07   -7.7668595969e+06   -4.0395901861e+07    9.7525439252e+02   -2.2837895661e+02   -1.1239082932e+03    2.8873460000e+18    1.9670627516e-05    0.0000000000e+00    1.0000000000e+00    0.0000000000e+00
   -1.5494615120e+06    6.2563588909e+06    7.7166002124e+06    1.1350855089e+02   -3.3133357169e+02   -6.6349254594e+02    2.8873460000e+18    1.9670627516e-05    0.0000000000e+00    1.0000000000e+00    0.0000000000e+00
    1.3610274488e+07    5.4055937381e+06    1.0952795625e+07   -6.5483645970e+01    1.5921173679e+01   -6.6416892399e+01    2.8873460000e+18    1.9670627516e-05    0.0000000000e+00    1.0000000000e+00    0.0000000000e+00
   -4.9323903120e+07   -3.4720889012e+06    2.8878272288e+07   -1.3962782280e+03   -1.0240504404e+02    8.3337184188e+02    2.8873460000e+18    1.9670627516e-05    0.0000000000e+00    1.0000000000e+00    0.0000000000e+00
   -9.7460040420e+06   -2.9157069047e+06    2.7193348743e+07   -1.5558565497e+02   -5.9920564937e+01    4.5862182760e+02    2.8855940000e+18    1.9658691663e-05    0.0000000000e+00    1.0000000000e+00    0.0000000000e+00
   -1.4496758450e+07   -5.3724229719e+06    1.8640704660e+07   -1.6148302069e+02   -7.2999804227e+01    1.7829464233e+02    2.8855940000e+18    1.9658691663e-05    0.0000000000e+00    1.0000000000e+00    0.0000000000e+00
   -3.8707092884e+06   -9.1377078532e+05    2.9962078095e+06    1.1953452494e+03    2.0385327155e+02   -9.4881884115e+02    2.8855940000e+18    1.9658691663e-05    0.0000000000e+00    1.0000000000e+00    0.0000000000e+00
   -2.3968292406e+07    3.3932843428e+05    2.1001472107e+07   -4.6218617992e+02    8.3752951652e+00    4.1188694922e+02    2.8855940000e+18    1.9658691663e-05    0.0000000000e+00    1.0000000000e+00    0.0000000000e+00
    3.0324620747e+07   -9.8394759543e+06   -3.5352845770e+06    5.8550211275e+02   -2.2721528636e+02   -7.4303901257e+01    2.8855940000e+18    1.9658691663e-05    0.0000000000e+00    1.0000000000e+00    0.0000000000e+00
   -2.3604727731e+07   -3.3635201356e+06   -3.1224166447e+07   -5.5327137319e+02   -8.9248344744e+01   -7.4609253492e+02    2.8855940000e+18    1.9658691663e-05    0.0000000000e+00    1.0000000000e+00    0.0000000000e+00
   -4.0348718706e+07   -1.5843836855e+07   -1.3108687682e+07   -1.0467277797e+03   -4.4425163767e+02   -3.1627425432e+02    2.8855940000e+18    1.9658691663e-05    0.0000000000e+00    1.0000000000e+00    0.0000000000e+00
    2.8361044863e+06   -8.4797996309e+06   -1.5484689420e+07   -1.1899032861e+01   -1.8520359706e+01    1.2973824811e+02    2.8855940000e+18    1.9658691663e-05    0.0000000000e+00    1.0000000000e+00    0.0000000000e+00
    8.8556939621e+06   -1.0474476101e+07   -2.0896353003e+07    1.0055206382e+02   -1.7662528813e+02   -2.2524370566e+02    2.8855940000e+18    1.9658691663e-05    0.0000000000e+00    1.0000000000e+00    0.0000000000e+00
   -9.8574347437e+06   -6.1081318894e+05    9.3565628117e+06    3.0052414050e+02    3.7447620211e+00   -2.8327308436e+02    2.8855940000e+18    1.9658691663e-05    0.0000000000e+00    1.0000000000e+00    0.0000000000e+00
   -2.1159728587e+07    2.4393554151e+06    1.7550603830e+07   -3.2094117496e+02    4.5648419130e+01    2.7027558343e+02    2.8855940000e+18    1.9658691663e-05    0.0000000000e+00    1.0000000000e+00    0.0000000000e+00
   -4.2779034026e+07   -4.0596630419e+05    5.7910385521e+06   -1.0902532232e+03   -6.9405640172e+00    1.4777858241e+02    2.8855940000e+18    1.9658691663e-05    0.0000000000e+00    1.0000000000e+00    0.0000000000e+00
    1.7074714052e+07    4.6075818837e+06   -4.6084416867e+07    4.6680108265e+02    1.3192481648e+02   -1.2390315063e+03    2.8855940000e+18    1.9658691663e-05    0.0000000000e+00    1.0000000000e+00    0.0000000000e+00
   -2.8924547386e+06    9.7536813549e+06   -5.1815050651e+07   -7.0376762301e+01    2.8454494911e+02   -1.4290545375e+03    2.8855940000e+18    1.9658691663e-05    0.0000000000e+00    1.0000000000e+00    0.0000000000e+00
   -6.2778197602e+06   -3.6420004116e+06    5.5759167038e+07   -1.7694289106e+02   -1.0722494729e+02    1.5729181474e+03    2.8847200000e+18    1.9652737361e-05    0.0000000000e+00    1.0000000000e+00    0.0000000000e+00
   -1.6951743140e+06   -4.2056037470e+06    2.2580109894e+06    7.4778953926e+02    9.9348292167e+02   -8.7385663129e+02    2.8847200000e+18    1.9652737361e-05    0.0000000000e+00    1.0000000000e+00    0.0000000000e+00
    2.2578845804e+07   -6.4238181623e+06   -3.1835143853e+07    5.3622148848e+02   -1.7021155468e+02   -7.5837640854e+02    2.8847200000e+18    1.9652737361e-05    0.0000000000e+00    1.0000000000e+00    0.0000000000e+00
    1.8394663542e+07   -8.4344987369e+06   -2.1186688826e+07    3.0327913299e+02   -1.7160677639e+02   -3.6178519445e+02    2.8847200000e+18    1.9652737361e-05    0.0000000000e+00    1.0000000000e+00    0.0000000000e+00
   -1.1487173101e+07   -8.8530894892e+06   -4.1542517783e+07   -2.9487343582e+02   -2.4435186139e+02   -1.0567030417e+03    2.8847200000e+18    1.9652737361e-05    0.0000000000e+00    1.0000000000e+00    0.0000000000e+00
    1.0309534732e+07    1.2222492898e+07    1.5634776026e+07    4.2832327295e+01    1.6115288507e+02    7.8656209842e+01    2.8847200000e+18    1.9652737361e-05    0.0000000000e+00    1.0000000000e+00    0.0000000000e+00
    3.1668527566e+07    1.9635192494e+07   -4.3928018179e+07    8.9881222550e+02    5.8980913972e+02   -1.2439230962e+03    2.8847200000e+18    1.9652737361e-05    0.0000000000e+00    1.0000000000e+00    0.0000000000e+00
   -1.9390265550e+07   -1.0232278238e+07    7.9760762225e+06   -1.5407492908e+02   -1.4128284321e+02    5.3266340181e+01    2.8838490000e+18    1.9646803498e-05    0.0000000000e+00    1.0000000000e+00    0.0000000000e+00
    3.8524046722e+07   -3.5232106671e+06   -1.4906770174e+07    9.4751954471e+02   -9.4959297393e+01   -3.6296289108e+02    2.8838490000e+18    1.9646803498e-05    0.0000000000e+00    1.0000000000e+00    0.0000000000e+00
   -1.0297708406e+07    5.8001297717e+06   -3.1174553962e+07   -2.2075007824e+02    1.3897644423e+02   -6.3260242566e+02    2.8829790000e+18    1.9640876447e-05    0.0000000000e+00    1.0000000000e+00    0.0000000000e+00
    1.6843686549e+07    1.0202106821e+07   -1.9173977622e+07    2.4807517368e+02    2.0051704470e+02   -2.7316478380e+02    2.8829790000e+18    1.9640876447e-05    0.0000000000e+00    1.0000000000e+00    0.0000000000e+00
   -2.7113894894e+06    1.3620076287e+07   -2.4954811719e+07   -5.8345142859e+00    2.7709998471e+02   -3.9091743179e+02    2.8829790000e+18    1.9640876447e-05    0.0000000000e+00    1.0000000000e+00    0.0000000000e+00
    9.8438132700e+06   -1.3599227902e+07    4.1457874638e+07    2.5885392820e+02   -3.7772691990e+02    1.0608103808e+03    2.8821110000e+18    1.9634963022e-05    0.0000000000e+00    1.0000000000e+00    0.0000000000e+00
    4.5028896883e+07   -2.6524047239e+06   -3.3631642203e+07    1.2670082404e+03   -7.7909215129e+01   -9.5746016192e+02    2.8821110000e+18    1.9634963022e-05    0.0000000000e+00    1.0000000000e+00    0.0000000000e+00
    3.4346872332e+07   -5.5638214501e+06   -2.2408178308e+07    8.4191768635e+02   -1.4764876109e+02   -5.5358022814e+02    2.8821110000e+18    1.9634963022e-05    0.0000000000e+00    1.0000000000e+00    0.0000000000e+00
   -3.0924558069e+07    4.4790435793e+06    2.9271394647e+07   -7.9065579665e+02    1.1974011274e+02    7.2004917238e+02    2.8821110000e+18    1.9634963022e-05    0.0000000000e+00    1.0000000000e+00    0.0000000000e+00
   -2.3106291316e+07    5.8977656631e+06    2.3232621308e+07   -4.7508838475e+02    1.3672983261e+02    4.6936949370e+02    2.8821110000e+18    1.9634963022e-05    0.0000000000e+00    1.0000000000e+00    0.0000000000e+00
    4.9950951589e+07    3.3264943030e+06    5.4326341739e+06    1.3611450350e+03    9.7511183595e+01    1.3704903130e+02    2.8821110000e+18    1.9634963022e-05    0.0000000000e+00    1.0000000000e+00    0.0000000000e+00
    9.9984688816e+06    4.9017504795e+06   -9.2590030322e+06   -2.5676808352e+02   -5.9929898378e+01    2.2889241345e+02    2.8821110000e+18    1.9634963022e-05    0.0000000000e+00    1.0000000000e+00    0.0000000000e+00
    1.5296395206e+07   -8.3685504062e+06    2.8599978127e+07    3.1711801675e+02   -1.9585717818e+02    5.8008938108e+02    2.8803800000e+18    1.9623170235e-05    0.0000000000e+00    1.0000000000e+00    0.0000000000e+00
   -1.7664038916e+07    1.1528129511e+06    5.7669142948e+07   -5.0815107075e+02    3.5749813007e+01    1.6624462710e+03    2.8803800000e+18    1.9623170235e-05    0.0000000000e+00    1.0000000000e+00    0.0000000000e+00
   -1.3141284650e+07   -4.9227694154e+06    1.7655124029e+07   -1.0233397778e+02   -6.2897822794e+01    1.2084376934e+02    2.8803800000e+18    1.9623170235e-05    0.0000000000e+00    1.0000000000e+00    0.0000000000e+00
   -2.8608237373e+07   -2.9238639143e+06    2.4153326828e+07   -6.4506317779e+02   -6.4637380829e+01    5.6214053683e+02    2.8803800000e+18    1.9623170235e-05    0.0000000000e+00    1.0000000000e+00    0.0000000000e+00
    2.2525731276e+07   -1.4153278622e+06   -6.0667179182e+06    1.9028016067e+02   -1.5379738801e+01   -9.1635453147e+01    2.8803800000e+18    1.9623170235e-05    0.0000000000e+00    1.0000000000e+00    0.0000000000e+00
    3.7482913236e+06    3.6710153822e+06    1.7090760098e+07   -1.1139993462e+01    1.1407168743e+01   -1.1455253792e+02    2.8803800000e+18    1.9623170235e-05    0.0000000000e+00    1.0000000000e+00    0.0000000000e+00
   -2.6445887978e+07    5.6402783807e+06    3.6450977759e+07   -6.8972602598e+02    1.5646643446e+02    9.4415123804e+02    2.8803800000e+18    1.9623170235e-05    0.0000000000e+00    1.0000000000e+00    0.0000000000e+00
   -3.4614180003e+07    1.2095914580e+07    1.8534802102e+07   -8.4124911733e+02    3.2394650650e+02    4.4769598520e+02    2.8803800000e+18    1.9623170235e-05    0.0000000000e+00    1.0000000000e+00    0.0000000000e+00
   -4.9697552077e+07   -6.2923044061e+06    1.1071195345e+07   -1.3598205603e+03   -1.8224619746e+02    3.1784943676e+02    2.8803800000e+18    1.9623170235e-05    0.0000000000e+00    1.0000000000e+00    0.0000000000e+00
   -3.0250805892e+07    1.0323769776e+07   -1.7985127273e+07   -6.6774641449e+02    2.5913535402e+02   -4.1392212042e+02    2.8803800000e+18    1.9623170235e-05    0.0000000000e+00    1.0000000000e+00    0.0000000000e+00
   -1.8195386730e+07   -1.8760861904e+06    2.4615622098e+05    8.5207088636e+01   -8.4745747807e+00   -3.3401905305e+00    2.8795180000e+18    1.9617297686e-05    0.0000000000e+00    1.0000000000e+00    0.0000000000e+00
    3.1722453792e+07    2.1879933024e+06   -2.8867819753e+07    7.9137170218e+02    6.0004546923e+01   -7.2980501636e+02    2.8795180000e+18    1.9617297686e-05    0.0000000000e+00    1.0000000000e+00    0.0000000000e+00
   -1.3918259140e+07    9.4504575992e+06    1.5393325784e+07   -1.0315156559e+02    1.2470684885e+02    9.8433571492e+01    2.8795180000e+18    1.9617297686e-05    0.0000000000e+00    1.0000000000e+00    0.0000000000e+00
    1.2320132299e+07    1.0959344411e+07   -2.1145369698e+07    1.5753563801e+02    2.0412811931e+02   -2.9139393099e+02    2.8795180000e+18    1.9617297686e-05    0.0000000000e+00    1.0000000000e+00    0.0000000000e+00
    3.9919401818e+07    3.0314487121e+06    2.8732117125e+07    1.0795258282e+03    8.7316496558e+01    7.6254032685e+02    2.8786570000e+18    1.9611431950e-05    0.0000000000e+00    1.0000000000e+00    0.0000000000e+00
   -1.4482229566e+07    5.1621566180e+06    3.7312864849e+07   -3.7314586421e+02    1.3534259169e+02    8.9510416507e+02    2.8786570000e+18    1.9611431950e-05    0.0000000000e+00    1.0000000000e+00    0.0000000000e+00
   -3.1917384229e+07    1.7876954564e+07    1.4124766173e+07   -7.3914001293e+02    4.7232810264e+02    3.3914875169e+02    2.8786570000e+18    1.9611431950e-05    0.0000000000e+00    1.0000000000e+00    0.0000000000e+00
   -3.2436104071e+07   -4.6293576469e+06   -4.7206375391e+06   -6.5716614539e+02   -1.1115002134e+02   -8.2838978580e+01    2.8786570000e+18    1.9611431950e-05    0.0000000000e+00    1.0000000000e+00    0.0000000000e+00
    1.7310189120e+07    3.1107206159e+06    3.6564568225e+07    4.2744010414e+02    8.3962675409e+01    8.8434042298e+02    2.8769390000e+18    1.9599727728e-05    0.0000000000e+00    1.0000000000e+00    0.0000000000e+00
   -1.3431510414e+07    3.9304807460e+05    3.2482983572e+07   -3.0393132591e+02    8.9352168423e+00    6.9966245121e+02    2.8769390000e+18    1.9599727728e-05    0.0000000000e+00    1.0000000000e+00    0.0000000000e+00
    5.8842595977e+06    1.1049731862e+06    6.5715162532e+06   -5.6094723797e+02   -6.3926228145e+01   -6.7036783428e+02    2.8769390000e+18    1.9599727728e-05    0.0000000000e+00    1.0000000000e+00    0.0000000000e+00
    3.4175037637e+07    2.4950702133e+06    1.8687589697e+07    8.0051643099e+02    6.8436249574e+01    4.5560695733e+02    2.8769390000e+18    1.9599727728e-05    0.0000000000e+00    1.0000000000e+00    0.0000000000e+00
    3.7478266005e+07    1.0207878026e+06   -2.1431257076e+07    9.4680424768e+02    2.9899537016e+01   -5.4274249936e+02    2.8769390000e+18    1.9599727728e-05    0.0000000000e+00    1.0000000000e+00    0.0000000000e+00
    3.0263539252e+07   -6.3840395931e+06   -1.7004882373e+07    6.5479598417e+02   -1.5424182552e+02   -3.6682773223e+02    2.8769390000e+18    1.9599727728e-05    0.0000000000e+00    1.0000000000e+00    0.0000000000e+00
   -3.2463019749e+07    2.7892991231e+06   -1.1592070706e+06   -6.5158676286e+02    6.3620811233e+01   -2.7039833465e+01    2.8769390000e+18    1.9599727728e-05    0.0000000000e+00    1.0000000000e+00    0.0000000000e+00
   -4.2192662281e+07   -9.4646732760e+06    3.6705200176e+05   -1.0624260333e+03   -2.5881310228e+02   -4.6578801872e-01    2.8769390000e+18    1.9599727728e-05    0.0000000000e+00    1.0000000000e+00    0.0000000000e+00
    2.3348951853e+07   -4.6959438104e+06   -1.5838803817e+07    3.8794054328e+02   -9.2603171142e+01   -2.4607010225e+02    2.8769390000e+18    1.9599727728e-05    0.0000000000e+00    1.0000000000e+00    0.0000000000e+00
    2.9360238988e+07    9.9775661429e+05   -2.8692413871e+07    7.1159238195e+02    3.0305026952e+01   -7.0633883969e+02    2.8769390000e+18    1.9599727728e-05    0.0000000000e+00    1.0000000000e+00    0.0000000000e+00
    2.2802445559e+07    2.1064607191e+06   -3.2833386976e+07    5.5509509030e+02    6.0089783605e+01   -7.8938527939e+02    2.8769390000e+18    1.9599727728e-05    0.0000000000e+00    1.0000000000e+00    0.0000000000e+00
    2.4065279960e+07   -9.1844202830e+06   -2.5603380820e+07    5.2933822536e+02   -2.2476401269e+02   -5.7042618533e+02    2.8769390000e+18    1.9599727728e-05    0.0000000000e+00    1.0000000000e+00    0.0000000000e+00
    2.2791404439e+06   -2.7883220328e+06   -1.5357451666e+07   -3.0807502133e+01    2.3414962902e+01    2.5099483687e+02    2.8769390000e+18    1.9599727728e-05    0.0000000000e+00    1.0000000000e+00    0.0000000000e+00
   -2.7858274370e+07    1.3469604231e+07    3.0317086345e+07   -7.1481151803e+02    3.6398585799e+02    7.5008035555e+02    2.8769390000e+18    1.9599727728e-05    0.0000000000e+00    1.0000000000e+00    0.0000000000e+00
   -2.3904224246e+07    9.1372822281e+06    4.5434455377e+07   -6.5531884546e+02    2.6455827242e+02    1.2460838542e+03    2.8769390000e+18    1.9599727728e-05    0.0000000000e+00    1.0000000000e+00    0.0000000000e+00
    2.4050402044e+07    4.8508004414e+06    5.8384932575e+07    6.9890118273e+02    1.4601093655e+02    1.6977295373e+03    2.8769390000e+18    1.9599727728e-05    0.0000000000e+00    1.0000000000e+00    0.0000000000e+00
    2.8654574114e+07    8.3458104555e+06    4.5904554576e+07    8.0452790872e+02    2.4706072606e+02    1.2800822260e+03    2.8769390000e+18    1.9599727728e-05    0.0000000000e+00    1.0000000000e+00    0.0000000000e+00
    6.1962324021e+06   -7.3815836878e+06    3.0850453649e+07    1.0690556007e+02   -1.7174679000e+02    6.0779373637e+02    2.8769390000e+18    1.9599727728e-05    0.0000000000e+00    1.0000000000e+00    0.0000000000e+00
   -4.3724593644e+07    1.1765621815e+07    4.1716415668e+06   -1.1293386814e+03    3.2595830964e+02    1.1728931767e+02    2.8769390000e+18    1.9599727728e-05    0.0000000000e+00    1.0000000000e+00    0.0000000000e+00
   -4.6575632485e+07    1.1927133726e+07    2.1174623752e+07   -1.2773049947e+03    3.6038522020e+02    5.9609835113e+02    2.8769390000e+18    1.9599727728e-05    0.0000000000e+00    1.0000000000e+00    0.0000000000e+00
    2.2112574017e+07    6.4026815405e+06    2.8669076324e+07    5.0991595083e+02    1.6335682312e+02    6.3620994564e+02    2.8769390000e+18    1.9599727728e-05    0.0000000000e+00    1.0000000000e+00    0.0000000000e+00
   -1.2673066816e+07    8.7217629685e+06   -6.6280524819e+05    2.8064197245e+02   -6.6451614865e+01    3.4022902757e+01    2.8769390000e+18    1.9599727728e-05    0.0000000000e+00    1.0000000000e+00    0.0000000000e+00
   -5.2636516840e+06   -3.0577229818e+06   -3.5593954080e+06    9.0253546804e+02    3.5187211091e+02    5.8728506524e+02    2.8769390000e+18    1.9599727728e-05    0.0000000000e+00    1.0000000000e+00    0.0000000000e+00
    1.7722126321e+07    5.0812872044e+06    6.0272606109e+06   -3.5259126897e+01    3.4033384323e+01    2.6438972358e+01    2.8769390000e+18    1.9599727728e-05    0.0000000000e+00    1.0000000000e+00    0.0000000000e+00
   -3.9691993631e+07    1.4860231859e+05   -3.1680990636e+07   -1.0908744440e+03    1.3716437273e+00   -8.5206714200e+02    2.8769390000e+18    1.9599727728e-05    0.0000000000e+00    1.0000000000e+00    0.0000000000e+00
   -1.8627524826e+07   -1.7508084146e+06   -2.0130546667e+07   -2.9510445907e+02   -3.2757974494e+01   -2.9548192051e+02    2.8769390000e+18    1.9599727728e-05    0.0000000000e+00    1.0000000000e+00    0.0000000000e+00
    1.1077160942e+07   -1.4379746132e+06   -6.0368101720e+07    3.1866176582e+02   -4.5282626399e+01   -1.7376099511e+03    2.8769390000e+18    1.9599727728e-05    0.0000000000e+00    1.0000000000e+00    0.0000000000e+00
    4.4087878044e+06    6.3816122509e+06   -3.0514215351e+07    9.1060825906e+01    1.4320359017e+02   -5.7437708571e+02    2.8769390000e+18    1.9599727728e-05    0.0000000000e+00    1.0000000000e+00    0.0000000000e+00
    2.0336965829e+07    1.6503694194e+07   -4.3596382470e+07    5.6685542182e+02    4.7658158953e+02   -1.1736034255e+03    2.8769390000e+18    1.9599727728e-05    0.0000000000e+00    1.0000000000e+00    0.0000000000e+00
   -4.6371075318e+07   -5.5169587475e+06   -1.7739485209e+07   -1.2521070646e+03   -1.5894795199e+02   -4.7994332395e+02    2.8752290000e+18    1.9588078008e-05    0.0000000000e+00    1.0000000000e+00    0.0000000000e+00
   -5.5606106056e+07    2.0689605611e+06   -1.1878900382e+07   -1.5717173345e+03    6.1627479904e+01   -3.2891256233e+02    2.8752290000e+18    1.9588078008e-05    0.0000000000e+00    1.0000000000e+00    0.0000000000e+00
    1.2760150168e+07   -5.7638166345e+06   -1.3865191024e+07    1.5995073605e+01   -3.8428836667e+01    2.5874228423e+01    2.8752290000e+18    1.9588078008e-05    0.0000000000e+00    1.0000000000e+00    0.0000000000e+00
    2.6521673709e+07    4.0773880244e+06   -3.0818209908e+07    6.5546112205e+02    1.0894244859e+02   -7.4041669491e+02    2.8752290000e+18    1.9588078008e-05    0.0000000000e+00    1.0000000000e+00    0.0000000000e+00
   -3.1534798893e+07    4.3800494453e+06   -4.7308529783e+07   -8.9315632869e+02    1.2957258244e+02   -1.3423899608e+03    2.8752290000e+18    1.9588078008e-05    0.0000000000e+00    1.0000000000e+00    0.0000000000e+00
   -4.9085522392e+06   -3.1155519088e+06   -3.3832035879e+07   -1.2669769290e+02   -7.1381755709e+01   -7.0939623622e+02    2.8752290000e+18    1.9588078008e-05    0.0000000000e+00    1.0000000000e+00    0.0000000000e+00
    7.1962436450e+06   -4.3043014487e+05   -2.4419524388e+06   -9.7848063287e+02    3.3394845165e+01    3.7599489681e+02    2.8752290000e+18    1.9588078008e-05    0.0000000000e+00    1.0000000000e+00    0.0000000000e+00
    1.0406123134e+07   -4.6481844318e+06   -7.3151868160e+06   -3.2908223029e+02    6.6293862704e+01    2.5421138640e+02    2.8752290000e+18    1.9588078008e-05    0.0000000000e+00    1.0000000000e+00    0.0000000000e+00
   -2.3843470076e+07    6.4813229802e+06   -2.6517890912e+07   -5.3770527522e+02    1.6318758226e+02   -5.7957185906e+02    2.8752290000e+18    1.9588078008e-05    0.0000000000e+00    1.0000000000e+00    0.0000000000e+00
   -3.1791413977e+06   -5.3975702746e+06   -2.0950516845e+07    3.0234364517e+00   -6.7384771143e+01   -1.1851306931e+02    2.8752290000e+18    1.9588078008e-05    0.0000000000e+00    1.0000000000e+00    0.0000000000e+00
    4.3248351431e+06    1.4120535476e+06   -3.9798008769e+06   -9.9343435760e+02   -2.2500927823e+02    8.3455368829e+02    2.8752290000e+18    1.9588078008e-05    0.0000000000e+00    1.0000000000e+00    0.0000000000e+00
    2.4697224791e+07   -2.6419252464e+06   -3.9858267964e+07    6.4804724694e+02   -7.2699584058e+01   -1.0502634323e+03    2.8752290000e+18    1.9588078008e-05    0.0000000000e+00    1.0000000000e+00    0.0000000000e+00
   -5.3594794185e+06   -5.2229805285e+05   -3.9517203034e+07   -1.1454521762e+02   -1.5211090585e+01   -9.4784769162e+02    2.8752290000e+18    1.9588078008e-05    0.0000000000e+00    1.0000000000e+00    0.0000000000e+00
    5.0782364477e+07   -6.3858757099e+06    6.3399672055e+05    1.3850890513e+03   -1.8007080914e+02   -2.2143160604e+00    2.8743760000e+18    1.9582266773e-05    0.0000000000e+00    1.0000000000e+00    0.0000000000e+00
    5.4692970574e+07   -2.3616487817e+06    5.1371497151e+05    1.5233966896e+03   -6.5863605997e+01    1.5890530153e+01    2.8743760000e+18    1.9582266773e-05    0.0000000000e+00    1.0000000000e+00    0.0000000000e+00
   -2.1597625650e+07   -6.9767788047e+05    1.4872337414e+07   -2.8933126982e+02   -1.2242664424e+01    2.0515463707e+02    2.8743760000e+18    1.9582266773e-05    0.0000000000e+00    1.0000000000e+00    0.0000000000e+00
    2.2583829221e+07    1.7816118520e+06   -7.6601841718e+06    2.1826529037e+02    3.1875331044e+01   -8.9938642079e+01    2.8743760000e+18    1.9582266773e-05    0.0000000000e+00    1.0000000000e+00    0.0000000000e+00
    2.0365283869e+07   -4.7939162509e+06   -5.4402741131e+07    5.7448362026e+02   -1.4049898970e+02   -1.5488976703e+03    2.8735250000e+18    1.9576469164e-05    0.0000000000e+00    1.0000000000e+00    0.0000000000e+00
    2.7601645998e+07   -3.3225685045e+06   -6.8344489460e+07    8.2190912848e+02   -1.0099448455e+02   -2.0509699632e+03    2.8735250000e+18    1.9576469164e-05    0.0000000000e+00    1.0000000000e+00    0.0000000000e+00
    2.2235839089e+06    1.0708179836e+06   -3.4171874383e+07    5.2242146393e+01    2.5317754560e+01   -7.2096516409e+02    2.8735250000e+18    1.9576469164e-05    0.0000000000e+00    1.0000000000e+00    0.0000000000e+00
   -3.2961236386e+06   -8.4003250738e+06   -4.4108209428e+07   -7.5651104607e+01   -2.3552731547e+02   -1.1368508326e+03    2.8735250000e+18    1.9576469164e-05    0.0000000000e+00    1.0000000000e+00    0.0000000000e+00
    9.5955422611e+06   -4.6402256830e+06    5.2204727400e+07    2.5928791975e+02   -1.3306623779e+02    1.4444662529e+03    2.8726760000e+18    1.9570685180e-05    0.0000000000e+00    1.0000000000e+00    0.0000000000e+00
    2.5592504528e+07   -1.0163948164e+07    2.9976108458e+07    6.1959016219e+02   -2.6791619664e+02    7.2284369084e+02    2.8726760000e+18    1.9570685180e-05    0.0000000000e+00    1.0000000000e+00    0.0000000000e+00
    4.0003217202e+06    7.6563748078e+06    1.7600038530e+07   -1.7110953108e+01    5.5856207044e+01   -2.1380724126e+01    2.8726760000e+18    1.9570685180e-05    0.0000000000e+00    1.0000000000e+00    0.0000000000e+00
   -1.0258289665e+07    4.0744477248e+06    3.7356085026e+07   -2.5405504016e+02    1.0162000458e+02    8.7551438930e+02    2.8726760000e+18    1.9570685180e-05    0.0000000000e+00    1.0000000000e+00    0.0000000000e+00
   -4.8352704470e+07   -4.7129619747e+06   -2.8702136881e+07   -1.3547793251e+03   -1.3840970434e+02   -8.1960257726e+02    2.8726760000e+18    1.9570685180e-05    0.0000000000e+00    1.0000000000e+00    0.0000000000e+00
    3.5280581188e+07    5.7774810306e+05    3.4465667556e+07    9.5141189684e+02    1.7276645571e+01    9.2469488176e+02    2.8718280000e+18    1.9564908009e-05    0.0000000000e+00    1.0000000000e+00    0.0000000000e+00
    4.0083120149e+07   -1.7053812830e+06    1.4959547909e+07    1.0023377808e+03   -4.3978946227e+01    3.8075659079e+02    2.8718280000e+18    1.9564908009e-05    0.0000000000e+00    1.0000000000e+00    0.0000000000e+00
    4.5759358596e+07   -1.0135496086e+07    9.9891468608e+05    1.2025042062e+03   -2.8501727101e+02    2.5858608911e+01    2.8718280000e+18    1.9564908009e-05    0.0000000000e+00    1.0000000000e+00    0.0000000000e+00
   -4.5335835659e+07   -7.7420475650e+06   -3.2432594933e+06   -1.1832949280e+03   -2.1605005710e+02   -7.6460411490e+01    2.8718280000e+18    1.9564908009e-05    0.0000000000e+00    1.0000000000e+00    0.0000000000e+00
   -6.5107735673e+07   -5.2121003753e+06   -3.3418061094e+06   -1.9080230839e+03   -1.5720640360e+02   -9.1729197931e+01    2.8718280000e+18    1.9564908009e-05    0.0000000000e+00    1.0000000000e+00    0.0000000000e+00
    5.3876969112e+06   -8.5489960317e+06   -5.4362866140e+07    1.5880358737e+02   -2.4884400544e+02   -1.5200833325e+03    2.8718280000e+18    1.9564908009e-05    0.0000000000e+00    1.0000000000e+00    0.0000000000e+00
   -3.7409821096e+06   -2.8427813307e+06   -7.6170100426e+06    4.0635879170e+02    2.0279327759e+02    7.4451515763e+02    2.8718280000e+18    1.9564908009e-05    0.0000000000e+00    1.0000000000e+00    0.0000000000e+00
    1.4367785663e+07    3.9583579191e+06    5.6329709357e+07    4.3096403810e+02    1.1734909278e+02    1.6032765594e+03    2.8718280000e+18    1.9564908009e-05    0.0000000000e+00    1.0000000000e+00    0.0000000000e+00
   -1.3334104617e+07    5.6455274707e+06    1.1372347766e+06    3.3866600131e+02   -6.6884390455e+01   -3.5174161399e+01    2.8718280000e+18    1.9564908009e-05    0.0000000000e+00    1.0000000000e+00    0.0000000000e+00
   -3.7041640766e+07    1.9552772136e+06    2.6589462558e+07   -9.5506101859e+02    5.1082083048e+01    6.9912150050e+02    2.8718280000e+18    1.9564908009e-05    0.0000000000e+00    1.0000000000e+00    0.0000000000e+00
   -3.8416332856e+07    5.8082459158e+06   -2.6407246097e+06   -9.0211777556e+02    1.4739803652e+02   -6.3420106303e+01    2.8718280000e+18    1.9564908009e-05    0.0000000000e+00    1.0000000000e+00    0.0000000000e+00
   -4.1561673255e+07   -2.5259922058e+06    1.8179082606e+07   -1.0784186241e+03   -7.8582396443e+01    4.7844285780e+02    2.8718280000e+18    1.9564908009e-05    0.0000000000e+00    1.0000000000e+00    0.0000000000e+00
    1.0996926897e+07   -3.1929907120e+06    1.2930811097e+06   -5.8535639042e+02    1.0263871193e+02   -1.5134633732e+01    2.8718280000e+18    1.9564908009e-05    0.0000000000e+00    1.0000000000e+00    0.0000000000e+00
   -2.1016973040e+07    3.9448627690e+06   -1.5920270937e+07   -2.9398699630e+02    6.8908624372e+01   -2.1943276069e+02    2.8718280000e+18    1.9564908009e-05    0.0000000000e+00    1.0000000000e+00    0.0000000000e+00
   -3.6871766757e+06   -7.6585045505e+05   -3.6811524737e+06    1.0779729364e+03    1.5035478687e+02    9.9606076108e+02    2.8718280000e+18    1.9564908009e-05    0.0000000000e+00    1.0000000000e+00    0.0000000000e+00
    1.7890598432e+07   -5.2343566286e+05   -5.2603214617e+07    5.0099021796e+02   -1.5023672151e+01   -1.4755288103e+03    2.8718280000e+18    1.9564908009e-05    0.0000000000e+00    1.0000000000e+00    0.0000000000e+00
    2.9090300420e+05    5.4798313469e+06   -1.4984029172e+07    8.6457942140e+00   -2.2097139016e+01    2.4426036944e+02    2.8718280000e+18    1.9564908009e-05    0.0000000000e+00    1.0000000000e+00    0.0000000000e+00
    1.4619859134e+07    6.8838974746e+06   -2.4910741806e+07    2.6656749188e+02    1.4125531248e+02   -4.2023754860e+02    2.8718280000e+18    1.9564908009e-05    0.0000000000e+00    1.0000000000e+00    0.0000000000e+00
   -4.6329591102e+06    5.1117652243e+06    5.3517552519e+07   -1.3749152128e+02    1.5342533483e+02    1.4894902028e+03    2.8709820000e+18    1.9559144463e-05    0.0000000000e+00    1.0000000000e+00    0.0000000000e+00
   -5.4667407181e+06   -1.1766619967e+07    1.2001859158e+07    1.0129702275e+02   -1.1801970109e+01   -1.2550297061e+02    2.8709820000e+18    1.9559144463e-05    0.0000000000e+00    1.0000000000e+00    0.0000000000e+00
   -6.8650253299e+06   -2.6927411724e+06    2.2511550499e+06    9.3641081886e+02    2.7325422793e+02   -3.3723178410e+02    2.8709820000e+18    1.9559144463e-05    0.0000000000e+00    1.0000000000e+00    0.0000000000e+00
   -3.9382287106e+06    5.0036146432e+06   -1.8950313696e+07   -4.9312418579e+00    4.7701472896e+01   -9.9917743638e+00    2.8709820000e+18    1.9559144463e-05    0.0000000000e+00    1.0000000000e+00    0.0000000000e+00
    5.8276214044e+07    3.1428505259e+06    2.7394664389e+07    1.6993966062e+03    9.3562823688e+01    7.9376312045e+02    2.8709820000e+18    1.9559144463e-05    0.0000000000e+00    1.0000000000e+00    0.0000000000e+00
    2.6043783059e+06   -3.7442658372e+05   -4.3875191052e+06   -8.9973107045e+02    1.0908955556e+02    1.2158218305e+03    2.8709820000e+18    1.9559144463e-05    0.0000000000e+00    1.0000000000e+00    0.0000000000e+00
   -5.5409043160e+06    6.7067698008e+06   -1.6296716510e+07    6.3516553238e+01    3.1941275847e+01    6.9551298804e+01    2.8709820000e+18    1.9559144463e-05    0.0000000000e+00    1.0000000000e+00    0.0000000000e+00
   -3.9709492412e+06    6.8936215232e+06    5.7101820357e+07   -1.0993078044e+02    2.0310672521e+02    1.6189519230e+03    2.8701380000e+18    1.9553394543e-05    0.0000000000e+00    1.0000000000e+00    0.0000000000e+00
    1.7263351126e+07   -1.2949433318e+07    4.9607769811e+07    4.8353960159e+02   -3.8167972754e+02    1.3768527631e+03    2.8701380000e+18    1.9553394543e-05    0.0000000000e+00    1.0000000000e+00    0.0000000000e+00
    2.8820813274e+07    4.6067539717e+06    4.0342481927e+07    7.7639946950e+02    1.3409414767e+02    1.0891349990e+03    2.8701380000e+18    1.9553394543e-05    0.0000000000e+00    1.0000000000e+00    0.0000000000e+00
    5.0760222087e+07   -6.1861145195e+06    3.9317522043e+07    1.4745999682e+03   -1.8710760899e+02    1.1542120641e+03    2.8701380000e+18    1.9553394543e-05    0.0000000000e+00    1.0000000000e+00    0.0000000000e+00
   -9.7208601064e+06    5.2717676166e+06    9.2177727299e+06    2.1549508373e+02   -4.7272054009e+01   -2.8132797869e+02    2.8701380000e+18    1.9553394543e-05    0.0000000000e+00    1.0000000000e+00    0.0000000000e+00
   -2.2717202573e+07   -5.5044776372e+06    1.3015158712e+07   -3.1730591165e+02   -9.9245233708e+01    1.7936185775e+02    2.8701380000e+18    1.9553394543e-05    0.0000000000e+00    1.0000000000e+00    0.0000000000e+00
    2.8772562781e+07    2.7744959585e+06    2.5624962926e+06    4.8230622209e+02    6.1292017934e+01    4.1561311206e+01    2.8701380000e+18    1.9553394543e-05    0.0000000000e+00    1.0000000000e+00    0.0000000000e+00
   -2.1861269740e+07   -4.0787562037e+05   -1.1419565023e+07   -2.3993185996e+02   -8.8905823010e+00   -1.3812002807e+02    2.8701380000e+18    1.9553394543e-05    0.0000000000e+00    1.0000000000e+00    0.0000000000e+00
   -5.7090605096e+07    4.0374306175e+05   -9.1135058126e+06   -1.6198792002e+03    1.4969173725e+01   -2.5328914905e+02    2.8701380000e+18    1.9553394543e-05    0.0000000000e+00    1.0000000000e+00    0.0000000000e+00
    2.2985870000e+07   -8.7403348054e+06   -4.8591680697e+07    6.3938614237e+02   -2.5819852972e+02   -1.3567891553e+03    2.8701380000e+18    1.9553394543e-05    0.0000000000e+00    1.0000000000e+00    0.0000000000e+00
    1.8539188085e+07   -5.7168772380e+06   -2.5265011742e+07    3.5224272129e+02   -1.2439246534e+02   -4.8854593193e+02    2.8701380000e+18    1.9553394543e-05    0.0000000000e+00    1.0000000000e+00    0.0000000000e+00
    2.4773007677e+07   -2.4023624412e+06    5.8880768603e+07    7.2378654529e+02   -7.5077363426e+01    1.7090028277e+03    2.8701380000e+18    1.9553394543e-05    0.0000000000e+00    1.0000000000e+00    0.0000000000e+00
    8.8789638033e+06    3.9809805186e+06    5.7186186274e+07    2.5408889302e+02    1.1693748058e+02    1.6205744057e+03    2.8701380000e+18    1.9553394543e-05    0.0000000000e+00    1.0000000000e+00    0.0000000000e+00
   -2.1519255684e+07    1.8431488104e+07    8.0844410808e+06   -3.2405862839e+02    3.8878947798e+02    1.4908092087e+02    2.8701380000e+18    1.9553394543e-05    0.0000000000e+00    1.0000000000e+00    0.0000000000e+00
   -1.9738150826e+07    1.5578806943e+06    3.8639921742e+07   -5.0526733815e+02    3.9641722506e+01    9.7072427825e+02    2.8701380000e+18    1.9553394543e-05    0.0000000000e+00    1.0000000000e+00    0.0000000000e+00
   -4.3584886037e+07   -1.1852353218e+06    2.6861788585e+07   -1.1821368777e+03   -3.7895172473e+01    7.3638357474e+02    2.8701380000e+18    1.9553394543e-05    0.0000000000e+00    1.0000000000e+00    0.0000000000e+00
    2.7942472435e+07    1.3406908244e+06    2.0151348046e+07    5.9527399081e+02    3.1733638078e+01    4.2119955830e+02    2.8701380000e+18    1.9553394543e-05    0.0000000000e+00    1.0000000000e+00    0.0000000000e+00
    1.6237999758e+07    4.7322663725e+04    3.3495945033e+07    3.4143979458e+02    1.8037408584e+00    7.7990959838e+02    2.8701380000e+18    1.9553394543e-05    0.0000000000e+00    1.0000000000e+00    0.0000000000e+00
    4.4223312586e+06    7.7708188235e+05    6.3727124275e+06   -6.0986873214e+02   -6.8031717839e+01   -8.1771118203e+02    2.8701380000e+18    1.9553394543e-05    0.0000000000e+00    1.0000000000e+00    0.0000000000e+00
   -2.6824093741e+07    7.1610538517e+06   -3.2086005313e+06   -4.1327343645e+02    1.3739967168e+02   -4.0142780923e+01    2.8701380000e+18    1.9553394543e-05    0.0000000000e+00    1.0000000000e+00    0.0000000000e+00
   -4.0991215857e+07   -2.1400047181e+06   -1.8206316169e+06   -1.0043737107e+03   -5.7083650257e+01   -4.2536711161e+01    2.8701380000e+18    1.9553394543e-05    0.0000000000e+00    1.0000000000e+00    0.0000000000e+00
    5.2797599116e+07   -3.5082304084e+06   -7.4316417751e+06    1.4599884689e+03   -1.0472115191e+02   -2.0025482554e+02    2.8701380000e+18    1.9553394543e-05    0.0000000000e+00    1.0000000000e+00    0.0000000000e+00
   -1.3099725151e+07   -5.0434599561e+06   -3.2835443714e+07   -2.7892503321e+02   -1.2818061985e+02   -7.2187621452e+02    2.8701380000e+18    1.9553394543e-05    0.0000000000e+00    1.0000000000e+00    0.0000000000e+00
   -4.4921773328e+07   -9.1519208752e+05    2.5204291068e+05   -1.1547414055e+03   -2.2983039765e+01    7.8293357256e-01    2.8692950000e+18    1.9547651435e-05    0.0000000000e+00    1.0000000000e+00    0.0000000000e+00
    1.5701992562e+07    2.0317727125e+06   -2.0591491449e+07    1.9199643851e+02    4.1636663876e+01   -2.8323824866e+02    2.8692950000e+18    1.9547651435e-05    0.0000000000e+00    1.0000000000e+00    0.0000000000e+00
    3.5104287643e+07   -7.9469483144e+06   -2.3898495139e+07    8.8536739036e+02   -2.1163749691e+02   -5.9553257989e+02    2.8692950000e+18    1.9547651435e-05    0.0000000000e+00    1.0000000000e+00    0.0000000000e+00
    7.5284770404e+07   -8.0001185831e+06    1.0309113732e+07    2.2614302169e+03   -2.4875647801e+02    3.1323083294e+02    2.8692950000e+18    1.9547651435e-05    0.0000000000e+00    1.0000000000e+00    0.0000000000e+00
   -1.6822968089e+07    4.6939635875e+05   -2.2925272283e+07   -2.5237810606e+02    9.1633391337e+00   -3.8713029748e+02    2.8692950000e+18    1.9547651435e-05    0.0000000000e+00    1.0000000000e+00    0.0000000000e+00
   -3.2322809127e+07   -3.2790054608e+05   -5.6852991889e+07   -9.5485585302e+02   -1.2186603982e+01   -1.6764161733e+03    2.8684530000e+18    1.9541915140e-05    0.0000000000e+00    1.0000000000e+00    0.0000000000e+00
    1.7947630707e+07   -2.9631755158e+06   -7.2323697751e+07    5.3458852956e+02   -9.0013840893e+01   -2.1661790728e+03    2.8684530000e+18    1.9541915140e-05    0.0000000000e+00    1.0000000000e+00    0.0000000000e+00
    3.3667048738e+07   -9.5294915380e+06   -5.2107569334e+07    9.8063163669e+02   -2.8539711729e+02   -1.5089134210e+03    2.8684530000e+18    1.9541915140e-05    0.0000000000e+00    1.0000000000e+00    0.0000000000e+00
    3.6556530921e+07    4.4714259957e+06   -2.1738269116e+07    9.0878740907e+02    1.1936070316e+02   -5.5018877045e+02    2.8684530000e+18    1.9541915140e-05    0.0000000000e+00    1.0000000000e+00    0.0000000000e+00
    5.5022850254e+05   -2.3041443169e+06   -2.4040426113e+07   -3.8207844512e+01   -4.2425971116e+01   -2.5037681550e+02    2.8684530000e+18    1.9541915140e-05    0.0000000000e+00    1.0000000000e+00    0.0000000000e+00
   -8.2243725045e+06    1.0953214716e+06   -1.9966492863e+07   -5.2491210947e+01    1.1316665728e+01   -9.7495529806e+01    2.8684530000e+18    1.9541915140e-05    0.0000000000e+00    1.0000000000e+00    0.0000000000e+00
    2.2127291511e+07   -4.2104459736e+06    1.9222684332e+07    3.8054849613e+02   -8.5355469417e+01    3.3375310648e+02    2.8667750000e+18    1.9530483426e-05    0.0000000000e+00    1.0000000000e+00    0.0000000000e+00
    5.3189357164e+06    2.8918022574e+05    2.4164920944e+07    8.8719128950e+01    1.0264616749e+00    2.6880765800e+02    2.8667750000e+18    1.9530483426e-05    0.0000000000e+00    1.0000000000e+00    0.0000000000e+00
   -5.4249783009e+07    2.6167629821e+06    7.6878066258e+06   -1.5226829083e+03    7.8869461007e+01    2.0204460945e+02    2.8667750000e+18    1.9530483426e-05    0.0000000000e+00    1.0000000000e+00    0.0000000000e+00
    5.2210381778e+06   -8.1631369406e+04   -4.0304758757e+06   -9.9723701617e+02    1.4674409501e+01    6.8841313917e+02    2.8667750000e+18    1.9530483426e-05    0.0000000000e+00    1.0000000000e+00    0.0000000000e+00
    1.9750478802e+07   -4.0850949359e+06   -1.2188118961e+07    1.7796773403e+02   -4.9743777647e+01   -1.1188390173e+02    2.8667750000e+18    1.9530483426e-05    0.0000000000e+00    1.0000000000e+00    0.0000000000e+00
   -4.9295555900e+07   -3.3698485389e+05   -1.3196503807e+07   -1.3544081959e+03   -1.3277587067e+01   -3.6164135036e+02    2.8667750000e+18    1.9530483426e-05    0.0000000000e+00    1.0000000000e+00    0.0000000000e+00
   -4.9098568045e+07   -6.2839141408e+05   -9.4783056162e+05   -1.3133587437e+03   -1.5087333073e+01   -2.0116929659e+01    2.8667750000e+18    1.9530483426e-05    0.0000000000e+00    1.0000000000e+00    0.0000000000e+00
   -1.8383913070e+07   -2.7143189117e+06   -1.6300902550e+07   -2.0602699932e+02   -3.8980649046e+01   -1.8127147809e+02    2.8667750000e+18    1.9530483426e-05    0.0000000000e+00    1.0000000000e+00    0.0000000000e+00
   -2.1139833977e+07   -1.8180855217e+06   -6.5963901546e+07   -6.2381575749e+02   -5.3686723233e+01   -1.9493676112e+03    2.8667750000e+18    1.9530483426e-05    0.0000000000e+00    1.0000000000e+00    0.0000000000e+00
   -1.7459407822e+07   -1.9652294872e+06    6.5199949475e+07   -5.0374687458e+02   -6.2149270876e+01    1.9220609818e+03    2.8667750000e+18    1.9530483426e-05    0.0000000000e+00    1.0000000000e+00    0.0000000000e+00
    2.9703468856e+07   -1.9685869582e+06    5.3206654788e+07    8.4724474042e+02   -5.9697148130e+01    1.5351537001e+03    2.8667750000e+18    1.9530483426e-05    0.0000000000e+00    1.0000000000e+00    0.0000000000e+00
    4.1424620143e+07    5.6848146754e+06    4.3761580257e+07    1.1916024214e+03    1.6908883591e+02    1.2549853094e+03    2.8667750000e+18    1.9530483426e-05    0.0000000000e+00    1.0000000000e+00    0.0000000000e+00
   -4.2790324232e+07    1.6599845084e+05   -2.4856306865e+07   -1.1511537453e+03    1.0816579293e+00   -6.7321447756e+02    2.8667750000e+18    1.9530483426e-05    0.0000000000e+00    1.0000000000e+00    0.0000000000e+00
    4.7218584871e+07   -9.0675277347e+05   -2.9040494101e+06    1.2427994806e+03   -2.8723413521e+01   -7.6475853114e+01    2.8667750000e+18    1.9530483426e-05    0.0000000000e+00    1.0000000000e+00    0.0000000000e+00
    4.7386790571e+07   -6.8470461060e+06   -3.5026256930e+07    1.3573241307e+03   -2.0352447176e+02   -9.8806329993e+02    2.8667750000e+18    1.9530483426e-05    0.0000000000e+00    1.0000000000e+00    0.0000000000e+00
   -5.6163169251e+05   -2.3621890443e+05    4.8690834480e+06    2.4801209306e+02    7.5592801618e+01   -1.5403807260e+03    2.8651030000e+18    1.9519092589e-05    0.0000000000e+00    1.0000000000e+00    0.0000000000e+00
   -4.4474638639e+07    5.3158890172e+06    2.0448641811e+07   -1.1943674979e+03    1.5296680890e+02    5.4873425277e+02    2.8651030000e+18    1.9519092589e-05    0.0000000000e+00    1.0000000000e+00    0.0000000000e+00
   -3.4536069372e+07   -3.1543085027e+06    1.1618035807e+07   -7.7303869542e+02   -7.8525080494e+01    2.5727249809e+02    2.8651030000e+18    1.9519092589e-05    0.0000000000e+00    1.0000000000e+00    0.0000000000e+00
    3.0342482938e+07   -4.6872384077e+06   -1.3386621888e+07    6.1783183707e+02   -1.0577115845e+02   -2.8041730203e+02    2.8651030000e+18    1.9519092589e-05    0.0000000000e+00    1.0000000000e+00    0.0000000000e+00
    6.1090003571e+07   -2.4612369807e+05   -3.1836741911e+07    1.8011639577e+03   -7.4874744624e+00   -9.4342169041e+02    2.8651030000e+18    1.9519092589e-05    0.0000000000e+00    1.0000000000e+00    0.0000000000e+00
   -2.1166181245e+07    6.5303591074e+06    2.6993856750e+07   -4.5043375124e+02    1.5404694305e+02    5.7575073052e+02    2.8651030000e+18    1.9519092589e-05    0.0000000000e+00    1.0000000000e+00    0.0000000000e+00
   -2.5955931748e+07    3.4549604261e+06    2.0234627137e+07   -5.3343641182e+02    7.6388130692e+01    3.9911784828e+02    2.8651030000e+18    1.9519092589e-05    0.0000000000e+00    1.0000000000e+00    0.0000000000e+00
   -2.7571661363e+06   -1.3737890702e+06    7.2705784710e+06    2.9656754125e+02    1.4904143766e+02   -9.5296957594e+02    2.8642700000e+18    1.9513417608e-05    0.0000000000e+00    1.0000000000e+00    0.0000000000e+00
    1.7371562548e+07   -4.3566081907e+06    2.9753008909e+07    3.7011114767e+02   -1.0149910241e+02    6.3133384426e+02    2.8642700000e+18    1.9513417608e-05    0.0000000000e+00    1.0000000000e+00    0.0000000000e+00
    6.2330157163e+07    7.6976946183e+06    3.1673638980e+07    1.8435866395e+03    2.3482667316e+02    9.4271664023e+02    2.8642700000e+18    1.9513417608e-05    0.0000000000e+00    1.0000000000e+00    0.0000000000e+00
    5.4787886547e+07   -9.4888294044e+06    1.6898845987e+07    1.5565692318e+03   -2.8240457673e+02    4.9029076275e+02    2.8642700000e+18    1.9513417608e-05    0.0000000000e+00    1.0000000000e+00    0.0000000000e+00
   -4.2698484754e+07   -2.0154852383e+06    5.9372544936e+06   -1.0835053580e+03   -5.8211643062e+01    1.4210220100e+02    2.8642700000e+18    1.9513417608e-05    0.0000000000e+00    1.0000000000e+00    0.0000000000e+00
   -5.2671560648e+07   -2.1556213155e+06    1.2019355720e+07   -1.4601224717e+03   -6.0485911690e+01    3.3210675765e+02    2.8642700000e+18    1.9513417608e-05    0.0000000000e+00    1.0000000000e+00    0.0000000000e+00
   -3.7557507624e+07   -7.6876773070e+06   -3.8590345205e+07   -1.0452360775e+03   -2.2343255179e+02   -1.0694721655e+03    2.8642700000e+18    1.9513417608e-05    0.0000000000e+00    1.0000000000e+00    0.0000000000e+00
   -3.7334887325e+07   -1.7864655036e+07   -2.6656845474e+07   -9.9827417905e+02   -5.1313167041e+02   -7.1013914870e+02    2.8642700000e+18    1.9513417608e-05    0.0000000000e+00    1.0000000000e+00    0.0000000000e+00
   -9.2738776697e+06    5.8932627931e+06    1.7457676645e+07   -1.7103710237e+01    5.5116046937e+01    4.0988178121e+01    2.8642700000e+18    1.9513417608e-05    0.0000000000e+00    1.0000000000e+00    0.0000000000e+00
   -5.6543765343e+07    1.6310178463e+06    2.6937390006e+07   -1.6364620621e+03    4.6575647311e+01    7.8342047890e+02    2.8642700000e+18    1.9513417608e-05    0.0000000000e+00    1.0000000000e+00    0.0000000000e+00
   -4.2783130697e+07    1.3801993027e+06    4.4046984489e+06   -1.0761320275e+03    3.5470402683e+01    1.0474362695e+02    2.8642700000e+18    1.9513417608e-05    0.0000000000e+00    1.0000000000e+00    0.0000000000e+00
    3.7042495340e+07    4.3545532336e+06    1.5532472619e+07    8.8816867892e+02    1.1379405702e+02    3.9236620350e+02    2.8642700000e+18    1.9513417608e-05    0.0000000000e+00    1.0000000000e+00    0.0000000000e+00
   -4.7372368343e+07    1.3034666534e+06   -1.6420316324e+07   -1.2848567708e+03    3.5417946683e+01   -4.2950232431e+02    2.8642700000e+18    1.9513417608e-05    0.0000000000e+00    1.0000000000e+00    0.0000000000e+00
   -2.9207055535e+07   -2.2181323391e+06   -4.0121374228e+07   -7.7800610872e+02   -6.1658581552e+01   -1.0861424911e+03    2.8642700000e+18    1.9513417608e-05    0.0000000000e+00    1.0000000000e+00    0.0000000000e+00
    3.1446152644e+07   -1.0995338999e+06    7.9255320344e+07    9.5706183569e+02   -3.3233734170e+01    2.4174021659e+03    2.8634380000e+18    1.9507749440e-05    0.0000000000e+00    1.0000000000e+00    0.0000000000e+00
    1.5148938730e+07    9.9007442383e+05    3.9120839625e+07    3.8866139009e+02    2.4173554718e+01    9.6126020412e+02    2.8634380000e+18    1.9507749440e-05    0.0000000000e+00    1.0000000000e+00    0.0000000000e+00
   -1.9678100006e+07    1.0064389151e+07   -9.5167258213e+06   -1.7513816478e+02    1.5066937719e+02   -1.0018661913e+02    2.8634380000e+18    1.9507749440e-05    0.0000000000e+00    1.0000000000e+00    0.0000000000e+00
    1.6940769106e+07   -3.7372687530e+06    6.3203215486e+07    4.9255611046e+02   -1.1094250294e+02    1.8504925481e+03    2.8617780000e+18    1.9496440355e-05    0.0000000000e+00    1.0000000000e+00    0.0000000000e+00
    2.0418554235e+06   -7.5242134640e+06    2.4474355668e+07    5.2295538307e+01   -1.3646393999e+02    3.0008577104e+02    2.8617780000e+18    1.9496440355e-05    0.0000000000e+00    1.0000000000e+00    0.0000000000e+00
    4.6507402989e+07    2.1851004583e+06    2.5164519630e+07    1.2872920857e+03    6.6484129281e+01    6.9018135274e+02    2.8617780000e+18    1.9496440355e-05    0.0000000000e+00    1.0000000000e+00    0.0000000000e+00
   -8.8172544097e+06    4.5678816072e+05   -7.5975259066e+07   -2.6783493416e+02    1.5124308398e+01   -2.2819811767e+03    2.8617780000e+18    1.9496440355e-05    0.0000000000e+00    1.0000000000e+00    0.0000000000e+00
   -3.2014888280e+07   -2.6934478109e+06   -6.7938040904e+07   -9.6322286490e+02   -8.0880363750e+01   -2.0409995444e+03    2.8617780000e+18    1.9496440355e-05    0.0000000000e+00    1.0000000000e+00    0.0000000000e+00
   -9.3800645188e+06   -2.3598526065e+06   -3.4540527073e+07   -2.1361063019e+02   -5.5057030679e+01   -7.5560448723e+02    2.8617780000e+18    1.9496440355e-05    0.0000000000e+00    1.0000000000e+00    0.0000000000e+00
    8.4370960691e+05    1.2360462222e+06    4.0014179164e+06   -3.4438199962e+02   -3.7756921082e+02   -1.6658292667e+03    2.8617780000e+18    1.9496440355e-05    0.0000000000e+00    1.0000000000e+00    0.0000000000e+00
    3.3904697723e+07    5.5105205685e+06    4.6151387164e+07    9.5496037872e+02    1.5927682668e+02    1.3058960048e+03    2.8617780000e+18    1.9496440355e-05    0.0000000000e+00    1.0000000000e+00    0.0000000000e+00
   -5.1150851163e+06    5.2225397727e+06    5.9634017194e+07   -1.3904797167e+02    1.5865061389e+02    1.7183403741e+03    2.8617780000e+18    1.9496440355e-05    0.0000000000e+00    1.0000000000e+00    0.0000000000e+00
   -5.7287742673e+07    1.5982427784e+06    3.0144956006e+06   -1.6167739003e+03    4.4339487021e+01    8.1355761320e+01    2.8617780000e+18    1.9496440355e-05    0.0000000000e+00    1.0000000000e+00    0.0000000000e+00
    3.0039541905e+07   -3.1832041444e+06    1.1386434882e+07    5.9158335956e+02   -7.3329357825e+01    2.2551154121e+02    2.8617780000e+18    1.9496440355e-05    0.0000000000e+00    1.0000000000e+00    0.0000000000e+00
    3.0759572493e+07    8.4392469896e+05   -6.2925745178e+07    9.0805918125e+02    2.4593072300e+01   -1.8639087225e+03    2.8617780000e+18    1.9496440355e-05    0.0000000000e+00    1.0000000000e+00    0.0000000000e+00
   -7.8085534469e+06    5.9304780115e+06   -3.9039327711e+07   -1.8440347241e+02    1.5653392590e+02   -9.4054654429e+02    2.8617780000e+18    1.9496440355e-05    0.0000000000e+00    1.0000000000e+00    0.0000000000e+00
    1.0985886442e+07    1.6765974852e+06   -6.6458592777e+06   -3.7008095631e+02   -4.4562241235e+01    2.9053194662e+02    2.8617780000e+18    1.9496440355e-05    0.0000000000e+00    1.0000000000e+00    0.0000000000e+00
    1.8682447135e+07    1.4902845460e+06   -3.3667248354e+07    4.1359789089e+02    3.2444321411e+01   -7.9771141515e+02    2.8617780000e+18    1.9496440355e-05    0.0000000000e+00    1.0000000000e+00    0.0000000000e+00
    2.4360778659e+07   -7.3993858712e+06    8.4565571288e+06    3.4028601033e+02   -1.3291203085e+02    1.1464564897e+02    2.8609510000e+18    1.9490806250e-05    0.0000000000e+00    1.0000000000e+00    0.0000000000e+00
    5.9939740400e+07   -1.6425825862e+06   -1.9982610943e+07    1.7364510206e+03   -4.6681858914e+01   -5.8386375652e+02    2.8609510000e+18    1.9490806250e-05    0.0000000000e+00    1.0000000000e+00    0.0000000000e+00
   -6.2275463771e+07   -2.5536248091e+05   -2.5454932801e+07   -1.8293791535e+03   -6.5510693857e+00   -7.4399427969e+02    2.8609510000e+18    1.9490806250e-05    0.0000000000e+00    1.0000000000e+00    0.0000000000e+00
   -2.5682183020e+07    3.1502678630e+05    2.1595403015e+07   -5.3243780436e+02    9.0361501324e+00    4.3490312923e+02    2.8609510000e+18    1.9490806250e-05    0.0000000000e+00    1.0000000000e+00    0.0000000000e+00
   -1.0871908930e+07    5.9232210172e+05    4.2871377270e+07   -2.8843367836e+02    1.8239484675e+01    1.0901091935e+03    2.8601250000e+18    1.9485178959e-05    0.0000000000e+00    1.0000000000e+00    0.0000000000e+00
    1.5610940615e+07   -3.9154917595e+06    1.3590411653e+07    4.3228889929e+01   -3.1033058275e+01    6.4171864219e+01    2.8601250000e+18    1.9485178959e-05    0.0000000000e+00    1.0000000000e+00    0.0000000000e+00
   -4.4893241049e+07   -9.4095673938e+06    1.4339445951e+07   -1.2068872865e+03   -2.7283850070e+02    3.8057839887e+02    2.8601250000e+18    1.9485178959e-05    0.0000000000e+00    1.0000000000e+00    0.0000000000e+00
   -5.9501696491e+07   -5.1993750931e+06    1.8031879829e+07   -1.7178729634e+03   -1.5323441241e+02    5.1694887813e+02    2.8601250000e+18    1.9485178959e-05    0.0000000000e+00    1.0000000000e+00    0.0000000000e+00
    3.4966615520e+07   -4.5155223922e+06   -1.1242057921e+07    7.8969667317e+02   -1.1673551622e+02   -2.5773198200e+02    2.8601250000e+18    1.9485178959e-05    0.0000000000e+00    1.0000000000e+00    0.0000000000e+00
    3.5466717138e+07   -4.4364912137e+06   -1.7993330675e+07    8.4624281735e+02   -1.1150134119e+02   -4.3354132336e+02    2.8601250000e+18    1.9485178959e-05    0.0000000000e+00    1.0000000000e+00    0.0000000000e+00
   -1.0540832287e+07    9.3450566506e+04   -5.6943254867e+06    4.6279919799e+02    7.9395240809e+00    2.9872660952e+02    2.8601250000e+18    1.9485178959e-05    0.0000000000e+00    1.0000000000e+00    0.0000000000e+00
   -4.8768176420e+07   -6.4464163111e+06   -1.1538940138e+07   -1.3198481482e+03   -1.8188365563e+02   -3.2126305146e+02    2.8601250000e+18    1.9485178959e-05    0.0000000000e+00    1.0000000000e+00    0.0000000000e+00
    7.0787355255e+06   -1.6441628804e+06   -1.6095055524e+07   -4.2563015053e+01   -6.6294815447e+00    1.1980776149e+02    2.8601250000e+18    1.9485178959e-05    0.0000000000e+00    1.0000000000e+00    0.0000000000e+00
   -2.4116865030e+07    3.1817104231e+06   -5.0590004239e+07   -6.8163531708e+02    9.7890859153e+01   -1.4219162273e+03    2.8601250000e+18    1.9485178959e-05    0.0000000000e+00    1.0000000000e+00    0.0000000000e+00
   -1.0296793507e+06   -6.9668869081e+06   -5.6104787911e+07   -1.9827577517e+01   -2.0526097908e+02   -1.5803142161e+03    2.8601250000e+18    1.9485178959e-05    0.0000000000e+00    1.0000000000e+00    0.0000000000e+00
   -2.0809064714e+07   -4.2627996327e+06    3.6350063180e+07   -5.1587507088e+02   -1.1418561357e+02    8.9858846552e+02    2.8601250000e+18    1.9485178959e-05    0.0000000000e+00    1.0000000000e+00    0.0000000000e+00
   -2.8372057614e+07   -2.2556129013e+06    2.3708645018e+07   -6.3697150740e+02   -6.6474789812e+01    5.4079376753e+02    2.8601250000e+18    1.9485178959e-05    0.0000000000e+00    1.0000000000e+00    0.0000000000e+00
    4.9805019919e+07    9.4122876632e+05    2.6533989906e+07    1.3988162294e+03    2.5472651073e+01    7.5936075771e+02    2.8601250000e+18    1.9485178959e-05    0.0000000000e+00    1.0000000000e+00    0.0000000000e+00
   -2.7720095583e+07   -4.5299074124e+06   -1.0393015503e+07   -4.8695514057e+02   -1.0174590822e+02   -1.8820137539e+02    2.8601250000e+18    1.9485178959e-05    0.0000000000e+00    1.0000000000e+00    0.0000000000e+00
    6.0653093396e+07    3.4255405643e+06   -2.1269196604e+07    1.7676375024e+03    1.0376288809e+02   -6.2659436706e+02    2.8601250000e+18    1.9485178959e-05    0.0000000000e+00    1.0000000000e+00    0.0000000000e+00
   -3.1113714613e+07    1.6168332085e+06   -4.7792732647e+07   -8.7775443869e+02    4.8462333317e+01   -1.3488500651e+03    2.8601250000e+18    1.9485178959e-05    0.0000000000e+00    1.0000000000e+00    0.0000000000e+00
    5.8357826237e+07    4.4454367979e+06   -4.2734582718e+07    1.7381125853e+03    1.3554213500e+02   -1.2732163380e+03    2.8601250000e+18    1.9485178959e-05    0.0000000000e+00    1.0000000000e+00    0.0000000000e+00
    4.6638472973e+07    4.6147745082e+06   -5.7962591078e+07    1.3964572916e+03    1.4090609012e+02   -1.7361641653e+03    2.8601250000e+18    1.9485178959e-05    0.0000000000e+00    1.0000000000e+00    0.0000000000e+00
   -1.6161949646e+07    8.8591412272e+06   -4.6756388672e+07   -4.3415944930e+02    2.5232863839e+02   -1.2642340576e+03    2.8601250000e+18    1.9485178959e-05    0.0000000000e+00    1.0000000000e+00    0.0000000000e+00
    4.2669932878e+07    2.8908804592e+06    6.6948052779e+07    1.2841364805e+03    9.1296769397e+01    2.0261347088e+03    2.8584770000e+18    1.9473951626e-05    0.0000000000e+00    1.0000000000e+00    0.0000000000e+00
    3.1116621588e+07   -3.4813097115e+06    1.7490099093e+07    6.7836174607e+02   -8.3771596757e+01    3.9302897531e+02    2.8584770000e+18    1.9473951626e-05    0.0000000000e+00    1.0000000000e+00    0.0000000000e+00
    3.4077229552e+07    5.7007671330e+06   -5.3202022152e+06    7.2932874258e+02    1.4123166209e+02   -1.0926853892e+02    2.8584770000e+18    1.9473951626e-05    0.0000000000e+00    1.0000000000e+00    0.0000000000e+00
    4.3044728941e+07   -1.1103851282e+06   -2.1547870686e+07    1.1344790126e+03   -2.7618788153e+01   -5.8319513420e+02    2.8584770000e+18    1.9473951626e-05    0.0000000000e+00    1.0000000000e+00    0.0000000000e+00
   -4.7290036140e+07   -2.1131438216e+06   -3.3945317405e+07   -1.3400006207e+03   -6.3048876575e+01   -9.6853186103e+02    2.8584770000e+18    1.9473951626e-05    0.0000000000e+00    1.0000000000e+00    0.0000000000e+00
   -4.9741933180e+07    4.0719857431e+06   -1.8985776454e+07   -1.3731457396e+03    1.1925301191e+02   -5.2225555892e+02    2.8584770000e+18    1.9473951626e-05    0.0000000000e+00    1.0000000000e+00    0.0000000000e+00
    4.6301543109e+06    5.1703060847e+06   -5.2929486531e+07    1.1522336058e+02    1.5024383198e+02   -1.4674503029e+03    2.8584770000e+18    1.9473951626e-05    0.0000000000e+00    1.0000000000e+00    0.0000000000e+00
   -1.0197049952e+07    4.3339691840e+06    7.0027799860e+07   -3.0879652366e+02    1.3071032764e+02    2.0767714990e+03    2.8584770000e+18    1.9473951626e-05    0.0000000000e+00    1.0000000000e+00    0.0000000000e+00
   -2.2871116507e+07    1.1713242514e+07    7.1916378489e+06   -3.0282789729e+02    2.1691497330e+02    9.6171076567e+01    2.8584770000e+18    1.9473951626e-05    0.0000000000e+00    1.0000000000e+00    0.0000000000e+00
   -2.6552257791e+07    2.0071272382e+06    4.7537285748e+07   -7.3065451247e+02    5.7724848623e+01    1.3256534260e+03    2.8584770000e+18    1.9473951626e-05    0.0000000000e+00    1.0000000000e+00    0.0000000000e+00
   -4.1352440521e+07   -6.2813892099e+06    3.3845644289e+07   -1.1418278196e+03   -1.8207357000e+02    9.3816942507e+02    2.8584770000e+18    1.9473951626e-05    0.0000000000e+00    1.0000000000e+00    0.0000000000e+00
   -5.5547281936e+07   -2.5285656982e+06   -1.4581451288e+07   -1.5694794660e+03   -7.5823723101e+01   -4.1079180351e+02    2.8584770000e+18    1.9473951626e-05    0.0000000000e+00    1.0000000000e+00    0.0000000000e+00
   -3.2099717608e+07    1.1299784592e+06   -3.2907058287e+06   -6.3654342584e+02    2.7848552672e+01   -6.7286409864e+01    2.8584770000e+18    1.9473951626e-05    0.0000000000e+00    1.0000000000e+00    0.0000000000e+00
    3.4125400859e+07    4.1949640761e+06   -1.6244392286e+07    7.8241598594e+02    1.0259253471e+02   -3.8409782453e+02    2.8584770000e+18    1.9473951626e-05    0.0000000000e+00    1.0000000000e+00    0.0000000000e+00
    1.6610290061e+07   -4.2602676152e+06   -3.1397479552e+07    3.6550855463e+02   -1.0502530298e+02   -6.9052763159e+02    2.8584770000e+18    1.9473951626e-05    0.0000000000e+00    1.0000000000e+00    0.0000000000e+00
   -3.1841970370e+07    1.0560474415e+06   -5.9354686813e+07   -9.3806200499e+02    3.0367088944e+01   -1.7414546949e+03    2.8584770000e+18    1.9473951626e-05    0.0000000000e+00    1.0000000000e+00    0.0000000000e+00
   -4.7862106550e+06   -1.1377652667e+07    5.5225272148e+07   -1.3479497757e+02   -3.3505335072e+02    1.5565209886e+03    2.8568360000e+18    1.9462771982e-05    0.0000000000e+00    1.0000000000e+00    0.0000000000e+00
   -7.0111211251e+06   -8.4204006012e+06    1.6513889225e+07    9.7622989538e+00   -5.8463094140e+01   -7.9220125372e+00    2.8568360000e+18    1.9462771982e-05    0.0000000000e+00    1.0000000000e+00    0.0000000000e+00
   -3.1101173242e+07    7.5972973355e+05    6.8701372158e+07   -9.2998433453e+02    2.5068309553e+01    2.0600484395e+03    2.8568360000e+18    1.9462771982e-05    0.0000000000e+00    1.0000000000e+00    0.0000000000e+00
   -2.2485822154e+07   -2.6584419457e+06    3.9947404378e+07   -5.7717016242e+02   -6.9415928938e+01    1.0382643009e+03    2.8568360000e+18    1.9462771982e-05    0.0000000000e+00    1.0000000000e+00    0.0000000000e+00
   -4.1186857300e+07   -5.2594085459e+06    4.6309184201e+07   -1.1909171716e+03   -1.5741703425e+02    1.3356065729e+03    2.8568360000e+18    1.9462771982e-05    0.0000000000e+00    1.0000000000e+00    0.0000000000e+00
   -5.8324564727e+07    1.3267047739e+06    5.1093731940e+07   -1.7566668418e+03    4.3000941590e+01    1.5362998079e+03    2.8568360000e+18    1.9462771982e-05    0.0000000000e+00    1.0000000000e+00    0.0000000000e+00
   -5.0586228541e+06   -1.7689561819e+05    1.0384802319e+06    1.4475543571e+03    4.1410463165e+01   -3.7768223885e+02    2.8568360000e+18    1.9462771982e-05    0.0000000000e+00    1.0000000000e+00    0.0000000000e+00
   -4.8723581331e+07    4.8451704712e+06    1.0771193214e+07   -1.3130939430e+03    1.4236068566e+02    2.8921608833e+02    2.8568360000e+18    1.9462771982e-05    0.0000000000e+00    1.0000000000e+00    0.0000000000e+00
   -4.1750128985e+07   -6.1213363057e+06    2.6175616504e+06   -1.0368836147e+03   -1.6122515404e+02    6.1293764296e+01    2.8568360000e+18    1.9462771982e-05    0.0000000000e+00    1.0000000000e+00    0.0000000000e+00
   -3.6585149321e+07    2.4704331724e+06    2.4284383899e+06   -8.2025441426e+02    6.4628125147e+01    6.4073153080e+01    2.8568360000e+18    1.9462771982e-05    0.0000000000e+00    1.0000000000e+00    0.0000000000e+00
   -5.0432376644e+07    3.6829286014e+06   -6.1029800315e+07   -1.5247659404e+03    1.1470045400e+02   -1.8404279597e+03    2.8568360000e+18    1.9462771982e-05    0.0000000000e+00    1.0000000000e+00    0.0000000000e+00
    7.2885652601e+06    1.4742164436e+07    2.2244813296e+07    1.1083203105e+02    2.8528278954e+02    3.0972786751e+02    2.8568360000e+18    1.9462771982e-05    0.0000000000e+00    1.0000000000e+00    0.0000000000e+00
   -3.8824159152e+06    4.1165556633e+06    1.4830329110e+07    6.0982873682e+01   -2.1401708071e+01   -2.3907853634e+02    2.8568360000e+18    1.9462771982e-05    0.0000000000e+00    1.0000000000e+00    0.0000000000e+00
    7.0941565910e+07   -6.7068834754e+06    1.6700102261e+07    2.1163788509e+03   -2.0663068983e+02    4.9760331831e+02    2.8568360000e+18    1.9462771982e-05    0.0000000000e+00    1.0000000000e+00    0.0000000000e+00
    5.3013595431e+07    6.3876813558e+06    3.5511622187e+06    1.4688364860e+03    1.8682019956e+02    1.0104779837e+02    2.8568360000e+18    1.9462771982e-05    0.0000000000e+00    1.0000000000e+00    0.0000000000e+00
   -6.2326390472e+07    1.4593969809e+05   -5.6687861822e+07   -1.8967719715e+03    4.3626562643e+00   -1.7277397980e+03    2.8568360000e+18    1.9462771982e-05    0.0000000000e+00    1.0000000000e+00    0.0000000000e+00
    4.6203445671e+07   -4.0518358304e+05   -6.9562006676e+06    1.2102380430e+03   -1.3424438057e+01   -1.8385271027e+02    2.8568360000e+18    1.9462771982e-05    0.0000000000e+00    1.0000000000e+00    0.0000000000e+00
    2.3075288909e+07    3.4164194880e+06   -2.3399401928e+07    4.5542732238e+02    7.1529144702e+01   -4.7875927832e+02    2.8568360000e+18    1.9462771982e-05    0.0000000000e+00    1.0000000000e+00    0.0000000000e+00
   -1.0374170304e+05    2.5038922086e+06    4.3880487323e+07   -6.8183807087e+00    6.7506259210e+01    1.1138238855e+03    2.8552000000e+18    1.9451626402e-05    0.0000000000e+00    1.0000000000e+00    0.0000000000e+00
    7.0351825757e+07    3.7932143657e+06    5.7518165067e+07    2.1590233077e+03    1.2022022359e+02    1.7676304141e+03    2.8552000000e+18    1.9451626402e-05    0.0000000000e+00    1.0000000000e+00    0.0000000000e+00
   -2.1406404633e+07   -8.3816403881e+06    1.1349838066e+07   -2.6036560720e+02   -1.4233707478e+02    1.3701654942e+02    2.8552000000e+18    1.9451626402e-05    0.0000000000e+00    1.0000000000e+00    0.0000000000e+00
    2.7770107183e+07   -7.9185393124e+05    3.0451146645e+06    4.3853418127e+02   -1.3645398173e+01    3.0064182131e+01    2.8552000000e+18    1.9451626402e-05    0.0000000000e+00    1.0000000000e+00    0.0000000000e+00
   -6.1521864153e+07    4.5871304518e+06   -4.0340228678e+07   -1.8359583580e+03    1.4196639835e+02   -1.2052518469e+03    2.8552000000e+18    1.9451626402e-05    0.0000000000e+00    1.0000000000e+00    0.0000000000e+00
    1.9455554261e+07    3.0375046767e+06   -5.2750347693e+07    5.4697401785e+02    9.0329770571e+01   -1.4797013300e+03    2.8552000000e+18    1.9451626402e-05    0.0000000000e+00    1.0000000000e+00    0.0000000000e+00
    2.7395138061e+07    1.2665194350e+06    5.2899020447e+07    7.8483086523e+02    3.6160147806e+01    1.5139151455e+03    2.8552000000e+18    1.9451626402e-05    0.0000000000e+00    1.0000000000e+00    0.0000000000e+00
   -2.2708697302e+07   -1.3649099528e+05    9.3444940619e+07   -7.0051377117e+02   -4.6058709382e+00    2.8865394761e+03    2.8552000000e+18    1.9451626402e-05    0.0000000000e+00    1.0000000000e+00    0.0000000000e+00
   -3.4761353392e+07    2.6271993147e+06    9.6483577140e+06   -7.6924379536e+02    6.3094477013e+01    2.1111009344e+02    2.8552000000e+18    1.9451626402e-05    0.0000000000e+00    1.0000000000e+00    0.0000000000e+00
    4.7753950538e+07    4.2452106382e+05    4.8824695777e+07    1.4015074314e+03    1.1753618571e+01    1.4437330855e+03    2.8552000000e+18    1.9451626402e-05    0.0000000000e+00    1.0000000000e+00    0.0000000000e+00
   -8.2428918988e+07    4.0783463869e+06   -1.1563366599e+07   -2.5050488855e+03    1.2528287439e+02   -3.5360494377e+02    2.8552000000e+18    1.9451626402e-05    0.0000000000e+00    1.0000000000e+00    0.0000000000e+00
    1.2485392122e+07    5.7308199201e+06   -5.2567578104e+06   -3.0257903533e+02   -6.4173646464e+01    1.2625222663e+02    2.8552000000e+18    1.9451626402e-05    0.0000000000e+00    1.0000000000e+00    0.0000000000e+00
    1.8810092304e+06    1.2432389131e+06   -1.0230508673e+08    5.7908737974e+01    3.9089139539e+01   -3.1784758764e+03    2.8552000000e+18    1.9451626402e-05    0.0000000000e+00    1.0000000000e+00    0.0000000000e+00
