x1	x2	x3	v1	v2	v3	mass	rel_mass	water_fraction
58248614.694103405 590794899.2280272 -45783.081468963785 1591.0884616933788 14432.22725849878 -3.059032085034452 5.935829694799998e+24 0.496595807905669 0.09448567183322307 
-58317814.9994324 -590860871.150015 -118689.28689392777 -1590.9247623248154 -14436.174231222443 -5.812887493722966 5.9357602639e+24 0.496589999263953 0.0945695029352547 
-16976040.104 -150212709.34 28157706.307 -409.27821874 -3839.7588198 678.67512845 5.812368e+20 4.8626691317e-05 0.0 
-4343583.8596 162909688.51 -164388521.67 -96.268525446 4138.8634648 -3908.3536214 5.724269e+20 4.7889648707e-05 0.0 
35439123.076 352140284.13 -14316992.315 862.64746104 9195.8126959 -227.69929103 5.587217e+20 4.6743061757e-05 0.0 
-46405685.445 -324234547.45 -67182203.991 -1128.1481427 -8394.4986394 -1474.4101348 5.563749e+20 4.6546726771e-05 0.0 
10368565.547 -75516511.925 12895953.106 262.82154333 -1929.6943594 313.06808682 5.540089e+20 4.6348785499e-05 0.0 
-31577710.871 30552407.691 -327033648.76 -761.47553585 770.30176314 -7888.5850735 2.334804e+20 1.9533139229e-05 1.0 
40112275.266 -22104487.577 -101005860.64 966.93538833 -556.65189536 -2380.004607 2.334804e+20 1.9533139229e-05 1.0 
116445549.99 190188618.41 -310707164.25 2822.8943962 4724.5948578 -7394.5706544 2.326543e+20 1.9464027105e-05 1.0 
-21626256.083 -499605516.98 -125463956.66 -626.58858913 -12780.182953 -2195.0785272 2.326543e+20 1.9464027105e-05 1.0 
-134011974.73 -285267388.31 47565504.02 -3158.0381415 -7296.9184683 1114.0008373 2.285299e+20 1.9118976816e-05 1.0 
106810368.53 -106646904.59 -44628662.237 2573.6122552 -2728.0184307 -1047.7855576 2.285299e+20 1.9118976816e-05 1.0 
166962539.84 76700758.868 -19130300.691 4015.096725 1930.1111528 -428.67947274 2.285299e+20 1.9118976816e-05 1.0 
-22793626.683 -357949443.39 -94090208.144 -610.13905935 -9254.550054 -2017.513404 2.285299e+20 1.9118976816e-05 1.0 
-30040302.476 -37737497.004 -117182516.66 -714.65714009 -941.44718115 -2772.0662684 2.268824e+20 1.8981145774e-05 1.0 
64454239.047 23811870.575 -119278733.19 1541.8598641 585.83032958 -2815.8451162 2.268824e+20 1.8981145774e-05 1.0 
19464157.271 350209214.96 -181386442.92 496.31147205 8894.8617593 -4123.4191339 2.260591e+20 1.89122679e-05 1.0 
95738026.275 -47038758.767 -288881592.29 2320.5112094 -1202.5587335 -6955.7921359 2.260591e+20 1.89122679e-05 1.0 
-18305742.441 333352607.83 326687593.6 -426.56999302 8320.3434855 7735.1807517 2.25236e+20 1.8843406759e-05 1.0 
127657043.32 60196884.533 304550623.88 3098.904464 1496.4226065 7308.3724656 2.25236e+20 1.8843406759e-05 1.0 
22805198.523 210461172.96 26414726.081 585.42880843 5417.2245676 580.40631595 2.25236e+20 1.8843406759e-05 1.0 
4004126.3107 -130730175.43 51908474.436 95.078921592 -3341.8817544 1211.0417763 2.25236e+20 1.8843406759e-05 1.0 
-59442901.883 222184986.6 -348342541.21 -1452.1298388 5526.7236859 -8344.266477 2.25236e+20 1.8843406759e-05 1.0 
-106416770.14 -352840157.91 62915576.38 -2502.8845829 -9141.3382727 1379.2843995 2.25236e+20 1.8843406759e-05 1.0 
40004262.262 117467982.77 212725462.35 965.14016886 2974.6411816 5070.972185 2.25236e+20 1.8843406759e-05 1.0 
-31480484.669 -179005876.19 319846683.88 -762.28555245 -4477.5483903 7667.276427 2.25236e+20 1.8843406759e-05 1.0 
15513494.946 -454787621.18 -114046394.69 176.79958068 -11720.22219 -2209.7164542 2.25236e+20 1.8843406759e-05 1.0 
-66560101.724 -401181237.4 66798054.82 -1558.8035026 -10500.813116 1353.8513087 2.235904e+20 1.8705734672e-05 1.0 
-9258158.7775 117525157.13 -22281071.457 -224.51515586 3005.4407316 -550.2725389 2.219454e+20 1.8568112781e-05 1.0 
38653550.961 -228977267.62 -73836731.895 896.68174077 -5861.2558882 -1684.8087567 2.219454e+20 1.8568112781e-05 1.0 
-31281075.136 321625181.57 79118884.174 -674.55649424 8298.8620223 1778.5969596 2.203008e+20 1.8430524355e-05 1.0 
-50506592.814 -284239207.48 40253934.219 -1202.505666 -7338.6632915 927.77299203 2.203008e+20 1.8430524355e-05 1.0 
98643492.512 395710436.18 100948081.19 2219.1639528 10174.587517 2096.1927018 2.203008e+20 1.8430524355e-05 1.0 
71844487.607 365895904.34 -219859387.99 1706.6926706 9184.9877013 -4998.6693306 2.203008e+20 1.8430524355e-05 1.0 
61839280.725 268645508.77 53806975.061 1462.5215029 6908.2592505 1201.9264725 2.203008e+20 1.8430524355e-05 1.0 
-9934978.0044 -270760350.31 -27377351.803 -285.7565563 -6992.3339864 -621.20726159 2.203008e+20 1.8430524355e-05 1.0 
-28910062.26 -309771367.43 -301121359.29 -723.12538763 -7743.6655492 -7093.9161925 2.203008e+20 1.8430524355e-05 1.0 
-20999887.639 -311064820.76 192270307.29 -515.80107419 -7858.837881 4407.4905253 2.186564e+20 1.8292952661e-05 1.0 
-109637923.5 173306238.94 102962022.95 -2622.9578149 4414.3774623 2426.6925817 2.178341e+20 1.8224158448e-05 1.0 
66823482.927 398581238.26 -3840223.4489 1565.2397533 10524.602438 -40.792155065 2.178341e+20 1.8224158448e-05 1.0 
-81856102.487 -382524585.14 81572207.814 -1907.2701577 -9902.5641837 1647.5745467 2.178341e+20 1.8224158448e-05 1.0 
-63771245.046 -324423161.01 -40409001.605 -1533.5878987 -8426.690381 -933.3309503 2.178341e+20 1.8224158448e-05 1.0 
23611983.332 458517977.09 62405781.82 665.53933809 12144.46304 992.01496933 2.161895e+20 1.8086570022e-05 1.0 
-48735083.178 182051811.48 144966461.28 -1147.7822683 4638.5216567 3414.2537083 2.161895e+20 1.8086570022e-05 1.0 
-116026309.62 -11544264.155 -151248776.67 -2790.9221002 -273.65927874 -3630.5668531 2.161895e+20 1.8086570022e-05 1.0 
-15508617.399 319935261.61 124293854.52 -306.27185296 8208.6182011 2823.0036482 2.153671e+20 1.8017767443e-05 1.0 
-179390492.60721713 143808722.42600846 50454984.56390081 -4322.736073805395 3662.55243141478 1173.3276641094374 3.895177e+20 3.2587332668e-05 1.0 
-47364546.209 284080260.35 32767050.111 -1063.0363239 7333.6523074 796.86588132 2.153671e+20 1.8017767443e-05 1.0 
-70319100.072 119019413.49 -31966092.877 -1672.1475903 3058.1219908 -760.69438405 2.153671e+20 1.8017767443e-05 1.0 
-13440655.27 -367787926.79 20528607.294 -416.89628025 -9636.5824591 422.95261726 2.153671e+20 1.8017767443e-05 1.0 
59370634.481 -416621828.87 92575980.603 1224.0817498 -10746.54274 1914.841026 2.153671e+20 1.8017767443e-05 1.0 
-79441062.472 -406488716.79 225199599.04 -1883.5446085 -10191.608122 5088.5217586 2.153671e+20 1.8017767443e-05 1.0 
14420573.934 -98343330.605 108392776.06 338.62494794 -2505.7126806 2582.0938061 2.153671e+20 1.8017767443e-05 1.0 
92919127.112 185582600.16 122266566.42 2257.8407093 4722.5679246 2878.4240531 2.153671e+20 1.8017767443e-05 1.0 
14993604.825 465228794.19 230167733.19 406.82230469 11606.874672 5086.1458583 2.145445e+20 1.7948948131e-05 1.0 
-139270039.3 100116311.32 -81093717.893 -3349.3515475 2563.2073664 -1939.2854717 2.137217e+20 1.7880112088e-05 1.0 
-856527.4307 56940963.923 -38555832.323 10.647699322 1448.8717777 -863.90824435 2.137217e+20 1.7880112088e-05 1.0 
-31999631.695 181445125.58 -174051034.69 -760.86949596 4600.3669553 -4094.5875315 2.137217e+20 1.7880112088e-05 1.0 
-13675617.71 405409847.85 -49015474.543 -164.17084049 10618.053037 -909.52461406 2.137217e+20 1.7880112088e-05 1.0 
11364038.071 333529352.73 23567117.062 318.61987788 8676.3346202 481.98271063 2.137217e+20 1.7880112088e-05 1.0 
39817768.994 -393487763.37 -28384018.139 762.32960036 -10264.88593 -494.99369171 2.137217e+20 1.7880112088e-05 1.0 
99814120.497 224473584.56 -191714048.86 2392.73597 5674.9227158 -4519.1969673 2.120756e+20 1.7742398171e-05 1.0 
-79032394.914 -221084404.17 81535554.741 -1883.3448448 -5640.82943 1855.8118055 2.104285e+20 1.7604600593e-05 1.0 
-94870519.021 -70207837.259 1092692.5146 -2286.106955 -1772.3615017 27.699141541 2.104285e+20 1.7604600593e-05 1.0 
-152440502.29 117603149.87 13794809.881 -3663.7231396 3002.8483321 321.3557458 2.104285e+20 1.7604600593e-05 1.0 
-189180256.27 -135661894.53 -36534192.392 -4552.5697806 -3414.854672 -864.40338446 2.104285e+20 1.7604600593e-05 1.0 
-103832158.08 352551604.25 -207910359.68 -2425.3291541 8880.7721426 -4789.1257011 2.104285e+20 1.7604600593e-05 1.0 
38820348.956 316985122.09 -23513274.052 917.45595448 8226.093116 -581.58869371 2.104285e+20 1.7604600593e-05 1.0 
-155594786.35 -211724687.78 169100018.03 -3741.3519024 -5327.6028086 3971.0252985 2.104285e+20 1.7604600593e-05 1.0 
-274295808.48 -59882893.042 -238261633.93 -6688.5597394 -1476.3536032 -5722.8590678 2.104285e+20 1.7604600593e-05 1.0 
129504811.33 -286601560.6 -174141273.71 3063.163289 -7221.7553367 -4010.1335707 2.104285e+20 1.7604600593e-05 1.0 
-107298623.58 55995567.268 96084217.082 -2575.2882324 1436.3428016 2263.6511227 2.087801e+20 1.7466694256e-05 1.0 
38086304.902 414004542.54 46453285.046 911.72818951 10919.785149 833.29877462 2.087801e+20 1.7466694256e-05 1.0 
-53730653.87 321778098.3 57421680.966 -1214.9156745 8310.376449 1321.8187325 2.087801e+20 1.7466694256e-05 1.0 
-88322557.341 240634779.68 -46786210.27 -2061.9457558 6166.410403 -1068.7035271 2.087801e+20 1.7466694256e-05 1.0 
35895249.391 -389734746.51 54777346.921 696.83969825 -10149.428368 1160.0925033 2.087801e+20 1.7466694256e-05 1.0 
53337441.359 -114613555.78 182053926.06 1264.1795843 -2899.1099076 4310.6542859 2.087801e+20 1.7466694256e-05 1.0 
-80709120.729 -233152950.26 -21656168.074 -1964.9889676 -5992.7231821 -459.10346165 2.087801e+20 1.7466694256e-05 1.0 
62263780.026 154406697.09 -161911292.05 1492.3313903 3897.119511 -3858.8749019 2.087801e+20 1.7466694256e-05 1.0 
-21706366.622 355371971.27 101082277.11 -444.74867135 9147.4932899 2191.026785 2.079553e+20 1.7397690891e-05 1.0 
16233408.354 92338800.226 -41235627.608 421.46259352 2369.4898376 -1044.1535879 2.079553e+20 1.7397690891e-05 1.0 
436907791.26 518519523.21 159168246.08 10495.566717 12656.479911 3740.3271833 2.079553e+20 1.7397690891e-05 1.0 
362113490.61 347437981.65 5045033.5553 8669.7273979 8608.2905231 166.93821341 2.079553e+20 1.7397690891e-05 1.0 
-78910786.345 -265837695.41 -395765998.59 -1917.4334934 -6569.1730698 -9465.5721864 2.079553e+20 1.7397690891e-05 1.0 
273181993.52 448597433.16 8782568.5866 6222.9272876 11106.489602 307.08546836 2.079553e+20 1.7397690891e-05 1.0 
4533976.595 418189765.11 -253567644.15 134.19479855 10433.658978 -5761.7010371 2.079553e+20 1.7397690891e-05 1.0 
148522057.2 -109769647.52 157232082.24 3583.0437721 -2781.8597068 3740.2962308 2.079553e+20 1.7397690891e-05 1.0 
-37037549.412 -520462673.94 122127408.78 -878.16266395 -13195.868695 1926.0936971 2.079553e+20 1.7397690891e-05 1.0 
28875321.453 -445174765.68 -100870718.29 471.3918902 -11519.781769 -1986.0114528 2.079553e+20 1.7397690891e-05 1.0 
-78255347.627 -139859829.09 -267741717.75 -1898.2823537 -3506.0139737 -6361.0024508 2.079553e+20 1.7397690891e-05 1.0 
-38527669.794 -321248968.92 -193098265.51 -911.32821252 -8127.0527093 -4447.3389791 2.079553e+20 1.7397690891e-05 1.0 
-39244133.001 421975062.29 262025.53334 -681.25959893 11093.015671 110.25899865 2.063044e+20 1.7259575402e-05 1.0 
125973276.08 182118472.09 30720623.233 3015.0312396 4630.9808524 744.963904 2.063044e+20 1.7259575402e-05 1.0 
88996148.388 -231218517.07 99885961.631 2113.139047 -5889.9137722 2301.1475007 2.063044e+20 1.7259575402e-05 1.0 
53336550.398 219811467.89 352279111.55 1301.986519 5465.5766788 8404.8632349 2.054783e+20 1.7190463278e-05 1.0 
20740427.198 445949380.21 1308386.0719 662.89588912 11978.673397 9.7000661183 2.054783e+20 1.7190463278e-05 1.0 
116138601.03 245180367.28 -127524160.2 2765.3642375 6212.3803669 -2916.9787568 2.054783e+20 1.7190463278e-05 1.0 
78064802.807 -183110753.53 62155533.179 1847.2605685 -4692.7995817 1457.8408072 2.054783e+20 1.7190463278e-05 1.0 
45863910.242 -149301694.74 -263325134.47 1087.5591832 -3759.2218791 -6264.3407854 2.054783e+20 1.7190463278e-05 1.0 
30505730.618 -390529709.29 -281539199.61 691.15512364 -9727.7154093 -6517.7424531 2.054783e+20 1.7190463278e-05 1.0 
23430292.916 -357127813.53 64632656.709 445.3217617 -9264.2989222 1393.7502275 2.046516e+20 1.7121300958e-05 1.0 
-29354143.377 484315622.79 51372235.701 -232.22395195 12760.986913 752.65661226 2.038243e+20 1.7052088441e-05 1.0 
-6730919.1995 -327830748.78 191215147.84 -210.91025912 -8312.596643 4382.5911447 2.038243e+20 1.7052088441e-05 1.0 
84469105.318 -221201668.05 97911707.417 1995.9744273 -5660.3962364 2283.7379104 2.038243e+20 1.7052088441e-05 1.0 
47090380.65 -242343435.49 -123144823.45 1094.826869 -6185.3655023 -2826.0906982 2.038243e+20 1.7052088441e-05 1.0 
108665993.68 239445638.92 202456275.22 2614.7431753 6028.520895 4738.9769074 2.029964e+20 1.6982825728e-05 1.0 
228567806.77 594680554.82 9487003.4481 4753.9720576 14385.332882 253.2016028 2.029964e+20 1.6982825728e-05 1.0 
10415655.073 76660119.613 -3197377.2282 219.36499896 1941.1872464 -91.070777091 2.029964e+20 1.6982825728e-05 1.0 
129041265.76 -163438518.59 -402630456.88 3133.7134739 -4049.210942 -9686.0171788 2.029964e+20 1.6982825728e-05 1.0 
-24189624.573 450046903.08 92225921.593 -351.98012125 11679.481144 1740.5414628 2.021679e+20 1.6913512819e-05 1.0 
-10645202.817 216558426.33 113471422.15 -217.93495015 5530.2774532 2604.3815387 2.021679e+20 1.6913512819e-05 1.0 
882550.14452 -411763036.55 186493091.55 -38.409165366 -10409.434239 4093.8746263 2.021679e+20 1.6913512819e-05 1.0 
-119229635.67 -218846515.39 -131487514.51 -2844.4124506 -5545.641265 -3114.3755095 2.005088e+20 1.6774711312e-05 1.0 
-263680857.01 -190875388.97 -304549314.65 -6414.5865307 -4730.5604267 -7282.9003889 2.005088e+20 1.6774711312e-05 1.0 
-140582383.05 130231353.98 -198567874.39 -3385.3825339 3288.260922 -4703.0398944 2.005088e+20 1.6774711312e-05 1.0 
70658638.862 482650299.77 -231508581.25 1652.5266797 11999.800276 -5095.3900349 2.005088e+20 1.6774711312e-05 1.0 
146102758.94 -139833326.43 15060841.348 3512.1848974 -3575.7450794 346.99808831 2.005088e+20 1.6774711312e-05 1.0 
143974510.12 251761270.51 68868688.043 3409.2670793 6407.212992 1630.7116144 2.005088e+20 1.6774711312e-05 1.0 
-116904189.99 -359029118.78 184640161.95 -2762.7008787 -9069.9671696 4192.5131963 2.005088e+20 1.6774711312e-05 1.0 
37809491.244 15605005.825 -361505300.42 913.96919992 395.89683174 -8676.3754626 2.005088e+20 1.6774711312e-05 1.0 
-56347301.943 -426096584.6 -90212810.619 -1276.4710154 -11115.6803 -1796.6622531 2.005088e+20 1.6774711312e-05 1.0 
-93525862.453 -577356953.95 -239008006.37 -2177.2885284 -14177.492029 -5216.9277842 2.005088e+20 1.6774711312e-05 1.0 
118591492.56 528383294.87 240306656.53 2757.5263347 13037.39733 5304.3949931 1.97181e+20 1.6496305156e-05 1.0 
-22780901.414 -15343668.614 408200465.1 -542.681134 -379.68932553 9846.5884708 1.97181e+20 1.6496305156e-05 1.0 
19289870.956 105990427.28 204525864.26 498.19871621 2693.6624755 4884.9950963 1.97181e+20 1.6496305156e-05 1.0 
-43618622.351 422182716.75 45150057.327 -777.39911085 11035.030774 879.43814494 1.97181e+20 1.6496305156e-05 1.0 
273980846.92 558499362.28 -5611720.512 6081.5995836 13600.339408 -189.50355788 1.97181e+20 1.6496305156e-05 1.0 
88252477.969 6019519.9907 195702957.37 2122.4195711 137.05458613 4660.2478306 1.97181e+20 1.6496305156e-05 1.0 
40717285.561 -223015759.82 206937865.37 954.6363249 -5645.584602 4852.1959545 1.97181e+20 1.6496305156e-05 1.0 
-281088494.94 -405308322.05 313747715.95 -6776.7848101 -9970.7704534 7412.8168056 1.97181e+20 1.6496305156e-05 1.0 
85440457.789 -322477389.97 -30841972.364 1932.9339138 -8304.3722354 -623.14928437 1.97181e+20 1.6496305156e-05 1.0 
-7427650.4449 113904419.78 207740854.79 -165.33585475 2864.7443733 4900.5507188 1.963468e+20 1.642651538e-05 1.0 
-56931922.733 -162061383.61 91523609.677 -1356.2968363 -4127.7251839 2152.4376435 1.963468e+20 1.642651538e-05 1.0 
-216026875.96 -81160715.979 -141946057.48 -5240.106257 -2032.4085566 -3360.5344873 1.963468e+20 1.642651538e-05 1.0 
-23687182.962 183005607.85 -150686233.23 -533.9242402 4657.0829167 -3552.7655791 1.963468e+20 1.642651538e-05 1.0 
30964009.209 -4644629.116 103724186.77 716.33409829 -134.0240407 2468.957208 1.963468e+20 1.642651538e-05 1.0 
78058365.877 138592339.29 182800004.7 1881.2108138 3492.667599 4331.0407981 1.963468e+20 1.642651538e-05 1.0 
89131792.11 -130598943.29 -99296557.025 2128.4300178 -3325.2128712 -2290.1509854 1.963468e+20 1.642651538e-05 1.0 
-28792779.957 329113855.77 -61713175.047 -653.85380619 8483.6878936 -1290.5636512 1.963468e+20 1.642651538e-05 1.0 
23802408.607 -505809179.41 -226551662.94 483.1902539 -12540.310607 -4937.9933593 1.963468e+20 1.642651538e-05 1.0 
-23369808.119 435128045.09 183199671.18 -451.94728554 10971.632851 3959.9468934 1.955116e+20 1.6356641944e-05 1.0 
-258447053.95 -91001055.786 348600867.43 -6295.9296605 -2233.209234 8402.1602691 1.955116e+20 1.6356641944e-05 1.0 
-58397532.979 -244203123.55 53604192.395 -1384.1359209 -6264.9929527 1232.3583058 1.955116e+20 1.6356641944e-05 1.0 
-105105876.57 -421260573.32 119267320.24 -2356.7914005 -10805.045069 2505.1963213 1.955116e+20 1.6356641944e-05 1.0 
-184073740.36 -49726621.274 10988314.89 -4443.498821 -1237.7681249 271.17067219 1.955116e+20 1.6356641944e-05 1.0 
2301880.1225 -265546963.63 101338393.97 42.361147027 -6793.5089515 2285.517091 1.955116e+20 1.6356641944e-05 1.0 
-18257206.085 329916544.67 9233111.9363 -329.28982174 8583.1661333 264.77832303 1.955116e+20 1.6356641944e-05 1.0 
-80708646.902 46037794.426 -197143440.24 -1939.9956702 1158.7858107 -4640.9689562 1.955116e+20 1.6356641944e-05 1.0 
-22884579.41 61556875.899 -368365288.42 -544.2644028 1538.7601744 -8841.0603716 1.955116e+20 1.6356641944e-05 1.0 
52988057.414 -270915617.91 257180138.96 1253.7606782 -6776.6370552 6029.6996998 1.955116e+20 1.6356641944e-05 1.0 
140677308.08 167038287.09 139495599.02 3387.220975 4209.2097155 3306.2937344 1.955116e+20 1.6356641944e-05 1.0 
-313313922.91 -425827165.67 140114208.6 -7402.8977486 -10502.520265 3181.1054513 1.955116e+20 1.6356641944e-05 1.0 
162278408.13 -119169531.48 -10078164.874 3890.6584422 -3055.4075745 -234.23441835 1.955116e+20 1.6356641944e-05 1.0 
76731159.163 329889813.62 102819594.82 1762.9183131 8464.8103313 2347.7563363 1.955116e+20 1.6356641944e-05 1.0 
-326930847.07 -528939959.59 64670434.57 -7605.5565261 -12969.157121 1387.449183 1.955116e+20 1.6356641944e-05 1.0 
75715136.454 -296124001.51 -183521251.41 1767.6738691 -7509.0101631 -4254.6719124 1.955116e+20 1.6356641944e-05 1.0 
-47863573.686 -208668995.74 -299108627.54 -1166.8941804 -5214.9275681 -7129.5237454 1.955116e+20 1.6356641944e-05 1.0 
103083500.45 -211830458.63 -19266346.139 2456.5935725 -5419.2979348 -495.91143005 1.946754e+20 1.6286684847e-05 1.0 
-241719746.52 -217085479.88 -154781477.78 -5814.7493444 -5417.1503515 -3644.4722347 1.946754e+20 1.6286684847e-05 1.0 
-77813408.015 448216758.81 -49034628.202 -1504.3859927 11622.933179 -930.2927703 1.946754e+20 1.6286684847e-05 1.0 
164852316.0 244453652.26 -113340677.07 3927.8734023 6188.9083334 -2621.5313773 1.946754e+20 1.6286684847e-05 1.0 
96325991.706 -98886166.264 26371868.983 2311.8752399 -2533.3563011 646.19990266 1.946754e+20 1.6286684847e-05 1.0 
-192564454.16 213282988.73 280129717.14 -4662.1080738 5341.4550323 6663.9585548 1.938381e+20 1.6216635723e-05 1.0 
-70012267.394 253479913.57 188132744.92 -1647.9464625 6412.3804058 4387.1865887 1.938381e+20 1.6216635723e-05 1.0 
-270363169.52 -277810165.74 -174186757.24 -6489.2658315 -6920.1259008 -4188.0893679 1.938381e+20 1.6216635723e-05 1.0 
-222522911.07 -91266149.28 -104769509.31 -5378.3238717 -2270.3923065 -2496.7902294 1.938381e+20 1.6216635723e-05 1.0 
7124974.0032 -468679446.71 268199676.64 144.51306009 -11647.323008 6095.6081265 1.938381e+20 1.6216635723e-05 1.0 
-41433299.433 -457327153.07 230855261.7 -1008.5739596 -11404.768018 5104.460776 1.938381e+20 1.6216635723e-05 1.0 
301170428.54 -105120880.84 -68323796.075 7308.6464671 -2669.6249181 -1604.9215885 1.938381e+20 1.6216635723e-05 1.0 
-288664617.71 -212008469.85 203878628.89 -6980.7648826 -5257.2446543 4859.102458 1.938381e+20 1.6216635723e-05 1.0 
-58233356.606 247434445.81 -48660459.077 -1349.5535038 6354.2213378 -1059.2178759 1.921601e+20 1.6076253028e-05 1.0 
89949282.879 -18793094.36 100998860.45 2148.1988896 -497.43013127 2374.6557206 1.921601e+20 1.6076253028e-05 1.0 
300085086.39 412311965.1 284611407.55 7222.7457728 10145.332268 6723.0587867 1.904771e+20 1.593545203e-05 1.0 
-79599709.616 371405654.72 -273839453.76 -1871.9246562 9281.2589216 -6379.9485316 1.904771e+20 1.593545203e-05 1.0 
-84354134.532 -10006272.179 -452723494.11 -2053.1579664 -235.05864094 -10913.5611 1.904771e+20 1.593545203e-05 1.0 
55928478.703 -378086341.89 11116093.32 1159.0540603 -9839.4590297 229.38878838 1.904771e+20 1.593545203e-05 1.0 
164435978.03 251973367.71 -101938940.12 3900.6775186 6382.1739753 -2394.0316673 1.904771e+20 1.593545203e-05 1.0 
-92486585.081 -189935450.67 -416148355.0 -2252.9004058 -4696.8391373 -9984.411064 1.904771e+20 1.593545203e-05 1.0 
-39582966.182 91136135.179 372970334.69 -949.52364518 2277.4805691 8934.2572456 1.887888e+20 1.5794207631e-05 1.0 
-86439690.816 125279908.3 181846493.89 -2062.8588889 3182.2159227 4298.9386683 1.887888e+20 1.5794207631e-05 1.0 
-190373165.08 -452888248.04 -148246800.83 -4341.3563622 -11372.041198 -3243.6654597 1.887888e+20 1.5794207631e-05 1.0 
188784976.02 377005971.24 -317488972.87 4540.0490828 9318.959477 -7457.1412521 1.887888e+20 1.5794207631e-05 1.0 
31156400.709 391610104.15 -356379799.51 757.07180672 9683.8707123 -8390.0727397 1.887888e+20 1.5794207631e-05 1.0 
84034442.891 -420726052.5 55287932.229 1735.4882583 -10873.004182 1098.8653837 1.887888e+20 1.5794207631e-05 1.0 
269475529.31 -44284784.286 276882628.12 6547.3220601 -1118.7183893 6601.4182505 1.887888e+20 1.5794207631e-05 1.0 
-115137316.77 -537075902.08 291426587.63 -2713.8177669 -13182.904296 6640.0170188 1.887888e+20 1.5794207631e-05 1.0 
156016782.29 419566075.97 -47135441.794 3439.1619634 10801.513803 -921.70556507 1.887888e+20 1.5794207631e-05 1.0 
-283820877.41 -486692261.98 -181886625.97 -6662.0172715 -11955.986168 -4121.3112854 1.887888e+20 1.5794207631e-05 1.0 
-13682762.744 271505216.7 -212327807.81 -303.25942191 6868.8986198 -4958.5821849 1.879425e+20 1.572340556e-05 1.0 
-32576005.326 -37595956.11 -161346897.87 -763.24687147 -944.09082611 -3785.9940152 1.879425e+20 1.572340556e-05 1.0 
187004256.09 493500311.55 -383115791.03 4506.0553942 12111.88741 -9080.5223369 1.879425e+20 1.572340556e-05 1.0 
-172249364.48 377254409.15 -178541224.16 -4046.909469 9451.3739053 -4044.6376929 1.879425e+20 1.572340556e-05 1.0 
86590567.146 -345704895.0 125064439.38 1969.054383 -8815.8830016 2782.3433981 1.879425e+20 1.572340556e-05 1.0 
103877329.37 -315059524.45 -6705662.0084 2383.4065 -8111.8921746 -172.27716472 1.879425e+20 1.572340556e-05 1.0 
162609162.42 56198545.915 -389759371.41 3959.4325146 1372.7772843 -9378.1497741 1.879425e+20 1.572340556e-05 1.0 
-192099663.35 -332267386.15 -382968867.47 -4654.0009071 -8197.9785752 -9127.3902226 1.879425e+20 1.572340556e-05 1.0 
-94765260.037 207433654.76 353840739.62 -2295.5950558 5167.7247656 8458.0912978 1.870947e+20 1.5652477999e-05 1.0 
-48906073.21 8838385.1355 152169146.47 -1160.6433143 244.10553439 3622.5902044 1.870947e+20 1.5652477999e-05 1.0 
-83198664.981 -373313796.62 -123569556.97 -1890.0154219 -9534.9067623 -2685.9765455 1.870947e+20 1.5652477999e-05 1.0 
201412849.41 312079146.12 222242389.08 4809.3543602 7787.5404245 5209.448886 1.870947e+20 1.5652477999e-05 1.0 
44721375.92 150393413.16 -57844096.46 1094.7593174 3857.3781043 -1378.4114279 1.870947e+20 1.5652477999e-05 1.0 
10205547.799 505538224.74 317345570.7 251.7513622 12444.184912 7308.0041392 1.862454e+20 1.5581424946e-05 1.0 
-103234038.59 310401750.35 67240511.708 -2372.4758871 7950.0252747 1479.9712478 1.862454e+20 1.5581424946e-05 1.0 
140575759.29 -130777529.49 171022380.28 3383.2736813 -3315.2218038 4036.6409405 1.862454e+20 1.5581424946e-05 1.0 
-3648924.4956 409794373.92 304167880.92 -65.313641994 10158.307301 7049.9650088 1.853943e+20 1.5510221304e-05 1.0 
-86469504.883 420700107.06 75696922.901 -1824.21891 10815.474778 1521.8010227 1.853943e+20 1.5510221304e-05 1.0 
141058974.03 -388849841.42 172623271.06 3266.2221484 -9789.0719255 3901.9098878 1.853943e+20 1.5510221304e-05 1.0 
45999748.963 -330561039.18 -36039869.364 986.60390231 -8563.151379 -796.81473026 1.853943e+20 1.5510221304e-05 1.0 
-349337749.01 -363910385.25 160541280.39 -8377.9752612 -8979.688702 3727.9057319 1.853943e+20 1.5510221304e-05 1.0 
-5474280.6246 -75511114.74 108275057.75 -121.71401756 -1911.8450535 2563.3983294 1.836872e+20 1.5367404083e-05 1.0 
-182937110.12 211702142.05 -113971512.44 -4379.1395464 5379.9047514 -2690.2748379 1.836872e+20 1.5367404083e-05 1.0 
-81845838.22 -351936728.25 -273924213.84 -1955.576393 -8776.2258402 -6386.5030323 1.836872e+20 1.5367404083e-05 1.0 
-118532454.39 -443162114.99 -235156745.04 -2778.0731062 -11036.961203 -5309.7996391 1.836872e+20 1.5367404083e-05 1.0 
314028148.51 423463718.72 -374331617.46 7600.4701568 10398.096299 -8913.2724012 1.836872e+20 1.5367404083e-05 1.0 
-96230928.276 415130859.9 -333625889.37 -2290.973571 10267.770419 -7816.7977531 1.836872e+20 1.5367404083e-05 1.0 
170167038.03 421936391.48 -85584252.022 3794.3345529 10725.673979 -1795.1638289 1.836872e+20 1.5367404083e-05 1.0 
96304275.65 -391247679.69 -91076969.468 2121.4024216 -10039.514762 -1977.201421 1.836872e+20 1.5367404083e-05 1.0 
223419791.0 253663105.15 -201555290.44 5380.5063511 6335.654078 -4758.4758121 1.836872e+20 1.5367404083e-05 1.0 
103498074.8 -146239495.9 -72762568.675 2477.348991 -3738.8313766 -1697.8686169 1.836872e+20 1.5367404083e-05 1.0 
-329815019.74 -471843430.22 -336021629.45 -7951.4343199 -11553.524184 -7967.6901838 1.836872e+20 1.5367404083e-05 1.0 
-382880498.44 -575107482.88 -111853139.44 -9071.7399824 -14002.559198 -2534.3214919 1.836872e+20 1.5367404083e-05 1.0 
-431513202.99 -222169799.4 -25197303.27 -10469.925759 -5469.6090107 -635.74274197 1.828309e+20 1.5295765405e-05 1.0 
52005565.269 -456372411.79 128316552.06 1017.7718768 -11632.827546 2601.2239614 1.828309e+20 1.5295765405e-05 1.0 
51219345.174 -375713638.47 -9040895.5514 1043.2366531 -9788.0900877 -190.28890145 1.828309e+20 1.5295765405e-05 1.0 
119854561.94 399221048.37 124787175.11 2712.9141777 10170.040559 2693.7236592 1.828309e+20 1.5295765405e-05 1.0 
228529741.34 29894566.695 -159883039.89 5537.3315922 723.84350366 -3808.4886924 1.819727e+20 1.5223967772e-05 1.0 
-98244760.468 397326940.61 127248095.14 -2202.6193281 10058.916196 2712.5676627 1.802503e+20 1.5079870541e-05 1.0 
-17779752.095 459368173.12 82014833.673 -168.04750736 11926.685482 1387.0271404 1.802503e+20 1.5079870541e-05 1.0 
286757081.03 277292555.04 431263518.87 6986.8378503 6806.6729556 10369.450111 1.802503e+20 1.5079870541e-05 1.0 
-211710644.93 103727942.89 56464217.676 -5101.90902 2651.9167684 1360.6280313 1.802503e+20 1.5079870541e-05 1.0 
-215093728.17 -326797389.71 83702956.977 -5051.2783337 -8240.6679348 1932.323264 1.802503e+20 1.5079870541e-05 1.0 
-62172636.516 -240517183.48 -204938234.48 -1513.5885547 -6084.7643312 -4814.1459979 1.802503e+20 1.5079870541e-05 1.0 
-100087314.34 311888801.85 -96692921.639 -2310.4929171 7973.5659785 -2160.4505867 1.802503e+20 1.5079870541e-05 1.0 
222326373.84 625569823.84 -3814820.826 4624.2029527 14935.661578 -48.813051609 1.802503e+20 1.5079870541e-05 1.0 
-21059406.266 292694187.15 -369623727.88 -497.35703112 7253.6608503 -8789.9035087 1.802503e+20 1.5079870541e-05 1.0 
-135257441.38 -69444962.413 -303291126.62 -3276.9671179 -1719.4325847 -7242.3452176 1.802503e+20 1.5079870541e-05 1.0 
-191204094.03 293627433.78 -130529763.74 -4540.7828113 7405.3978258 -2981.2777978 1.802503e+20 1.5079870541e-05 1.0 
195329050.3 -10576121.166 33392980.564 4709.9672585 -299.41668779 793.85139796 1.802503e+20 1.5079870541e-05 1.0 
215620436.45 272850906.32 44113398.558 5096.2311521 6868.9036463 1016.4529459 1.802503e+20 1.5079870541e-05 1.0 
109686124.62 -269430652.42 -36218243.176 2557.4397645 -6914.2411905 -845.59391657 1.802503e+20 1.5079870541e-05 1.0 
-10514160.688 210264886.2 205104713.51 -252.89111868 5303.6336972 4832.1496473 1.802503e+20 1.5079870541e-05 1.0 
220966216.99 -262705757.12 8736916.31 5268.3906861 -6675.3372792 246.54664614 1.802503e+20 1.5079870541e-05 1.0 
293967420.35 18337139.38 -298964998.47 7143.2755756 418.06620607 -7163.207716 1.802503e+20 1.5079870541e-05 1.0 
120603406.86 -402847852.1 -91269548.787 2687.4792877 -10270.627745 -1929.6335027 1.802503e+20 1.5079870541e-05 1.0 
165880013.21 -109388255.99 -254661333.42 4007.8638257 -2751.3949305 -6047.7789998 1.802503e+20 1.5079870541e-05 1.0 
212857113.92 198483428.31 -422137176.25 5182.5243737 4908.11313 -10155.174046 1.802503e+20 1.5079870541e-05 1.0 
106524716.33 -59991024.849 -473294108.53 2602.0674505 -1486.7925614 -11429.024083 1.802503e+20 1.5079870541e-05 1.0 
-428279593.98 -502124176.87 -182361214.75 -10324.480611 -12301.366577 -4299.1376327 1.802503e+20 1.5079870541e-05 1.0 
88488063.459 -223610726.01 -408163015.03 2136.4959108 -5545.8253174 -9770.7189381 1.802503e+20 1.5079870541e-05 1.0 
-173529642.33 275987081.45 525249217.31 -4233.0128384 6805.4991331 12674.554049 1.785194e+20 1.4935062195e-05 1.0 
-174989463.93 53789086.258 180956667.51 -4228.6704681 1374.8224926 4315.7671645 1.785194e+20 1.4935062195e-05 1.0 
313358923.52 423792185.84 149109330.82 7422.4829582 10461.660393 3382.3471198 1.785194e+20 1.4935062195e-05 1.0 
154156660.66 -124631586.72 422648497.58 3756.9532097 -3095.8367359 10164.763611 1.785194e+20 1.4935062195e-05 1.0 
-472943525.13 -294713534.74 238906430.96 -11518.154474 -7241.2903304 5746.2177742 1.785194e+20 1.4935062195e-05 1.0 
-133389110.78 -374526718.6 106692175.51 -3033.4022196 -9532.7760019 2318.0465335 1.785194e+20 1.4935062195e-05 1.0 
-172658664.99 -49180315.117 55656738.025 -4163.3148186 -1221.4323078 1303.5149313 1.785194e+20 1.4935062195e-05 1.0 
-175366965.97 272330100.88 49317308.11 -4151.0773824 6943.0839248 1147.564086 1.785194e+20 1.4935062195e-05 1.0 
193662281.81 -102459912.88 108377781.75 4669.1641817 -2610.6941127 2539.5379486 1.785194e+20 1.4935062195e-05 1.0 
304386970.15 50294766.586 332582351.51 7407.5744526 1212.1988254 7988.1128851 1.785194e+20 1.4935062195e-05 1.0 
-58229316.736 -563016688.68 175632003.56 -1315.0487341 -13826.010964 3377.5649136 1.785194e+20 1.4935062195e-05 1.0 
85171025.266 -390598893.36 4041524.0116 1808.7218454 -10125.26928 41.780401775 1.785194e+20 1.4935062195e-05 1.0 
299681398.02 263503432.14 116849408.95 7200.0026131 6562.9001008 2766.00188 1.785194e+20 1.4935062195e-05 1.0 
233655292.49 402852725.3 -13977221.717 5345.3822574 10151.687638 -393.32782849 1.785194e+20 1.4935062195e-05 1.0 
208187140.33 100484108.18 443943618.68 5080.4746155 2460.2445889 10726.171455 1.785194e+20 1.4935062195e-05 1.0 
40755771.288 84430431.123 300782364.39 975.6839301 2112.0670126 7175.4097595 1.785194e+20 1.4935062195e-05 1.0 
-180168728.49 -87750204.471 439285620.28 -4386.352783 -2145.7543264 10604.839965 1.776505e+20 1.4862369392e-05 1.0 
-140131989.01 -115000949.83 40827022.919 -3352.4357224 -2895.4453667 972.59056837 1.776505e+20 1.4862369392e-05 1.0 
186832626.59 470747658.79 14965172.663 3920.1563354 11968.392561 252.30026223 1.776505e+20 1.4862369392e-05 1.0 
-331057242.34 -522409548.0 184273182.46 -7830.0043157 -12755.721105 4230.622333 1.776505e+20 1.4862369392e-05 1.0 
52308472.923 -437851695.68 29737261.883 915.89681731 -11472.059634 544.49736042 1.767793e+20 1.478948417e-05 1.0 
348581486.36 532066649.46 142925970.54 8255.0009022 13077.188401 3301.4010087 1.759057e+20 1.4716398161e-05 1.0 
-223503888.77 -140592341.44 -56768448.155 -5369.6728835 -3511.8377848 -1312.3341024 1.759057e+20 1.4716398161e-05 1.0 
-160316906.88 364913876.0 -14292842.869 -3686.9640926 9324.5176573 -270.26521257 1.759057e+20 1.4716398161e-05 1.0 
283129842.76 117525640.78 -83027905.328 6846.6521064 2912.908201 -1954.7213977 1.759057e+20 1.4716398161e-05 1.0 
-100764243.87 446588210.71 258601761.22 -2347.5239702 11082.171118 5909.618767 1.750294e+20 1.4643086269e-05 1.0 
-70209736.78 457566210.84 102581206.42 -1387.9064315 11702.098957 2002.2387649 1.750294e+20 1.4643086269e-05 1.0 
-154136324.08 -251714324.76 48320544.274 -3646.2655634 -6409.766955 1164.3518666 1.750294e+20 1.4643086269e-05 1.0 
-208294761.52 234423264.96 -50798.496443 -4973.4365553 5965.2849661 18.532929464 1.750294e+20 1.4643086269e-05 1.0 
81957468.905 -476469335.32 155312605.73 1740.5610319 -11973.740191 3233.9896296 1.750294e+20 1.4643086269e-05 1.0 
151964412.07 -374196256.75 73128773.909 3477.4344623 -9523.6419737 1576.938501 1.750294e+20 1.4643086269e-05 1.0 
321836258.69 187147480.28 30364502.171 7757.5752118 4630.9796445 737.30916772 1.750294e+20 1.4643086269e-05 1.0 
-369674633.49 -615937066.05 159025414.03 -8775.8932201 -14954.339603 3663.4599684 1.750294e+20 1.4643086269e-05 1.0 
226823401.08 -133225163.33 -156557661.82 5471.2952429 -3376.8552122 -3678.4709963 1.750294e+20 1.4643086269e-05 1.0 
205523115.4 -276259803.53 -235547418.1 4934.909272 -6904.618926 -5523.8135044 1.750294e+20 1.4643086269e-05 1.0 
288030961.51 422644545.52 389324463.45 6966.1308045 10359.978227 9276.7571157 1.741506e+20 1.4569565225e-05 1.0 
-215530762.3 -388667067.77 -70665990.632 -4961.1174176 -9803.1925337 -1525.969917 1.741506e+20 1.4569565225e-05 1.0 
200305648.29 614263143.4 -194420961.5 4577.0278219 14916.0795 -4230.504111 1.741506e+20 1.4569565225e-05 1.0 
311382522.43 77773636.796 69389499.182 7534.1931358 1905.6102878 1609.6602811 1.741506e+20 1.4569565225e-05 1.0 
-205907164.81 -242275356.31 41957472.02 -4911.9117451 -6122.8108117 964.08907819 1.741506e+20 1.4569565225e-05 1.0 
-38321537.023 -556018940.77 -207628741.92 -906.14090662 -13654.435787 -4301.5297949 1.741506e+20 1.4569565225e-05 1.0 
-300637981.5 -374071200.45 183221901.95 -7195.3531416 -9275.9257679 4266.0806472 1.73269e+20 1.4495809931e-05 1.0 
256611068.25 662066226.85 12470666.712 5687.7399858 15851.131312 222.71371824 1.73269e+20 1.4495809931e-05 1.0 
84848661.22 230739633.31 -4737727.4321 2012.4892041 5908.8457406 -68.77241448 1.73269e+20 1.4495809931e-05 1.0 
-2467067.1963 -210796039.09 -53371262.871 -74.279131725 -5405.0162866 -1162.9702918 1.73269e+20 1.4495809931e-05 1.0 
-357195659.35 -72302060.266 -311725517.78 -8712.5605401 -1760.7684089 -7519.1783681 1.73269e+20 1.4495809931e-05 1.0 
-289817621.26 -139071524.49 -338670178.31 -7041.4741269 -3404.6705701 -8136.8799477 1.73269e+20 1.4495809931e-05 1.0 
-102113124.66 99756084.856 -140239391.8 -2443.6030635 2538.8652081 -3296.4918929 1.73269e+20 1.4495809931e-05 1.0 
-130258796.89 374609598.62 -48424946.751 -2944.0988705 9592.9052672 -1002.4126816 1.73269e+20 1.4495809931e-05 1.0 
337416528.58 682011583.99 -98994448.107 7927.9285389 16472.832551 -2229.2330265 1.73269e+20 1.4495809931e-05 1.0 
406744761.27 598131292.31 -140938077.55 9704.1805119 14557.461506 -3245.7832778 1.73269e+20 1.4495809931e-05 1.0 
347056059.38 490364929.72 -320219625.27 8366.9474224 12007.491951 -7582.3216988 1.73269e+20 1.4495809931e-05 1.0 
-177538723.92 379741313.88 -333606128.01 -4261.4907662 9404.5386991 -7878.4244031 1.73269e+20 1.4495809931e-05 1.0 
125669412.62 -24576412.584 68697859.996 3015.3689786 -647.42330586 1634.8056119 1.73269e+20 1.4495809931e-05 1.0 
36324850.76 436330818.19 246455164.03 846.48289168 10857.624573 5578.3462935 1.73269e+20 1.4495809931e-05 1.0 
-110080240.48 -181842303.92 387793898.14 -2679.9605699 -4499.079523 9279.8767535 1.73269e+20 1.4495809931e-05 1.0 
175597788.95 -173450766.9 -97146371.525 4213.0293872 -4406.2374982 -2247.6504727 1.73269e+20 1.4495809931e-05 1.0 
320889958.26 110722387.72 -175907379.24 7780.8416667 2719.6837853 -4177.4139535 1.73269e+20 1.4495809931e-05 1.0 
323314254.35 412832563.02 -201263035.14 7731.247535 10174.071548 -4696.2287784 1.73269e+20 1.4495809931e-05 1.0 
172689002.13 400750593.66 -155304251.73 4002.3618226 10076.737331 -3449.4909543 1.73269e+20 1.4495809931e-05 1.0 
-8747125.3516 -167812667.29 -75695790.933 -221.37391532 -4304.9113254 -1762.0365241 1.73269e+20 1.4495809931e-05 1.0 
-388460138.0 -528707094.75 -39775530.887 -9179.3074665 -12870.970186 -969.36643614 1.73269e+20 1.4495809931e-05 1.0 
128410500.97 -379075909.02 -214367704.29 3008.8852689 -9484.9143745 -4886.5973466 1.73269e+20 1.4495809931e-05 1.0 
21882853.355 -372583273.29 -440115223.2 522.40470393 -9192.9122814 -10498.123352 1.73269e+20 1.4495809931e-05 1.0 
-243577373.67 -453909228.33 -462887788.41 -5904.4435032 -11124.881002 -11082.462477 1.73269e+20 1.4495809931e-05 1.0 
-362407630.62 -612077948.63 -107480805.0 -8541.831444 -14843.663199 -2434.2614029 1.73269e+20 1.4495809931e-05 1.0 
241029990.49 670796404.85 109529576.4 5439.7218846 16111.617898 2321.657792 1.723845e+20 1.4421812021e-05 1.0 
-224773261.4 -522878681.06 6067369.0269 -4760.5315859 -13040.75164 127.19813859 1.723845e+20 1.4421812021e-05 1.0 
225417198.24 38460327.635 -12726801.274 5440.2907814 939.75412997 -295.47939341 1.723845e+20 1.4421812021e-05 1.0 
-48150824.109 -337177593.0 304691601.43 -1165.6555042 -8425.990606 7175.9931579 1.723845e+20 1.4421812021e-05 1.0 
-18274629.567 351863797.79 297816462.42 -421.07289181 8774.7915328 6952.630752 1.714972e+20 1.4347579861e-05 1.0 
-141222283.85 -72938643.659 110008830.69 -3393.752699 -1825.2244925 2608.38691 1.714972e+20 1.4347579861e-05 1.0 
177289570.56 -170521044.31 78004275.545 4255.6394075 -4343.4642759 1829.1345377 1.714972e+20 1.4347579861e-05 1.0 
56281222.182 372533285.41 434822735.72 1364.4934069 9154.6913145 10359.9962 1.697131e+20 1.4198320764e-05 1.0 
-146220124.76 -3745806.2002 306037148.1 -3541.1961601 -81.301093007 7307.4313771 1.697131e+20 1.4198320764e-05 1.0 
-129691050.83 341074490.69 102216060.02 -2996.8509733 8691.5265228 2290.9423661 1.697131e+20 1.4198320764e-05 1.0 
349632268.18 526419103.29 61361686.743 8178.6417194 12833.937333 1336.7534286 1.697131e+20 1.4198320764e-05 1.0 
136447480.45 207185074.9 -287853126.22 3306.5841067 5195.518741 -6866.9270676 1.697131e+20 1.4198320764e-05 1.0 
-236966212.97 70553544.382 -141949339.6 -5736.6425448 1789.5528913 -3321.843259 1.697131e+20 1.4198320764e-05 1.0 
358126896.35 510429764.01 -205252899.2 8556.7123693 12510.763602 -4769.4805077 1.697131e+20 1.4198320764e-05 1.0 
-190667257.35 242276841.63 -226563249.86 -4574.3854321 6071.6848911 -5319.0954583 1.697131e+20 1.4198320764e-05 1.0 
189167986.16 -104965949.81 168446708.64 4561.1681446 -2657.1215851 3953.8011464 1.697131e+20 1.4198320764e-05 1.0 
-35960517.999 -429004266.15 386097651.34 -873.42825209 -10575.087091 9108.2916035 1.697131e+20 1.4198320764e-05 1.0 
102767363.55 -223687327.55 453720249.35 2498.675338 -5543.5030173 10939.918202 1.697131e+20 1.4198320764e-05 1.0 
232264732.19 -2210241.1018 -117541703.07 5620.5467187 -97.577951406 -2814.4050161 1.697131e+20 1.4198320764e-05 1.0 
357298183.17 345408773.8 -420433580.56 8692.0931001 8478.4442951 -10120.163324 1.697131e+20 1.4198320764e-05 1.0 
-221291147.49 -572876747.93 -36862122.427 -4574.7088319 -13979.505578 -715.64059651 1.697131e+20 1.4198320764e-05 1.0 
-214135035.43 -249424661.17 -479028255.64 -5228.8506857 -6148.2936355 -11533.756283 1.697131e+20 1.4198320764e-05 1.0 
-355573657.78 -562408694.75 -39201179.229 -8307.1338156 -13648.758539 -849.14994052 1.697131e+20 1.4198320764e-05 1.0 
94477621.029 -379635737.86 -20105474.392 2054.2702714 -9805.5646671 -389.42485974 1.679159e+20 1.4047965711e-05 1.0 
273689849.91 397547447.12 -18525824.197 6382.7870674 9952.0590424 -417.34821972 1.679159e+20 1.4047965711e-05 1.0 
-191079335.68 84670667.486 463390980.02 -4654.2004008 2106.0178695 11173.263065 1.67012e+20 1.3972344783e-05 1.0 
-235343243.43 67258924.342 195131204.6 -5703.9226556 1696.6616794 4612.03319 1.67012e+20 1.3972344783e-05 1.0 
341803991.78 480866511.81 209611297.03 8142.5533368 11762.996406 4869.3587807 1.67012e+20 1.3972344783e-05 1.0 
-49997276.254 483192430.42 7304781.4774 -624.08664141 12759.98411 130.284232 1.67012e+20 1.3972344783e-05 1.0 
24941866.758 -8111552.1404 317820301.75 617.5191113 -204.09139095 7630.0264559 1.67012e+20 1.3972344783e-05 1.0 
-247098392.7 137625708.11 -40001812.956 -5960.8409471 3501.7707538 -933.47051676 1.67012e+20 1.3972344783e-05 1.0 
341127617.85 675682106.26 5789327.3954 7971.6000111 16264.995721 123.4167506 1.67012e+20 1.3972344783e-05 1.0 
204462898.94 -119881884.88 508281252.99 4983.6019276 -2965.3396426 12264.79006 1.67012e+20 1.3972344783e-05 1.0 
-81182013.999 -472350029.86 312580828.77 -1934.7549827 -11649.39563 7215.632184 1.67012e+20 1.3972344783e-05 1.0 
249692510.0 146682582.29 -5258287.2614 6012.4526115 3661.3762848 -132.12028513 1.67012e+20 1.3972344783e-05 1.0 
202503039.23 106217490.95 86740536.527 4884.7029546 2645.6853939 2011.3201213 1.67012e+20 1.3972344783e-05 1.0 
172727102.56 -252474656.05 -118166245.86 4113.1006482 -6393.897832 -2716.4407381 1.67012e+20 1.3972344783e-05 1.0 
67892346.949 -528118089.34 -20101796.392 789.20542354 -13649.843843 -27.822731147 1.67012e+20 1.3972344783e-05 1.0 
-81400000.511 -69288029.365 -53324359.844 -1959.6343758 -1742.9320046 -1277.6538443 1.661045e+20 1.3896422676e-05 1.0 
-236007527.04 186096978.97 -127450827.73 -5694.1889341 4710.5050061 -3007.9249565 1.661045e+20 1.3896422676e-05 1.0 
211302793.93 622426861.97 -105516858.52 4576.7665958 14986.323588 -2085.7899592 1.661045e+20 1.3896422676e-05 1.0 
-215304090.03 -560702854.14 -22678532.077 -4362.3035464 -13683.019418 -521.55994442 1.661045e+20 1.3896422676e-05 1.0 
57633172.183 -471550201.7 -164341904.03 1204.8446941 -11830.801422 -3403.0900267 1.661045e+20 1.3896422676e-05 1.0 
-99882154.238 443681731.04 85161825.428 -2098.6748077 11338.707402 1691.5351183 1.642778e+20 1.3743599632e-05 1.0 
-426378667.94 -136582098.44 233347456.44 -10391.185907 -3335.9339735 5649.2802667 1.642778e+20 1.3743599632e-05 1.0 
-210918610.69 -229513834.26 -5692490.5968 -5036.6618974 -5803.5449546 -95.728451144 1.642778e+20 1.3743599632e-05 1.0 
249268388.25 630400589.44 37945535.99 5430.0602215 15156.623669 866.91258795 1.642778e+20 1.3743599632e-05 1.0 
25135258.942 390254066.4 -176118226.82 629.05937603 9891.4936249 -3874.7703995 1.642778e+20 1.3743599632e-05 1.0 
-174441517.3 77923160.922 -225749769.43 -4219.2783055 1970.8023974 -5356.170399 1.642778e+20 1.3743599632e-05 1.0 
145538530.08 -357458659.92 76578688.466 3343.0585867 -9087.7704599 1618.7609881 1.642778e+20 1.3743599632e-05 1.0 
123958412.69 -442111251.06 158025498.74 2787.4794068 -11114.754545 3435.8456553 1.642778e+20 1.3743599632e-05 1.0 
210781584.71 -243299261.45 170801443.85 5059.751966 -6134.277275 4007.5579671 1.642778e+20 1.3743599632e-05 1.0 
183906374.01 -280141772.31 -156676309.6 4380.4649489 -7063.345979 -3609.859432 1.642778e+20 1.3743599632e-05 1.0 
-9454585.2116 61656744.307 -494303935.77 -233.94811293 1515.0217968 -11923.956227 1.642778e+20 1.3743599632e-05 1.0 
-456140608.06 -549388690.32 12715197.006 -10919.598322 -13368.611205 357.89392077 1.642778e+20 1.3743599632e-05 1.0 
26251153.323 80355240.235 488486181.11 629.45491639 1976.0087828 11786.759639 1.633584e+20 1.3666681963e-05 1.0 
180612930.52 543018132.03 330588485.51 4299.5347451 13287.091834 7701.93196 1.624347e+20 1.3589404553e-05 1.0 
155342660.93 276799501.07 478028829.01 3778.803086 6817.0419133 11477.919982 1.624347e+20 1.3589404553e-05 1.0 
-175039896.19 118516272.96 75248206.591 -4215.2282048 3024.8606777 1730.6294693 1.624347e+20 1.3589404553e-05 1.0 
-158117406.14 320246181.87 45190150.972 -3682.6717841 8171.3541837 985.33513116 1.624347e+20 1.3589404553e-05 1.0 
-112671455.49 -431626905.02 367421517.61 -2714.0719344 -10660.17893 8697.998811 1.624347e+20 1.3589404553e-05 1.0 
-412361333.35 -208224216.23 17817553.009 -9991.0106887 -5131.7990317 379.25023935 1.624347e+20 1.3589404553e-05 1.0 
255903746.47 663813242.45 47487314.17 5704.6957108 15896.369322 976.78526772 1.624347e+20 1.3589404553e-05 1.0 
263875042.85 -76953235.28 139496135.85 6381.8942184 -1969.3180536 3301.6878033 1.624347e+20 1.3589404553e-05 1.0 
352649838.74 213475802.81 270722712.29 8565.1473212 5257.8505386 6482.0273925 1.624347e+20 1.3589404553e-05 1.0 
193184243.56 19974776.176 84664302.479 4656.9658866 469.11241762 2027.1064599 1.624347e+20 1.3589404553e-05 1.0 
-490954551.58 -393021177.73 298842718.36 -11926.46341 -9616.6908216 7141.4805185 1.624347e+20 1.3589404553e-05 1.0 
187217508.86 29639333.827 -168958951.66 4516.8748574 724.28294911 -4058.6133729 1.624347e+20 1.3589404553e-05 1.0 
-243229642.49 -395830179.91 392557122.69 -5888.4308796 -9739.9579411 9406.9425226 1.605738e+20 1.3433720312e-05 1.0 
-133798693.88 -541383780.44 118824263.55 -2704.3166559 -13542.932496 2100.3207763 1.605738e+20 1.3433720312e-05 1.0 
-52385535.122 441976553.03 8397631.7514 -887.41188346 11605.505855 100.74823161 1.605738e+20 1.3433720312e-05 1.0 
-119298526.53 322214362.88 -52601800.874 -2746.991005 8258.7865539 -1157.424978 1.605738e+20 1.3433720312e-05 1.0 
197642798.8 -23054858.938 71426971.385 4763.8631664 -614.58210567 1671.442776 1.605738e+20 1.3433720312e-05 1.0 
208833707.46 382954341.24 219712928.01 4961.5880778 9531.7246613 5060.7975259 1.605738e+20 1.3433720312e-05 1.0 
-127444818.05 -251350591.7 580914643.86 -3113.9739642 -6182.6644544 14035.064999 1.605738e+20 1.3433720312e-05 1.0 
157730973.89 -267704616.76 -70533987.433 3726.2821576 -6819.3706129 -1601.5337804 1.605738e+20 1.3433720312e-05 1.0 
302802833.13 284964079.03 -116575826.17 7255.205393 7086.8755343 -2709.6565699 1.605738e+20 1.3433720312e-05 1.0 
92597657.612 -523504124.04 -108315477.39 1791.9936735 -13131.861336 -1981.9440802 1.605738e+20 1.3433720312e-05 1.0 
-108200960.75 141027232.94 564248914.34 -2633.1625268 3476.9503307 13635.7015 1.586937e+20 1.3276429785e-05 1.0 
-179696003.73 234052618.63 178384032.9 -4303.1436731 5907.3952116 4182.6806226 1.586937e+20 1.3276429785e-05 1.0 
-260120230.58 -356752363.67 67716119.875 -6101.4603618 -8926.6788615 1566.3278735 1.586937e+20 1.3276429785e-05 1.0 
187656506.35 670500927.57 37607031.423 3818.0129611 15924.600309 562.88196112 1.586937e+20 1.3276429785e-05 1.0 
-358899446.47 -98680118.834 -112492454.42 -8695.250925 -2399.6112842 -2716.7033491 1.586937e+20 1.3276429785e-05 1.0 
-67893037.186 487225254.84 -10314318.554 -1041.8778049 12758.944145 -174.99737003 1.586937e+20 1.3276429785e-05 1.0 
-66123990.984 -485105034.28 -108418860.43 -1362.2683572 -12487.677104 -1881.2260326 1.586937e+20 1.3276429785e-05 1.0 
-314917704.64 -382478681.07 -386662887.76 -7656.4293831 -9405.0070697 -9259.5991959 1.586937e+20 1.3276429785e-05 1.0 
171877136.16 237133915.51 -520757488.34 4196.721462 5838.5794403 -12555.182378 1.586937e+20 1.3276429785e-05 1.0 
-31977812.846 37557604.41 -558317904.2 -777.6820063 924.92980188 -13497.245649 1.586937e+20 1.3276429785e-05 1.0 
238891358.38 160626734.16 465662097.96 5815.6024764 3954.9975356 11227.964991 1.586937e+20 1.3276429785e-05 1.0 
-438090585.53 -317669791.64 508281896.12 -10714.03458 -7786.8821021 12302.368827 1.586937e+20 1.3276429785e-05 1.0 
196672241.69 292017468.92 27520913.165 4630.8336233 7406.6109436 675.71661001 1.586937e+20 1.3276429785e-05 1.0 
-121178011.28 -289574189.35 497906056.63 -2951.4797526 -7113.2644545 12010.12558 1.586937e+20 1.3276429785e-05 1.0 
-19449582.767 54448295.875 239857668.72 -473.20250024 1371.6727686 5730.3424 1.586937e+20 1.3276429785e-05 1.0 
219228724.81 305286148.6 -288727931.98 5284.9891574 7576.3959552 -6841.7698899 1.586937e+20 1.3276429785e-05 1.0 
74983639.79 86572954.727 -341323009.67 1827.3664005 2149.9405018 -8187.5403229 1.586937e+20 1.3276429785e-05 1.0 
-337595921.02 -414051151.29 -316856959.02 -8153.5051478 -10175.47324 -7511.3711396 1.586937e+20 1.3276429785e-05 1.0 
-277132125.96 -416844883.44 -86327750.966 -6457.9623292 -10357.519585 -1856.3112838 1.586937e+20 1.3276429785e-05 1.0 
-357679840.63 -156169658.52 304835810.42 -8699.6041004 -3839.0820831 7311.144016 1.567928e+20 1.3117399116e-05 1.0 
195051116.27 523945714.82 -40195117.186 3896.2777606 13002.562141 -797.85323094 1.567928e+20 1.3117399116e-05 1.0 
-163296200.33 -440555163.21 -65289634.895 -3581.45127 -11313.049059 -1297.8566918 1.567928e+20 1.3117399116e-05 1.0 
-358193797.23 -148382605.7 -129967320.69 -8681.0246769 -3651.1364217 -3058.5249122 1.567928e+20 1.3117399116e-05 1.0 
183504363.42 669035258.42 -56343492.219 3780.6534976 15774.450288 -1021.1251101 1.567928e+20 1.3117399116e-05 1.0 
430047256.86 528424482.5 -118977757.84 10296.050516 12916.569736 -2717.6782519 1.567928e+20 1.3117399116e-05 1.0 
-150146002.19 282715240.62 -324288759.44 -3605.9023515 7028.3958988 -7692.211068 1.567928e+20 1.3117399116e-05 1.0 
92374460.128 -468658187.2 12400253.303 1739.3177209 -12146.190837 139.22000454 1.567928e+20 1.3117399116e-05 1.0 
-33685022.803 -245523607.79 442577562.93 -835.11224421 -6090.9229234 10609.802885 1.567928e+20 1.3117399116e-05 1.0 
212691098.74 -102065187.64 -138252644.12 5133.2793462 -2601.0205425 -3258.6044612 1.567928e+20 1.3117399116e-05 1.0 
-230430394.41 -386048753.26 16037975.948 -5298.7698162 -9735.2481275 374.35863109 1.567928e+20 1.3117399116e-05 1.0 
70294699.27 -523581865.35 -80400408.342 1124.8811282 -13303.706271 -1254.5021984 1.567928e+20 1.3117399116e-05 1.0 
-150824341.57 -330881956.3 -477964055.58 -3662.0835299 -8135.5617345 -11449.571582 1.567928e+20 1.3117399116e-05 1.0 
-251162455.64 -667503986.99 -89466115.741 -5655.3202534 -16005.350095 -1899.1669459 1.567928e+20 1.3117399116e-05 1.0 
