x1	x2	x3	v1	v2	v3	mass	rel_mass	water_fraction
-2203126.731676647 -219402033.16480613 -20319.38862339676 -97.01460242700462 -5303.376975748173 -0.7452573724252136 7.2315513454e+22 0.49147549760749304 0.1861659081850328 
2180136.7484303047 219385421.82385358 -2948.392461310917 96.4209667339637 5302.878134973597 0.3237823762903603 7.229469757100002e+22 0.49133402731841114 0.1859315801359848 
-19689672.138 151864009.63 24334438.503 -458.85908929 3769.5114144 538.13563584 6.797618e+18 4.6198423125e-05 1.0 
-18122773.996 168210577.26 54887269.224 -427.7451298 4130.8025415 1240.8668236 6.779855e+18 4.6077701045e-05 1.0 
21456179.244 -153810140.56 -5622392.3611 499.24305926 -3833.3076292 -127.79246528 3.463329e+18 2.3537706674e-05 1.0 
6903867.4723 180715211.45 -15971337.644 119.0172523 4533.5099644 -294.17710969 3.457383e+18 2.3497296073e-05 1.0 
-2109586.8362 167652797.7 6127763.0839 -51.605983992 4212.1803215 124.12975615 3.456204e+18 2.3489283275e-05 1.0 
-37424402.384 -117166516.78 -56182080.228 -899.71173862 -2870.5534347 -1340.8994789 3.455028e+18 2.3481290866e-05 1.0 
19363068.618889965 -174904765.8902838 -24817492.784538545 430.28435200699516 -4354.867905970063 -510.843923673008 6.816697e+18 4.6328089093e-05 1.0 
5698376.262 181821745.13 -26000995.182 107.48515746 4551.8339366 -544.52571403 3.450358e+18 2.3449552302e-05 1.0 
22526993.448 -169153793.51 -18187229.056 511.39374609 -4223.4527266 -392.94247432 3.450358e+18 2.3449552302e-05 1.0 
553056.69254 -158498949.4 -27339819.463 16.628198303 -3942.5571091 -620.05294002 3.450358e+18 2.3449552302e-05 1.0 
17633758.802 -173437517.2 -22396265.345 400.87236816 -4329.9839336 -470.51623907 3.446889e+18 2.3425976053e-05 1.0 
-9152666.034 139900540.76 9367480.5609 -214.35850521 3476.4174744 216.2891559 3.44574e+18 2.3418167143e-05 1.0 
19709479.389 188094212.76 -11230556.896 374.68785378 4732.6379371 -231.02162878 3.44574e+18 2.3418167143e-05 1.0 
-22384197.181 -145385326.99 13130769.038 -524.43625361 -3601.6743627 294.71588622 3.44574e+18 2.3418167143e-05 1.0 
-6221604.0732 -191416514.74 20607434.838 -96.089469598 -4828.1324627 372.02241552 3.44574e+18 2.3418167143e-05 1.0 
-12240753.191 194454089.72 22115367.479 -245.8689658 4882.6871163 372.29555464 3.443449e+18 2.3402596897e-05 1.0 
-15262182.37 194528163.56 15615116.527 -289.55580869 4919.7678936 243.41638058 3.443449e+18 2.3402596897e-05 1.0 
-3122744.9591 156845499.09 -5945259.1958 -73.531461776 3922.2405329 -125.21283752 3.443449e+18 2.3402596897e-05 1.0 
-15954892.819 -182409932.58 959633.05276 -306.74735277 -4602.6777649 19.252970944 3.443449e+18 2.3402596897e-05 1.0 
18398979.83 -186133801.68 24071530.172 393.18922198 -4644.18589 462.13016123 3.441171e+18 2.3387115002e-05 1.0 
-13110868.308 153687523.7 26298851.114 -309.37794135 3819.9067788 598.55744032 3.438904e+18 2.3371707866e-05 1.0 
20447925.843 205682701.33 -28440054.222 386.15211331 5065.6291255 -511.30178664 3.438904e+18 2.3371707866e-05 1.0 
16515849.058 -135119983.68 43552353.689 392.5514587 -3335.9189161 1023.608882 3.438904e+18 2.3371707866e-05 1.0 
3850503.693 -137043216.09 -4367236.9475 91.238815468 -3404.1922276 -108.78128123 3.438904e+18 2.3371707866e-05 1.0 
-18472300.798 174883065.53 24810981.687 -416.13608339 4364.0524545 525.77685219 3.43665e+18 2.3356389081e-05 1.0 
23257210.48 162264288.39 -14843653.162 514.6831048 4015.7860381 -320.64127401 3.43665e+18 2.3356389081e-05 1.0 
-3386964.5729 135602168.24 -2010238.9804 -80.180850417 3366.2737768 -43.776091585 3.435527e+18 2.3348756874e-05 1.0 
2988744.0421 206835450.07 39337546.578 49.887483355 5055.5057224 748.92688431 3.43329e+18 2.3333553626e-05 1.0 
23029021.888 -174350782.39 17736284.286 513.15725721 -4360.5480474 367.51908619 3.43329e+18 2.3333553626e-05 1.0 
-8246235.5462 -135794400.85 -16539558.562 -194.05926588 -3367.4265348 -390.22419927 3.432176e+18 2.3325982585e-05 1.0 
49323401.421 117716495.81 2221373.0396 1176.8719252 2883.9706095 60.019833036 3.431065e+18 2.3318431933e-05 1.0 
-19554561.292 178635107.32 -11554848.652 -421.0657426 4491.2196198 -221.27807877 3.431065e+18 2.3318431933e-05 1.0 
-3420539.5838 -182366404.86 -14091342.352 -56.87114242 -4608.0305085 -255.86515451 3.431065e+18 2.3318431933e-05 1.0 
-5959365.2843 153323190.82 -19833378.918 -138.91117901 3819.2481449 -442.54545827 3.429956e+18 2.3310894874e-05 1.0 
-12747790.832 -158160211.91 1768706.705 -286.85568852 -3945.9287766 49.933710718 3.429956e+18 2.3310894874e-05 1.0 
-24733419.028 146423580.67 -721965.70252 -579.05202495 3642.4290242 -18.953203051 3.42885e+18 2.3303378203e-05 1.0 
22022807.921 -159933956.03 3275490.4543 504.95182938 -3995.4036399 71.504591753 3.42885e+18 2.3303378203e-05 1.0 
-866647.57047 -156177200.68 11677584.936 -17.273886918 -3899.399909 257.76967348 3.42885e+18 2.3303378203e-05 1.0 
31032297.26 163011984.22 -17144546.466 712.88375735 4039.7524942 -376.22474958 3.427747e+18 2.3295881921e-05 1.0 
4272911.8471 156551630.56 -29465747.979 96.357077181 3886.3253655 -659.63043476 3.427747e+18 2.3295881921e-05 1.0 
-46703407.653 -139761889.47 -8356006.125 -1109.1452052 -3441.0424865 -193.63695562 3.427747e+18 2.3295881921e-05 1.0 
40330062.92 142784795.46 52773280.814 960.16863242 3499.4006664 1233.9328112 3.42555e+18 2.3280950524e-05 1.0 
-24016973.263 142288211.84 16231461.95 -565.52863304 3532.1609543 371.2894955 3.42555e+18 2.3280950524e-05 1.0 
-14759703.853 169236106.34 -25770225.364 -337.49874247 4211.0115952 -540.53766444 3.42555e+18 2.3280950524e-05 1.0 
-19493056.081 196716670.68 -25093273.091 -394.30002982 4893.2085967 -437.94499378 3.42555e+18 2.3280950524e-05 1.0 
-6140829.266 -160708606.13 30871361.115 -138.57789313 -3989.8884491 692.69774858 3.42555e+18 2.3280950524e-05 1.0 
23773359.957 -148534997.43 -13767128.497 557.21866909 -3693.3991118 -313.46057362 3.42555e+18 2.3280950524e-05 1.0 
-19615145.343 167061945.53 20372221.199 -448.26458725 4168.1386459 440.46554937 3.423363e+18 2.3266087089e-05 1.0 
-13685968.551 212055705.04 35969618.431 -282.93174082 5166.1000168 650.51976207 3.421186e+18 2.3251291617e-05 1.0 
-9971286.1536 183858547.58 23712931.898 -217.65937993 4603.1536726 451.83336841 3.421186e+18 2.3251291617e-05 1.0 
8824382.5441 152667216.73 -8049231.1311 199.56059573 3801.2814477 -170.38539487 3.421186e+18 2.3251291617e-05 1.0 
-1024604.0743 118721503.48 -44521954.997 -23.567773578 2925.6693744 -1051.1824822 3.421186e+18 2.3251291617e-05 1.0 
21093820.554 -163809747.49 29277199.353 487.67040067 -4066.5641679 641.28092393 3.421186e+18 2.3251291617e-05 1.0 
-53287224.808 -148847212.54 -23742122.84 -1264.1682879 -3658.8110593 -553.84240269 3.421186e+18 2.3251291617e-05 1.0 
12713658.862 59871401.363 -60434119.594 307.61698739 1465.0586103 -1436.5866914 3.420102e+18 2.3243924464e-05 1.0 
-841387.56861 -135103722.03 -29325146.712 -20.121470228 -3344.6151761 -680.07574625 3.420102e+18 2.3243924464e-05 1.0 
-30174928.808 -34141428.765 17229217.705 -733.22472716 -841.733051 409.36387684 3.419021e+18 2.32365777e-05 1.0 
-29066645.1 110086383.15 -7455748.1995 -695.35128425 2721.0589132 -174.33358401 3.419021e+18 2.32365777e-05 1.0 
-8581036.0317 -155829682.79 7320619.2748 -190.89911618 -3886.8411172 166.83838412 3.419021e+18 2.32365777e-05 1.0 
15395948.462 -162221550.84 -49802332.381 363.50834036 -3996.4576579 -1132.1699656 3.419021e+18 2.32365777e-05 1.0 
16255128.622 -184417757.89 -33776208.423 361.61429089 -4573.5390008 -693.38140187 3.419021e+18 2.32365777e-05 1.0 
12125817.586 -200294305.95 -42462603.656 267.40374774 -4917.0061891 -860.73653692 3.419021e+18 2.32365777e-05 1.0 
1480557.6382 193651939.15 21042723.376 13.969483695 4874.0107383 327.48434341 3.417942e+18 2.3229244529e-05 1.0 
6750468.693 -194091050.47 19856664.198 135.60173283 -4887.2350254 296.64341855 3.417942e+18 2.3229244529e-05 1.0 
21655638.821 -165473220.44 -18712310.359 494.57973041 -4129.3508665 -401.7131836 3.417942e+18 2.3229244529e-05 1.0 
37540151.785 105416772.97 -78861663.616 906.88824717 2577.7331154 -1878.5389647 3.416865e+18 2.322192495e-05 1.0 
23221976.147 130971263.26 -54987524.026 558.04865324 3219.4619831 -1293.6090665 3.416865e+18 2.322192495e-05 1.0 
-19123112.391 196916104.84 -14170990.84 -352.34817008 4953.4439917 -186.91322685 3.415791e+18 2.3214625759e-05 1.0 
21523004.548 -178340626.62 18094613.992 468.08209091 -4465.9184437 364.59245254 3.41472e+18 2.3207346958e-05 1.0 
17495787.304 -170571917.57 -31421095.522 399.91414692 -4236.1436911 -674.8809331 3.412585e+18 2.3192836929e-05 1.0 
15175765.406 -197421433.15 -17614061.312 277.56275962 -4962.5974322 -242.01187192 3.412585e+18 2.3192836929e-05 1.0 
-25519762.47 103842161.62 -20988455.974 -611.40157319 2563.0250041 -491.70752289 3.410459e+18 2.3178388067e-05 1.0 
56086610.17 189304691.49 13997984.261 1272.8990489 4630.431723 328.66357087 3.410459e+18 2.3178388067e-05 1.0 
-19887977.972 182054961.58 -17660459.346 -425.45793774 4566.7701127 -341.23372437 3.410459e+18 2.3178388067e-05 1.0 
32949441.387 -132676889.67 -25197589.617 782.99326996 -3284.0777414 -588.22407399 3.410459e+18 2.3178388067e-05 1.0 
-26532155.196 -122234705.31 -2777257.5054 -633.36008423 -3019.6731639 -55.012385262 3.410459e+18 2.3178388067e-05 1.0 
21261144.319 -148546829.29 -37276874.892 501.62220002 -3674.6449827 -851.5259348 3.410459e+18 2.3178388067e-05 1.0 
-10237143.16 -153905902.81 -38023262.29 -237.06943504 -3806.3333611 -864.81102428 3.410459e+18 2.3178388067e-05 1.0 
19642629.428 219960009.47 34789430.322 382.46594276 5320.3417362 646.84289123 3.4094e+18 2.3171190821e-05 1.0 
3967031.9376 -139500312.72 10840396.658 89.184918315 -3469.2785347 244.66199866 3.4094e+18 2.3171190821e-05 1.0 
-15832833.119 162446718.93 19218496.898 -365.96092856 4050.5436421 410.98906489 3.408344e+18 2.3164013963e-05 1.0 
14959893.028 87921738.612 -29176378.174 359.36442428 2161.7345259 -688.32766283 3.408344e+18 2.3164013963e-05 1.0 
-26208392.796 98656366.414 -27840044.349 -630.30434463 2431.4248425 -650.18001086 3.408344e+18 2.3164013963e-05 1.0 
-6129355.6033 -143199478.28 47325602.257 -145.72461205 -3525.8601686 1088.9570264 3.408344e+18 2.3164013963e-05 1.0 
-23595082.608 -86343089.323 -57719738.544 -568.03875511 -2114.2351774 -1381.3205588 3.408344e+18 2.3164013963e-05 1.0 
-20822446.212 165316607.71 57428504.489 -488.46009545 4062.4904161 1310.0126355 3.40729e+18 2.3156850698e-05 1.0 
16496542.108 148652234.73 -62750810.716 388.47360717 3643.7320327 -1464.1608887 3.40729e+18 2.3156850698e-05 1.0 
-3197813.0378 119732639.84 -49863593.75 -73.668172576 2948.1641669 -1170.2046419 3.40729e+18 2.3156850698e-05 1.0 
31880643.105 141389177.38 80491514.438 763.68095034 3452.6848707 1900.7666679 3.406238e+18 2.3149701026e-05 1.0 
-27878204.454 132985990.68 7421185.9311 -659.6658729 3298.5922053 167.88395348 3.406238e+18 2.3149701026e-05 1.0 
37800048.914 209158529.69 35118060.414 822.48933814 5082.7076377 734.97868489 3.406238e+18 2.3149701026e-05 1.0 
-713340.99846 87754533.043 31110415.42 -17.120355473 2161.6298491 742.54569959 3.406238e+18 2.3149701026e-05 1.0 
-5398507.877 93684993.71 -1368763.7807 -127.39372912 2315.2422132 -39.235237841 3.406238e+18 2.3149701026e-05 1.0 
-27946984.171 132170603.21 4826631.053 -661.38050274 3278.5141587 116.88442872 3.406238e+18 2.3149701026e-05 1.0 
-14907682.426 169002859.22 -23652416.213 -338.45707982 4213.5365956 -497.69479296 3.406238e+18 2.3149701026e-05 1.0 
11252444.725 217979444.68 -50285704.439 230.81020458 5272.854659 -1060.051286 3.406238e+18 2.3149701026e-05 1.0 
-17642097.085 195997164.87 -16961576.442 -335.16777096 4922.0418319 -243.34031651 3.406238e+18 2.3149701026e-05 1.0 
23166099.239 -171408301.27 3653858.1133 512.7685821 -4301.1930032 73.929187574 3.406238e+18 2.3149701026e-05 1.0 
19711337.812 -77745097.429 30225905.837 476.21528262 -1914.1614568 718.77674586 3.406238e+18 2.3149701026e-05 1.0 
9133142.8924 -127470228.42 -8040790.1998 214.81232686 -3162.1539681 -192.04476851 3.406238e+18 2.3149701026e-05 1.0 
7232105.6055 -79636417.146 975733.72779 172.03569422 -1963.8583764 19.527265237 3.406238e+18 2.3149701026e-05 1.0 
-28441028.479 -153815578.8 36970899.931 -666.02266451 -3790.8930936 848.73461474 3.406238e+18 2.3149701026e-05 1.0 
-28750703.404 -169207388.13 40096640.242 -657.67499058 -4160.2506962 900.96281674 3.406238e+18 2.3149701026e-05 1.0 
-28985473.63 165762747.06 33312584.764 -670.08745131 4102.6004875 732.36338857 3.404141e+18 2.3135449255e-05 1.0 
-20000667.841 154893147.13 17005830.916 -463.22428593 3858.336508 379.99585704 3.404141e+18 2.3135449255e-05 1.0 
23619852.78 -158106513.48 30802998.671 548.5392331 -3917.0254783 679.66878534 3.404141e+18 2.3135449255e-05 1.0 
25237009.544 -124706753.79 33429188.8 600.89703964 -3080.455899 783.07334188 3.404141e+18 2.3135449255e-05 1.0 
-7333897.5209 -94482973.196 46022911.069 -180.36010917 -2325.499877 1089.1227102 3.404141e+18 2.3135449255e-05 1.0 
-26087170.936 162531495.39 -19359260.649 -598.97334827 4047.5798346 -422.02969162 3.402054e+18 2.3121265447e-05 1.0 
-8749776.8548 -124726626.16 -35605947.63 -210.61294929 -3077.674041 -827.73640275 3.402054e+18 2.3121265447e-05 1.0 
29852184.215 65477164.198 31642441.232 719.76151512 1605.4540194 753.37345876 3.399976e+18 2.3107142806e-05 1.0 
-24791917.399 58039245.182 -13844996.954 -597.41965217 1432.4513142 -339.32318479 3.399976e+18 2.3107142806e-05 1.0 
37520232.556 182588584.39 31130248.172 839.09080783 4482.9098786 680.5000882 3.399976e+18 2.3107142806e-05 1.0 
-21872951.7 164955261.92 -4157749.2773 -495.33327219 4131.8937184 -83.931956358 3.399976e+18 2.3107142806e-05 1.0 
17786569.002 153063104.87 -63385794.267 418.98102631 3745.9455335 -1473.6630555 3.399976e+18 2.3107142806e-05 1.0 
-19553598.344 193273024.12 -18144767.924 -388.62869643 4848.4779576 -294.2335219 3.399976e+18 2.3107142806e-05 1.0 
17676879.622 -184143857.53 24998172.121 382.7215732 -4596.5269996 483.92423585 3.399976e+18 2.3107142806e-05 1.0 
25022168.244 -173796310.33 -7464951.3022 553.10741179 -4358.4390899 -164.30514331 3.399976e+18 2.3107142806e-05 1.0 
-23721592.481 -123397251.12 37201854.974 -565.82668222 -3040.9704165 879.4537122 3.399976e+18 2.3107142806e-05 1.0 
23008288.464 -147749015.86 -9342379.5181 536.87425585 -3677.2635652 -211.15696519 3.399976e+18 2.3107142806e-05 1.0 
32624949.938 -68782413.165 -10016353.862 783.70668333 -1696.3783896 -235.8644398 3.399976e+18 2.3107142806e-05 1.0 
16923497.979 -189928868.94 -22907933.218 349.89673983 -4752.6788652 -417.06331817 3.399976e+18 2.3107142806e-05 1.0 
-14499607.881 93977960.933 63646312.713 -348.1026992 2309.6708865 1514.8749956 3.397907e+18 2.309308133e-05 1.0 
-18322068.032 -187747283.46 35047148.247 -391.61228625 -4634.7109229 723.35921219 3.397907e+18 2.309308133e-05 1.0 
-14373139.719 196313095.94 38919978.202 -313.52538554 4825.9052615 772.40549562 3.396876e+18 2.308607438e-05 1.0 
11300756.038 68505816.801 35723842.15 276.27143636 1685.6951288 849.86687126 3.396876e+18 2.308607438e-05 1.0 
10097519.3 122606474.7 43974299.26 237.1485333 3016.3038176 1038.9887439 3.396876e+18 2.308607438e-05 1.0 
-26595319.082 117048635.16 -10125840.166 -634.73967066 2896.2403904 -234.03081439 3.396876e+18 2.308607438e-05 1.0 
18192676.88 -196291709.41 33361565.715 387.91589761 -4853.4947519 643.02061953 3.396876e+18 2.308607438e-05 1.0 
26217490.103 -56998021.444 18406127.61 630.77972094 -1406.3741189 448.50909441 3.396876e+18 2.308607438e-05 1.0 
36699804.442 -99308732.501 51779299.864 881.30033817 -2442.7350631 1227.5082401 3.395847e+18 2.3079081021e-05 1.0 
13711031.818 -101769759.22 -33849790.96 326.33685705 -2508.6053785 -795.19466763 3.395847e+18 2.3079081021e-05 1.0 
-5961200.4016 175141510.17 54983903.363 -142.37845669 4296.9058665 1228.3945764 3.394821e+18 2.3072108052e-05 1.0 
-20043952.456 157226146.77 29810085.428 -466.00006983 3899.1019238 659.02444911 3.394821e+18 2.3072108052e-05 1.0 
2995729.4923 164170660.03 32814211.891 63.295526717 4073.9978554 723.30039083 3.394821e+18 2.3072108052e-05 1.0 
-20758599.013 61818967.37 58783298.944 -500.00024579 1520.2413388 1406.2424115 3.394821e+18 2.3072108052e-05 1.0 
21896557.156 59325728.907 -45417865.579 531.28276989 1458.7911756 -1088.6117874 3.394821e+18 2.3072108052e-05 1.0 
18861629.176 -180014160.55 17732657.058 409.61372084 -4513.7587287 343.94923537 3.394821e+18 2.3072108052e-05 1.0 
13755724.229 -180443368.36 41943006.415 314.90047147 -4458.6085668 903.07169629 3.394821e+18 2.3072108052e-05 1.0 
20744002.529 -189135854.87 7751087.7748 408.6108935 -4785.6093432 134.02847166 3.394821e+18 2.3072108052e-05 1.0 
-12633908.424 -165888479.39 34829850.206 -284.68366647 -4103.8653623 765.76349148 3.394821e+18 2.3072108052e-05 1.0 
-30792112.09 -160056805.21 24563476.317 -707.74129407 -3956.8359136 566.97942808 3.394821e+18 2.3072108052e-05 1.0 
14021291.336 114830929.71 36595049.143 337.57631461 2831.4824054 859.14943535 3.393796e+18 2.3065141879e-05 1.0 
-20223793.061 73840823.922 21767199.148 -485.12918911 1822.3552664 515.43124526 3.393796e+18 2.3065141879e-05 1.0 
1366953.1724 94805086.217 -11287877.45 34.139715896 2341.3862014 -270.01142811 3.393796e+18 2.3065141879e-05 1.0 
-46533114.284 57424556.412 -21731571.772 -1123.1778073 1419.5211242 -523.67853065 3.393796e+18 2.3065141879e-05 1.0 
39393105.918 -122079175.44 1064980.8344 937.81321637 -3019.6551648 20.716880701 3.393796e+18 2.3065141879e-05 1.0 
-8199345.4325 -143948056.87 33225188.787 -191.31210312 -3561.6682255 760.55099544 3.393796e+18 2.3065141879e-05 1.0 
-38202660.081 -27626183.552 9241832.6984 -922.38090862 -672.20340177 212.38499423 3.393796e+18 2.3065141879e-05 1.0 
-56416170.894 -85570363.722 52871989.903 -1361.4415835 -2087.5859107 1262.1756124 3.393796e+18 2.3065141879e-05 1.0 
-3030658.6019 199374942.86 37405868.515 -74.215998948 4907.9459809 716.68879135 3.392774e+18 2.3058196095e-05 1.0 
-23592215.575 143677867.1 22652347.802 -553.56613425 3564.0938694 511.58991618 3.392774e+18 2.3058196095e-05 1.0 
1449489.3247 -119600407.67 43305468.253 33.647700591 -2946.8242949 1008.0967977 3.392774e+18 2.3058196095e-05 1.0 
22124421.16 118489387.46 -4235892.1334 528.93225544 2926.2731623 -93.91787808 3.391754e+18 2.3051263903e-05 1.0 
-18665936.218 56388010.572 -67974315.335 -449.79790123 1386.6914674 -1635.0561462 3.391754e+18 2.3051263903e-05 1.0 
28728474.569 146483024.45 -55885100.76 683.22205205 3594.0804494 -1309.5684339 3.391754e+18 2.3051263903e-05 1.0 
-14496052.651 95955563.715 -66345580.348 -345.77610453 2355.7329907 -1578.7855385 3.391754e+18 2.3051263903e-05 1.0 
-18444008.127 198574583.79 -27343062.308 -371.04181829 4924.6854975 -479.24052211 3.391754e+18 2.3051263903e-05 1.0 
19428309.436 -190405602.31 -5066082.84 373.25307012 -4833.270669 -74.912621598 3.391754e+18 2.3051263903e-05 1.0 
-635716.36899 -92426193.194 -6338668.8945 -16.924597183 -2283.055854 -149.03272737 3.391754e+18 2.3051263903e-05 1.0 
24759333.772 -165613917.59 -32976221.573 569.7851296 -4108.6636417 -730.34835426 3.391754e+18 2.3051263903e-05 1.0 
-19934696.722 -171265922.45 -41693379.821 -453.89841591 -4227.4411171 -931.75051563 3.391754e+18 2.3051263903e-05 1.0 
-53506656.31 -230857452.44 -8203178.2523 -1171.6246018 -5535.7988706 -184.27456011 3.391754e+18 2.3051263903e-05 1.0 
5889046.6963 2153914.7712 -43510990.278 144.95920518 57.105445081 -1043.5924673 3.38972e+18 2.3037440297e-05 1.0 
-29092776.649 103893037.75 -28709760.373 -696.06475926 2562.5905097 -668.91444921 3.38972e+18 2.3037440297e-05 1.0 
22094231.407 -175444615.94 7695966.0914 481.65510271 -4407.5224656 144.37270778 3.38972e+18 2.3037440297e-05 1.0 
5846869.6121 -96213998.837 -25812097.761 138.27155307 -2374.8950749 -606.80812842 3.38972e+18 2.3037440297e-05 1.0 
-71971831.784 -220576081.6 13180578.612 -1661.8625686 -5323.2890787 294.47673894 3.38972e+18 2.3037440297e-05 1.0 
39921681.379 29326075.098 75054678.589 967.12011845 714.30169915 1805.726916 3.387695e+18 2.3023677857e-05 1.0 
-40422629.079 25181440.835 26063333.614 -977.1892995 626.24256563 633.90452966 3.387695e+18 2.3023677857e-05 1.0 
21062539.304 160779219.14 -1766066.5096 476.82711802 4007.5210755 -45.861775086 3.387695e+18 2.3023677857e-05 1.0 
-16198030.06 11495069.34 -3882355.1149 -386.71461875 290.39108516 -85.896977693 3.387695e+18 2.3023677857e-05 1.0 
516184.99004 115686170.1 -71405759.453 14.909072796 2835.6834099 -1686.9094725 3.387695e+18 2.3023677857e-05 1.0 
41694183.476 253680645.62 -19556116.372 920.46547925 6053.1648374 -415.3361817 3.387695e+18 2.3023677857e-05 1.0 
-817569.54664 202293364.96 -58411238.12 -24.399368647 4934.3784552 -1280.4507916 3.387695e+18 2.3023677857e-05 1.0 
34744594.345 -135107876.49 -18228104.728 822.16944312 -3348.0137882 -433.84825457 3.387695e+18 2.3023677857e-05 1.0 
17061325.762 -75776186.526 4508187.9183 408.44659956 -1873.2149652 99.421655729 3.387695e+18 2.3023677857e-05 1.0 
-26104150.657 -83906909.726 17623658.556 -632.73364355 -2064.6375026 417.81132853 3.387695e+18 2.3023677857e-05 1.0 
18622356.789 -172821113.18 -25208306.696 421.07140009 -4312.5725078 -527.14515944 3.387695e+18 2.3023677857e-05 1.0 
-42240185.342 -146564662.66 -52064719.539 -1002.5740514 -3582.111851 -1213.6062472 3.387695e+18 2.3023677857e-05 1.0 
5502124.7749 -136138388.51 -79754185.873 130.48341107 -3333.4323635 -1876.8077618 3.387695e+18 2.3023677857e-05 1.0 
-30790145.897 -220496327.07 -49959471.269 -684.72408608 -5323.3449549 -1085.2713934 3.387695e+18 2.3023677857e-05 1.0 
11964134.613 152501466.66 51136759.394 281.79473818 3752.3442761 1174.4222646 3.385678e+18 2.3009969788e-05 1.0 
-37970660.361 59065096.084 25738906.732 -914.04117768 1456.9304593 606.80853887 3.385678e+18 2.3009969788e-05 1.0 
88403888.649 163934368.44 25366255.177 2109.864467 3990.0528661 592.07759701 3.385678e+18 2.3009969788e-05 1.0 
33995562.079 110187226.13 3823470.1949 811.77840758 2709.5383732 83.237173834 3.385678e+18 2.3009969788e-05 1.0 
-41211022.873 105517251.73 -23660037.917 -986.61640887 2604.9707939 -554.276989 3.385678e+18 2.3009969788e-05 1.0 
-24317759.278 152911970.25 -9374909.7326 -561.80658124 3809.1345984 -202.88508664 3.385678e+18 2.3009969788e-05 1.0 
35102521.181 -145262328.99 25468094.425 825.1508784 -3599.4317855 590.72989303 3.385678e+18 2.3009969788e-05 1.0 
15340602.456 -65834388.206 78500244.306 368.38288138 -1616.3332607 1879.251798 3.385678e+18 2.3009969788e-05 1.0 
-14247100.904 -207034777.38 77012056.024 -329.73149134 -5012.9895314 1762.4418838 3.385678e+18 2.3009969788e-05 1.0 
17859303.586 -49137462.226 -35451072.197 427.8622719 -1214.1346026 -846.77622745 3.385678e+18 2.3009969788e-05 1.0 
37027628.525 9307850.8613 -20689963.825 893.91070099 221.88424127 -490.74568475 3.385678e+18 2.3009969788e-05 1.0 
6283442.3451 29282563.366 48393260.119 152.75122524 719.58620217 1150.3032313 3.384672e+18 2.3003132744e-05 1.0 
-38536142.418 53360156.943 -407821.63945 -929.77542068 1318.118746 -19.443752995 3.384672e+18 2.3003132744e-05 1.0 
77074386.087 223349860.28 39951360.583 1810.6415567 5380.2905363 916.11791493 3.384672e+18 2.3003132744e-05 1.0 
3673719.2988 43097190.766 -97185682.231 91.901722066 1056.2084391 -2321.4185057 3.384672e+18 2.3003132744e-05 1.0 
-21162410.957 75080126.647 -75009938.73 -510.04067931 1839.9382298 -1785.2994355 3.384672e+18 2.3003132744e-05 1.0 
31477195.638 262712370.27 -19396618.038 692.43870367 6244.5173625 -405.41210744 3.384672e+18 2.3003132744e-05 1.0 
-11646330.365 123224844.57 -87972660.476 -278.1438582 3004.2449136 -2072.2461477 3.384672e+18 2.3003132744e-05 1.0 
-3158196.2223 177784273.76 -54072981.116 -76.293142623 4362.9166291 -1202.4111219 3.384672e+18 2.3003132744e-05 1.0 
-25029813.986 -51889432.538 32350033.374 -608.31093336 -1274.1591753 765.69397107 3.384672e+18 2.3003132744e-05 1.0 
-32231201.199 -210582183.0 31686401.292 -670.10602665 -5117.7992534 625.79441599 3.384672e+18 2.3003132744e-05 1.0 
11144052.953 -105636145.43 -10262390.605 262.00330668 -2612.0743027 -235.21055995 3.384672e+18 2.3003132744e-05 1.0 
17925693.196 -75695515.69 -85130341.13 428.76684255 -1852.1108996 -2029.2403977 3.384672e+18 2.3003132744e-05 1.0 
-18553721.814 -146010952.75 -68339565.455 -439.50799093 -3570.8525744 -1599.2910755 3.384672e+18 2.3003132744e-05 1.0 
-71331863.407 -96729664.906 -78214296.851 -1723.1212985 -2354.1351959 -1869.5380851 3.384672e+18 2.3003132744e-05 1.0 
35283043.865 -154033362.98 -84859231.385 843.25577723 -3761.9835973 -1992.6921556 3.384672e+18 2.3003132744e-05 1.0 
-8147801.2239 -219104868.24 -33456421.402 -132.88286016 -5300.9588705 -562.02931269 3.384672e+18 2.3003132744e-05 1.0 
-58388840.442 -241526192.26 -55798032.282 -1368.2580802 -5813.2477519 -1284.7998163 3.384672e+18 2.3003132744e-05 1.0 
24733634.827 -172070501.74 -9746892.3991 550.56353477 -4309.1611433 -191.24967715 3.383669e+18 2.2996316089e-05 1.0 
-86884194.775 -121677261.49 -25987687.899 -2092.9676837 -2969.7973885 -621.51410822 3.382668e+18 2.2989513026e-05 1.0 
-50855310.398 40066745.963 -35613363.236 -1229.534233 989.57484589 -847.46472138 3.382668e+18 2.2989513026e-05 1.0 
29506113.414 -162629686.31 -11222516.732 674.55494795 -4056.6103837 -240.79748848 3.382668e+18 2.2989513026e-05 1.0 
9933805.3446 32326942.657 -21299864.24 239.00137968 788.47694077 -508.67470659 3.382668e+18 2.2989513026e-05 1.0 
-13514482.466 210112435.11 38898363.32 -286.08309096 5122.8996736 733.23630153 3.381668e+18 2.298271676e-05 1.0 
-5123366.042 83417239.601 102412619.03 -124.16840368 2035.8342492 2447.5708989 3.381668e+18 2.298271676e-05 1.0 
-44791907.222 110642234.06 3732868.274 -1071.8551008 2735.3002482 85.63887441 3.381668e+18 2.298271676e-05 1.0 
50083665.251 127892375.68 -72107596.323 1201.308505 3117.6907131 -1712.5252584 3.381668e+18 2.298271676e-05 1.0 
-42156608.939 135583044.9 -53970700.778 -1005.6190178 3334.9918708 -1263.0261281 3.381668e+18 2.298271676e-05 1.0 
56762281.987 223120448.71 -14819515.917 1263.9438016 5377.566939 -298.61067621 3.381668e+18 2.298271676e-05 1.0 
-18148767.944 183496636.55 -21871374.458 -390.00946559 4585.2675311 -409.8332488 3.381668e+18 2.298271676e-05 1.0 
31911215.705 -162714363.88 41829622.704 745.89709964 -4013.4114181 939.90404913 3.381668e+18 2.298271676e-05 1.0 
47010954.636 -12143991.695 21596994.293 1136.9020513 -306.99123932 515.17165788 3.381668e+18 2.298271676e-05 1.0 
-4080980.2697 -90097205.699 -100953217.23 -102.81551328 -2199.8716162 -2410.5934785 3.381668e+18 2.298271676e-05 1.0 
-54873299.04 -243974612.48 1996136.2847 -1227.5744532 -5820.5418967 45.334986783 3.381668e+18 2.298271676e-05 1.0 
-10196968.67 -173409993.44 -67755885.594 -240.23006894 -4242.3181676 -1552.3096992 3.381668e+18 2.298271676e-05 1.0 
38010257.572 -103600350.16 26131583.833 910.06196705 -2556.1381097 611.39083609 3.380671e+18 2.2975940882e-05 1.0 
1418867.3175 193541786.42 63989984.425 30.4138527 4719.7913446 1429.5108922 3.379676e+18 2.2969178597e-05 1.0 
37253375.207 152635482.07 156912246.66 899.85302346 3702.526087 3755.4634168 3.379676e+18 2.2969178597e-05 1.0 
-30557231.923 140761862.55 7223451.5095 -717.3957406 3496.0020372 159.49051442 3.379676e+18 2.2969178597e-05 1.0 
-32249794.622 155802643.89 -24455853.361 -749.81154966 3864.985555 -543.10286862 3.379676e+18 2.2969178597e-05 1.0 
47482434.583 252072995.53 -52236004.419 1103.259373 6044.2067487 -1191.793828 3.379676e+18 2.2969178597e-05 1.0 
33617152.172 -131994471.88 44647405.08 799.61218737 -3253.8095886 1039.3123888 3.379676e+18 2.2969178597e-05 1.0 
16020641.512 -126131409.74 77365846.714 381.71906579 -3093.9338516 1830.2538023 3.379676e+18 2.2969178597e-05 1.0 
54156896.924 -32692827.573 54335416.11 1308.8867385 -808.60722668 1304.7671447 3.379676e+18 2.2969178597e-05 1.0 
14513070.957 -50848970.131 -45207994.392 349.27418776 -1251.8278957 -1071.6410782 3.379676e+18 2.2969178597e-05 1.0 
3901962.4869 -199027865.62 -51332448.334 89.959792891 -4872.4477783 -1092.7487182 3.379676e+18 2.2969178597e-05 1.0 
-15537889.587 193970149.16 32866462.335 -330.61930696 4793.9044547 625.15800086 3.378682e+18 2.2962423108e-05 1.0 
30421588.675 174725201.92 55387075.204 703.99888685 4274.866876 1263.2203925 3.378682e+18 2.2962423108e-05 1.0 
-34387486.222 120937502.34 -4495229.0693 -817.58138895 2996.7254825 -104.98129952 3.378682e+18 2.2962423108e-05 1.0 
51241299.108 231663103.38 -1163017.7799 1108.4403445 5541.2791221 -11.621398781 3.378682e+18 2.2962423108e-05 1.0 
94448972.95 104610944.39 -109491449.56 2284.7583272 2533.9936545 -2621.556243 3.378682e+18 2.2962423108e-05 1.0 
-25466093.098 164519921.07 -43119108.157 -592.5983718 4059.9234358 -964.92399377 3.378682e+18 2.2962423108e-05 1.0 
43669328.703 57880422.059 -431132.68454 1053.0447638 1411.5297773 -11.011857391 3.378682e+18 2.2962423108e-05 1.0 
46406896.696 -141467506.21 -64851269.206 1107.4119701 -3468.5353054 -1516.6856809 3.378682e+18 2.2962423108e-05 1.0 
-24362198.33 -146848030.49 -104402585.56 -589.73695429 -3581.3875884 -2477.6958802 3.378682e+18 2.2962423108e-05 1.0 
-45127658.6 -237820358.06 -6761027.2824 -959.15080295 -5659.5414578 -132.98595265 3.378682e+18 2.2962423108e-05 1.0 
-21475184.0 102433589.55 75905144.342 -513.81001025 2511.808986 1800.4605666 3.377691e+18 2.2955688008e-05 1.0 
-25418677.515 72717595.61 69187545.626 -611.43325213 1786.2821147 1649.3229637 3.377691e+18 2.2955688008e-05 1.0 
-4788795.5431 -161307903.72 80949288.701 -114.29766767 -3943.7122011 1892.7624803 3.377691e+18 2.2955688008e-05 1.0 
-12959613.539 -198730293.03 84124735.789 -304.93762073 -4826.5897186 1943.8668675 3.377691e+18 2.2955688008e-05 1.0 
-20461767.826 158259384.69 56587118.646 -482.59718267 3890.9296535 1295.7062453 3.375714e+18 2.2942251789e-05 1.0 
32875366.861 151116020.97 109773495.03 789.56867803 3668.2582502 2605.788124 3.375714e+18 2.2942251789e-05 1.0 
-24341666.005 165657417.28 3275991.855 -548.11290679 4146.6385613 69.850973181 3.375714e+18 2.2942251789e-05 1.0 
-64850105.988 -135028498.44 14022468.218 -1544.5711315 -3298.9058263 332.37823615 3.375714e+18 2.2942251789e-05 1.0 
-37800504.266 -8564068.6975 -64330760.977 -913.97311273 -201.75487725 -1557.2840788 3.375714e+18 2.2942251789e-05 1.0 
34384409.01 81300452.669 -108734350.56 833.03330607 1983.7962825 -2599.6100712 3.375714e+18 2.2942251789e-05 1.0 
-41799482.231 61562240.199 -72353897.218 -1009.2196701 1512.2401226 -1720.1068673 3.375714e+18 2.2942251789e-05 1.0 
29879264.967 169079362.16 -113335217.39 719.81388981 4107.3852407 -2683.4907097 3.375714e+18 2.2942251789e-05 1.0 
-6798906.6801 174745796.18 -43453651.668 -155.69754449 4313.1359618 -942.82881228 3.375714e+18 2.2942251789e-05 1.0 
25459543.353 -166562747.85 22042265.115 578.11869016 -4144.1309191 464.25465168 3.375714e+18 2.2942251789e-05 1.0 
23295173.462 -169921875.49 91549563.674 554.00087729 -4137.055732 2142.0179619 3.375714e+18 2.2942251789e-05 1.0 
23951388.48 -199492743.93 82872816.524 565.64333006 -4842.9149689 1909.4624628 3.375714e+18 2.2942251789e-05 1.0 
56769971.735 -38868682.348 -17549137.301 1371.8978277 -961.6081184 -431.39232876 3.375714e+18 2.2942251789e-05 1.0 
27655786.087 -25894293.928 -24582732.302 666.0190735 -644.00209727 -595.07465436 3.375714e+18 2.2942251789e-05 1.0 
-50047706.169 -174138295.05 56733210.338 -1177.2307334 -4241.4330541 1314.9077293 3.375714e+18 2.2942251789e-05 1.0 
-39535619.284 -66733246.259 -94521815.484 -958.70788665 -1625.8730259 -2260.1724977 3.375714e+18 2.2942251789e-05 1.0 
-68927548.636 -144248471.07 -22041709.514 -1638.8139042 -3521.8433495 -509.06972723 3.375714e+18 2.2942251789e-05 1.0 
-23631955.073 -195533195.33 -77700132.521 -554.52377236 -4748.7403618 -1787.8790049 3.375714e+18 2.2942251789e-05 1.0 
-26421192.559 -239730090.29 -25895470.374 -525.74014467 -5694.2908382 -493.57153643 3.375714e+18 2.2942251789e-05 1.0 
12183397.543 99565831.898 199706532.71 294.69649999 2412.3909329 4801.4462658 3.371783e+18 2.2915535666e-05 1.0 
-41147856.447 -21920625.997 95021271.057 -995.95948249 -528.34483131 2270.8493938 3.371783e+18 2.2915535666e-05 1.0 
-44767072.084 40184050.518 64662072.694 -1080.4955874 990.44719252 1546.0462553 3.371783e+18 2.2915535666e-05 1.0 
-33876468.00050794 129214117.18676011 22815210.489670698 -803.1515209207475 3197.078118199 523.118405657943 6.730994e+18 4.574562867e-05 1.0 
111915176.27 257043650.15 13136599.842 2675.9919314 6181.9636278 301.86245434 3.371783e+18 2.2915535666e-05 1.0 
43537920.574 -37992428.677 57047790.552 1049.9690912 -937.99650915 1359.2281653 3.371783e+18 2.2915535666e-05 1.0 
40591518.102 -48415739.816 102818758.28 979.86147761 -1187.236243 2463.0065934 3.371783e+18 2.2915535666e-05 1.0 
-52745057.145 -163215551.35 128429200.89 -1271.5680711 -3955.7056988 3056.7409369 3.371783e+18 2.2915535666e-05 1.0 
45581184.186 -99982435.487 -40230252.081 1094.7042342 -2463.5168204 -951.2730789 3.371783e+18 2.2915535666e-05 1.0 
11102743.116 -65051.830083 -17583819.67 267.83587295 -2.2968384961 -417.43654746 3.371783e+18 2.2915535666e-05 1.0 
21129851.372 212977437.9 98623259.377 500.44428546 5143.0503436 2303.6512107 3.370805e+18 2.2908888917e-05 1.0 
-28637327.045 61009399.701 133459729.55 -692.83907271 1487.2775342 3200.6808128 3.370805e+18 2.2908888917e-05 1.0 
-55637570.138 25950942.847 51110612.907 -1343.0769235 647.16578656 1226.8731999 3.370805e+18 2.2908888917e-05 1.0 
98083702.132 211861239.55 -18947415.165 2327.2478249 5117.3066137 -447.68021957 3.370805e+18 2.2908888917e-05 1.0 
-22681846.728 -30901799.228 -54098797.901 -549.16363967 -756.67094101 -1293.868193 3.370805e+18 2.2908888917e-05 1.0 
-42964692.22 98466137.731 -38995513.36 -1031.3784143 2423.4066585 -913.92208427 3.370805e+18 2.2908888917e-05 1.0 
42302143.607 221877310.47 -45674656.302 951.85716837 5347.8842217 -997.62781865 3.370805e+18 2.2908888917e-05 1.0 
-36219932.82182705 179088974.61679307 -44878671.775317006 -834.7459520454144 4401.9185399438165 -988.3610535301517 6.70847e+18 4.5592549564e-05 1.0 
28832315.678 -65034586.952 31889243.505 691.45422446 -1605.9936507 758.90837939 3.370805e+18 2.2908888917e-05 1.0 
50888016.471 20085348.76 78920377.69 1231.0850734 481.62924366 1890.3120966 3.370805e+18 2.2908888917e-05 1.0 
-19799905.805 -229062500.46 61905110.38 -444.34981842 -5515.3398636 1375.5493271 3.370805e+18 2.2908888917e-05 1.0 
30492834.872 -60844355.723 -86836944.69 733.46623813 -1496.0931099 -2078.415929 3.370805e+18 2.2908888917e-05 1.0 
61233012.652 44327405.773 -90085474.289 1482.6583493 1075.684832 -2160.2801647 3.370805e+18 2.2908888917e-05 1.0 
-48457043.164 -237237446.64 -1360680.9459 -1040.9973846 -5666.4990997 -34.944743034 3.370805e+18 2.2908888917e-05 1.0 
23553613.729 -175986131.1 -49815287.193 543.69461686 -4326.0310395 -1104.4928637 3.370805e+18 2.2908888917e-05 1.0 
-2579216.3164 -173117953.5 -95988814.873 -62.793131878 -4207.4562545 -2247.74585 3.370805e+18 2.2908888917e-05 1.0 
-23806336.844 188859105.03 69233487.028 -556.7403148 4599.7242557 1570.7344337 3.369829e+18 2.2902255761e-05 1.0 
-19987814.5 170269017.13 58753688.356 -469.00210863 4171.1831079 1327.2208461 3.369829e+18 2.2902255761e-05 1.0 
-28222056.188 161154130.46 53727256.593 -663.3236242 3965.8398061 1229.0636008 3.369829e+18 2.2902255761e-05 1.0 
-75009678.002 -88270574.359 86403930.41 -1814.6984876 -2148.721567 2068.6481364 3.369829e+18 2.2902255761e-05 1.0 
-57757793.575 -48347.070412 22995944.112 -1395.3659378 9.5382679723 554.76537937 3.369829e+18 2.2902255761e-05 1.0 
66603448.29 191241251.87 71910305.74 1584.3310787 4627.3702098 1682.9126209 3.369829e+18 2.2902255761e-05 1.0 
-50529688.941 -84065727.262 57206249.016 -1221.1280342 -2057.7069959 1367.7752323 3.369829e+18 2.2902255761e-05 1.0 
-44481288.48 -9889138.7705 4667743.5154 -1075.1976343 -235.52670174 116.15736478 3.369829e+18 2.2902255761e-05 1.0 
18654002.253 23156854.315 97286236.964 450.8801722 561.14357856 2339.4486806 3.369829e+18 2.2902255761e-05 1.0 
-33406303.492 102145900.59 -18994914.676 -798.56019712 2526.1207949 -447.8925326 3.369829e+18 2.2902255761e-05 1.0 
82617477.298 252338150.55 -436896.88002 1943.8766341 6052.0798705 -6.6724644417 3.369829e+18 2.2902255761e-05 1.0 
20077007.371 66210353.122 -129035642.36 487.92369685 1617.6145421 -3090.9576105 3.369829e+18 2.2902255761e-05 1.0 
9611479.4397 12089925.274 -134161543.06 235.11846763 297.68518313 -3217.1617007 3.369829e+18 2.2902255761e-05 1.0 
23992241.92 -183903880.43 26850469.906 522.50130978 -4570.8730289 534.10665245 3.369829e+18 2.2902255761e-05 1.0 
22169009.983 -190220417.85 28809605.906 474.98912763 -4716.085465 552.93558336 3.369829e+18 2.2902255761e-05 1.0 
17229607.291 -129106057.52 85136535.996 411.04758231 -3157.6810798 2008.1814283 3.369829e+18 2.2902255761e-05 1.0 
53228493.514 51723568.193 41604075.616 1285.8323327 1259.1348373 996.87040266 3.369829e+18 2.2902255761e-05 1.0 
-84226988.475 -193075129.28 46567524.161 -1997.1232864 -4671.6817546 1073.2181385 3.369829e+18 2.2902255761e-05 1.0 
67817705.913 -13740674.422 4741874.8502 1639.0193801 -349.78881558 119.30930206 3.369829e+18 2.2902255761e-05 1.0 
64069198.863 62512233.861 16515164.379 1545.1884019 1520.0725426 397.00118849 3.369829e+18 2.2902255761e-05 1.0 
-46455085.15 -230994899.9 47381853.077 -1059.0142921 -5558.288004 1057.1059534 3.369829e+18 2.2902255761e-05 1.0 
53032283.089 18657806.653 -8979144.347 1282.2065885 447.75670573 -210.66029661 3.369829e+18 2.2902255761e-05 1.0 
-63396702.28 -241259561.67 20681459.549 -1455.3579321 -5781.9054581 451.00822846 3.369829e+18 2.2902255761e-05 1.0 
39967058.423 -97518583.099 -47591417.873 960.0795809 -2397.9404203 -1114.5939988 3.369829e+18 2.2902255761e-05 1.0 
-63273955.211 -107024496.31 -134803729.86 -1531.7798453 -2596.0682434 -3229.899012 3.369829e+18 2.2902255761e-05 1.0 
-40944162.8 -139785774.97 -97014787.824 -981.69060771 -3398.7058492 -2305.6012338 3.369829e+18 2.2902255761e-05 1.0 
30134019.099 -163404902.69 -50444379.316 705.01544417 -4020.0695155 -1142.9526524 3.369829e+18 2.2902255761e-05 1.0 
65239779.239 140299675.91 25308218.076 1555.9689357 3434.2485323 597.6833607 3.368855e+18 2.2895636198e-05 1.0 
-87813192.352 -62361944.942 -55254383.504 -2119.3726021 -1505.7391057 -1315.5056252 3.368855e+18 2.2895636198e-05 1.0 
-31885685.595 146192696.3 -18191581.275 -746.48708509 3627.7842025 -407.11207911 3.368855e+18 2.2895636198e-05 1.0 
5730030.1989 215037246.66 -46756281.352 114.37339422 5207.1456337 -943.61568474 3.368855e+18 2.2895636198e-05 1.0 
-17881194.563 193634642.68 -56976740.835 -412.1777351 4724.2757656 -1249.4456823 3.368855e+18 2.2895636198e-05 1.0 
41258206.715 -29428922.335 -63988196.856 995.39964404 -729.59102014 -1532.2387258 3.368855e+18 2.2895636198e-05 1.0 
9980382.8503 149975211.81 -5655095.9019 221.61583771 3732.3515571 -128.69784999 3.368855e+18 2.2895636198e-05 1.0 
20999976.926 -196467045.65 -54115012.824 478.52963127 -4798.5171993 -1177.1150618 3.368855e+18 2.2895636198e-05 1.0 
-13406974.487 -201161105.7 -48620127.307 -283.26528207 -4884.7609851 -1021.9575102 3.368855e+18 2.2895636198e-05 1.0 
-66025421.121 34939909.181 105133962.66 -1597.0241052 856.89962597 2515.2970387 3.367882e+18 2.288902343e-05 1.0 
-32632810.664 48936351.282 97223635.333 -786.43368602 1200.3788102 2326.298203 3.367882e+18 2.288902343e-05 1.0 
63597921.571 239707332.56 25425310.105 1464.11424 5749.3692839 567.82274898 3.367882e+18 2.288902343e-05 1.0 
-55135435.536 9836532.5141 -46438428.397 -1332.6731227 250.19446343 -1112.2632946 3.367882e+18 2.288902343e-05 1.0 
20983035.497 -183104689.28 9677167.0945 435.87719861 -4613.4378704 170.94246948 3.367882e+18 2.288902343e-05 1.0 
27889531.526 -159222116.77 15246546.385 640.31652914 -3965.3792383 326.57649458 3.367882e+18 2.288902343e-05 1.0 
8545274.9052 -150523149.82 85020953.549 201.39353259 -3675.4858765 1990.6698771 3.367882e+18 2.288902343e-05 1.0 
-29247675.813 -120673845.51 120468125.39 -706.05837436 -2930.3736944 2866.2703859 3.367882e+18 2.288902343e-05 1.0 
57661813.476 -43435622.593 -50648271.086 1393.2471821 -1073.4647715 -1212.0727565 3.367882e+18 2.288902343e-05 1.0 
68595114.076 136919104.36 -33233402.352 1638.8078982 3344.1908144 -785.75713122 3.367882e+18 2.288902343e-05 1.0 
-72915173.658 -178505923.78 54237654.573 -1731.6014893 -4331.997576 1271.1667595 3.367882e+18 2.288902343e-05 1.0 
46242636.973 172888946.55 115764024.68 1107.7951074 4179.4615224 2739.4973496 3.365943e+18 2.287584547e-05 1.0 
-20304158.614 182560880.11 12730885.085 -426.00133215 4597.8327432 246.67803157 3.365943e+18 2.287584547e-05 1.0 
-6637260.2469 23685504.585 -3038887.9359 -159.57058101 587.11614965 -69.097399821 3.365943e+18 2.287584547e-05 1.0 
-43112469.339 89766616.797 -43204548.765 -1036.3620902 2212.9214183 -1023.2186914 3.365943e+18 2.287584547e-05 1.0 
-18770775.76 198495718.43 -30395263.437 -385.5405076 4910.0137088 -553.13925798 3.365943e+18 2.287584547e-05 1.0 
38661331.511 -75204250.451 49036041.428 929.79717481 -1854.7865764 1166.9784556 3.365943e+18 2.287584547e-05 1.0 
93817440.478 99935334.648 -46834729.689 2262.9262323 2424.6751926 -1110.5221454 3.365943e+18 2.287584547e-05 1.0 
-83294167.181 -219611384.62 522880.68169 -1947.4370596 -5285.9747887 -0.080902478856 3.365943e+18 2.287584547e-05 1.0 
4717727.485 -209875088.57 -87299305.071 111.24153325 -5086.2749784 -2014.2910942 3.365943e+18 2.287584547e-05 1.0 
84205726.638 136475951.92 51379962.794 2020.0159949 3315.1563318 1209.3177545 3.36401e+18 2.2862708287e-05 1.0 
-25617636.318 139223062.29 -15011615.067 -601.00781598 3457.9915982 -344.66466069 3.36401e+18 2.2862708287e-05 1.0 
4375856.0535 38444718.827 -160232336.86 107.77454161 933.74668649 -3847.2003355 3.36401e+18 2.2862708287e-05 1.0 
-22118882.196 -33839411.687 -150703435.72 -535.72772131 -822.3326538 -3619.3707959 3.36401e+18 2.2862708287e-05 1.0 
34102086.562 -117966710.12 4509315.374 812.10826176 -2921.0675416 105.96396508 3.36401e+18 2.2862708287e-05 1.0 
67198205.398 461704.52822 -35678346.956 1623.4219192 -3.5784810134 -857.0034889 3.36401e+18 2.2862708287e-05 1.0 
-45083209.469 -130371859.51 -87811742.482 -1084.5806619 -3177.4551242 -2084.3935251 3.36401e+18 2.2862708287e-05 1.0 
-65503822.008 -122512274.04 -127474688.13 -1582.6428126 -2965.6323343 -3047.5047367 3.36401e+18 2.2862708287e-05 1.0 
-46339113.663 37786897.69 135273229.0 -1120.7693719 923.24199411 3238.5104457 3.362085e+18 2.2849625474e-05 1.0 
-22788777.665 40373442.035 77875361.966 -548.58536912 992.87534414 1859.9551774 3.362085e+18 2.2849625474e-05 1.0 
-56090122.271 -173203272.11 -81822775.04 -1339.7845061 -4208.4662369 -1931.441388 3.362085e+18 2.2849625474e-05 1.0 
27043559.709 64789667.813 -192592741.0 655.05054491 1568.8125053 -4622.4176816 3.362085e+18 2.2849625474e-05 1.0 
-13115601.962 127354114.88 -160000241.63 -315.54945326 3092.2470216 -3828.2476222 3.362085e+18 2.2849625474e-05 1.0 
52317476.746 -102711422.92 28942198.242 1254.9794199 -2532.1740318 674.88382195 3.362085e+18 2.2849625474e-05 1.0 
5370315.4403 -51162030.561 135314118.38 125.91497335 -1249.15782 3243.3421577 3.362085e+18 2.2849625474e-05 1.0 
-38324500.218 -168597759.62 138021652.86 -922.36080126 -4078.9100736 3284.3698639 3.362085e+18 2.2849625474e-05 1.0 
19920163.414 -188271171.93 -13064238.888 401.73355197 -4748.9965298 -226.96172118 3.362085e+18 2.2849625474e-05 1.0 
40934124.241 85471005.367 -49910386.134 988.14358327 2092.6165457 -1188.569002 3.362085e+18 2.2849625474e-05 1.0 
-2535661.8943 27907003.845 -75589924.302 -63.477975283 682.69756903 -1815.6971023 3.362085e+18 2.2849625474e-05 1.0 
-76648233.016 -198977773.86 -85110376.112 -1830.2292068 -4808.4032305 -2001.1710919 3.362085e+18 2.2849625474e-05 1.0 
-67496768.199 -205381628.47 -33113567.547 -1564.1098613 -4963.5658178 -736.1162049 3.362085e+18 2.2849625474e-05 1.0 
-12272548.09 213563577.6 44137315.73 -269.6983446 5177.82425 872.11599024 3.361125e+18 2.2843101058e-05 1.0 
-22867417.11 170218238.17 21510771.945 -512.69217812 4243.3140616 449.55542207 3.361125e+18 2.2843101058e-05 1.0 
16215131.179 119648628.5 -72693022.601 391.44228183 2926.9096224 -1712.8250303 3.361125e+18 2.2843101058e-05 1.0 
-51171813.587 27599988.841 -102592385.67 -1236.3879946 679.96775063 -2456.0756085 3.361125e+18 2.2843101058e-05 1.0 
28274051.857 190165247.58 -92909652.07 671.74062884 4614.7663926 -2176.7634929 3.361125e+18 2.2843101058e-05 1.0 
-20253494.822 131046728.67 -79833613.843 -482.86966435 3207.3759673 -1878.8082691 3.361125e+18 2.2843101058e-05 1.0 
73560345.001 -80699983.581 70453236.845 1774.2024361 -1979.437998 1674.0238632 3.361125e+18 2.2843101058e-05 1.0 
25799698.744 -170976017.1 -2230056.5154 571.18167826 -4287.6862349 -54.182082844 3.361125e+18 2.2843101058e-05 1.0 
56123300.04 -99722984.832 14419781.582 1349.5196971 -2462.0678344 346.27319361 3.361125e+18 2.2843101058e-05 1.0 
83759966.727 59125218.053 -120669221.73 2026.6136552 1431.6275934 -2891.3407737 3.361125e+18 2.2843101058e-05 1.0 
-72057134.709 -192024738.18 -34850120.426 -1687.7123241 -4659.1005106 -809.3173795 3.361125e+18 2.2843101058e-05 1.0 
-11090251.873 -92301903.549 -126223308.43 -269.04227151 -2246.6045676 -3011.7437511 3.361125e+18 2.2843101058e-05 1.0 
-54351875.417 -261508310.62 -12823497.174 -1246.2023665 -6247.5982412 -275.93271028 3.361125e+18 2.2843101058e-05 1.0 
-8693290.0691 25862795.156 138882185.15 -210.14255063 633.84379601 3331.872167 3.360167e+18 2.2836590235e-05 1.0 
-56736472.627 45235742.384 40375682.043 -1371.5981021 1116.2158976 959.72457611 3.360167e+18 2.2836590235e-05 1.0 
-75515351.377 -101425389.46 -49204650.599 -1815.5462677 -2461.368858 -1167.8793982 3.360167e+18 2.2836590235e-05 1.0 
19693391.926 224556671.24 -71817547.529 452.63036877 5416.0837222 -1625.0419079 3.360167e+18 2.2836590235e-05 1.0 
-31128376.437 176133210.7 -110058089.92 -743.03268183 4278.6962518 -2595.4188741 3.360167e+18 2.2836590235e-05 1.0 
92160846.678 52837756.008 71663238.731 2226.7748867 1274.7461097 1708.3607113 3.360167e+18 2.2836590235e-05 1.0 
-46887616.552 -204773435.25 92822613.67 -1113.9178171 -4952.4534863 2173.8632212 3.360167e+18 2.2836590235e-05 1.0 
30013737.492 170243482.41 -21924716.978 670.66170302 4208.9083856 -475.19776352 3.360167e+18 2.2836590235e-05 1.0 
5009491.5486 -4449715.7612 10843071.216 119.5316976 -111.92507723 261.85269243 3.360167e+18 2.2836590235e-05 1.0 
-26095856.251 -220434845.72 -109922336.81 -620.52956359 -5321.7306966 -2585.9663085 3.360167e+18 2.2836590235e-05 1.0 
18483600.148 116635561.52 157197291.52 447.52849979 2824.7993381 3755.728563 3.359211e+18 2.2830093004e-05 1.0 
53402581.28 -59007193.125 73182455.737 1288.2953165 -1451.476353 1746.3206297 3.359211e+18 2.2830093004e-05 1.0 
-9562518.5051 150373643.24 115561605.79 -228.22789692 3653.5221541 2734.2085829 3.358256e+18 2.282360257e-05 1.0 
-57263605.384 98963529.095 49592366.498 -1376.2095085 2430.7464019 1166.0110741 3.358256e+18 2.282360257e-05 1.0 
-59707252.933 -117451583.93 15230509.585 -1429.8694736 -2876.2118833 358.01776785 3.358256e+18 2.282360257e-05 1.0 
-69583672.69 -4359900.516 -45682181.242 -1683.3609727 -94.166336122 -1101.1363898 3.358256e+18 2.282360257e-05 1.0 
69083289.243 -80125789.713 102294872.48 1667.9145953 -1958.800834 2439.1535285 3.358256e+18 2.282360257e-05 1.0 
26673707.475 -171139646.66 -6698239.3891 590.82327042 -4289.100574 -139.67047932 3.358256e+18 2.282360257e-05 1.0 
70271075.77 -99809218.697 -26327330.611 1690.8856454 -2459.770924 -627.92421878 3.358256e+18 2.282360257e-05 1.0 
72182890.275 197745982.3 21054016.125 1678.4799207 4798.0545986 492.84932288 3.358256e+18 2.282360257e-05 1.0 
53135729.939 160194309.83 46976898.481 1255.1307829 3917.5892676 1100.0678465 3.356351e+18 2.2810655682e-05 1.0 
-75926570.233 55412962.467 -30242320.94 -1833.6197422 1368.1887977 -718.07921204 3.356351e+18 2.2810655682e-05 1.0 
-81127475.681 -67984612.182 -88938618.23 -1959.5627624 -1646.8239931 -2126.5189659 3.356351e+18 2.2810655682e-05 1.0 
-22041229.696 -155742181.34 -96682086.651 -523.61393034 -3782.1819895 -2286.3777413 3.356351e+18 2.2810655682e-05 1.0 
57623567.475 148031847.93 -194235507.44 1393.4085056 3584.8606187 -4659.6803528 3.356351e+18 2.2810655682e-05 1.0 
-31544813.595 103044074.71 -137897295.75 -761.27346847 2504.5927573 -3294.1310699 3.356351e+18 2.2810655682e-05 1.0 
85716570.177 105719480.95 -50654079.177 2061.6262322 2562.6424671 -1206.9796344 3.356351e+18 2.2810655682e-05 1.0 
-54698305.293 -252257280.23 28380998.18 -1256.7122657 -6027.4411694 634.19510651 3.356351e+18 2.2810655682e-05 1.0 
35052970.326 -140966497.62 -40832818.692 828.8835481 -3481.1142362 -945.74916718 3.356351e+18 2.2810655682e-05 1.0 
59459860.142 76909305.545 -24870343.906 1431.2303424 1875.9251985 -584.87163123 3.356351e+18 2.2810655682e-05 1.0 
-57651510.97 -65430240.504 -49663947.193 -1393.3119997 -1592.770988 -1183.5837901 3.356351e+18 2.2810655682e-05 1.0 
-96893381.06 -182490980.87 -175570220.47 -2343.0649632 -4410.7705615 -4212.0942577 3.356351e+18 2.2810655682e-05 1.0 
-84853510.803 -229191037.88 -36415498.254 -2002.2509982 -5517.2106327 -831.73258034 3.356351e+18 2.2810655682e-05 1.0 
34608769.515 -190026454.93 -80798785.35 818.3303641 -4618.0534447 -1864.099507 3.356351e+18 2.2810655682e-05 1.0 
-20334063.552 200774296.62 58375735.582 -466.86477133 4884.5261945 1276.9145142 3.355402e+18 2.2804206025e-05 1.0 
-28606300.971 168255197.52 35985249.779 -656.95995966 4161.4047261 789.49090333 3.355402e+18 2.2804206025e-05 1.0 
-79846955.724 -138773851.96 55180520.765 -1911.0279334 -3370.122905 1319.1039645 3.355402e+18 2.2804206025e-05 1.0 
45707926.346 -140001671.31 56123901.066 1087.6851442 -3435.6691594 1300.1190084 3.355402e+18 2.2804206025e-05 1.0 
48014849.703 -124081003.64 11615077.425 1143.1611916 -3069.5944075 281.39034566 3.355402e+18 2.2804206025e-05 1.0 
17800582.967 134033338.22 30549081.511 415.3596584 3303.1029059 704.35029573 3.355402e+18 2.2804206025e-05 1.0 
72084352.096 228804405.5 46837762.139 1694.9576198 5515.9981865 1087.3090244 3.354454e+18 2.2797763164e-05 1.0 
-22752759.832 175080299.38 -6399789.3518 -493.30717228 4398.3514882 -116.7784324 3.354454e+18 2.2797763164e-05 1.0 
61847713.634 10909191.277 -46810859.154 1493.558398 254.83179411 -1112.5646652 3.354454e+18 2.2797763164e-05 1.0 
22852827.152 -180728322.92 -52569208.263 525.58879564 -4435.0408271 -1162.9469582 3.354454e+18 2.2797763164e-05 1.0 
-20547353.757 159710685.66 73369909.487 -487.15019384 3906.7280298 1698.6133704 3.352563e+18 2.2784911425e-05 1.0 
-21933204.213 153125591.22 70664673.128 -520.4276646 3752.6301791 1640.6285684 3.352563e+18 2.2784911425e-05 1.0 
49212896.68 221078571.92 59527396.169 1143.6070058 5322.5386346 1352.3820167 3.352563e+18 2.2784911425e-05 1.0 
54374925.122 69180910.104 135070908.87 1316.0425644 1674.4060955 3236.4222784 3.352563e+18 2.2784911425e-05 1.0 
-60753248.37 41638498.754 -1781911.7911 -1465.4547696 1033.0168624 -45.069918724 3.352563e+18 2.2784911425e-05 1.0 
-20313808.307 190478375.66 -1874233.3142 -383.84231885 4837.667561 -39.75031953 3.352563e+18 2.2784911425e-05 1.0 
-102967236.27 -78396127.307 -12987705.237 -2486.3717889 -1898.1950973 -323.66901482 3.352563e+18 2.2784911425e-05 1.0 
51072180.595 242420381.34 21046516.363 1142.929318 5788.453428 445.64789128 3.352563e+18 2.2784911425e-05 1.0 
25520721.559 210313459.14 -33869445.608 516.40714051 5118.3508017 -658.81913909 3.352563e+18 2.2784911425e-05 1.0 
-54372892.479 108415582.99 -53155827.181 -1305.5607023 2666.5140928 -1252.5882238 3.352563e+18 2.2784911425e-05 1.0 
69424586.126 242096464.94 -8987180.6273 1604.6204687 5788.7653152 -203.63131061 3.352563e+18 2.2784911425e-05 1.0 
122497800.95 249699944.89 -41729357.569 2943.0904467 6015.0611047 -985.95423275 3.352563e+18 2.2784911425e-05 1.0 
67123224.976 172266582.68 -98985330.648 1614.3857799 4173.5245612 -2349.7276418 3.352563e+18 2.2784911425e-05 1.0 
32179557.164 96485710.627 -162162898.65 781.88753381 2342.2909434 -3892.4691904 3.352563e+18 2.2784911425e-05 1.0 
-61704247.704 -10560122.779 -120617012.0 -1492.4974142 -251.83897223 -2886.8307771 3.352563e+18 2.2784911425e-05 1.0 
-38445899.8 119061534.02 -72859188.342 -919.34347723 2921.260699 -1719.0252437 3.352563e+18 2.2784911425e-05 1.0 
-21787368.632 171458178.31 -32354249.167 -493.49641775 4257.3886531 -697.6166165 3.352563e+18 2.2784911425e-05 1.0 
49729571.641 231146855.92 -32846678.636 1114.641729 5550.8817425 -710.64692675 3.352563e+18 2.2784911425e-05 1.0 
-26916563.886 147509415.13 -55943323.301 -637.31512802 3627.6382422 -1292.1848076 3.352563e+18 2.2784911425e-05 1.0 
23769532.964 -180856985.4 23949411.803 517.06587492 -4508.803708 479.71604349 3.352563e+18 2.2784911425e-05 1.0 
19724649.001 -164508469.24 94859433.228 469.93601602 -4007.058578 2223.3767161 3.352563e+18 2.2784911425e-05 1.0 
14563844.58 -193429971.3 90999560.429 345.14600383 -4695.2979436 2111.2489313 3.352563e+18 2.2784911425e-05 1.0 
20921358.609 -188430150.16 14216608.704 420.81576595 -4742.9754891 248.78484244 3.352563e+18 2.2784911425e-05 1.0 
33552483.133 -147044612.1 35002451.318 786.8627383 -3636.4631418 798.63718702 3.352563e+18 2.2784911425e-05 1.0 
59624906.55 -22356543.452 15299995.546 1439.013668 -559.90339021 368.75275069 3.352563e+18 2.2784911425e-05 1.0 
86175431.825 93278501.4 20230761.951 2076.5943613 2264.2698139 479.6922397 3.352563e+18 2.2784911425e-05 1.0 
34478106.296 -160742467.78 -7982775.0021 790.53274473 -4006.2267816 -182.29436467 3.352563e+18 2.2784911425e-05 1.0 
72798077.357 -78011479.115 -10005735.726 1755.5194717 -1924.6347776 -238.4874461 3.352563e+18 2.2784911425e-05 1.0 
60105030.951 196224585.55 7063300.2123 1361.7830723 4781.4258948 144.25400435 3.352563e+18 2.2784911425e-05 1.0 
-4135229.9933 98398727.836 45921837.731 -99.931932933 2417.4767244 1075.1266936 3.352563e+18 2.2784911425e-05 1.0 
54021984.288 -61653324.374 -5583869.2332 1301.1889439 -1524.438349 -126.06512108 3.352563e+18 2.2784911425e-05 1.0 
75114188.218 106647442.0 -161521593.55 1816.6301138 2578.0152187 -3878.2310971 3.352563e+18 2.2784911425e-05 1.0 
-105740279.99 -267923426.3 13631272.999 -2526.7982098 -6428.1897919 324.04558391 3.352563e+18 2.2784911425e-05 1.0 
51087996.834 -107679791.64 -51095580.813 1224.7271606 -2645.3875424 -1196.9479139 3.352563e+18 2.2784911425e-05 1.0 
69590057.613 -34137164.56 -138118121.77 1681.4476551 -838.10242824 -3311.9882129 3.352563e+18 2.2784911425e-05 1.0 
41850395.466 94318903.705 -175340377.4 1011.3092089 2281.3755589 -4207.056981 3.352563e+18 2.2784911425e-05 1.0 
39127359.343 -1995818.0329 -74916108.273 944.31965336 -51.549552947 -1779.4391524 3.352563e+18 2.2784911425e-05 1.0 
-72230168.512 -169734713.96 -56298688.595 -1717.5673226 -4118.0299053 -1313.8230603 3.352563e+18 2.2784911425e-05 1.0 
-90216962.836 -262062756.77 -16543544.295 -2142.1387798 -6281.5671546 -388.92899162 3.352563e+18 2.2784911425e-05 1.0 
44781599.423 -1253980.5825 -162217570.31 1082.12108 -34.978100062 -3891.4916631 3.352563e+18 2.2784911425e-05 1.0 
-29550833.521 -252951767.2 1782045.343 -612.61754624 -5951.0091155 45.600196403 3.352563e+18 2.2784911425e-05 1.0 
2419094.6695 199837301.97 140863544.67 57.688784223 4824.4605206 3345.6945808 3.350678e+18 2.2772100462e-05 1.0 
-11047716.84 44689067.909 183736549.5 -266.17845993 1087.4538958 4415.3329847 3.350678e+18 2.2772100462e-05 1.0 
-54942327.586 48968353.227 73616718.331 -1326.8442426 1207.0948719 1758.1950682 3.350678e+18 2.2772100462e-05 1.0 
-24979473.154 172211860.21 13481219.094 -552.6855862 4309.7137462 276.14805398 3.350678e+18 2.2772100462e-05 1.0 
36930218.279 167155663.52 146338718.59 892.47223629 4047.9799649 3492.6263901 3.350678e+18 2.2772100462e-05 1.0 
12711502.831 54733219.103 157599559.74 308.80754715 1329.8663354 3784.3776469 3.350678e+18 2.2772100462e-05 1.0 
-78964794.437 -92115285.129 116722815.65 -1907.9836327 -2226.8342687 2802.448679 3.350678e+18 2.2772100462e-05 1.0 
-108933708.0 -93496016.344 71173670.752 -2633.6421234 -2260.7843237 1704.0173966 3.350678e+18 2.2772100462e-05 1.0 
-81118154.421 9401117.0388 21641637.206 -1961.7442227 243.2926106 516.92097103 3.350678e+18 2.2772100462e-05 1.0 
-67039865.858 69709212.945 12333969.389 -1615.5344601 1721.4216726 290.89080047 3.350678e+18 2.2772100462e-05 1.0 
79146523.687 -37446082.912 38835465.262 1912.3149904 -927.04622042 917.9372317 3.350678e+18 2.2772100462e-05 1.0 
94577195.69 40221103.376 90420942.094 2285.8178237 966.19250781 2156.0692955 3.350678e+18 2.2772100462e-05 1.0 
-39575292.137 -217147282.73 122109879.04 -947.67249463 -5245.491205 2890.2263894 3.350678e+18 2.2772100462e-05 1.0 
36392653.273 -127072113.52 6880083.837 862.9310253 -3147.325882 154.88030709 3.350678e+18 2.2772100462e-05 1.0 
59873650.407 -93145462.301 9889271.3762 1439.1625341 -2299.0508054 231.48757443 3.350678e+18 2.2772100462e-05 1.0 
75991817.308 48599122.675 31192586.455 1834.8442774 1174.0069004 744.07653137 3.350678e+18 2.2772100462e-05 1.0 
94000800.015 119148931.78 51492676.552 2259.0500189 2884.5220628 1224.9301195 3.350678e+18 2.2772100462e-05 1.0 
22678068.693 135850764.81 94106828.582 540.22679004 3303.9501828 2230.5453603 3.350678e+18 2.2772100462e-05 1.0 
30024619.998 65329370.015 121934547.44 724.91867037 1587.2459415 2920.1423435 3.350678e+18 2.2772100462e-05 1.0 
-62821521.501 -250018594.15 95105594.186 -1501.2308254 -6019.9186729 2240.7355699 3.350678e+18 2.2772100462e-05 1.0 
22000444.728 38518564.582 136427987.53 533.72181514 939.58133987 3278.5566244 3.349739e+18 2.2765718768e-05 1.0 
-77174761.858 -8445356.5747 -13491213.323 -1867.3827383 -194.43919947 -330.01750842 3.349739e+18 2.2765718768e-05 1.0 
67356256.29 206858283.11 44472314.505 1569.1268337 5001.8192913 1034.0893138 3.349739e+18 2.2765718768e-05 1.0 
-78779939.265 -209192016.23 62960047.052 -1868.5409396 -5046.1013155 1464.7806349 3.349739e+18 2.2765718768e-05 1.0 
21950031.91 -189793883.32 -14379203.643 438.43806021 -4773.8674355 -245.83426025 3.349739e+18 2.2765718768e-05 1.0 
31331172.738 -141534298.71 25442530.61 736.30775486 -3509.4045348 588.54924263 3.348801e+18 2.275934387e-05 1.0 
49636153.146 -117023815.92 23742878.125 1185.3478428 -2891.5489923 556.33034561 3.348801e+18 2.275934387e-05 1.0 
-45473536.432 -146968743.96 -13344402.561 -1066.0220752 -3612.7647645 -314.32428712 3.347864e+18 2.2752975769e-05 1.0 
-80220399.79 -20709739.357 -37223099.87 -1937.8667778 -490.06851138 -888.88042075 3.347864e+18 2.2752975769e-05 1.0 
-37864120.45 115230123.25 -13421863.07 -899.74745374 2851.0538264 -307.27088113 3.347864e+18 2.2752975769e-05 1.0 
21840554.2 233503974.29 -54108412.676 484.65539545 5598.385602 -1179.2472317 3.347864e+18 2.2752975769e-05 1.0 
-16454424.788 199914361.95 -26918832.604 -327.92082241 4953.950404 -449.32619752 3.347864e+18 2.2752975769e-05 1.0 
85638992.999 69918774.232 -27181031.925 2066.3875179 1695.0073621 -641.82458192 3.347864e+18 2.2752975769e-05 1.0 
-100755795.64 -226321450.1 43706889.965 -2404.9848681 -5458.011281 1022.2092623 3.347864e+18 2.2752975769e-05 1.0 
18829656.616 -193802193.51 -55999615.067 430.01356052 -4738.6437752 -1225.6725356 3.347864e+18 2.2752975769e-05 1.0 
6868269.549 -211637618.54 -78820697.05 164.61069835 -5121.6368057 -1795.6124046 3.347864e+18 2.2752975769e-05 1.0 
-29269156.718 142842983.93 94503073.681 -700.14681583 3481.3554518 2223.687817 3.346929e+18 2.2746621259e-05 1.0 
-34802534.778 136889383.66 67660660.062 -829.03748044 3357.9177239 1581.5468427 3.346929e+18 2.2746621259e-05 1.0 
37474310.546 82947608.442 91321844.331 904.57118151 2014.9754067 2173.3472579 3.346929e+18 2.2746621259e-05 1.0 
13179549.218 791940.05753 86004900.067 318.0908629 18.684573166 2058.3307493 3.346929e+18 2.2746621259e-05 1.0 
-64861940.027 10785387.788 -4665282.4738 -1567.3844464 276.50454781 -110.46264942 3.346929e+18 2.2746621259e-05 1.0 
-82621254.058 38325626.888 -4299349.6364 -1998.1042266 948.47525866 -100.25347486 3.346929e+18 2.2746621259e-05 1.0 
62822154.647 224500236.69 3933686.4253 1416.1986919 5398.8889391 103.62624412 3.346929e+18 2.2746621259e-05 1.0 
-34505283.892 166147827.21 -23046337.355 -790.14250543 4125.6242598 -497.55076917 3.346929e+18 2.2746621259e-05 1.0 
91558969.016 251862560.91 -13722708.012 2168.5274867 6047.4610731 -307.97183099 3.346929e+18 2.2746621259e-05 1.0 
33421233.183 -164213976.52 45181322.682 778.61831621 -4049.0380165 1018.3802485 3.346929e+18 2.2746621259e-05 1.0 
46821017.025 -144263435.46 103912786.46 1122.4834461 -3514.4525091 2457.7117346 3.346929e+18 2.2746621259e-05 1.0 
8289544.945 -212618355.35 34103872.164 170.13844968 -5177.747049 574.49516933 3.346929e+18 2.2746621259e-05 1.0 
44588255.145 -116329587.83 45682131.051 1064.4263243 -2865.7977293 1069.264978 3.346929e+18 2.2746621259e-05 1.0 
61644999.475 55761988.171 105613930.62 1491.213855 1353.1685246 2532.7989873 3.346929e+18 2.2746621259e-05 1.0 
94942827.953 111754314.48 12133845.077 2281.4208812 2711.6242366 292.43907386 3.346929e+18 2.2746621259e-05 1.0 
87725832.675 198361647.83 13731338.274 2066.3876243 4797.0774581 319.27706015 3.346929e+18 2.2746621259e-05 1.0 
-117182646.54 -247785495.52 64401621.964 -2811.9653192 -5967.0856064 1519.7787208 3.346929e+18 2.2746621259e-05 1.0 
-246549.58093 -230006717.79 33085944.301 11.601540299 -5449.9763273 566.03064597 3.346929e+18 2.2746621259e-05 1.0 
21458308.736 -153668394.82 -37379688.646 499.46625769 -3804.0429436 -845.95127576 3.346929e+18 2.2746621259e-05 1.0 
59921943.74 -34029018.723 -75284950.317 1445.9391577 -843.22099962 -1793.8087878 3.346929e+18 2.2746621259e-05 1.0 
24301187.198 -103324205.69 -84623153.933 580.69352706 -2529.0797323 -2001.3129528 3.346929e+18 2.2746621259e-05 1.0 
32425463.377 182524157.94 170996395.35 782.14944588 4416.3864207 4088.8576355 3.345996e+18 2.2740280343e-05 1.0 
-63748287.141 83796716.84 19730107.293 -1535.1322487 2068.0862966 462.78692736 3.345996e+18 2.2740280343e-05 1.0 
5277863.9038 -164730159.95 -10711042.284 130.40189647 -4121.3276654 -222.79519035 3.345996e+18 2.2740280343e-05 1.0 
-60462203.17 -141703040.78 -63064800.839 -1441.9900925 -3448.207828 -1491.3651182 3.345996e+18 2.2740280343e-05 1.0 
74967814.449 237218187.42 -83205009.624 1788.5992768 5717.8118005 -1951.5425335 3.345996e+18 2.2740280343e-05 1.0 
-45366743.29 131013963.83 -107972228.55 -1089.3539757 3189.8628901 -2560.1304659 3.345996e+18 2.2740280343e-05 1.0 
71058626.403 69518769.685 43580551.579 1712.7194439 1686.7104253 1034.4666408 3.345996e+18 2.2740280343e-05 1.0 
-47831149.135 -216562654.05 37428809.954 -1068.7304412 -5242.0538074 831.3646977 3.345996e+18 2.2740280343e-05 1.0 
-20911544.508 -201771185.27 -140149620.06 -500.93371593 -4876.1386427 -3330.78381 3.345996e+18 2.2740280343e-05 1.0 
-28765979.287 -263426027.16 -34653131.559 -650.42873103 -6267.8756269 -758.27567055 3.345996e+18 2.2740280343e-05 1.0 
2010231.6637 237623395.31 52178456.88 36.392651334 5677.2979828 1113.6192089 3.345064e+18 2.2733946223e-05 1.0 
-46025865.183 -102604063.5 93582354.764 -1107.6616003 -2494.9781224 2232.6530151 3.345064e+18 2.2733946223e-05 1.0 
-104021823.73 -117727881.95 49789704.142 -2504.6779881 -2852.755505 1189.1861059 3.345064e+18 2.2733946223e-05 1.0 
112134477.5 266929931.83 10070247.096 2682.2392407 6411.2301106 234.42489873 3.345064e+18 2.2733946223e-05 1.0 
56968330.897 108002600.77 -5495457.5489 1369.1399971 2647.1286018 -121.58867479 3.345064e+18 2.2733946223e-05 1.0 
-23501606.43 -97562456.737 -70362479.923 -563.14474163 -2384.3350901 -1669.9072276 3.345064e+18 2.2733946223e-05 1.0 
-87830775.567 -91412503.311 -105802705.38 -2120.2719524 -2208.4437822 -2532.0635073 3.345064e+18 2.2733946223e-05 1.0 
-75127012.293 58230775.92 -46605287.079 -1813.3158941 1435.3274084 -1103.6037932 3.345064e+18 2.2733946223e-05 1.0 
-67219171.493 115635766.85 -40672845.548 -1614.6878156 2845.7578234 -954.88451663 3.345064e+18 2.2733946223e-05 1.0 
99337783.193 254682516.54 -50239179.984 2372.6402004 6120.8953293 -1179.7120753 3.345064e+18 2.2733946223e-05 1.0 
124842739.38 235655119.24 -52925733.492 2996.4841608 5679.0485466 -1243.3365866 3.345064e+18 2.2733946223e-05 1.0 
53728254.04 168038201.11 -91673050.223 1285.2002159 4074.1790693 -2154.8113559 3.345064e+18 2.2733946223e-05 1.0 
-50447749.557 98928997.056 -116440851.55 -1215.6604514 2408.8465124 -2772.9954697 3.345064e+18 2.2733946223e-05 1.0 
-41764750.37 141721097.1 -50487408.132 -990.47237601 3480.2255861 -1160.6295815 3.345064e+18 2.2733946223e-05 1.0 
24606857.766 -180285841.65 5535614.0489 522.05677102 -4537.1798406 108.24833236 3.345064e+18 2.2733946223e-05 1.0 
77604711.344 -31287467.143 5419133.1745 1876.4901215 -777.10789799 124.91824371 3.345064e+18 2.2733946223e-05 1.0 
-43607313.702 -89204617.335 152939195.79 -1058.059523 -2166.7128563 3667.8825806 3.345064e+18 2.2733946223e-05 1.0 
70503863.261 -40126231.223 -66168087.98 1702.5330665 -991.42604843 -1579.9745795 3.345064e+18 2.2733946223e-05 1.0 
92184940.617 23158053.158 -76137853.83 2229.2853162 552.96774771 -1818.0843327 3.345064e+18 2.2733946223e-05 1.0 
72850638.713 126485425.76 -118809891.42 1757.1274515 3060.2078922 -2839.0309417 3.345064e+18 2.2733946223e-05 1.0 
69548238.892 147310748.57 -60790264.654 1663.3070658 3583.4726162 -1431.5891416 3.345064e+18 2.2733946223e-05 1.0 
-34234477.134 -147021378.44 -45058219.582 -806.10965608 -3608.595392 -1052.6800749 3.345064e+18 2.2733946223e-05 1.0 
-106852899.24 -257676547.85 -23616.761463 -2549.9153687 -6193.084758 -7.6906483652 3.345064e+18 2.2733946223e-05 1.0 
-50809132.1 -264388328.82 3789536.7443 -1165.3956219 -6292.5195219 77.066624191 3.345064e+18 2.2733946223e-05 1.0 
24375294.552 -165102572.87 -53525233.114 568.3096788 -4060.1775547 -1210.9297357 3.345064e+18 2.2733946223e-05 1.0 
49557391.656 -117875543.32 -114894048.32 1191.241435 -2873.3159684 -2733.0779367 3.345064e+18 2.2733946223e-05 1.0 
48516505.454 -84555764.453 -179106714.92 1170.9643941 -2054.2413348 -4294.3959772 3.345064e+18 2.2733946223e-05 1.0 
-48855276.637 -153009978.78 -159574615.45 -1179.7621278 -3704.1300907 -3813.6722094 3.345064e+18 2.2733946223e-05 1.0 
-84780512.299 -240644649.51 -23980930.298 -1997.6766255 -5781.8551555 -542.29702703 3.345064e+18 2.2733946223e-05 1.0 
89985926.574 255486928.39 79234699.066 2155.0855785 6145.2422627 1870.917687 3.344134e+18 2.2727625695e-05 1.0 
-51846753.951 -92755046.018 33554005.404 -1245.156028 -2261.2388538 796.42606678 3.344134e+18 2.2727625695e-05 1.0 
-78933557.987 -131975603.06 -686302.0138 -1883.2629885 -3208.3780911 -15.78247552 3.344134e+18 2.2727625695e-05 1.0 
88930147.549 26623506.921 -4276477.8626 2152.2966313 642.32823314 -100.66263431 3.344134e+18 2.2727625695e-05 1.0 
115680324.06 147032119.68 27428823.036 2781.5716083 3556.4182065 651.6955547 3.344134e+18 2.2727625695e-05 1.0 
-35925994.722 -84007926.631 117505025.85 -868.86542987 -2041.14239 2816.0384197 3.344134e+18 2.2727625695e-05 1.0 
-10124324.76 231957893.22 45307301.171 -226.6580321 5544.7660342 916.30289408 3.343205e+18 2.2721311963e-05 1.0 
27108898.554 83703373.023 174483800.48 657.02635905 2032.0459141 4189.4121406 3.343205e+18 2.2721311963e-05 1.0 
-92865715.392 7372757.5278 24961713.264 -2247.4134995 192.62541595 591.69858487 3.343205e+18 2.2721311963e-05 1.0 
28777871.691 -182049448.84 11832657.436 616.9186546 -4564.3309387 237.34905086 3.343205e+18 2.2721311963e-05 1.0 
75782095.359 -32288914.74 23723386.018 1831.4527138 -801.93203063 561.12819297 3.343205e+18 2.2721311963e-05 1.0 
48120674.417 158779575.06 98158350.998 1150.5818778 3849.5472383 2330.1692219 3.343205e+18 2.2721311963e-05 1.0 
-77056266.723 -223189414.23 97335649.861 -1845.6209165 -5384.8176861 2296.3987098 3.343205e+18 2.2721311963e-05 1.0 
-20529461.163 182882089.66 51311874.198 -469.92929182 4486.6716339 1124.4383754 3.341352e+18 2.2708718482e-05 1.0 
-19872487.617 181311734.17 41920949.617 -448.16179397 4470.3802596 895.28226255 3.341352e+18 2.2708718482e-05 1.0 
16467739.034 114431545.2 222951743.47 399.45949775 2767.7853693 5356.7304768 3.341352e+18 2.2708718482e-05 1.0 
-53036136.895 655900.86603 119042153.05 -1282.3426751 23.843023671 2846.3746442 3.341352e+18 2.2708718482e-05 1.0 
-55365077.416 91489368.823 56588271.145 -1331.192982 2249.941385 1339.9882945 3.341352e+18 2.2708718482e-05 1.0 
-71036007.989 -228386111.65 55083015.325 -1674.6137676 -5513.0689087 1283.1570819 3.341352e+18 2.2708718482e-05 1.0 
-46722273.343 -184503544.53 7496975.3463 -1030.8410316 -4521.0160244 159.81023963 3.341352e+18 2.2708718482e-05 1.0 
111437712.4 226871053.67 23921208.855 2658.2101134 5458.8662486 548.13798968 3.341352e+18 2.2708718482e-05 1.0 
-22645758.172 167229310.82 -3649435.3807 -501.64624875 4190.2268144 -72.416321224 3.341352e+18 2.2708718482e-05 1.0 
41180047.766 147511042.56 -74348405.087 982.41677211 3603.2937331 -1751.8387896 3.341352e+18 2.2708718482e-05 1.0 
-85188994.647 39767499.854 -85068551.036 -2059.6288872 979.71531654 -2030.416987 3.341352e+18 2.2708718482e-05 1.0 
54610727.923 210212028.44 -82709233.342 1297.0704269 5084.8092098 -1930.2037896 3.341352e+18 2.2708718482e-05 1.0 
-41053488.45 104428317.5 -85164791.284 -985.23735374 2556.1998742 -2015.6166465 3.341352e+18 2.2708718482e-05 1.0 
-15786067.57 224705626.97 -69642103.163 -368.92839089 5422.9653824 -1559.8844862 3.341352e+18 2.2708718482e-05 1.0 
23460959.45 -197188139.99 51498789.061 530.68406835 -4818.6521325 1108.0035144 3.341352e+18 2.2708718482e-05 1.0 
22314960.26 -202385896.55 37580172.836 478.09576062 -4954.4695982 731.89949783 3.341352e+18 2.2708718482e-05 1.0 
71955910.83 -22176323.196 91392589.746 1737.9067611 -551.19407558 2181.7951261 3.341352e+18 2.2708718482e-05 1.0 
-2859534.3223 -123555012.33 174793158.78 -70.765004632 -2996.7948921 4184.9231176 3.341352e+18 2.2708718482e-05 1.0 
9185684.7929 -71132055.337 106160946.62 219.95430791 -1737.4432071 2536.4037176 3.341352e+18 2.2708718482e-05 1.0 
83691913.43 40002670.011 -30470790.829 2023.6937024 965.9166949 -728.63033728 3.341352e+18 2.2708718482e-05 1.0 
55738242.272 95116364.522 -127842260.55 1348.3654826 2305.9743572 -3060.3663017 3.341352e+18 2.2708718482e-05 1.0 
-106043389.88 -261620730.24 -615537.10205 -2532.5840486 -6290.3702291 -9.4949259319 3.341352e+18 2.2708718482e-05 1.0 
4930061.4064 -51012485.087 -139631476.06 117.84515255 -1244.1322217 -3341.7511926 3.341352e+18 2.2708718482e-05 1.0 
-115757657.55 -253120114.9 -4093012.6591 -2766.7063161 -6081.3752437 -84.046954392 3.341352e+18 2.2708718482e-05 1.0 
-34108990.376 -204307208.42 -35238544.535 -726.41000151 -4970.3551648 -743.61064155 3.339506e+18 2.2696172574e-05 1.0 
-34130482.151 -219986825.46 -32631203.585 -712.00347509 -5303.079867 -661.60984024 3.339506e+18 2.2696172574e-05 1.0 
23778415.966 203830521.62 -97277088.337 561.90025326 4930.0954667 -2270.4676238 3.339506e+18 2.2696172574e-05 1.0 
11985954.371 205835226.72 -129838399.53 287.3594686 4979.610909 -3074.9102985 3.339506e+18 2.2696172574e-05 1.0 
35062100.627 -145001147.51 -20929331.786 821.28378337 -3597.3521253 -479.60295467 3.339506e+18 2.2696172574e-05 1.0 
50083477.249 -108451110.06 -20779600.948 1198.4686053 -2678.6101119 -486.226311 3.339506e+18 2.2696172574e-05 1.0 
81062818.563 114436665.42 -17748924.199 1948.5119212 2785.0368724 -424.20707296 3.339506e+18 2.2696172574e-05 1.0 
-27927836.665 -225895505.69 -65659242.234 -639.08258747 -5435.8210349 -1479.3393461 3.339506e+18 2.2696172574e-05 1.0 
-34805723.402 -239354323.39 -57591446.622 -798.03942548 -5741.287737 -1291.5239211 3.339506e+18 2.2696172574e-05 1.0 
-43674400.396 4192944.9474 153264646.67 -1055.1323857 108.34325072 3675.9690352 3.338585e+18 2.2689913212e-05 1.0 
-56144091.689 21685466.755 120549170.97 -1356.9010222 535.82668403 2887.457787 3.338585e+18 2.2689913212e-05 1.0 
67767385.432 206763498.65 51467655.348 1591.5766606 4996.2293896 1173.9614305 3.338585e+18 2.2689913212e-05 1.0 
-34176130.421 125016883.74 -4245845.9754 -808.05567097 3098.3915905 -103.63687493 3.338585e+18 2.2689913212e-05 1.0 
40426237.565 152151589.5 50682050.477 954.6256163 3722.8671738 1178.2312098 3.338585e+18 2.2689913212e-05 1.0 
-104759431.56 -80135577.427 -15945320.586 -2527.1896751 -1939.4873832 -380.66332478 3.338585e+18 2.2689913212e-05 1.0 
-60051905.249 50083062.064 -23064096.524 -1446.8815261 1241.2229287 -549.00683106 3.338585e+18 2.2689913212e-05 1.0 
121976766.72 271438722.14 -6210384.7202 2925.9745805 6518.1711613 -151.89703112 3.338585e+18 2.2689913212e-05 1.0 
-10686432.078 220916182.48 -51233031.374 -242.52566559 5326.4926949 -1066.0907227 3.338585e+18 2.2689913212e-05 1.0 
-15472771.927 212232593.07 -63313388.844 -357.08302456 5140.7101679 -1394.4553971 3.338585e+18 2.2689913212e-05 1.0 
26173969.463 -182299051.08 42942351.214 592.74185564 -4492.3674037 926.36966512 3.338585e+18 2.2689913212e-05 1.0 
61868766.248 4199171.0338 178306726.44 1493.9857094 96.263563604 4278.6038164 3.338585e+18 2.2689913212e-05 1.0 
-25280728.365 -153898323.81 153766251.03 -609.81541012 -3728.1667522 3668.3917707 3.338585e+18 2.2689913212e-05 1.0 
105269791.49 31044942.293 -7347742.9535 2547.3890495 742.0184449 -181.6208386 3.338585e+18 2.2689913212e-05 1.0 
129715533.83 135515175.01 -34015646.682 3126.8798231 3276.1676949 -811.6565316 3.338585e+18 2.2689913212e-05 1.0 
25434513.561 79013786.459 75676772.26 613.13563999 1930.6988985 1812.8068945 3.338585e+18 2.2689913212e-05 1.0 
-59917293.239 -271522913.28 41671238.525 -1412.4798465 -6500.6689003 959.23750744 3.338585e+18 2.2689913212e-05 1.0 
44260521.168 -104976219.69 -56639016.835 1061.4513 -2581.9602969 -1334.1265181 3.338585e+18 2.2689913212e-05 1.0 
43302406.098 -136905481.42 -64122749.495 1031.4122718 -3360.2999345 -1499.1573336 3.338585e+18 2.2689913212e-05 1.0 
26457567.857 -205077732.24 -63308290.769 610.33762968 -4982.814362 -1406.5365267 3.338585e+18 2.2689913212e-05 1.0 
5258410.5308 -222437477.13 -47376416.627 123.48866036 -5344.3021408 -958.93239827 3.338585e+18 2.2689913212e-05 1.0 
-34301339.157 -97085252.915 -13489682.803 -823.61926842 -2388.0230614 -330.37619417 3.337665e+18 2.2683660647e-05 1.0 
-65232959.161 56496890.089 -44182640.468 -1575.0698155 1394.8241095 -1050.4983805 3.337665e+18 2.2683660647e-05 1.0 
75661688.563 252591588.43 -49374255.525 1789.4652471 6065.4351667 -1140.3553198 3.337665e+18 2.2683660647e-05 1.0 
58878179.385 163112622.25 -28628923.841 1377.1423861 3973.127516 -651.94084531 3.337665e+18 2.2683660647e-05 1.0 
-111545484.45 -263765577.55 37582587.016 -2671.4277945 -6339.7066072 890.42561922 3.337665e+18 2.2683660647e-05 1.0 
29967733.843 -153225870.91 -107143031.54 716.89488929 -3727.2425153 -2527.3256856 3.337665e+18 2.2683660647e-05 1.0 
-22843193.997 184057905.96 61748900.089 -530.43674598 4495.4920248 1383.9441704 3.335831e+18 2.2671196294e-05 1.0 
-23572219.815 171043558.39 51431647.494 -545.14984792 4207.7549708 1153.9883279 3.335831e+18 2.2671196294e-05 1.0 
-11984121.379 208997333.36 52825635.951 -272.07458295 5071.5024049 1113.3388705 3.335831e+18 2.2671196294e-05 1.0 
-37561018.079 140682361.9 144828454.91 -906.67674235 3413.7617392 3453.9157569 3.335831e+18 2.2671196294e-05 1.0 
-52990323.311 123541576.79 80080115.357 -1271.9553175 3027.3179585 1895.780174 3.335831e+18 2.2671196294e-05 1.0 
-24146037.063 178757958.9 20457732.02 -526.62971979 4462.5422603 405.54624044 3.335831e+18 2.2671196294e-05 1.0 
-8814381.8002 193296530.9 111583517.83 -211.08764512 4673.9052317 2621.5043086 3.335831e+18 2.2671196294e-05 1.0 
-22863291.179 165612373.37 20329688.608 -515.03820085 4131.2653508 433.66666526 3.335831e+18 2.2671196294e-05 1.0 
-64653571.332 -137921493.83 73397997.414 -1549.3243719 -3359.7452154 1749.3980886 3.335831e+18 2.2671196294e-05 1.0 
-59492112.871 -32209872.749 -10429945.894 -1434.8325739 -777.44141225 -240.47347792 3.335831e+18 2.2671196294e-05 1.0 
107192413.78 250311985.11 -13069021.264 2555.2480231 6011.2437805 -302.29809403 3.335831e+18 2.2671196294e-05 1.0 
2257879.7278 103711915.18 -117589443.9 53.639707744 2523.3123913 -2806.6973632 3.335831e+18 2.2671196294e-05 1.0 
-71138803.933 50014758.164 -89395394.556 -1716.5459617 1229.1821494 -2128.5525198 3.335831e+18 2.2671196294e-05 1.0 
42900602.453 -183636578.3 91071376.199 1018.9380576 -4471.2487265 2127.8809533 3.335831e+18 2.2671196294e-05 1.0 
43244964.137 -96061022.92 62188196.918 1036.5149969 -2359.3591033 1463.5708851 3.335831e+18 2.2671196294e-05 1.0 
47399611.826 -107816270.24 130728269.83 1142.097267 -2631.2540623 3124.142909 3.335831e+18 2.2671196294e-05 1.0 
80350887.154 -52103749.179 74354664.087 1941.4291937 -1283.3642563 1773.1454149 3.335831e+18 2.2671196294e-05 1.0 
-74992818.828 -232271762.24 27984882.651 -1749.7224154 -5587.4763874 629.18364468 3.335831e+18 2.2671196294e-05 1.0 
78397703.965 -51997470.979 -71852564.172 1891.9638829 -1278.0895989 -1705.510093 3.335831e+18 2.2671196294e-05 1.0 
73075125.822 58208472.88 -144214930.54 1768.1726868 1407.6423544 -3456.3102672 3.335831e+18 2.2671196294e-05 1.0 
-125106357.41 -244552607.51 -22713163.329 -3000.4707472 -5890.0463887 -528.47039312 3.335831e+18 2.2671196294e-05 1.0 
11766503.426 -216564933.5 -30825838.369 225.33677636 -5255.5490033 -477.09039999 3.335831e+18 2.2671196294e-05 1.0 
-87134728.866 -150701481.06 73848205.02 -2092.5977204 -3648.1675016 1744.7327326 3.334916e+18 2.2664977711e-05 1.0 
48973177.776 203053235.9 109747924.68 1171.5669987 4914.8463793 2596.9866177 3.334916e+18 2.2664977711e-05 1.0 
36162420.587 -154925006.27 -16019418.754 838.86635147 -3849.411027 -352.30062455 3.334916e+18 2.2664977711e-05 1.0 
76615856.937 186891707.74 188023116.05 1851.8270423 4517.6815065 4505.9183362 3.334002e+18 2.2658765923e-05 1.0 
-8434615.9771 54203681.348 223370196.75 -203.94459798 1314.2234556 5372.0493755 3.334002e+18 2.2658765923e-05 1.0 
-70821438.83 61331082.622 59440067.867 -1708.6148681 1512.980665 1416.9314293 3.334002e+18 2.2658765923e-05 1.0 
-58827776.315 103630153.2 33012138.627 -1411.4431653 2555.5532036 776.86385233 3.334002e+18 2.2658765923e-05 1.0 
35015758.894 226732354.21 82265864.493 822.69138198 5460.1629876 1901.3858207 3.334002e+18 2.2658765923e-05 1.0 
-101042100.57 -50845834.002 116424839.6 -2445.5479864 -1224.8121566 2791.8066411 3.334002e+18 2.2658765923e-05 1.0 
-101287968.08 -65901604.389 34396509.15 -2444.937182 -1588.8471487 822.18044617 3.334002e+18 2.2658765923e-05 1.0 
-30606644.234 150004101.9 5205571.4982 -709.00234256 3734.3079897 114.98782772 3.334002e+18 2.2658765923e-05 1.0 
101723556.24 260431220.0 21038084.01 2425.4000356 6250.2363294 483.83764738 3.334002e+18 2.2658765923e-05 1.0 
-62966332.878 -146584453.17 -5467844.7637 -1485.232342 -3575.8979954 -121.58934998 3.334002e+18 2.2658765923e-05 1.0 
-124032934.37 -159599203.88 -87005457.377 -2991.4340807 -3853.2911653 -2081.9793929 3.334002e+18 2.2658765923e-05 1.0 
25232999.305 203181667.23 -109098049.94 599.40684033 4908.3905505 -2564.7719766 3.334002e+18 2.2658765923e-05 1.0 
-12520954.161 185169362.0 -103595098.8 -298.64247601 4492.8822372 -2427.0607927 3.334002e+18 2.2658765923e-05 1.0 
75753229.695 22528598.121 53356449.507 1829.3049376 536.50552565 1270.5485203 3.334002e+18 2.2658765923e-05 1.0 
83600904.173 135259132.65 106680833.42 2015.8323761 3276.3663533 2546.8686014 3.334002e+18 2.2658765923e-05 1.0 
-3646882.9834 -222604537.95 90271302.67 -81.161710301 -5366.6168303 2088.0994808 3.334002e+18 2.2658765923e-05 1.0 
77638897.447 8179360.6647 9959399.11 1876.8037872 185.37136543 232.77121662 3.334002e+18 2.2658765923e-05 1.0 
30575825.335 218508500.85 30277091.02 613.77195506 5277.4390262 586.78101369 3.334002e+18 2.2658765923e-05 1.0 
-58150357.985 -185649134.36 80366772.613 -1380.8897975 -4500.726338 1881.8633533 3.334002e+18 2.2658765923e-05 1.0 
71283314.162 -29334959.052 -26406410.219 1723.4906056 -729.31942376 -625.27439157 3.334002e+18 2.2658765923e-05 1.0 
54692234.493 205372382.8 -22232970.452 1221.8850929 4992.6404457 -491.18235201 3.334002e+18 2.2658765923e-05 1.0 
30653970.273 35891108.923 3252884.8504 743.28798527 875.68819255 73.446749226 3.334002e+18 2.2658765923e-05 1.0 
-30747334.665 -228891285.21 -70984892.811 -710.88681096 -5511.8088025 -1616.0412626 3.334002e+18 2.2658765923e-05 1.0 
-31762406.803 -247798033.75 -45956819.809 -716.19824163 -5918.7332171 -1008.5981859 3.334002e+18 2.2658765923e-05 1.0 
55428601.07 205083034.98 142335838.42 1333.5992379 4947.5693514 3387.7730622 3.332179e+18 2.2646376329e-05 1.0 
-78122266.7 -119451925.85 105865894.84 -1884.2142001 -2891.6609875 2528.0361034 3.332179e+18 2.2646376329e-05 1.0 
-82208394.514 -124992321.84 58506962.382 -1973.2183165 -3030.5132608 1385.1461582 3.332179e+18 2.2646376329e-05 1.0 
-26128438.452 144764332.61 12481679.073 -607.13390241 3600.7107419 280.35660797 3.332179e+18 2.2646376329e-05 1.0 
44566080.589 245853525.45 18553142.248 981.87323565 5842.7797039 393.46263704 3.332179e+18 2.2646376329e-05 1.0 
-54880815.735 104037081.56 -17563115.686 -1313.8930632 2568.578384 -403.74852705 3.332179e+18 2.2646376329e-05 1.0 
40887356.943 252425106.4 -26024564.537 913.0819764 6006.1075207 -558.03156592 3.332179e+18 2.2646376329e-05 1.0 
69858120.201 -690244.80472 43148694.371 1688.3208395 -31.52911541 1031.2323508 3.332179e+18 2.2646376329e-05 1.0 
27406934.145 268103292.91 80646931.72 647.26413205 6455.1646175 1882.9568173 3.332179e+18 2.2646376329e-05 1.0 
32293009.107 -64728634.988 174291521.6 779.16812232 -1575.6654982 4180.9521947 3.332179e+18 2.2646376329e-05 1.0 
22349610.544 -191965489.24 -5508372.6857 423.96075317 -4859.2840033 -75.832421477 3.332179e+18 2.2646376329e-05 1.0 
59385064.75 -88818863.182 -30684957.516 1427.8488517 -2191.4927762 -721.61067367 3.332179e+18 2.2646376329e-05 1.0 
120003008.11 74612042.643 -70676302.142 2902.4008389 1800.1967002 -1690.794827 3.332179e+18 2.2646376329e-05 1.0 
41256649.225 -156564636.15 -94172303.305 983.81880401 -3816.5471599 -2212.8991575 3.332179e+18 2.2646376329e-05 1.0 
-43769472.236 25066884.719 179277966.19 -1056.977945 613.41781562 4302.3593551 3.330362e+18 2.2634027513e-05 1.0 
-60400167.068 50953676.89 69164849.445 -1457.0125505 1254.8011168 1645.1915379 3.330362e+18 2.2634027513e-05 1.0 
-102984984.9 -92861671.437 92325646.367 -2491.5168689 -2253.2604651 2215.4733918 3.330362e+18 2.2634027513e-05 1.0 
-96507176.591 -155210285.84 11965796.532 -2307.6012057 -3767.2640202 282.37299357 3.330362e+18 2.2634027513e-05 1.0 
109806131.34 230801380.25 48796290.133 2628.4520965 5564.0795361 1137.8757136 3.330362e+18 2.2634027513e-05 1.0 
-64573985.614 -154588195.79 46392430.638 -1534.8952535 -3767.8024199 1088.2166794 3.330362e+18 2.2634027513e-05 1.0 
-107699498.29 -87940169.73 -17788730.129 -2596.4024129 -2123.2879746 -425.67301858 3.330362e+18 2.2634027513e-05 1.0 
-31061730.01 129693834.58 -11925938.307 -732.26534576 3217.3557389 -279.18135497 3.330362e+18 2.2634027513e-05 1.0 
-70484902.507 -207432168.43 -16987962.299 -1625.5144235 -5018.6907669 -381.46424941 3.330362e+18 2.2634027513e-05 1.0 
-105737263.25 -49102786.833 -151343157.1 -2559.9273233 -1181.0420675 -3634.2548289 3.330362e+18 2.2634027513e-05 1.0 
-78068086.439 -163537984.34 -65338387.183 -1864.6057804 -3962.4555501 -1535.9344923 3.330362e+18 2.2634027513e-05 1.0 
-33030821.316 1748091.8922 -204308303.26 -800.14126892 44.840242107 -4909.9727971 3.330362e+18 2.2634027513e-05 1.0 
-33685895.85 -52838470.95 -172570170.71 -815.06884489 -1278.363064 -4140.1800892 3.330362e+18 2.2634027513e-05 1.0 
-6654035.3157 225176445.14 -45771438.078 -153.30696654 5406.8009218 -914.70537457 3.330362e+18 2.2634027513e-05 1.0 
-8833254.3824 204490884.3 -46352377.551 -196.70162151 4988.8159263 -943.09326826 3.330362e+18 2.2634027513e-05 1.0 
100013231.05 74827984.938 117589508.5 2416.30084 1807.2260858 2812.8370347 3.330362e+18 2.2634027513e-05 1.0 
-13538069.634 -201651408.09 117242538.35 -320.81809265 -4876.5906843 2764.595641 3.330362e+18 2.2634027513e-05 1.0 
-37425847.484 -105370868.53 90095905.65 -902.6897689 -2562.5884724 2136.3252405 3.330362e+18 2.2634027513e-05 1.0 
77515819.255 27030918.804 -8174474.7588 1871.6871802 645.23851563 -191.02806599 3.330362e+18 2.2634027513e-05 1.0 
-16970545.677 -167913860.45 95074244.902 -403.18981784 -4082.021377 2238.4329356 3.330362e+18 2.2634027513e-05 1.0 
-39923889.847 -59139169.216 51291828.768 -967.0493793 -1443.6032692 1217.2456842 3.330362e+18 2.2634027513e-05 1.0 
8881886.5182 -73785433.576 -73245098.257 213.76572004 -1810.3881186 -1747.5773439 3.330362e+18 2.2634027513e-05 1.0 
-49452856.493 4027353.445 -83040440.973 -1196.9128416 102.47283211 -1987.6365098 3.330362e+18 2.2634027513e-05 1.0 
-39787591.03 -135056873.93 -153543584.51 -962.53032356 -3275.1903271 -3677.7174249 3.330362e+18 2.2634027513e-05 1.0 
-82057746.417 -133439195.29 -134263362.3 -1981.3914381 -3225.6272065 -3209.7850261 3.330362e+18 2.2634027513e-05 1.0 
-242367.1779 -226335392.33 -67374025.8 1.0049563335 -5448.8905197 -1500.7863685 3.330362e+18 2.2634027513e-05 1.0 
-83902795.016 -48090835.016 177256919.71 -2031.3580853 -1155.3536029 4264.0393068 3.328551e+18 2.2621719475e-05 1.0 
93251178.066 222522853.74 29732868.852 2208.2421787 5354.9214084 695.78805693 3.328551e+18 2.2621719475e-05 1.0 
-20512179.111 -75938832.279 -76106449.344 -493.14935683 -1858.1719267 -1819.3430568 3.328551e+18 2.2621719475e-05 1.0 
-80620210.808 -86318427.68 -54735065.049 -1940.8143976 -2091.3664988 -1297.0145971 3.328551e+18 2.2621719475e-05 1.0 
-27918250.82 163587345.77 -15712912.832 -632.9204334 4077.8729177 -333.27063544 3.328551e+18 2.2621719475e-05 1.0 
85997727.795 269382629.94 -25791288.207 2043.8409885 6455.2983712 -597.24947273 3.328551e+18 2.2621719475e-05 1.0 
100103120.41 188228233.12 -51834103.586 2392.7024294 4551.8578521 -1204.8278478 3.328551e+18 2.2621719475e-05 1.0 
-48669924.129 113696589.25 -103024960.65 -1170.3284538 2774.3458103 -2444.8194396 3.328551e+18 2.2621719475e-05 1.0 
45008531.135 -123566730.17 23224146.612 1070.3071742 -3054.2850416 536.29844837 3.328551e+18 2.2621719475e-05 1.0 
97901305.31 112666963.07 156461980.51 2365.2839917 2722.7651067 3748.5270609 3.328551e+18 2.2621719475e-05 1.0 
77312239.424 22459604.469 -37612418.64 1869.2511035 537.6803678 -885.07244142 3.328551e+18 2.2621719475e-05 1.0 
47887893.774 216839995.6 -45199028.861 1088.092223 5244.4876432 -1005.9572539 3.328551e+18 2.2621719475e-05 1.0 
-38402385.432 -173417370.85 15447053.579 -854.99962394 -4274.0992513 346.79303546 3.328551e+18 2.2621719475e-05 1.0 
48679859.432 -127762713.21 -80702781.011 1165.3650237 -3125.3347284 -1899.4865399 3.328551e+18 2.2621719475e-05 1.0 
-8579769.3938 -120480017.06 -223498044.67 -208.53105825 -2918.8446856 -5366.2605295 3.328551e+18 2.2621719475e-05 1.0 
-91917841.744 -250919356.99 -45675171.105 -2187.5859892 -6024.3903952 -1067.3913511 3.328551e+18 2.2621719475e-05 1.0 
