x1	x2	x3	v1	v2	v3	mass	rel_mass	water_fraction
6314.3493659609785 -4869.518063933351 19648.591175859416 0.18534601569264228 -0.21105412095697937 0.6015109436228356 1.8671652656100014e+21 0.9923162825132237 0.1942322932577052 
14445406.151 706358.17547 6900908.6293 327.85899537 16.802323337 157.4157371 8.844558e+16 4.7004938859e-05 1.0 
21139343.384 -433084.18093 -15699516.795 521.59533628 -10.026908464 -387.98556678 4.423398e+16 2.3508416423e-05 1.0 
-8555971.51866826 -325581.7114651608 -14011709.298974838 -195.54755989985858 -7.981472340463434 -320.45505622509836 8.844655e+16 4.7005454371e-05 1.0 
-25180289.668 -3468474.1401 -26098930.615 -633.48169621 -88.898032867 -658.38729067 4.423256e+16 2.3507661755e-05 1.0 
-24485707.865 1335639.1671 11674269.368 -606.37874635 33.978550207 288.33352415 4.423185e+16 2.3507284421e-05 1.0 
-9225894.5577 95159.644226 2393105.3524 -158.51643862 2.6028796753 40.84340443 4.423115e+16 2.3506912402e-05 1.0 
-18521433.359 224988.8467 -12927428.859 -449.76023474 5.9971912065 -313.01402329 4.423115e+16 2.3506912402e-05 1.0 
-11411585.156 195570.20534 -6775400.2274 -243.58542214 4.9484156694 -143.48533145 4.423115e+16 2.3506912402e-05 1.0 
-19503560.418 839640.46048 -6507171.1349 -467.34200244 20.512140749 -155.41039654 4.423115e+16 2.3506912402e-05 1.0 
211864.84946 80403.673471 -10083528.75 5.0584935612 1.0365546658 -181.98407484 4.423115e+16 2.3506912402e-05 1.0 
18403858.401 -982422.4589 -24223923.476 458.20237289 -23.543891902 -604.75084363 4.422833e+16 2.3505413696e-05 1.0 
-26326205.641 -1195788.1153 10179924.916 -653.56306196 -30.098099252 252.97005021 4.422833e+16 2.3505413696e-05 1.0 
-17771979.191 -1336708.7852 -9797491.8398 -424.93518818 -33.037722469 -233.58570124 4.422833e+16 2.3505413696e-05 1.0 
-19828989.603 -1120375.1873 12717354.537 -484.24077666 -27.784177391 308.91652302 4.422694e+16 2.3504674972e-05 1.0 
20661875.605 1050232.9452 -4161091.0477 496.50893454 26.385059745 -101.35720112 4.422694e+16 2.3504674972e-05 1.0 
11796975.883 502494.59853 -2848153.7304 240.44983538 12.851145308 -59.440989279 4.422694e+16 2.3504674972e-05 1.0 
-18035998.354 671417.38186 -20772436.98 -446.15225416 17.022972249 -514.82707203 4.422694e+16 2.3504674972e-05 1.0 
-9004883.0488 18419.698262 -5548597.5471 -168.05863134 1.3183478722 -104.66665431 4.422694e+16 2.3504674972e-05 1.0 
-3550342.2573 -1825421.308 -25371958.758 -87.158395151 -46.504072045 -624.27821154 4.422694e+16 2.3504674972e-05 1.0 
19020392.072 99637.143258 -25352936.895 475.33998771 2.9081936921 -633.54599858 4.422624e+16 2.3504302953e-05 1.0 
20623360.338 129802.91827 -21891539.535 513.57886794 4.3855448978 -545.20948337 4.422624e+16 2.3504302953e-05 1.0 
7937799.4464 -1010912.1851 -9372430.4512 164.41552396 -22.514685858 -192.02573325 4.422624e+16 2.3504302953e-05 1.0 
-25768770.36490932 1992072.7432384244 11660342.615477022 -639.3586506829579 50.13774355306472 288.7264082573665 8.844151e+16 4.7002775833e-05 1.0 
18823120.719 -663612.06465 -9706353.7014 452.43264532 -16.452525156 -233.87474435 4.422554e+16 2.3503930934e-05 1.0 
18350282.975 -465372.45049 -22580162.175 455.4436347 -11.944317224 -562.03552248 4.422485e+16 2.3503564229e-05 1.0 
25895698.167 885048.47845 -15693424.223 645.16237159 22.735111223 -391.69054103 4.422416e+16 2.3503197524e-05 1.0 
28626172.566 3759394.2861 -14753832.441 716.28911124 95.870129867 -369.10077444 4.422416e+16 2.3503197524e-05 1.0 
-5564755.4067 527454.1887 -9623700.3666 -108.64863042 12.189309863 -186.4417222 4.422416e+16 2.3503197524e-05 1.0 
-10618651.92 -960722.02365 13438458.966 -245.90987851 -23.82194434 310.07262895 4.422416e+16 2.3503197524e-05 1.0 
10372835.242 -1443122.4849 -8250550.1113 221.96673823 -33.045701159 -175.06970886 4.422416e+16 2.3503197524e-05 1.0 
6749117.2363 -567983.78246 13426653.405 150.2215672 -13.213603766 299.11052683 4.422278e+16 2.3502464115e-05 1.0 
-5033838.5894 914255.69249 22095216.024 -121.65039324 22.963192842 536.20958011 4.422278e+16 2.3502464115e-05 1.0 
-9665662.4251 -164349.71401 15824011.752 -226.4469886 -3.1780948074 372.11557019 4.422278e+16 2.3502464115e-05 1.0 
11782464.995 945519.92796 6174186.9534 250.78937424 22.459745185 132.53084399 4.422278e+16 2.3502464115e-05 1.0 
-24222477.028 2026838.1351 13657734.791 -600.37024819 51.303492376 337.0521996 4.422278e+16 2.3502464115e-05 1.0 
24261959.031 -1429160.0722 -3709363.9085 594.20528871 -35.977929576 -92.039943226 4.422278e+16 2.3502464115e-05 1.0 
11714793.01 926279.34322 -2828866.3302 238.44980633 20.588018031 -57.582948533 4.422278e+16 2.3502464115e-05 1.0 
1442447.5556 -227078.33139 10010211.656 26.964756858 -5.3863783551 180.14040532 4.422278e+16 2.3502464115e-05 1.0 
-5598281.3878 -928128.2781 9130180.637 -105.23643407 -19.437718777 173.20862985 4.422278e+16 2.3502464115e-05 1.0 
-16969920.385 -589810.90002 9371406.0138 -402.42986596 -14.983851367 221.96392933 4.422278e+16 2.3502464115e-05 1.0 
-36642094.341 2119796.9323 3020512.8402 -923.62522869 54.580340342 76.392816634 4.422209e+16 2.350209741e-05 1.0 
25447565.097 3186302.5867 -21866778.281 637.9070159 81.074826447 -548.15642538 4.422209e+16 2.350209741e-05 1.0 
-3746108.4901 226850.26298 -13737534.838 -80.637553557 6.0529481202 -300.84439365 4.422209e+16 2.350209741e-05 1.0 
21150668.091 -2393075.9428 1780525.398 508.4692207 -60.470282986 43.109879591 4.422209e+16 2.350209741e-05 1.0 
8008175.3108 -1315390.5738 -11534816.102 175.04688035 -30.825464346 -251.23623948 4.422209e+16 2.350209741e-05 1.0 
15548365.527 1616692.3843 16128814.051 376.59809604 40.966261629 391.06755036 4.422141e+16 2.350173602e-05 1.0 
-3423623.5328 842043.85876 28378456.987 -84.404931687 21.081261508 704.81340699 4.422141e+16 2.350173602e-05 1.0 
-30817018.307 -3727247.8416 -3381768.4724 -769.69366314 -94.69775784 -83.440243109 4.422141e+16 2.350173602e-05 1.0 
13727312.221 -1796776.0733 28769198.267 343.90056986 -45.769768834 719.715915 4.422004e+16 2.3501007925e-05 1.0 
-3853985.687 192456.82508 15653195.89 -86.279842962 4.5310250714 356.57102739 4.422004e+16 2.3501007925e-05 1.0 
-10621608.09 -856913.5708 9359129.67 -232.00719335 -19.076462689 204.23954785 4.422004e+16 2.3501007925e-05 1.0 
22927726.682 -179617.31828 -16681063.401 568.55158287 -3.7271825651 -414.38038206 4.422004e+16 2.3501007925e-05 1.0 
28305703.324 2806877.7522 -15512703.919 707.87721476 72.231636769 -387.73914016 4.422004e+16 2.3501007925e-05 1.0 
-12406989.841 115166.86052 543532.42711 -256.30701537 2.7579975733 11.510177813 4.422004e+16 2.3501007925e-05 1.0 
-37102771.9 2359156.703 2780098.617 -934.17571611 60.376011027 70.415857397 4.422004e+16 2.3501007925e-05 1.0 
23607321.785 661746.18952 -18615991.879 588.52875005 16.790370548 -463.18629866 4.422004e+16 2.3501007925e-05 1.0 
23963087.499 942586.67663 -18296444.846 596.38884927 24.859249697 -455.90214653 4.422004e+16 2.3501007925e-05 1.0 
17762154.166 321076.166 -22686532.561 441.37290367 8.624229902 -563.60197392 4.422004e+16 2.3501007925e-05 1.0 
20447243.067 2153908.3979 -18720746.986 506.47406481 55.403052671 -462.85267371 4.422004e+16 2.3501007925e-05 1.0 
3196084.7521 538945.05567 -17995641.041 75.568175979 13.950275597 -421.43564454 4.422004e+16 2.3501007925e-05 1.0 
-6912025.5968 370434.25845 -9377653.8095 -137.47383721 8.8298471716 -187.47892743 4.422004e+16 2.3501007925e-05 1.0 
-7896071.3562 -720268.16867 14365096.837 -179.97113861 -18.068280024 328.56404072 4.422004e+16 2.3501007925e-05 1.0 
-10516045.361 -1789333.2682 10142095.716 -232.61182692 -42.857001335 223.79589844 4.422004e+16 2.3501007925e-05 1.0 
-8493474.9371 -755094.88396 6493527.3299 -160.87042917 -16.804851512 121.74992644 4.422004e+16 2.3501007925e-05 1.0 
15577435.987 -2712814.2441 38352834.284 394.25326027 -69.598045018 970.2879304 4.422004e+16 2.3501007925e-05 1.0 
12929606.763 -309876.24042 33411277.962 324.02403131 -8.0910043598 840.86413102 4.422004e+16 2.3501007925e-05 1.0 
3524724.0327 -1417561.0744 21630125.102 84.318541595 -35.050640502 522.83652257 4.422004e+16 2.3501007925e-05 1.0 
-18159559.135 -1068925.0383 502346.56379 -425.10172166 -26.788877613 11.770586945 4.422004e+16 2.3501007925e-05 1.0 
-29080376.725 -3318629.3215 6643563.3788 -724.4076909 -84.205029753 165.25851741 4.422004e+16 2.3501007925e-05 1.0 
7668192.4731 -892777.72943 11856564.429 167.20113006 -20.418911745 258.66796987 4.422004e+16 2.3501007925e-05 1.0 
-18783063.519 -1768130.0506 -2997212.4503 -443.87079857 -44.342999364 -71.013010441 4.422004e+16 2.3501007925e-05 1.0 
10532144.502 -1310179.6169 965487.18951 197.45217943 -29.192734404 18.808710184 4.422004e+16 2.3501007925e-05 1.0 
18665233.567 -1052727.7266 2367250.5566 439.78515645 -26.459486126 56.112253143 4.422004e+16 2.3501007925e-05 1.0 
-21084168.0 -3192997.4073 -24617148.257 -527.17103103 -81.743283749 -616.53236732 4.422004e+16 2.3501007925e-05 1.0 
-18160542.2 -1784393.5351 -22352506.309 -451.28281725 -45.392025344 -555.52077752 4.422004e+16 2.3501007925e-05 1.0 
7617798.1518 -1206430.3407 -33509340.417 191.73761305 -30.905501527 -841.26648691 4.422004e+16 2.3501007925e-05 1.0 
2278018.798 -1506393.862 -24184597.137 55.932835357 -38.145865405 -591.59462039 4.422004e+16 2.3501007925e-05 1.0 
6381130.5095 -1295166.5282 -23147697.259 156.20633188 -32.921139538 -565.54676817 4.422004e+16 2.3501007925e-05 1.0 
2380077.6403 -181323.49164 -13067820.766 50.998175661 -5.0825472189 -278.20458465 4.422004e+16 2.3501007925e-05 1.0 
-34940591.963 3142542.4964 -16977896.05 -881.89185362 80.406972742 -428.95456547 4.421868e+16 2.3500285145e-05 1.0 
-45318490.397 2493119.7369 -15073768.838 -1150.5915876 64.337899852 -382.93655188 4.421868e+16 2.3500285145e-05 1.0 
-11129818.809 249981.57138 -1245686.7625 -216.72852726 6.7106591594 -23.53756584 4.421868e+16 2.3500285145e-05 1.0 
25639886.461 5242447.4949 -38859592.587 650.65318225 134.3597738 -985.78410931 4.421868e+16 2.3500285145e-05 1.0 
22635838.251 6464163.1203 -31970041.763 571.4053219 165.47791863 -806.93716452 4.421868e+16 2.3500285145e-05 1.0 
-20300345.672 1735263.2221 -25352320.552 -508.49606657 44.15311385 -634.44309121 4.421868e+16 2.3500285145e-05 1.0 
1024103.8381 -349884.98752 -29228143.74 25.913438624 -8.4817035706 -726.92238246 4.421868e+16 2.3500285145e-05 1.0 
21224292.486 461736.70389 -8003317.3707 515.24061971 11.580652817 -194.03724047 4.421868e+16 2.3500285145e-05 1.0 
-18367206.085 -3328948.4356 -30140779.793 -460.97856302 -85.363990294 -758.00301027 4.421868e+16 2.3500285145e-05 1.0 
20733285.547 -65364.82253 -15800104.674 511.0121803 -2.8283190092 -389.84255459 4.421868e+16 2.3500285145e-05 1.0 
20507488.316 631856.13174 -28088256.337 515.97690506 16.097399086 -704.99561995 4.421868e+16 2.3500285145e-05 1.0 
-10274905.802 -3552172.2525 -26087730.924 -255.51143465 -90.315360064 -646.35319093 4.421868e+16 2.3500285145e-05 1.0 
26127896.942 227810.26244 -1807711.209 643.58969976 6.2824629806 -45.513638839 4.4218e+16 2.3499923755e-05 1.0 
14819113.845 2795918.2181 -43796664.072 375.47260978 72.077199337 -1111.1616396 4.421732e+16 2.3499562365e-05 1.0 
14475046.804 5483942.885 -34502562.504 364.33727039 140.60237205 -869.5282055 4.421732e+16 2.3499562365e-05 1.0 
151093.42109 34965.448438 -13150768.711 2.7017094373 0.60277923918 -279.09125924 4.421732e+16 2.3499562365e-05 1.0 
-7576528.4385 -1231712.6631 -29190084.041 -189.15575285 -31.413595037 -727.60092047 4.421732e+16 2.3499562365e-05 1.0 
6263331.2079 1087555.9871 26989316.476 155.46459039 28.074993503 667.98867743 4.421664e+16 2.3499200975e-05 1.0 
17163935.402 3503501.0425 17866757.134 421.43655967 88.464043061 437.40136774 4.421664e+16 2.3499200975e-05 1.0 
-13453937.909 667296.39521 2523514.1048 -290.43924015 16.389697193 52.718728916 4.421664e+16 2.3499200975e-05 1.0 
-5115012.9303 -68973.219245 29372298.935 -127.27365478 -2.4084768891 731.00809056 4.421664e+16 2.3499200975e-05 1.0 
11269545.07 -471423.53292 5894569.0849 235.82683549 -9.946451052 122.59469788 4.421664e+16 2.3499200975e-05 1.0 
-38789670.925 -2629637.6791 -22397793.625 -982.61467804 -67.684646767 -568.83699667 4.421664e+16 2.3499200975e-05 1.0 
5397820.0108 -744394.18184 11783051.12 115.052971 -16.463703443 247.61967438 4.421597e+16 2.3498844899e-05 1.0 
10364893.111 1191653.6053 16861625.658 246.36838486 30.575023696 400.96254394 4.421597e+16 2.3498844899e-05 1.0 
25950541.712 2721123.7966 20263221.093 651.07369974 69.325624345 507.27040524 4.421597e+16 2.3498844899e-05 1.0 
18946621.448 1114537.7636 6358943.94 450.84218093 27.833543382 151.89833972 4.421597e+16 2.3498844899e-05 1.0 
33619382.664 -1755132.0671 1058369.4749 843.3812572 -44.578262792 26.232831912 4.421597e+16 2.3498844899e-05 1.0 
25920051.185 716685.55515 -5766871.6295 639.17572384 18.898650215 -143.87493433 4.421597e+16 2.3498844899e-05 1.0 
-39380876.905 -690653.57848 -5902329.8711 -994.70222118 -17.239771698 -149.01075248 4.421597e+16 2.3498844899e-05 1.0 
-49872443.874 3179097.224 -4572647.6421 -1267.6187976 81.711392896 -116.06400138 4.421597e+16 2.3498844899e-05 1.0 
1089306.7702 3806574.3706 -35703586.687 27.499602954 97.452832705 -897.89888925 4.421597e+16 2.3498844899e-05 1.0 
-11599036.507 -286628.60752 -17392287.649 -278.69306489 -6.2130735352 -416.89162927 4.421597e+16 2.3498844899e-05 1.0 
-1514157.7104 -482831.46707 -17744045.906 -34.715781851 -10.981238863 -413.45314767 4.421597e+16 2.3498844899e-05 1.0 
-620055.34359 41602.18574 10611088.263 -11.272788829 -0.24372732664 198.9785257 4.421597e+16 2.3498844899e-05 1.0 
-13602127.938 -863286.17909 1185638.7268 -292.99685664 -20.680412986 25.126377921 4.421597e+16 2.3498844899e-05 1.0 
-13296282.918 412878.06955 15793791.749 -318.49458467 10.176787346 378.18058165 4.421597e+16 2.3498844899e-05 1.0 
-18472266.989 -89346.321203 -806310.78295 -433.78529195 -2.7921408293 -18.766381465 4.421597e+16 2.3498844899e-05 1.0 
-29443446.983 -1861169.4743 10281970.543 -735.57370569 -47.257617347 257.04785852 4.421597e+16 2.3498844899e-05 1.0 
15410787.705 -598890.28889 -1616728.5331 347.01404197 -14.287925918 -36.859416029 4.421597e+16 2.3498844899e-05 1.0 
-13717084.676 -410358.86248 -7622344.4956 -310.64997979 -11.048385803 -169.93017903 4.421597e+16 2.3498844899e-05 1.0 
-24581331.039 -542018.72765 -17328745.817 -612.55808008 -14.076267919 -431.12881558 4.421597e+16 2.3498844899e-05 1.0 
17123201.849 -1047524.2561 -1060975.9746 395.31441027 -26.745527041 -24.851867319 4.421597e+16 2.3498844899e-05 1.0 
29632303.953 -767390.75133 1017847.487 737.0709579 -20.387050098 26.004699142 4.421597e+16 2.3498844899e-05 1.0 
12390979.341 712301.16589 -40340363.335 313.16995872 17.950047149 -1021.1301205 4.421597e+16 2.3498844899e-05 1.0 
-1573297.8642 -2424624.7247 -24683726.152 -38.636025597 -61.174452366 -604.98984122 4.421597e+16 2.3498844899e-05 1.0 
6843933.5768 -1678087.9434 -18844032.89 162.46489753 -41.973667388 -449.46847253 4.421597e+16 2.3498844899e-05 1.0 
-433801.68022 -1900001.4835 -18079168.776 -10.785594169 -47.196949709 -422.63896032 4.421597e+16 2.3498844899e-05 1.0 
662188.72483 2345819.728 31968333.823 16.750817675 59.91464526 799.22731891 4.421529e+16 2.3498483509e-05 1.0 
-25466290.786 170821.84808 11625332.729 -630.59293444 5.7307672058 288.4688627 4.421529e+16 2.3498483509e-05 1.0 
-817173.11831 -213836.09538 -15739329.594 -16.893533153 -5.3086623839 -356.36061884 4.421529e+16 2.3498483509e-05 1.0 
41439470.897 1131789.3391 21441953.973 1051.5474721 28.668684687 543.91382619 4.421529e+16 2.3498483509e-05 1.0 
18076806.158 -2126057.9472 -21126369.988 447.66548623 -53.173255759 -524.38602371 4.421529e+16 2.3498483509e-05 1.0 
-15451329.802 -1184094.4338 -23376539.609 -383.60285499 -30.420266349 -578.87287777 4.421529e+16 2.3498483509e-05 1.0 
-6699564.1136 1645188.6142 32713985.859 -168.24126213 41.948074945 819.68564544 4.421462e+16 2.3498127433e-05 1.0 
-6036369.5956 105963.50732 7395116.4688 -103.95254581 4.3041875835 126.01273564 4.421462e+16 2.3498127433e-05 1.0 
15945975.579 2963439.9826 41418295.764 404.86204432 75.897759025 1049.5643624 4.421462e+16 2.3498127433e-05 1.0 
22905931.534 2091004.5972 29982227.758 577.76341955 53.559817007 755.88485741 4.421462e+16 2.3498127433e-05 1.0 
27755798.689 3212837.2966 15684466.621 693.88384061 81.814607625 392.18615924 4.421462e+16 2.3498127433e-05 1.0 
-23565822.271 1892663.9347 13126314.475 -582.60315371 48.501585553 323.93611616 4.421462e+16 2.3498127433e-05 1.0 
14036331.882 -113258.44056 -1357609.0867 306.08891036 -2.934377606 -32.080167441 4.421462e+16 2.3498127433e-05 1.0 
15500257.882 1553892.0393 -6046469.2704 354.77039819 38.609345218 -140.76144566 4.421462e+16 2.3498127433e-05 1.0 
-21381228.389 -477278.62629 -10819904.462 -522.2609936 -11.98410725 -264.50779552 4.421462e+16 2.3498127433e-05 1.0 
-36612540.213 3015389.2438 -8770706.463 -922.36722825 77.441835813 -220.96017576 4.421462e+16 2.3498127433e-05 1.0 
16009211.034 1378538.9685 -31127801.854 402.15771612 35.708903198 -782.31201708 4.421462e+16 2.3498127433e-05 1.0 
21291845.465 3492702.8545 -26275173.672 533.64876517 89.624016916 -658.44517314 4.421462e+16 2.3498127433e-05 1.0 
18204833.13 -3758709.3012 47340525.44 463.17097994 -96.828603863 1203.1976038 4.421462e+16 2.3498127433e-05 1.0 
4311862.8495 2087561.5644 26505825.684 107.02536488 52.334259498 654.35856062 4.421462e+16 2.3498127433e-05 1.0 
-10941708.608 -780260.06296 27909357.077 -272.70974189 -19.763106975 694.87090174 4.421462e+16 2.3498127433e-05 1.0 
-32415724.754 -3718792.7178 21971273.757 -817.16310954 -95.686890339 555.53610638 4.421462e+16 2.3498127433e-05 1.0 
26754477.499 -80108.513064 25594283.771 672.83035967 -2.3298256326 645.82073731 4.421462e+16 2.3498127433e-05 1.0 
-28681477.656 -2337623.4044 -4968071.8094 -712.66579911 -59.904182314 -123.38842535 4.421462e+16 2.3498127433e-05 1.0 
-39278283.789 -1536373.8182 -1803224.9546 -991.46729301 -39.279862402 -46.013726809 4.421462e+16 2.3498127433e-05 1.0 
37826465.118 -4323373.4984 -6373494.226 953.98359747 -110.86617654 -160.76134959 4.421462e+16 2.3498127433e-05 1.0 
-13742430.089 -2340180.7507 -33721996.823 -345.68849287 -59.672297168 -849.71013034 4.421462e+16 2.3498127433e-05 1.0 
10298876.638 784534.76145 6045611.6491 210.11760084 18.586271184 119.20529808 4.421395e+16 2.3497771358e-05 1.0 
-36390645.264 683209.04875 4742512.2995 -915.70026194 18.107588088 119.45805375 4.421395e+16 2.3497771358e-05 1.0 
22503666.286 1285855.8929 -17377520.555 559.17944596 32.904648981 -431.02317834 4.421395e+16 2.3497771358e-05 1.0 
25230008.925 1440724.3945 -17624003.001 628.95354923 37.813121165 -438.91516142 4.421395e+16 2.3497771358e-05 1.0 
-8696308.2522 -1109071.911 15690250.009 -204.00823178 -27.391513499 365.27699654 4.421395e+16 2.3497771358e-05 1.0 
-9756814.95 -1654075.2004 7205620.1221 -199.64289292 -37.986766804 146.83878045 4.421395e+16 2.3497771358e-05 1.0 
-26124810.355 -1670516.6537 -27814181.959 -658.47705223 -42.613473518 -702.20990097 4.421395e+16 2.3497771358e-05 1.0 
4076061.5045 4327859.5112 -50805696.631 101.95555073 110.98149804 -1291.8601311 4.421328e+16 2.3497415282e-05 1.0 
17540912.988 2957990.4188 -31287637.957 440.99389361 76.411169926 -786.60731143 4.421328e+16 2.3497415282e-05 1.0 
39761752.9 1375907.3639 -20410109.983 1007.8592676 34.935653702 -517.18679931 4.421328e+16 2.3497415282e-05 1.0 
-8062039.2264 -842409.10004 -11426113.641 -175.54413341 -21.238241674 -248.15400502 4.421328e+16 2.3497415282e-05 1.0 
-11552696.732 -2885274.6828 -31747611.856 -290.49145622 -73.252037786 -796.10953433 4.421328e+16 2.3497415282e-05 1.0 
-4431809.873 -4911.4762901 16984258.182 -102.5842493 1.5600064083 394.40684058 4.421194e+16 2.3496703131e-05 1.0 
20068500.211 -581928.39768 15617919.198 493.21941487 -13.234595573 383.17109328 4.421194e+16 2.3496703131e-05 1.0 
652494.31787 1780145.4928 18888399.005 15.895898624 43.411191233 445.90921889 4.421194e+16 2.3496703131e-05 1.0 
-36734423.48 -1482686.7451 12761166.988 -926.77608963 -37.475735132 322.55611363 4.421194e+16 2.3496703131e-05 1.0 
18462123.6 -928821.52415 -13242285.749 447.9844728 -22.96257979 -323.06335021 4.421194e+16 2.3496703131e-05 1.0 
25272359.675 2444921.534 -17399407.662 629.37866514 62.816399978 -434.29869308 4.421194e+16 2.3496703131e-05 1.0 
-27477735.766 752641.53737 -6960009.4417 -682.14350672 19.005478285 -172.65874137 4.421194e+16 2.3496703131e-05 1.0 
-48519564.482 7225906.0183 -32820.926879 -1231.9493306 185.36549421 -0.48570725545 4.421194e+16 2.3496703131e-05 1.0 
-29181761.664 160768.76542 -22743878.967 -735.29470474 4.7795746998 -572.27298798 4.421194e+16 2.3496703131e-05 1.0 
-12840330.384 987797.01614 -46599717.407 -325.6182056 25.670612401 -1183.6465775 4.421194e+16 2.3496703131e-05 1.0 
-14448436.693 -5107605.5913 30940647.841 -363.33476158 -130.54165249 776.0746262 4.421194e+16 2.3496703131e-05 1.0 
-8696840.8386 -650127.75901 4713105.6589 -154.86717865 -14.738884522 82.012152336 4.421194e+16 2.3496703131e-05 1.0 
23738152.456 -2970659.3978 32482336.054 600.26328038 -76.186106116 820.11969059 4.421194e+16 2.3496703131e-05 1.0 
33561193.017 1118370.1453 28890084.384 851.03163971 28.490589568 731.52506919 4.421194e+16 2.3496703131e-05 1.0 
20163163.297 -3045111.2639 3235041.5793 482.25792489 -75.795935335 76.808222748 4.421194e+16 2.3496703131e-05 1.0 
-25768500.614 1124393.0064 -17558808.182 -642.89274976 28.443470021 -438.88026102 4.421194e+16 2.3496703131e-05 1.0 
39331344.848 -1902759.16 -5927579.2571 993.11455275 -49.157373289 -150.64973515 4.421194e+16 2.3496703131e-05 1.0 
11065649.696 -386765.26406 -6891419.6304 233.41486062 -10.729456685 -145.58573432 4.421194e+16 2.3496703131e-05 1.0 
24199291.412 1322175.8556 -24130446.31 606.98073709 33.400955437 -605.00336578 4.421194e+16 2.3496703131e-05 1.0 
-3535192.717 -83191.590043 -11648246.284 -72.06489697 -3.4777199634 -238.07999894 4.421194e+16 2.3496703131e-05 1.0 
-5751528.5043 438558.1338 25446722.729 -140.91548713 11.89250505 626.17994549 4.421061e+16 2.3495996295e-05 1.0 
-5829459.3884 770670.21432 13000796.048 -128.32358019 19.062358368 283.9092998 4.421061e+16 2.3495996295e-05 1.0 
15318610.628 2425777.5341 8910888.6591 356.35010538 59.900774469 208.19923718 4.421061e+16 2.3495996295e-05 1.0 
16301875.326 1537737.0861 6266714.7961 378.19141072 38.875922276 145.43269781 4.421061e+16 2.3495996295e-05 1.0 
-31434508.018 1944281.61 13029754.188 -789.09530545 49.225166227 326.77110876 4.421061e+16 2.3495996295e-05 1.0 
-47248639.227 748536.01654 19874758.931 -1201.375888 19.433731775 505.13744825 4.421061e+16 2.3495996295e-05 1.0 
32196052.18 -1267999.2609 -16433455.476 809.43123608 -31.907924284 -414.30073056 4.421061e+16 2.3495996295e-05 1.0 
43104376.329 2206485.6418 -21890830.086 1094.0696247 56.746689595 -556.49025879 4.421061e+16 2.3495996295e-05 1.0 
-19383729.046 -4594071.9818 22784486.814 -482.92912037 -116.7719649 567.24964092 4.421061e+16 2.3495996295e-05 1.0 
-20237603.574 -4038800.3033 16954726.228 -499.50663659 -102.10549634 417.58197541 4.421061e+16 2.3495996295e-05 1.0 
16194077.953 890627.88439 8680473.0514 378.6804579 20.78065301 205.31070678 4.421061e+16 2.3495996295e-05 1.0 
-3772329.6236 31508.724245 19663422.767 -90.359281424 2.0736896372 467.96831655 4.420995e+16 2.3495645534e-05 1.0 
12408845.138 2803517.0317 21547818.431 304.16917094 70.947984991 528.17173752 4.420995e+16 2.3495645534e-05 1.0 
29710986.707 2549141.1853 16795367.094 744.60722643 65.016744327 422.39452044 4.420995e+16 2.3495645534e-05 1.0 
44657730.75 -937096.35516 972152.05838 1132.143326 -23.920320275 23.25486899 4.420995e+16 2.3495645534e-05 1.0 
21117089.653 1059970.5754 -6271102.6474 509.63956463 27.49232789 -153.32679051 4.420995e+16 2.3495645534e-05 1.0 
-22654407.127 29308.206705 3399299.6101 -550.63500767 0.75811978877 82.495275951 4.420995e+16 2.3495645534e-05 1.0 
-41819682.072 -93620.545834 10195093.484 -1058.2745094 -2.2106823319 257.97457961 4.420995e+16 2.3495645534e-05 1.0 
15360245.646 -148739.47785 -28055981.89 384.36064882 -3.4430002754 -702.43981231 4.420995e+16 2.3495645534e-05 1.0 
18637755.408 1544530.9759 -16879429.116 457.26177858 40.408183777 -413.9285557 4.420995e+16 2.3495645534e-05 1.0 
-26190764.692 2250333.7224 -28761140.124 -660.5475287 57.954295607 -725.58816338 4.420995e+16 2.3495645534e-05 1.0 
-21747322.112 328539.16787 -13960929.461 -535.39269592 9.1455218816 -342.64566053 4.420995e+16 2.3495645534e-05 1.0 
-3029862.0551 860004.35819 -12661286.464 -63.532167622 20.922830866 -267.45510798 4.420995e+16 2.3495645534e-05 1.0 
-2615625.5854 289785.93393 11000614.417 -50.532858724 4.0880185392 215.26907179 4.420995e+16 2.3495645534e-05 1.0 
637140.67618 738198.15505 21765802.334 15.696065462 17.308435302 524.92999279 4.420995e+16 2.3495645534e-05 1.0 
-17386743.623 -1325302.6667 27278076.644 -435.70579963 -33.696682779 682.3974687 4.420995e+16 2.3495645534e-05 1.0 
-36393876.034 -2866364.3156 15502224.485 -918.8362952 -73.494872 391.45851471 4.420995e+16 2.3495645534e-05 1.0 
-35119744.915 -2418676.4001 7120313.9375 -883.31328578 -61.623615674 179.66804785 4.420995e+16 2.3495645534e-05 1.0 
12086620.579 -522620.21808 3030172.0367 249.25196766 -12.84154172 63.71170141 4.420995e+16 2.3495645534e-05 1.0 
29740374.368 -4927533.6234 3895042.5284 741.11005702 -125.31467914 95.94098071 4.420995e+16 2.3495645534e-05 1.0 
-30848033.302 -1184913.6702 -17716581.568 -775.24588876 -30.788239764 -445.38559749 4.420995e+16 2.3495645534e-05 1.0 
-28065480.093 646831.15768 -36381005.812 -711.19574734 16.365030502 -923.03676518 4.420995e+16 2.3495645534e-05 1.0 
21598032.448 16175.079608 -14820644.14 531.67510835 -0.96269082956 -365.4329106 4.420995e+16 2.3495645534e-05 1.0 
5905425.0679 -2343048.9014 -10137909.007 120.14923431 -52.71956683 -204.02724425 4.420995e+16 2.3495645534e-05 1.0 
23144078.137 -246300.44173 53231348.771 589.6621667 -6.0892619415 1356.5337476 4.420929e+16 2.3495294773e-05 1.0 
5242102.5736 -1503087.427 31610368.741 130.67206763 -38.516196105 790.1356103 4.420929e+16 2.3495294773e-05 1.0 
8558953.0635 -466337.43077 7175881.2117 166.78679616 -9.4900315827 139.07585777 4.420929e+16 2.3495294773e-05 1.0 
-21573568.047 -827479.93132 -8554905.4624 -524.60616883 -21.745998527 -208.63846431 4.420929e+16 2.3495294773e-05 1.0 
8187404.2191 2564833.3673 35705515.699 205.55617258 66.170981554 898.48801728 4.420797e+16 2.3494593251e-05 1.0 
-2112674.5623 803211.64111 24808809.562 -51.909891816 20.340442169 608.41696611 4.420797e+16 2.3494593251e-05 1.0 
20674983.689 171624.0625 16581787.621 509.54418549 4.3432437518 409.61255244 4.420797e+16 2.3494593251e-05 1.0 
3601496.2065 4871304.3854 -40422007.215 92.612242831 124.6473784 -1021.1587944 4.420797e+16 2.3494593251e-05 1.0 
-16367313.635 640860.62119 -34573481.67 -412.60579287 17.046679623 -871.64744598 4.420797e+16 2.3494593251e-05 1.0 
-3188888.7986 -647333.38612 -27927434.491 -77.968276799 -15.633510594 -692.02055085 4.420797e+16 2.3494593251e-05 1.0 
-7753756.5222 837721.17916 -15231537.253 -178.74987774 21.53819658 -351.43560078 4.420797e+16 2.3494593251e-05 1.0 
1600453.9626 -991118.0765 11089973.292 29.969400481 -22.448013552 215.74381854 4.420797e+16 2.3494593251e-05 1.0 
25053786.954 -1023473.6765 28782645.572 631.88250128 -26.609647146 725.31722019 4.420797e+16 2.3494593251e-05 1.0 
-4124323.523 -112346.46043 17816020.033 -97.124354973 -2.6668194265 417.64554717 4.420797e+16 2.3494593251e-05 1.0 
-43219952.109 2176702.9023 5494306.6314 -1094.2064627 55.090911717 139.11507607 4.420797e+16 2.3494593251e-05 1.0 
-12788317.935 -797736.35817 -6731817.4102 -281.61847127 -20.099113821 -147.12223114 4.420797e+16 2.3494593251e-05 1.0 
17280916.754 -2414394.6012 -45520133.693 437.82645822 -61.991358215 -1156.2246601 4.420797e+16 2.3494593251e-05 1.0 
-4900795.466 -1510846.6221 -30200613.537 -121.76277125 -39.084189396 -752.5986389 4.420797e+16 2.3494593251e-05 1.0 
17111684.859 430698.04074 -22506543.903 424.50082976 9.5593351351 -558.45584232 4.420797e+16 2.3494593251e-05 1.0 
15374833.088 1268050.7743 -26111558.597 383.18534944 31.210418249 -650.38857947 4.420797e+16 2.3494593251e-05 1.0 
-246109.29594 -1613742.323 -17069377.318 -4.7370417929 -40.239673448 -394.19840607 4.420797e+16 2.3494593251e-05 1.0 
17124095.366 1386055.5998 8498721.8376 403.36504173 34.852932413 202.26579581 4.420731e+16 2.349424249e-05 1.0 
42981396.727 200204.30089 -17310371.611 1089.9412583 5.6036036556 -440.32647424 4.420731e+16 2.349424249e-05 1.0 
-47538358.686 3327589.1788 -21684901.194 -1208.8822621 85.541323251 -551.22830663 4.420731e+16 2.349424249e-05 1.0 
-21540401.499 -2878172.3771 21750482.663 -537.04424764 -73.02212153 542.38864192 4.420731e+16 2.349424249e-05 1.0 
10567878.884 -28064.985995 -3681616.786 205.27711839 -2.5620266116 -71.679001985 4.420731e+16 2.349424249e-05 1.0 
-7560585.1857 5761512.0434 35366844.551 -190.63174017 147.46127853 889.37140373 4.420665e+16 2.3493891729e-05 1.0 
-5219649.6277 207670.60911 8789348.5347 -96.228481545 5.8002348067 159.04590062 4.420665e+16 2.3493891729e-05 1.0 
21942750.298 2516017.4073 14642603.672 540.49168314 64.360272542 361.05797652 4.420665e+16 2.3493891729e-05 1.0 
9802098.1076 959511.02402 2955189.1948 178.95434977 21.590076918 53.74039994 4.420665e+16 2.3493891729e-05 1.0 
-19492884.915 767244.3507 9427764.506 -470.74179263 19.345611967 227.69514445 4.420665e+16 2.3493891729e-05 1.0 
-44780679.879 1154410.2549 12915083.162 -1135.7909659 29.975279264 326.8475659 4.420665e+16 2.3493891729e-05 1.0 
36394853.206 389919.39888 -14192067.702 918.86110787 10.115618468 -359.14375795 4.420665e+16 2.3493891729e-05 1.0 
33729920.455 455180.82625 -17840749.412 849.53550096 12.549906505 -450.20138074 4.420665e+16 2.3493891729e-05 1.0 
-16060194.603 -2159162.3271 -13668526.611 -386.45225299 -53.739755304 -328.7498321 4.420665e+16 2.3493891729e-05 1.0 
-38432702.358 743631.05014 -9667794.7805 -969.72443512 20.031737897 -244.8969401 4.420665e+16 2.3493891729e-05 1.0 
10981264.468 2393431.9637 -39547138.473 277.43951228 61.418211666 -1000.6156086 4.420665e+16 2.3493891729e-05 1.0 
21110103.764 2346933.5442 -22779939.603 526.63915726 60.809088192 -567.81041653 4.420665e+16 2.3493891729e-05 1.0 
-14251022.843 -821536.73955 -34616732.654 -358.82639789 -21.004915865 -872.46473084 4.420665e+16 2.3493891729e-05 1.0 
-8904739.4452 631564.48367 -3898068.3218 -154.72289667 14.139663925 -69.078530672 4.420665e+16 2.3493891729e-05 1.0 
-2136070.5062 -848203.73528 -50726139.768 -53.324650926 -21.662910205 -1289.6992367 4.420665e+16 2.3493891729e-05 1.0 
-18237382.234 -3520721.3008 38712792.384 -460.95768766 -90.363196141 980.12465328 4.420665e+16 2.3493891729e-05 1.0 
-24160703.136 -4515654.9736 18621186.916 -602.0664824 -114.98756683 464.34414193 4.420665e+16 2.3493891729e-05 1.0 
25638300.018 2033547.4976 14456082.777 636.77721137 50.744952014 360.98487876 4.420665e+16 2.3493891729e-05 1.0 
-35005851.565 -1357964.0076 -10036092.038 -881.53039421 -34.582444197 -252.25251524 4.420665e+16 2.3493891729e-05 1.0 
39355329.902 -3832068.192 -10371617.414 994.81653656 -98.179972215 -262.16718122 4.420665e+16 2.3493891729e-05 1.0 
-25829380.789 -2362456.7713 -37951783.791 -655.26679098 -60.482485264 -962.19155305 4.420665e+16 2.3493891729e-05 1.0 
38135718.309 531533.07878 -28625423.833 967.935908 13.491533796 -726.73114082 4.420665e+16 2.3493891729e-05 1.0 
-6369786.2608 -258706.46638 -12684027.959 -139.05491088 -7.2970118509 -277.15156307 4.420665e+16 2.3493891729e-05 1.0 
30481798.669 2564158.6168 -39203144.8 774.22163169 65.527965353 -996.14355221 4.420665e+16 2.3493891729e-05 1.0 
-10054832.078 -1616451.0321 -31827476.872 -251.18823778 -42.03349953 -797.53381986 4.420665e+16 2.3493891729e-05 1.0 
29722809.646 2363431.9041 41477022.115 755.15015261 60.930050202 1054.7108748 4.420534e+16 2.3493195521e-05 1.0 
26590428.391 1526835.9263 15294105.053 662.0882212 39.873475106 381.90446786 4.420534e+16 2.3493195521e-05 1.0 
18893001.782 190741.29856 -5083529.7554 448.2717316 4.5678040987 -121.79609966 4.420534e+16 2.3493195521e-05 1.0 
37704266.711 2214361.8138 -19495412.187 953.10781968 57.23463285 -494.78618749 4.420534e+16 2.3493195521e-05 1.0 
-36742461.288 3334646.7798 -32167830.381 -932.51617664 85.491127886 -817.86690428 4.420534e+16 2.3493195521e-05 1.0 
-41495968.216 2525905.6319 -17491701.115 -1051.3031806 65.021822128 -443.51259987 4.420534e+16 2.3493195521e-05 1.0 
6785122.5724 1549818.9296 -55835937.654 172.39228153 39.758580894 -1422.0087933 4.420534e+16 2.3493195521e-05 1.0 
11186150.205 -479986.55762 -16680278.577 266.7033626 -10.186425068 -397.25175426 4.420534e+16 2.3493195521e-05 1.0 
-1517365.0585 1036443.3754 42520433.344 -38.162720097 26.217070429 1075.982603 4.420534e+16 2.3493195521e-05 1.0 
-9657660.4135 -206397.38237 2639181.9399 -172.40452358 -5.5888988431 46.137002975 4.420534e+16 2.3493195521e-05 1.0 
-25385816.134 -911961.00962 39158383.369 -643.78391463 -23.661422653 993.55115855 4.420534e+16 2.3493195521e-05 1.0 
-25968569.814 -3927982.0841 23289682.194 -651.58604832 -99.980451532 585.41175494 4.420534e+16 2.3493195521e-05 1.0 
-44695227.153 1325436.6708 -10810725.359 -1133.3994104 33.468402025 -273.77029685 4.420534e+16 2.3493195521e-05 1.0 
-38113168.219 -572610.95083 -2912101.3616 -961.83383416 -14.395560008 -73.258850115 4.420534e+16 2.3493195521e-05 1.0 
30501853.776 -197254.45809 -16649555.591 764.89187134 -5.8205598023 -419.61599616 4.420534e+16 2.3493195521e-05 1.0 
12137186.69 -845459.09864 -26081663.001 301.7880742 -21.029183401 -647.91023537 4.420534e+16 2.3493195521e-05 1.0 
-28558310.666 -2012564.4277 -49020583.742 -728.18015645 -51.78715813 -1248.1842699 4.420534e+16 2.3493195521e-05 1.0 
136148.432 702358.59305 10898499.859 0.8865050102 16.096070857 207.99594723 4.420404e+16 2.3492504628e-05 1.0 
1262582.2061 2292872.5964 20862356.48 29.517847647 57.465160179 500.24394304 4.420404e+16 2.3492504628e-05 1.0 
17826737.584 3936163.0424 17540493.504 437.11156624 99.808166794 430.1721863 4.420404e+16 2.3492504628e-05 1.0 
-2825601.5708 2131503.3248 28046033.738 -70.470496764 54.468612036 694.85451249 4.420404e+16 2.3492504628e-05 1.0 
-16038426.022 1795945.6586 45700846.375 -406.17423677 46.389104731 1160.8431172 4.420404e+16 2.3492504628e-05 1.0 
-18277496.262 1160878.566 29269675.443 -458.59315603 30.10498004 734.47350952 4.420404e+16 2.3492504628e-05 1.0 
-27423546.832 280731.78605 35994111.864 -695.12337369 7.5381896698 912.88165206 4.420404e+16 2.3492504628e-05 1.0 
-33199432.839 1198681.0442 31272845.184 -841.66975895 31.126812411 793.01078801 4.420404e+16 2.3492504628e-05 1.0 
-44020309.48 2680591.1952 11946457.821 -1115.4892157 69.023468607 303.05380496 4.420404e+16 2.3492504628e-05 1.0 
-37748961.117 2422368.609 4399178.6268 -950.78477642 62.553484129 110.7616233 4.420404e+16 2.3492504628e-05 1.0 
12635508.683 -1272515.7407 -16510373.156 302.00757354 -31.138446066 -397.67751718 4.420404e+16 2.3492504628e-05 1.0 
24605770.653 441772.65668 -15598307.937 611.33971627 13.061658249 -386.67914165 4.420404e+16 2.3492504628e-05 1.0 
-39569760.682 1741392.2976 3871007.2503 -998.32137042 45.291698101 98.861489056 4.420404e+16 2.3492504628e-05 1.0 
-28715465.114 5557216.5641 -38041948.941 -728.80079787 142.50044038 -965.35003062 4.420404e+16 2.3492504628e-05 1.0 
-19152281.207 -562536.68769 -11435405.177 -463.37703575 -12.798997953 -276.77963408 4.420404e+16 2.3492504628e-05 1.0 
3606028.8699 -2277683.5518 10021523.372 69.604790385 -49.962895306 189.6325694 4.420404e+16 2.3492504628e-05 1.0 
-5697003.2094 27230.458211 24459705.207 -138.97933768 0.040925594791 600.22169888 4.420404e+16 2.3492504628e-05 1.0 
10204481.529 149379.71696 7734316.2594 213.16875058 1.7570243131 161.88664491 4.420404e+16 2.3492504628e-05 1.0 
52200869.581 -8137113.4157 16150093.748 1328.8120309 -208.8272274 411.65002549 4.420404e+16 2.3492504628e-05 1.0 
59065217.512 -4607354.8394 6271927.8729 1505.8116228 -118.29926018 160.46416834 4.420404e+16 2.3492504628e-05 1.0 
-38374680.263 599649.62333 -41571509.519 -976.55121185 15.311679864 -1059.3187592 4.420404e+16 2.3492504628e-05 1.0 
32346631.993 -2426136.5131 -3082499.7202 809.52766696 -61.727297964 -77.527111731 4.420404e+16 2.3492504628e-05 1.0 
26417774.736 633637.60419 -26176603.325 664.09967608 15.297282053 -659.76928809 4.420404e+16 2.3492504628e-05 1.0 
6105069.8422 5353580.2199 54234343.124 156.0026481 137.36661727 1380.508112 4.420274e+16 2.3491813736e-05 1.0 
-6325526.2607 243670.42073 7978674.4963 -113.17138055 6.8283351966 144.91631641 4.420274e+16 2.3491813736e-05 1.0 
44914573.095 4733897.4788 34304573.099 1143.8674652 121.7999177 873.67714454 4.420274e+16 2.3491813736e-05 1.0 
-24606800.744 665361.52019 11670537.929 -608.48916167 18.456239179 287.75807886 4.420274e+16 2.3491813736e-05 1.0 
-45439002.685 8535729.2423 -22996855.796 -1155.1208178 218.89026277 -583.69738923 4.420274e+16 2.3491813736e-05 1.0 
9750031.9643 7129854.1185 -42308302.254 245.83708466 182.71936095 -1071.3658444 4.420274e+16 2.3491813736e-05 1.0 
16737246.566 -3168419.8614 31989572.006 420.6661935 -81.475824931 804.38765851 4.420274e+16 2.3491813736e-05 1.0 
-20909027.351 -3564920.6647 57621239.132 -533.82757145 -91.472230952 1469.1370881 4.420274e+16 2.3491813736e-05 1.0 
-31607165.479 -842003.51923 7339076.7139 -790.56176692 -22.228829111 182.86329447 4.420274e+16 2.3491813736e-05 1.0 
37900141.342 -1624336.9522 34726605.247 963.41297039 -41.695640248 883.61087656 4.420274e+16 2.3491813736e-05 1.0 
-57432063.146 -428758.93881 -9510549.1789 -1462.9770888 -11.39825296 -242.78878467 4.420274e+16 2.3491813736e-05 1.0 
17541547.148 -378957.19258 -8740079.8434 415.92152245 -10.720843664 -208.23113752 4.420274e+16 2.3491813736e-05 1.0 
6379937.1366 -2191305.0753 -56392882.839 163.24634519 -56.230669648 -1436.2526056 4.420274e+16 2.3491813736e-05 1.0 
