#   x1                  x2                  x3                  v1                  v2                  v3                  mass                rel_mass            mat0_frac           mat1_frac           mat2_frac
    6.0425384776e+06    8.2633653430e+07   -8.4377371821e+03    1.7996622069e+02    2.0464250898e+03   -2.4110628721e-01    9.6932126819e+22    6.6088596890e-01    8.0486488709e-01    1.9513511291e-01    0.0000000000e+00
   -1.2142218654e+07   -1.6448244048e+08   -7.1983058366e+03   -3.6197475222e+02   -4.0762373305e+03   -2.0045246313e-01    4.8359653183e+22    3.2971747653e-01    9.1128417696e-01    8.8715823039e-02    0.0000000000e+00
   -4.1644873158e+06   -1.6109411354e+08    1.5584930738e+06   -5.7239054709e+02   -4.4739222247e+03   -1.9102616126e+01    9.4054400000e+18    6.4126554645e-05    1.0000000000e+00    0.0000000000e+00    0.0000000000e+00
    1.1974392872e+07   -1.2289601287e+08   -3.6334383910e+06    2.3579692048e+02   -3.1669888533e+03   -8.4134136990e+01    9.3985310000e+18    6.4079448888e-05    1.0000000000e+00    0.0000000000e+00    0.0000000000e+00
    8.4778767458e+06   -1.3673287022e+08   -2.0153163539e+04    1.1742497031e+02   -3.5679762323e+03    5.7874221763e+00    9.3707690000e+18    6.3890166791e-05    1.0000000000e+00    0.0000000000e+00    0.0000000000e+00
    2.0781951210e+06   -1.5406195775e+08    3.0464281861e+06   -1.8853294604e+02   -4.1242759176e+03    7.5702018808e+01    9.3707690000e+18    6.3890166791e-05    1.0000000000e+00    0.0000000000e+00    0.0000000000e+00
   -7.8010517849e+06    4.1080842859e+07    7.6991931055e+05   -1.8482834234e+02    1.2488431740e+03    6.4495967657e+00    3.2830910000e+18    2.2384206844e-05    0.0000000000e+00    1.0000000000e+00    0.0000000000e+00
    4.5942363813e+06    8.1262443272e+07    1.6005717811e+06    5.8642530570e+02    2.3728344383e+03   -5.0756485520e+01    3.2810460000e+18    2.2370263976e-05    0.0000000000e+00    1.0000000000e+00    0.0000000000e+00
   -6.5521723529e+06    3.9074247593e+07    2.2391585730e+06   -1.6148364221e+02    1.1923383201e+03    2.1172161110e+01    3.2739490000e+18    2.2321876430e-05    0.0000000000e+00    1.0000000000e+00    0.0000000000e+00
    9.2734923080e+06    2.5869802566e+07   -1.4864703245e+07    1.9064009473e+02    7.9184051677e+02   -3.2783630572e+02    3.2709370000e+18    2.2301340530e-05    0.0000000000e+00    1.0000000000e+00    0.0000000000e+00
    1.4904267295e+07    3.9182317016e+07   -1.9567824213e+07    3.0109653297e+02    1.1476582077e+03   -4.0945189045e+02    3.2689390000e+18    2.2287718109e-05    0.0000000000e+00    1.0000000000e+00    0.0000000000e+00
    1.2073956283e+07    3.3108570993e+07    5.6013071326e+06    2.4383768090e+02    1.0062049117e+03    1.2777958506e+02    3.2679420000e+18    2.2280920535e-05    0.0000000000e+00    1.0000000000e+00    0.0000000000e+00
    4.1156869319e+06    2.8788078703e+06    7.3382793794e+06    7.7107080662e+01    1.6904181232e+02    1.8597629119e+02    3.2679420000e+18    2.2280920535e-05    0.0000000000e+00    1.0000000000e+00    0.0000000000e+00
   -1.2111056451e+07   -3.4575622148e+07   -8.0343213400e+06   -3.1620349292e+02   -8.2077010690e+02   -1.7897338590e+02    3.2629870000e+18    2.2247137206e-05    0.0000000000e+00    1.0000000000e+00    0.0000000000e+00
   -1.0071590395e+06    2.5780561777e+07   -1.6548971048e+07   -4.3355443517e+01    7.8928135560e+02   -3.5673816036e+02    3.2629870000e+18    2.2247137206e-05    0.0000000000e+00    1.0000000000e+00    0.0000000000e+00
   -3.2328452801e+06    2.2839797292e+07    2.7751894369e+07   -1.0504084766e+02    6.7950309024e+02    6.1651236542e+02    3.2590560000e+18    2.2220335537e-05    0.0000000000e+00    1.0000000000e+00    0.0000000000e+00
    1.6036202464e+06    7.4065867037e+07    4.0206684656e+06    1.4404465182e+02    2.5878055289e+03   -2.7606682773e+02    3.2590560000e+18    2.2220335537e-05    0.0000000000e+00    1.0000000000e+00    0.0000000000e+00
   -1.4097722116e+07    7.0282274194e+07   -2.8076269626e+06   -8.7177537357e+01    2.0946884663e+03   -3.1997846667e-01    3.2590560000e+18    2.2220335537e-05    0.0000000000e+00    1.0000000000e+00    0.0000000000e+00
   -8.6053537230e+06    1.4356170925e+07    4.2844315786e+06   -2.2601602235e+02    4.8127934762e+02    1.0049210898e+02    3.2590560000e+18    2.2220335537e-05    0.0000000000e+00    1.0000000000e+00    0.0000000000e+00
   -1.2119523362e+07   -2.7484432014e+07   -3.3057104803e+06   -3.1563408050e+02   -6.3544880510e+02   -7.1784801406e+01    3.2590560000e+18    2.2220335537e-05    0.0000000000e+00    1.0000000000e+00    0.0000000000e+00
   -1.3756606226e+07    2.5587115066e+07   -2.3371893615e+07   -3.3514470614e+02    7.6898802359e+02   -5.1798375292e+02    3.2512780000e+18    2.2167304914e-05    0.0000000000e+00    1.0000000000e+00    0.0000000000e+00
   -1.0419153618e+07   -2.8265710363e+07    1.5514306572e+07   -2.7604948696e+02   -6.5807888105e+02    3.7507687013e+02    3.2445600000e+18    2.2121501401e-05    0.0000000000e+00    1.0000000000e+00    0.0000000000e+00
   -6.5454088464e+05    3.4689815714e+07    1.8716370588e+06   -2.4266151341e+01    1.0690638320e+03    5.7556166092e+01    3.2445600000e+18    2.2121501401e-05    0.0000000000e+00    1.0000000000e+00    0.0000000000e+00
    1.7582679275e+07    6.7316529140e+07   -2.1098047973e+07    2.4092487374e+02    1.8172026617e+03   -2.6315833410e+02    3.2445600000e+18    2.2121501401e-05    0.0000000000e+00    1.0000000000e+00    0.0000000000e+00
    5.6573538704e+06   -4.0026944142e+07   -3.3381659503e+07    1.1989417048e+02   -9.6540015770e+02   -8.0069151132e+02    3.2436070000e+18    2.2115003820e-05    0.0000000000e+00    1.0000000000e+00    0.0000000000e+00
    5.8213994137e+06   -2.7423599518e+07   -3.8423739181e+07    1.2151957589e+02   -6.4312169922e+02   -9.1579032928e+02    3.2436070000e+18    2.2115003820e-05    0.0000000000e+00    1.0000000000e+00    0.0000000000e+00
   -4.0304382336e+05    2.4345402088e+07    3.2830918626e+07   -3.7984658486e+01    7.1515102702e+02    7.3415735993e+02    3.2417060000e+18    2.2102042749e-05    0.0000000000e+00    1.0000000000e+00    0.0000000000e+00
   -9.4615706422e+06    7.0029975976e+07   -5.6594729248e+05    3.2344621819e+01    2.1788482539e+03   -9.3440411811e+00    3.2417060000e+18    2.2102042749e-05    0.0000000000e+00    1.0000000000e+00    0.0000000000e+00
   -8.9188283608e+06    7.3753327562e+07   -5.6729743871e+06    8.8612303484e+01    2.1890369886e+03    1.5538237186e+02    3.2417060000e+18    2.2102042749e-05    0.0000000000e+00    1.0000000000e+00    0.0000000000e+00
   -1.0786948620e+07    1.7660901065e+07    8.9293851625e+06   -2.8070802584e+02    5.6379997759e+02    1.7832352407e+02    3.2388660000e+18    2.2082679549e-05    0.0000000000e+00    1.0000000000e+00    0.0000000000e+00
   -1.9267849738e+07    5.8246672581e+07    3.2112608909e+06   -3.4471173782e+02    1.7178735891e+03    6.8124198954e+01    3.2388660000e+18    2.2082679549e-05    0.0000000000e+00    1.0000000000e+00    0.0000000000e+00
   -1.3627792004e+07    7.0128923865e+07    1.2351675532e+06   -7.8906664536e+01    2.1038284048e+03   -4.3460852558e+01    3.2379220000e+18    2.2076243330e-05    0.0000000000e+00    1.0000000000e+00    0.0000000000e+00
   -1.0427269856e+07    2.5046484300e+07   -2.1817626395e+07   -2.6715893583e+02    7.5455574493e+02   -4.7421059087e+02    3.2379220000e+18    2.2076243330e-05    0.0000000000e+00    1.0000000000e+00    0.0000000000e+00
   -1.1479995906e+07   -3.2460763660e+07   -3.6496167926e+07   -2.9939562336e+02   -7.7114591617e+02   -8.6677922506e+02    3.2379220000e+18    2.2076243330e-05    0.0000000000e+00    1.0000000000e+00    0.0000000000e+00
    4.8963702703e+06    7.5953175947e+07   -1.4539023348e+06   -8.2690513674e+00    2.9753427994e+03    1.6755105659e+02    3.2341630000e+18    2.2050614363e-05    0.0000000000e+00    1.0000000000e+00    0.0000000000e+00
   -4.4130102929e+07    4.2615823392e+05   -1.7330948773e+07   -1.0917314622e+03    8.7310558833e+01   -3.9768193093e+02    3.2341630000e+18    2.2050614363e-05    0.0000000000e+00    1.0000000000e+00    0.0000000000e+00
    8.3296959128e+06   -4.0685597158e+06   -3.6630083732e+07    1.8075206013e+02   -3.5862110489e+01   -8.5235382308e+02    3.2341630000e+18    2.2050614363e-05    0.0000000000e+00    1.0000000000e+00    0.0000000000e+00
   -1.2903256840e+07   -7.2406439462e+07    4.4214621389e+07   -3.3493218735e+02   -1.7989483606e+03    1.0669766313e+03    3.2313600000e+18    2.2031503430e-05    0.0000000000e+00    1.0000000000e+00    0.0000000000e+00
   -1.1398105306e+07    2.6205780623e+07   -3.4208413345e+07   -2.9211245801e+02    7.5795078207e+02   -7.5843083442e+02    3.2313600000e+18    2.2031503430e-05    0.0000000000e+00    1.0000000000e+00    0.0000000000e+00
   -1.5160726339e+07    6.7888915006e+06   -3.3738420326e+07   -3.8444136201e+02    2.5329607902e+02   -7.7637384003e+02    3.2313600000e+18    2.2031503430e-05    0.0000000000e+00    1.0000000000e+00    0.0000000000e+00
   -9.6280526924e+06   -7.5509920933e+07   -1.1517850463e+07   -2.5220099965e+02   -1.8876440852e+03   -2.8635724297e+02    3.2304290000e+18    2.2025155845e-05    0.0000000000e+00    1.0000000000e+00    0.0000000000e+00
   -1.9641987171e+06   -6.7834537522e+07    5.9129451299e+07   -6.7921679423e+01   -1.6796903940e+03    1.4346275963e+03    3.2285700000e+18    2.2012481131e-05    0.0000000000e+00    1.0000000000e+00    0.0000000000e+00
    4.8634942136e+06   -1.3185716738e+08    1.3660941336e+07    7.0933763117e+01   -3.4023624039e+03    2.6075787736e+02    3.2285700000e+18    2.2012481131e-05    0.0000000000e+00    1.0000000000e+00    0.0000000000e+00
    2.0174942392e+07    3.5712593503e+07   -2.3183269528e+07    4.2923228489e+02    1.0283096880e+03   -4.9575974566e+02    3.2267180000e+18    2.1999854143e-05    0.0000000000e+00    1.0000000000e+00    0.0000000000e+00
   -2.2832256852e+07   -3.5177094842e+07   -3.1990591748e+07   -5.7887995564e+02   -8.3773038860e+02   -7.5960719188e+02    3.2267180000e+18    2.1999854143e-05    0.0000000000e+00    1.0000000000e+00    0.0000000000e+00
   -1.6424590912e+07   -9.0187568681e+07    5.8471839741e+06   -4.1571913263e+02   -2.2727595258e+03    1.3121193055e+02    3.2248710000e+18    2.1987261245e-05    0.0000000000e+00    1.0000000000e+00    0.0000000000e+00
    7.7214917228e+06   -1.4114562059e+08   -4.0451605963e+06    9.9850096616e+01   -3.6917751642e+03   -5.8873198968e+01    3.2248710000e+18    2.1987261245e-05    0.0000000000e+00    1.0000000000e+00    0.0000000000e+00
   -1.1709023817e+07   -3.7120797715e+07    2.5055986273e+07   -3.0663657008e+02   -8.8841266616e+02    6.0333448875e+02    3.2248710000e+18    2.1987261245e-05    0.0000000000e+00    1.0000000000e+00    0.0000000000e+00
   -8.7825974153e+06    5.9200147553e+07   -7.9997550246e+06   -1.1639742099e+02    1.8064142266e+03   -8.8349768625e+01    3.2248710000e+18    2.1987261245e-05    0.0000000000e+00    1.0000000000e+00    0.0000000000e+00
    3.0103694632e+07   -1.4503283682e+06   -4.0305984621e+07    7.0739645732e+02    1.6223903994e+01   -9.3976938559e+02    3.2248710000e+18    2.1987261245e-05    0.0000000000e+00    1.0000000000e+00    0.0000000000e+00
   -2.5619867257e+07    4.0893425576e+07   -2.9877038329e+07   -6.0440716828e+02    1.1370972170e+03   -6.2867832974e+02    3.2248710000e+18    2.1987261245e-05    0.0000000000e+00    1.0000000000e+00    0.0000000000e+00
   -2.9297478409e+07    4.0226166806e+07    6.5427904962e+06   -6.6779926341e+02    1.1684339349e+03    1.3567003325e+02    3.2230300000e+18    2.1974709255e-05    0.0000000000e+00    1.0000000000e+00    0.0000000000e+00
    2.7376217350e+06   -2.4105655247e+07   -6.7797322873e+07    4.4969568702e+01   -5.7020990672e+02   -1.6329258545e+03    3.2230300000e+18    2.1974709255e-05    0.0000000000e+00    1.0000000000e+00    0.0000000000e+00
   -3.5289238735e+07   -2.6865785578e+07   -5.0131584486e+07   -8.8825976995e+02   -6.3021417609e+02   -1.2000748363e+03    3.2230300000e+18    2.1974709255e-05    0.0000000000e+00    1.0000000000e+00    0.0000000000e+00
   -4.8728879073e+05   -3.8922166843e+07    3.9386274273e+07   -2.9437733172e+01   -9.3497247856e+02    9.5435629983e+02    3.2221120000e+18    2.1968450305e-05    0.0000000000e+00    1.0000000000e+00    0.0000000000e+00
   -1.9028043225e+07   -3.8749363164e+07    4.7415364701e+07   -4.9181113428e+02   -9.3629257498e+02    1.1381647276e+03    3.2202800000e+18    2.1955959678e-05    0.0000000000e+00    1.0000000000e+00    0.0000000000e+00
   -9.6786797152e+06   -1.4188324312e+08    5.3812358113e+06   -2.3332866161e+02   -3.7737364075e+03    4.9275512008e+01    3.2202800000e+18    2.1955959678e-05    0.0000000000e+00    1.0000000000e+00    0.0000000000e+00
    1.4064469652e+07   -1.6882296871e+07    4.5069195957e+07    3.2177924640e+02   -3.7491670231e+02    1.0703912082e+03    3.2193650000e+18    2.1949721182e-05    0.0000000000e+00    1.0000000000e+00    0.0000000000e+00
   -2.8072268642e+07    1.6254234621e+07   -1.0625471305e+06   -6.8101990449e+02    5.2321376514e+02   -2.6249952862e+01    3.2193650000e+18    2.1949721182e-05    0.0000000000e+00    1.0000000000e+00    0.0000000000e+00
    6.0608001576e+06    7.5318094620e+06    5.9065129399e+07    1.2003488303e+02    2.3537234613e+02    1.3894623771e+03    3.2184530000e+18    2.1943503140e-05    0.0000000000e+00    1.0000000000e+00    0.0000000000e+00
   -1.7065548175e+07    6.6935173930e+07    2.7315712476e+06   -2.0628533447e+02    1.9672098384e+03   -5.8139414088e+00    3.2184530000e+18    2.1943503140e-05    0.0000000000e+00    1.0000000000e+00    0.0000000000e+00
    1.9858679470e+07   -6.8251666296e+07   -3.6198481606e+07    4.6330985579e+02   -1.6991361056e+03   -8.5395330801e+02    3.2172740000e+18    2.1935464685e-05    0.0000000000e+00    1.0000000000e+00    0.0000000000e+00
   -7.3769843952e+07   -1.9427087760e+08   -3.9747062923e+07   -1.8213516742e+03   -4.7840533523e+03   -9.5423908495e+02    3.2172740000e+18    2.1935464685e-05    0.0000000000e+00    1.0000000000e+00    0.0000000000e+00
    2.3047208633e+07    2.7571842969e+07   -6.5850358988e+07    5.2909385334e+02    7.2543963780e+02   -1.5459270271e+03    3.2166310000e+18    2.1931080693e-05    0.0000000000e+00    1.0000000000e+00    0.0000000000e+00
   -3.8792008569e+06    7.9989389506e+07   -2.3174921524e+05    5.6949301905e+02    2.4462422101e+03    3.0901956138e+02    3.2166310000e+18    2.1931080693e-05    0.0000000000e+00    1.0000000000e+00    0.0000000000e+00
   -1.8266439697e+07   -1.2608807667e+08    2.9874660676e+07   -4.5275369069e+02   -3.1929406146e+03    6.4638042468e+02    3.2157230000e+18    2.1924889924e-05    0.0000000000e+00    1.0000000000e+00    0.0000000000e+00
   -8.0449782253e+06   -8.6744921659e+07    2.5821785379e+07   -2.1687917123e+02   -2.1727383745e+03    5.9688075883e+02    3.2157230000e+18    2.1924889924e-05    0.0000000000e+00    1.0000000000e+00    0.0000000000e+00
    2.1169734344e+07    5.6106632676e+07    1.0457127526e+07    3.3540811073e+02    1.6080042486e+03    1.3441007755e+02    3.2139200000e+18    2.1912597019e-05    0.0000000000e+00    1.0000000000e+00    0.0000000000e+00
    2.6459197743e+06    4.7990495322e+07    3.6966107308e+07    2.6302600246e+01    1.3146861373e+03    7.6938480320e+02    3.2139200000e+18    2.1912597019e-05    0.0000000000e+00    1.0000000000e+00    0.0000000000e+00
   -1.4021483696e+07    3.0740512641e+07    5.4124798077e+07   -3.5772221060e+02    8.3022347359e+02    1.2348594885e+03    3.2139100000e+18    2.1912528838e-05    0.0000000000e+00    1.0000000000e+00    0.0000000000e+00
   -2.6438691403e+07   -1.1474656838e+08   -1.0638214361e+07   -6.3887294698e+02   -2.9221191324e+03   -2.5058883586e+02    3.2139100000e+18    2.1912528838e-05    0.0000000000e+00    1.0000000000e+00    0.0000000000e+00
   -2.5212787658e+06    8.5619140031e+06    4.7650510577e+07   -8.4051500380e+01    2.8738884222e+02    1.1272695334e+03    3.2139100000e+18    2.1912528838e-05    0.0000000000e+00    1.0000000000e+00    0.0000000000e+00
   -3.6507682618e+07   -1.3744327056e+08    9.1995515899e+06   -8.1457507609e+02   -3.4850785142e+03    1.8204206679e+02    3.2139100000e+18    2.1912528838e-05    0.0000000000e+00    1.0000000000e+00    0.0000000000e+00
   -3.0718725802e+07   -1.1512421001e+08   -1.6027001021e+07   -7.4210375982e+02   -2.9199425954e+03   -3.6892844947e+02    3.2139100000e+18    2.1912528838e-05    0.0000000000e+00    1.0000000000e+00    0.0000000000e+00
   -3.5551512058e+07    2.0412695973e+07    2.8140862386e+05   -8.5883580456e+02    6.2605305719e+02    1.6810319450e+01    3.2139100000e+18    2.1912528838e-05    0.0000000000e+00    1.0000000000e+00    0.0000000000e+00
   -1.3589430082e+07    7.0575997953e+07    2.3573547080e+06   -5.6452617585e+01    2.1048684410e+03    3.1572945351e+01    3.2139100000e+18    2.1912528838e-05    0.0000000000e+00    1.0000000000e+00    0.0000000000e+00
    4.8846733913e+07    8.6860670085e+07   -4.5420463989e+07    1.1052634711e+03    2.1405403616e+03   -1.0260333374e+03    3.2139100000e+18    2.1912528838e-05    0.0000000000e+00    1.0000000000e+00    0.0000000000e+00
   -1.4072561402e+07    1.4499202684e+07    5.1132605911e+07   -3.6011742837e+02    4.3505893255e+02    1.1964467259e+03    3.2121020000e+18    2.1900201844e-05    0.0000000000e+00    1.0000000000e+00    0.0000000000e+00
   -4.1667392235e+07   -8.8466543373e+06    4.6547351474e+07   -1.0419878011e+03   -1.6737987632e+02    1.1056426412e+03    3.2121020000e+18    2.1900201844e-05    0.0000000000e+00    1.0000000000e+00    0.0000000000e+00
   -1.7291196367e+07    6.2033986519e+07    1.6297736643e+06   -2.6571352734e+02    1.8361265043e+03   -2.2131804813e+01    3.2121020000e+18    2.1900201844e-05    0.0000000000e+00    1.0000000000e+00    0.0000000000e+00
   -5.1826024869e+06   -3.1888946736e+07    4.6180348699e+06   -1.4502340779e+02   -7.4906012346e+02    1.1452301410e+02    3.2121020000e+18    2.1900201844e-05    0.0000000000e+00    1.0000000000e+00    0.0000000000e+00
   -3.4377138865e+07   -2.7831725849e+07   -2.8800067935e+07   -8.6241699772e+02   -6.4580260812e+02   -6.8444516832e+02    3.2121020000e+18    2.1900201844e-05    0.0000000000e+00    1.0000000000e+00    0.0000000000e+00
   -8.8900917985e+06   -1.0920017600e+08    1.3740637291e+07   -2.4410514358e+02   -2.7897475356e+03    2.8977901808e+02    3.2117030000e+18    2.1897481450e-05    0.0000000000e+00    1.0000000000e+00    0.0000000000e+00
    8.5007232480e+06   -1.2622804068e+08   -3.8017525883e+06    1.4931450894e+02   -3.2659713220e+03   -7.7755680043e+01    3.2106000000e+18    2.1889961165e-05    0.0000000000e+00    1.0000000000e+00    0.0000000000e+00
   -2.4656817478e+06   -8.7880929446e+07   -4.4059573237e+07   -8.5143999780e+01   -2.1964871601e+03   -1.0380952029e+03    3.2106000000e+18    2.1889961165e-05    0.0000000000e+00    1.0000000000e+00    0.0000000000e+00
   -3.2800796807e+07   -1.2946386535e+08    6.1984724076e+07   -8.1992835221e+02   -3.2266250441e+03    1.4724244741e+03    3.2103000000e+18    2.1887915757e-05    0.0000000000e+00    1.0000000000e+00    0.0000000000e+00
   -4.2634107186e+07   -3.8474874843e+07    3.0779328208e+07   -1.0667629310e+03   -9.2034655649e+02    7.3348035087e+02    3.2103000000e+18    2.1887915757e-05    0.0000000000e+00    1.0000000000e+00    0.0000000000e+00
   -2.7683277903e+07   -1.1630196629e+08   -2.5564514664e+07   -6.7392265912e+02   -2.9378158226e+03   -5.7747590119e+02    3.2103000000e+18    2.1887915757e-05    0.0000000000e+00    1.0000000000e+00    0.0000000000e+00
   -5.3343399315e+07   -3.7199792534e+07   -4.1064406598e+07   -1.3354449215e+03   -8.9226334337e+02   -9.8719293725e+02    3.2103000000e+18    2.1887915757e-05    0.0000000000e+00    1.0000000000e+00    0.0000000000e+00
   -2.3725550456e+07   -1.2652304214e+08   -1.4021999202e+07   -5.5309815153e+02   -3.2271004320e+03   -2.7510732243e+02    3.2094010000e+18    2.1881786350e-05    0.0000000000e+00    1.0000000000e+00    0.0000000000e+00
    1.9892649783e+06   -6.2581793713e+07   -4.7852379616e+07    2.6426605312e+01   -1.5473944904e+03   -1.1475108239e+03    3.2094010000e+18    2.1881786350e-05    0.0000000000e+00    1.0000000000e+00    0.0000000000e+00
   -6.3129363364e+07   -4.8205595848e+07   -4.0264394656e+07   -1.5797593534e+03   -1.1752004613e+03   -9.6087719510e+02    3.2094010000e+18    2.1881786350e-05    0.0000000000e+00    1.0000000000e+00    0.0000000000e+00
   -2.1942931068e+06    7.0812570474e+07   -3.5337442577e+07   -7.1595981338e+01    1.8119416578e+03   -6.0139340580e+02    3.2094010000e+18    2.1881786350e-05    0.0000000000e+00    1.0000000000e+00    0.0000000000e+00
   -1.6651801333e+07    3.4768371024e+07    4.1207081724e+07   -4.1051566436e+02    9.5187614279e+02    9.0584269471e+02    3.2085030000e+18    2.1875663760e-05    0.0000000000e+00    1.0000000000e+00    0.0000000000e+00
   -8.8903485255e+06   -1.5209552491e+08   -2.6099144067e+06   -2.2271711135e+02   -4.2059861274e+03    9.2730631952e+01    3.2085030000e+18    2.1875663760e-05    0.0000000000e+00    1.0000000000e+00    0.0000000000e+00
   -3.7306563620e+07   -1.4807849171e+08    4.1142729542e+06   -7.7478489694e+02   -3.7387669401e+03    7.4177658662e+01    3.2084050000e+18    2.1874995594e-05    0.0000000000e+00    1.0000000000e+00    0.0000000000e+00
    2.6018356767e+07    2.5647033195e+07    2.5717554651e+07    5.7608417804e+02    7.3184654025e+02    5.5503819129e+02    3.2073130000e+18    2.1867550307e-05    0.0000000000e+00    1.0000000000e+00    0.0000000000e+00
    6.3743836175e+05    3.5799095131e+07   -2.1890371089e+07   -1.7309298205e+01    1.0457002758e+03   -4.4392801167e+02    3.2073130000e+18    2.1867550307e-05    0.0000000000e+00    1.0000000000e+00    0.0000000000e+00
    1.2484235953e+07   -5.0334551244e+07   -7.0738849122e+07    2.8277647149e+02   -1.2354015727e+03   -1.7087235188e+03    3.2073130000e+18    2.1867550307e-05    0.0000000000e+00    1.0000000000e+00    0.0000000000e+00
   -1.6958085434e+07   -9.4292473401e+07   -6.0107255827e+07   -4.3700483613e+02   -2.3454305467e+03   -1.4386804530e+03    3.2073130000e+18    2.1867550307e-05    0.0000000000e+00    1.0000000000e+00    0.0000000000e+00
   -1.9052601403e+07   -2.0728309562e+07    7.1148728236e+07   -4.9040960042e+02   -4.7930838539e+02    1.7120341548e+03    3.2067110000e+18    2.1863445854e-05    0.0000000000e+00    1.0000000000e+00    0.0000000000e+00
   -4.5570788994e+07   -7.8622246303e+07    3.8027111401e+07   -1.1389158191e+03   -1.9506426229e+03    9.0761542173e+02    3.2067110000e+18    2.1863445854e-05    0.0000000000e+00    1.0000000000e+00    0.0000000000e+00
    2.0180712246e+07   -8.6704640698e+07    4.5940184136e+07    4.7201704472e+02   -2.1634463664e+03    1.0876211818e+03    3.2067110000e+18    2.1863445854e-05    0.0000000000e+00    1.0000000000e+00    0.0000000000e+00
   -2.2710854687e+07   -1.0791989352e+08    1.3431230254e+07   -5.5479385249e+02   -2.7368136785e+03    3.0119720795e+02    3.2067110000e+18    2.1863445854e-05    0.0000000000e+00    1.0000000000e+00    0.0000000000e+00
    3.7562912905e+06   -1.0985704759e+08   -3.8237319434e+06    5.8251912841e+01   -2.8152148602e+03   -6.8009165177e+01    3.2062250000e+18    2.1860132292e-05    0.0000000000e+00    1.0000000000e+00    0.0000000000e+00
   -2.8273155632e+07   -1.6773830380e+08    4.7550265839e+06   -4.0898084749e+02   -4.0383956305e+03    7.1272374624e+00    3.2062250000e+18    2.1860132292e-05    0.0000000000e+00    1.0000000000e+00    0.0000000000e+00
    1.1548470911e+07   -1.0756235384e+08    9.8879911417e+06    2.4628368370e+02   -2.7468520838e+03    2.2894887271e+02    3.2040590000e+18    2.1845364443e-05    0.0000000000e+00    1.0000000000e+00    0.0000000000e+00
   -2.0265931631e+07   -1.7349715091e+08    1.5937191298e+07   -3.9435395575e+02   -4.1658436691e+03    1.3291066501e+02    3.2040590000e+18    2.1845364443e-05    0.0000000000e+00    1.0000000000e+00    0.0000000000e+00
    1.3986924275e+07    4.1850540266e+07    1.8351073791e+07    2.6899791853e+02    1.2127929901e+03    3.4740940555e+02    3.2031420000e+18    2.1839112311e-05    0.0000000000e+00    1.0000000000e+00    0.0000000000e+00
   -4.6197836731e+07    1.0211587270e+07   -7.2205845823e+06   -1.1317710418e+03    3.4404309919e+02   -1.5948178849e+02    3.2031420000e+18    2.1839112311e-05    0.0000000000e+00    1.0000000000e+00    0.0000000000e+00
    5.3644030637e+06    1.9841629401e+07   -5.7997876341e+07    1.0212737546e+02    5.5175651767e+02   -1.3556441101e+03    3.2031420000e+18    2.1839112311e-05    0.0000000000e+00    1.0000000000e+00    0.0000000000e+00
   -2.8992943181e+07    2.5115577936e+07   -4.1851930729e+07   -7.1238957067e+02    7.1162941975e+02   -9.5415557498e+02    3.2031420000e+18    2.1839112311e-05    0.0000000000e+00    1.0000000000e+00    0.0000000000e+00
   -7.2203063070e+06    7.4471770563e+07   -4.4034846415e+06    1.5490925368e+02    2.2524712642e+03    2.1218750519e+02    3.2031420000e+18    2.1839112311e-05    0.0000000000e+00    1.0000000000e+00    0.0000000000e+00
    1.0660844576e+07   -1.4635109798e+08    4.5248290257e+06    1.0665808848e+02   -3.8198831382e+03    9.8557104404e+01    3.2029810000e+18    2.1838014609e-05    0.0000000000e+00    1.0000000000e+00    0.0000000000e+00
    4.7386711757e+07    3.6867022200e+06   -2.5317795972e+07    1.1244678185e+03    1.4273222869e+02   -6.0374590399e+02    3.2029810000e+18    2.1838014609e-05    0.0000000000e+00    1.0000000000e+00    0.0000000000e+00
   -1.6245484693e+07   -1.2162709204e+08    1.6957880351e+07   -3.9452916737e+02   -3.1088641585e+03    3.5554788433e+02    3.2029810000e+18    2.1838014609e-05    0.0000000000e+00    1.0000000000e+00    0.0000000000e+00
   -1.2594382241e+07   -1.6654307607e+08    1.8938570576e+06   -1.0962365602e+03   -4.1842944480e+03   -1.1869387643e+02    3.2013660000e+18    2.1827003493e-05    0.0000000000e+00    1.0000000000e+00    0.0000000000e+00
    8.5613941861e+06   -1.0454642430e+08    7.7709134783e+06    1.7624675829e+02   -2.6689227608e+03    1.6392688726e+02    3.2008370000e+18    2.1823396757e-05    0.0000000000e+00    1.0000000000e+00    0.0000000000e+00
    3.5717762690e+07    3.2996928149e+07    3.6904065387e+07    8.0973709813e+02    8.8810610399e+02    8.2652461862e+02    3.2008370000e+18    2.1823396757e-05    0.0000000000e+00    1.0000000000e+00    0.0000000000e+00
    1.6736135940e+07   -5.8023081587e+07    6.6516248990e+05    3.8584100670e+02   -1.4446245497e+03    1.2039748640e+01    3.2008370000e+18    2.1823396757e-05    0.0000000000e+00    1.0000000000e+00    0.0000000000e+00
    4.6456550848e+07    4.7071515459e+07    3.0044318701e+07    1.0433415100e+03    1.2285124074e+03    6.6393452071e+02    3.2008370000e+18    2.1823396757e-05    0.0000000000e+00    1.0000000000e+00    0.0000000000e+00
   -4.3594834740e+07   -1.1247566504e+08    7.2306576984e+07   -1.0908676695e+03   -2.7821898478e+03    1.7376451557e+03    3.2008370000e+18    2.1823396757e-05    0.0000000000e+00    1.0000000000e+00    0.0000000000e+00
    1.9555255613e+07   -1.6184480459e+08   -3.6453434658e+07    4.0186936688e+02   -4.0018311088e+03   -7.6953152862e+02    3.2008370000e+18    2.1823396757e-05    0.0000000000e+00    1.0000000000e+00    0.0000000000e+00
   -3.6100778613e+07   -1.4237639279e+08    1.7945801397e+07   -8.0809100591e+02   -3.5867652262e+03    3.5784560086e+02    3.2004790000e+18    2.1820955902e-05    0.0000000000e+00    1.0000000000e+00    0.0000000000e+00
   -6.0007837802e+07   -6.9175317792e+07    9.3002544991e+05   -1.4951715214e+03   -1.7015049427e+03    1.6460869177e+01    3.2004790000e+18    2.1820955902e-05    0.0000000000e+00    1.0000000000e+00    0.0000000000e+00
    1.7497357346e+07    4.7759277810e+07    6.4262260994e+06    3.1572486467e+02    1.4226554483e+03    1.0273564552e+02    3.2004790000e+18    2.1820955902e-05    0.0000000000e+00    1.0000000000e+00    0.0000000000e+00
   -5.8035710411e+07   -5.2545519860e+07   -2.8077942222e+07   -1.4484986337e+03   -1.2803869688e+03   -6.7724041559e+02    3.2004790000e+18    2.1820955902e-05    0.0000000000e+00    1.0000000000e+00    0.0000000000e+00
   -9.8982480056e+06   -1.4929991034e+08   -4.1620566292e+07   -2.6281902433e+02   -3.7411114638e+03   -8.8952531630e+02    3.2004790000e+18    2.1820955902e-05    0.0000000000e+00    1.0000000000e+00    0.0000000000e+00
    8.3009070080e+06    8.3497274508e+07   -8.8175579162e+05    2.2026822812e+02    1.2604703860e+03   -9.6713267117e+02    3.2004790000e+18    2.1820955902e-05    0.0000000000e+00    1.0000000000e+00    0.0000000000e+00
   -3.0849611290e+07   -1.1175095711e+08    7.8127304008e+07   -7.8054060532e+02   -2.7705533911e+03    1.8849352125e+03    3.1995940000e+18    2.1814921948e-05    0.0000000000e+00    1.0000000000e+00    0.0000000000e+00
   -5.9108401344e+07   -6.3944207510e+07    1.0974453047e+06   -1.4727350464e+03   -1.5698069920e+03    1.3543297290e+01    3.1995940000e+18    2.1814921948e-05    0.0000000000e+00    1.0000000000e+00    0.0000000000e+00
   -4.4435420113e+07    4.9713389448e+06   -1.4987598229e+07   -1.0920359389e+03    2.0499935723e+02   -3.3654540939e+02    3.1995940000e+18    2.1814921948e-05    0.0000000000e+00    1.0000000000e+00    0.0000000000e+00
    2.3786572341e+07   -1.2426369064e+08   -8.8827157006e+06    5.1256534973e+02   -3.1805022648e+03   -1.9254721149e+02    3.1987050000e+18    2.1808860721e-05    0.0000000000e+00    1.0000000000e+00    0.0000000000e+00
    3.1921484100e+07   -1.4028950196e+08   -6.1753752735e+07    7.4225701376e+02   -3.4839497714e+03   -1.4492509094e+03    3.1987050000e+18    2.1808860721e-05    0.0000000000e+00    1.0000000000e+00    0.0000000000e+00
   -1.5790235571e+07    7.5790574695e+07    7.6838502776e+06   -1.0219811605e+02    2.0382621252e+03   -1.0482075741e+02    3.1978280000e+18    2.1802881310e-05    0.0000000000e+00    1.0000000000e+00    0.0000000000e+00
   -4.1614463001e+06    1.8344922938e+07    5.7429564708e+07   -1.2544338628e+02    5.1028785338e+02    1.3291818705e+03    3.1978280000e+18    2.1802881310e-05    0.0000000000e+00    1.0000000000e+00    0.0000000000e+00
   -2.6164446517e+07    4.7752627662e+07    1.2544786464e+07   -5.7743676588e+02    1.3603612402e+03    2.1048318334e+02    3.1978280000e+18    2.1802881310e-05    0.0000000000e+00    1.0000000000e+00    0.0000000000e+00
   -2.0722962709e+07   -7.8838024381e+06    1.1030123610e+08   -5.3513465040e+02   -1.7921963066e+02    2.6737420645e+03    3.1978280000e+18    2.1802881310e-05    0.0000000000e+00    1.0000000000e+00    0.0000000000e+00
   -2.3337980738e+07    4.3152927306e+07    9.6076135019e+06   -5.2274470720e+02    1.2566470006e+03    1.6529605028e+02    3.1978280000e+18    2.1802881310e-05    0.0000000000e+00    1.0000000000e+00    0.0000000000e+00
   -1.2361081895e+07   -6.4889759574e+07    2.2195695238e+07   -3.2032195125e+02   -1.6063787471e+03    5.3151069969e+02    3.1978280000e+18    2.1802881310e-05    0.0000000000e+00    1.0000000000e+00    0.0000000000e+00
   -5.2581757656e+07   -9.1171042477e+07    1.1744908968e+06   -1.2992487796e+03   -2.2699528267e+03    3.4692117636e+01    3.1978280000e+18    2.1802881310e-05    0.0000000000e+00    1.0000000000e+00    0.0000000000e+00
   -2.0933040829e+07   -9.0829453582e+07   -1.0887576895e+08   -5.4251409036e+02   -2.2481104864e+03   -2.6569636326e+03    3.1978280000e+18    2.1802881310e-05    0.0000000000e+00    1.0000000000e+00    0.0000000000e+00
   -3.4231641836e+07   -7.5014081480e+07   -6.3397151490e+07   -8.6553627809e+02   -1.8517856852e+03   -1.5224868325e+03    3.1978280000e+18    2.1802881310e-05    0.0000000000e+00    1.0000000000e+00    0.0000000000e+00
    1.1346115758e+07    5.9025010442e+07   -4.2089510685e+07    2.1790517625e+02    1.5416140770e+03   -8.5506918081e+02    3.1978280000e+18    2.1802881310e-05    0.0000000000e+00    1.0000000000e+00    0.0000000000e+00
   -2.6058487215e+07    3.1039584195e+07   -3.2208859177e+07   -6.3290041595e+02    8.7618975100e+02   -7.0080331845e+02    3.1978280000e+18    2.1802881310e-05    0.0000000000e+00    1.0000000000e+00    0.0000000000e+00
    9.7263564459e+06    3.4492835859e+07   -5.4955562793e+07    2.0597603050e+02    9.1524851533e+02   -1.2442423891e+03    3.1978280000e+18    2.1802881310e-05    0.0000000000e+00    1.0000000000e+00    0.0000000000e+00
   -1.0076480803e+07    6.8306206705e+07   -1.1038091650e+07   -8.8943304550e+01    1.9694589680e+03    2.5897718327e+01    3.1978280000e+18    2.1802881310e-05    0.0000000000e+00    1.0000000000e+00    0.0000000000e+00
    3.6215784485e+07   -1.5738572606e+07    1.2743478617e+07    8.4641912043e+02   -3.5884607747e+02    2.7792508255e+02    3.1976450000e+18    2.1801633611e-05    0.0000000000e+00    1.0000000000e+00    0.0000000000e+00
    1.0596464547e+07    3.1466883162e+07    4.0391118030e+07    2.1753390510e+02    8.6884411717e+02    8.9117178127e+02    3.1976450000e+18    2.1801633611e-05    0.0000000000e+00    1.0000000000e+00    0.0000000000e+00
    3.5555026331e+07   -3.5137602465e+07   -5.2211647531e+07    8.4710728523e+02   -8.5582156125e+02   -1.2440910619e+03    3.1976450000e+18    2.1801633611e-05    0.0000000000e+00    1.0000000000e+00    0.0000000000e+00
   -3.6588480063e+07   -1.1269283661e+08   -5.7205589651e+07   -9.1352418478e+02   -2.8020808873e+03   -1.3591254929e+03    3.1976450000e+18    2.1801633611e-05    0.0000000000e+00    1.0000000000e+00    0.0000000000e+00
   -1.5606752145e+06   -1.6095121131e+08   -5.0342140994e+06   -4.4110144847e+02   -4.3234887754e+03   -1.8419452383e+01    3.1965880000e+18    2.1794426955e-05    0.0000000000e+00    1.0000000000e+00    0.0000000000e+00
   -3.7077980688e+07   -2.9357978966e+07    1.0250748383e+08   -9.3979660132e+02   -7.0730658782e+02    2.4964871083e+03    3.1960660000e+18    2.1790867944e-05    0.0000000000e+00    1.0000000000e+00    0.0000000000e+00
   -2.5905356020e+07   -1.1946412747e+08    2.5223021879e+07   -6.3047542035e+02   -3.0226063500e+03    5.5618536552e+02    3.1960660000e+18    2.1790867944e-05    0.0000000000e+00    1.0000000000e+00    0.0000000000e+00
   -6.0616360205e+06   -1.6123801015e+07    1.1809414189e+08   -1.7601336247e+02   -3.8148514105e+02    2.8821534303e+03    3.1960660000e+18    2.1790867944e-05    0.0000000000e+00    1.0000000000e+00    0.0000000000e+00
   -2.8617577746e+07    6.1977576977e+06    1.0613283245e+07   -7.0465017078e+02    2.5308132116e+02    2.4762901840e+02    3.1960660000e+18    2.1790867944e-05    0.0000000000e+00    1.0000000000e+00    0.0000000000e+00
    5.7858584548e+06    4.4936905260e+07    4.8467427763e+07    1.0356198139e+02    1.1896162024e+03    1.0608740437e+03    3.1955340000e+18    2.1787240753e-05    0.0000000000e+00    1.0000000000e+00    0.0000000000e+00
    1.5355580863e+07   -1.3660831882e+08    5.0228187534e+05    2.7438463193e+02   -3.5384637377e+03   -9.2395657413e+00    3.1944830000e+18    2.1780075006e-05    0.0000000000e+00    1.0000000000e+00    0.0000000000e+00
    2.8201898313e+07   -5.2343020423e+07    7.5801094019e+06    6.6094108497e+02   -1.3029318425e+03    1.7992177124e+02    3.1944830000e+18    2.1780075006e-05    0.0000000000e+00    1.0000000000e+00    0.0000000000e+00
    3.7906838348e+07   -2.0853039843e+07    9.3515931705e+07    9.1225228915e+02   -4.9868615629e+02    2.2755916493e+03    3.1944830000e+18    2.1780075006e-05    0.0000000000e+00    1.0000000000e+00    0.0000000000e+00
    2.9365226763e+06   -9.2473282162e+07   -1.8003524427e+07    4.0418791908e+01   -2.3487490810e+03   -4.3437300608e+02    3.1944830000e+18    2.1780075006e-05    0.0000000000e+00    1.0000000000e+00    0.0000000000e+00
    8.5105551276e+06   -1.2081373690e+08   -3.2591024213e+05    1.5659434767e+02   -3.1159418761e+03    2.9557367382e+01    3.1944830000e+18    2.1780075006e-05    0.0000000000e+00    1.0000000000e+00    0.0000000000e+00
    5.8338220257e+07    1.6879224168e+07   -5.3224576024e+07    1.3915789168e+03    4.4554915999e+02   -1.2605768404e+03    3.1944830000e+18    2.1780075006e-05    0.0000000000e+00    1.0000000000e+00    0.0000000000e+00
    5.7828932097e+07   -1.3237830312e+06   -5.6247590420e+07    1.3926431995e+03   -8.6190641241e+00   -1.3458181178e+03    3.1944830000e+18    2.1780075006e-05    0.0000000000e+00    1.0000000000e+00    0.0000000000e+00
    3.1431906453e+07    3.0362408244e+07   -2.7522521003e+07    7.0060968282e+02    8.4528931506e+02   -6.0331881075e+02    3.1944830000e+18    2.1780075006e-05    0.0000000000e+00    1.0000000000e+00    0.0000000000e+00
   -8.3798448858e+07   -1.8787925262e+08   -2.6856498298e+07   -2.0637361727e+03   -4.6208656301e+03   -6.4142162909e+02    3.1944830000e+18    2.1780075006e-05    0.0000000000e+00    1.0000000000e+00    0.0000000000e+00
    2.8070143125e+06   -1.5190113555e+08   -3.0843374784e+06   -1.4164416148e+02   -4.0132634264e+03    7.4613987570e+01    3.1944830000e+18    2.1780075006e-05    0.0000000000e+00    1.0000000000e+00    0.0000000000e+00
   -1.5259859304e+07   -1.9428639742e+08   -1.2751302433e+07   -3.7034148780e+02   -4.6251591829e+03   -2.4223798399e+02    3.1944830000e+18    2.1780075006e-05    0.0000000000e+00    1.0000000000e+00    0.0000000000e+00
    2.1134047701e+07   -7.9737614476e+07    9.9670054836e+07    4.9665568228e+02   -1.9769871935e+03    2.4228171441e+03    3.1943090000e+18    2.1778888669e-05    0.0000000000e+00    1.0000000000e+00    0.0000000000e+00
   -4.6221336046e+07    6.8565059265e+05    6.8031502684e+06   -1.1394218261e+03    9.8055764128e+01    1.5193092700e+02    3.1943090000e+18    2.1778888669e-05    0.0000000000e+00    1.0000000000e+00    0.0000000000e+00
    1.4450197653e+07   -1.2233127668e+08    1.4646125926e+07    2.9471686556e+02   -3.1286728752e+03    2.9745616996e+02    3.1934350000e+18    2.1772929712e-05    0.0000000000e+00    1.0000000000e+00    0.0000000000e+00
   -5.0049823582e+06   -1.7326330828e+08   -5.5430419479e+07   -1.5262906491e+02   -4.2730587100e+03   -1.2604969650e+03    3.1934350000e+18    2.1772929712e-05    0.0000000000e+00    1.0000000000e+00    0.0000000000e+00
   -2.2308704624e+07   -3.2169917730e+07    8.6160914845e+07   -5.7616177173e+02   -7.7853788634e+02    2.0875338206e+03    3.1925570000e+18    2.1766943483e-05    0.0000000000e+00    1.0000000000e+00    0.0000000000e+00
   -4.2269858538e+07   -4.4831434651e+07    1.3846266554e+06   -1.0533943694e+03   -1.0790284222e+03    3.6974209429e+01    3.1925570000e+18    2.1766943483e-05    0.0000000000e+00    1.0000000000e+00    0.0000000000e+00
    1.3900773293e+07   -1.4224223003e+08   -4.1175812279e+06    2.0766225041e+02   -3.6916820239e+03   -1.0878376176e+02    3.1923910000e+18    2.1765811691e-05    0.0000000000e+00    1.0000000000e+00    0.0000000000e+00
    1.2494667285e+07   -9.2728972799e+07    2.7874623356e+07    2.7403120496e+02   -2.3436717572e+03    6.5312470399e+02    3.1923910000e+18    2.1765811691e-05    0.0000000000e+00    1.0000000000e+00    0.0000000000e+00
    4.9397678728e+07    3.7043896450e+07    5.8054708530e+07    1.1638377449e+03    9.5304781315e+02    1.3626982655e+03    3.1923910000e+18    2.1765811691e-05    0.0000000000e+00    1.0000000000e+00    0.0000000000e+00
    5.8733135394e+07   -2.4217126473e+07    1.0224221520e+08    1.4272451405e+03   -5.9505848900e+02    2.4901815647e+03    3.1923910000e+18    2.1765811691e-05    0.0000000000e+00    1.0000000000e+00    0.0000000000e+00
    1.4340577126e+07   -1.5718915613e+08    2.1221084720e+07    2.2559275479e+02   -3.9093745085e+03    3.4847427396e+02    3.1923910000e+18    2.1765811691e-05    0.0000000000e+00    1.0000000000e+00    0.0000000000e+00
    2.6075389429e+07   -5.7315901341e+07   -8.4915561515e+06    6.0623172970e+02   -1.4308018399e+03   -1.9952102534e+02    3.1923910000e+18    2.1765811691e-05    0.0000000000e+00    1.0000000000e+00    0.0000000000e+00
   -3.9209989002e+07   -1.8523053199e+08    4.2613190220e+07   -9.5328815982e+02   -4.5413976758e+03    9.6549995885e+02    3.1923910000e+18    2.1765811691e-05    0.0000000000e+00    1.0000000000e+00    0.0000000000e+00
   -1.8015454201e+07   -1.1801586982e+08   -4.7431287089e+07   -4.5415201130e+02   -2.9583797295e+03   -1.1068889915e+03    3.1908090000e+18    2.1755025570e-05    0.0000000000e+00    1.0000000000e+00    0.0000000000e+00
   -5.7170391956e+07   -4.9646957325e+07   -4.6027914980e+07   -1.4277449226e+03   -1.2062719894e+03   -1.1009321236e+03    3.1908090000e+18    2.1755025570e-05    0.0000000000e+00    1.0000000000e+00    0.0000000000e+00
    2.0469661532e+07    7.8196473492e+07   -2.8719083120e+07    3.3686969610e+02    1.9511361779e+03   -4.3488282215e+02    3.1908090000e+18    2.1755025570e-05    0.0000000000e+00    1.0000000000e+00    0.0000000000e+00
    1.9940577470e+07   -1.0051270344e+08   -2.9821711306e+06    4.4639063490e+02   -2.5585354596e+03   -5.2469566364e+01    3.1903120000e+18    2.1751637010e-05    0.0000000000e+00    1.0000000000e+00    0.0000000000e+00
    1.9692364816e+07   -1.2483803551e+08   -1.6000668728e+08    4.6294766038e+02   -3.0915729256e+03   -3.9303490929e+03    3.1903120000e+18    2.1751637010e-05    0.0000000000e+00    1.0000000000e+00    0.0000000000e+00
   -9.9339120185e+06   -1.9351782947e+08   -5.8294070090e+07   -2.6836271106e+02   -4.7521369535e+03   -1.3555313738e+03    3.1903120000e+18    2.1751637010e-05    0.0000000000e+00    1.0000000000e+00    0.0000000000e+00
   -2.6076506995e+07   -8.1301056682e+07    5.1596317542e+07   -6.6438632220e+02   -2.0200514771e+03    1.2301663529e+03    3.1899380000e+18    2.1749087068e-05    0.0000000000e+00    1.0000000000e+00    0.0000000000e+00
    3.5284734670e+07    7.3782134659e+07    1.0921910177e+07    5.9247268730e+02    1.8589886172e+03    1.4341770055e+02    3.1899380000e+18    2.1749087068e-05    0.0000000000e+00    1.0000000000e+00    0.0000000000e+00
   -3.3868843230e+07    4.5497462472e+07   -4.1201805723e+05   -7.5993234160e+02    1.2993697269e+03    9.2378106649e+00    3.1899380000e+18    2.1749087068e-05    0.0000000000e+00    1.0000000000e+00    0.0000000000e+00
   -1.8567550851e+07   -5.2695866815e+07   -1.0113009941e+08   -4.8241256309e+02   -1.2919706139e+03   -2.4673940721e+03    3.1899380000e+18    2.1749087068e-05    0.0000000000e+00    1.0000000000e+00    0.0000000000e+00
   -5.5724185521e+04   -9.6283688037e+07   -8.5997015764e+07   -2.4046021220e+01   -2.3854511536e+03   -2.0815011115e+03    3.1899380000e+18    2.1749087068e-05    0.0000000000e+00    1.0000000000e+00    0.0000000000e+00
    7.3890266498e+06    7.4265930131e+07   -4.8266800333e+07    1.3534060835e+02    1.8757402047e+03   -9.8712361294e+02    3.1899380000e+18    2.1749087068e-05    0.0000000000e+00    1.0000000000e+00    0.0000000000e+00
   -2.2839218018e+07    1.3678454771e+07   -5.7946089100e+07   -5.7716080032e+02    3.9525020941e+02   -1.3534128457e+03    3.1899380000e+18    2.1749087068e-05    0.0000000000e+00    1.0000000000e+00    0.0000000000e+00
    2.6720374645e+07    7.2816149805e+07    3.8337525305e+07    5.3680553011e+02    1.8233436297e+03    7.5201802931e+02    3.1890670000e+18    2.1743148565e-05    0.0000000000e+00    1.0000000000e+00    0.0000000000e+00
   -2.4433311686e+07    3.5558384639e+07    6.6476676537e+06   -5.6343036149e+02    1.0545157347e+03    1.3537192203e+02    3.1890670000e+18    2.1743148565e-05    0.0000000000e+00    1.0000000000e+00    0.0000000000e+00
   -1.6009786609e+07   -1.1621051219e+08   -9.9192111273e+06   -3.8836172353e+02   -2.9692262154e+03   -2.0706074063e+02    3.1890670000e+18    2.1743148565e-05    0.0000000000e+00    1.0000000000e+00    0.0000000000e+00
   -4.9891004918e+07   -3.6684548756e+07   -2.5790240717e+07   -1.2454878195e+03   -8.7374006837e+02   -6.0711032349e+02    3.1890670000e+18    2.1743148565e-05    0.0000000000e+00    1.0000000000e+00    0.0000000000e+00
    5.3673177813e+07    5.3013363669e+07    2.8209667711e+07    1.2100753734e+03    1.3541445002e+03    6.3147020908e+02    3.1882460000e+18    2.1737550964e-05    0.0000000000e+00    1.0000000000e+00    0.0000000000e+00
    3.7681228032e+07    1.2222564360e+07    7.9685117529e+07    8.9773012113e+02    3.2904591397e+02    1.9110146494e+03    3.1882460000e+18    2.1737550964e-05    0.0000000000e+00    1.0000000000e+00    0.0000000000e+00
    6.3471763354e+07    6.8936041492e+07    4.9949557148e+06    1.4241269693e+03    1.7197227148e+03    1.0998870294e+02    3.1882460000e+18    2.1737550964e-05    0.0000000000e+00    1.0000000000e+00    0.0000000000e+00
    2.3675996508e+07   -7.1594054867e+07   -1.0212022233e+07    5.4736525096e+02   -1.7992282604e+03   -2.2178512921e+02    3.1882460000e+18    2.1737550964e-05    0.0000000000e+00    1.0000000000e+00    0.0000000000e+00
    2.1186465383e+06    4.2629150415e+07   -2.7755035090e+07    1.9567815730e+01    1.2094378996e+03   -5.5103273577e+02    3.1882460000e+18    2.1737550964e-05    0.0000000000e+00    1.0000000000e+00    0.0000000000e+00
    4.2836848121e+07   -1.0165455795e+08   -1.3253466671e+07    1.0115646750e+03   -2.5604889790e+03   -2.8182616529e+02    3.1882460000e+18    2.1737550964e-05    0.0000000000e+00    1.0000000000e+00    0.0000000000e+00
    1.9373716634e+07   -1.6032299910e+08   -4.2802115737e+07    4.0836981804e+02   -3.9743484244e+03   -9.3461873465e+02    3.1882460000e+18    2.1737550964e-05    0.0000000000e+00    1.0000000000e+00    0.0000000000e+00
   -1.0135359041e+07    2.0512929930e+07    1.3860069489e+08   -2.7389273903e+02    5.1770890619e+02    3.3777698970e+03    3.1881970000e+18    2.1737216881e-05    0.0000000000e+00    1.0000000000e+00    0.0000000000e+00
   -4.3548513868e+07    2.3503399800e+06    9.1744735897e+06   -1.0731506148e+03    1.4192506502e+02    2.0150881916e+02    3.1881970000e+18    2.1737216881e-05    0.0000000000e+00    1.0000000000e+00    0.0000000000e+00
    3.8615870539e+07    9.2465767683e+07    4.1244036729e+07    8.3775025092e+02    2.2486579796e+03    8.7803386484e+02    3.1881970000e+18    2.1737216881e-05    0.0000000000e+00    1.0000000000e+00    0.0000000000e+00
    1.3860204906e+07   -5.3816400893e+07    4.8708438276e+07    3.1855833585e+02   -1.3248156734e+03    1.1626800553e+03    3.1881970000e+18    2.1737216881e-05    0.0000000000e+00    1.0000000000e+00    0.0000000000e+00
   -2.1331745409e+07   -1.0809826743e+08    1.1747083773e+07   -5.2250613539e+02   -2.7420706208e+03    2.6811433878e+02    3.1881970000e+18    2.1737216881e-05    0.0000000000e+00    1.0000000000e+00    0.0000000000e+00
   -2.3291194123e+07    1.4886224259e+07    7.6279815469e+06   -5.6602484070e+02    4.9101098237e+02    1.7582186421e+02    3.1881970000e+18    2.1737216881e-05    0.0000000000e+00    1.0000000000e+00    0.0000000000e+00
   -1.9429447403e+06   -1.3998360580e+08    3.1353966550e+06   -9.1958220500e+01   -3.7045385885e+03    6.8097053705e+01    3.1881970000e+18    2.1737216881e-05    0.0000000000e+00    1.0000000000e+00    0.0000000000e+00
   -6.5214797816e+06   -1.2880690599e+08    4.3253459536e+07   -1.8567029035e+02   -3.2312819661e+03    9.6545649195e+02    3.1873290000e+18    2.1731298832e-05    0.0000000000e+00    1.0000000000e+00    0.0000000000e+00
   -2.6770043083e+07   -3.0771799395e+07    5.3046192835e+07   -6.7967108227e+02   -7.2676844624e+02    1.2684895177e+03    3.1873290000e+18    2.1731298832e-05    0.0000000000e+00    1.0000000000e+00    0.0000000000e+00
   -3.0239901643e+07    7.4172450760e+06   -6.5092674643e+06   -7.4181082065e+02    2.8683595259e+02   -1.5035175980e+02    3.1873290000e+18    2.1731298832e-05    0.0000000000e+00    1.0000000000e+00    0.0000000000e+00
    2.8596663592e+07    8.8391895902e+07   -9.2500837676e+05    3.0756931801e+02    2.0329206767e+03   -6.1022034851e+00    3.1873290000e+18    2.1731298832e-05    0.0000000000e+00    1.0000000000e+00    0.0000000000e+00
   -1.2534345730e+07    5.5168616117e+07   -8.1429326065e+07   -3.2519195687e+02    1.3885531968e+03   -1.9056244566e+03    3.1864610000e+18    2.1725380784e-05    0.0000000000e+00    1.0000000000e+00    0.0000000000e+00
    4.3010892232e+07   -1.0532190699e+08    5.1831885129e+07    1.0253556684e+03   -2.6330207856e+03    1.2252145220e+03    3.1861910000e+18    2.1723539916e-05    0.0000000000e+00    1.0000000000e+00    0.0000000000e+00
    3.5935724025e+07   -5.1172359847e+07   -6.7834745936e+06    8.5547523975e+02   -1.2707865902e+03   -1.4966142575e+02    3.1861910000e+18    2.1723539916e-05    0.0000000000e+00    1.0000000000e+00    0.0000000000e+00
    4.5647756151e+07    5.0375526835e+07   -4.0433595087e+07    1.0305760820e+03    1.2852112758e+03   -9.0970515282e+02    3.1861910000e+18    2.1723539916e-05    0.0000000000e+00    1.0000000000e+00    0.0000000000e+00
   -2.6836544389e+07   -1.8299236198e+08    2.9763671449e+06   -5.3584976959e+02   -4.3193261771e+03    2.4965979777e+01    3.1861910000e+18    2.1723539916e-05    0.0000000000e+00    1.0000000000e+00    0.0000000000e+00
    3.0399496407e+07   -1.3273359408e+08   -1.5531583419e+07    6.6621279858e+02   -3.3616652443e+03   -3.0728906796e+02    3.1861910000e+18    2.1723539916e-05    0.0000000000e+00    1.0000000000e+00    0.0000000000e+00
    4.2054919865e+07   -1.0744334441e+07   -9.0597105267e+07    1.0083423348e+03   -2.5423750606e+02   -2.1909841619e+03    3.1861910000e+18    2.1723539916e-05    0.0000000000e+00    1.0000000000e+00    0.0000000000e+00
    2.7191919539e+07   -5.6383313041e+07   -7.6156420447e+07    6.4570044584e+02   -1.3905597674e+03   -1.8371085811e+03    3.1861910000e+18    2.1723539916e-05    0.0000000000e+00    1.0000000000e+00    0.0000000000e+00
    5.9530561785e+06   -7.8958383324e+07   -9.2383224592e+07    1.2084052418e+02   -1.9566457394e+03   -2.2405211460e+03    3.1861910000e+18    2.1723539916e-05    0.0000000000e+00    1.0000000000e+00    0.0000000000e+00
   -3.1315742424e+07   -1.8634139234e+08   -1.8206889992e+07   -7.0741093126e+02   -4.4851565634e+03   -3.5756974362e+02    3.1861910000e+18    2.1723539916e-05    0.0000000000e+00    1.0000000000e+00    0.0000000000e+00
    3.2669954877e+07    5.5040958885e+07    9.0849415306e+06    6.1979023009e+02    1.5126638988e+03    1.6255347047e+02    3.1855950000e+18    2.1719476372e-05    0.0000000000e+00    1.0000000000e+00    0.0000000000e+00
   -3.3606524369e+07   -2.8468133387e+07   -2.2373129630e+07   -8.4055819560e+02   -6.5699381101e+02   -5.2731947339e+02    3.1855950000e+18    2.1719476372e-05    0.0000000000e+00    1.0000000000e+00    0.0000000000e+00
   -3.2449044465e+07   -3.7648544965e+06   -1.3135295277e+07   -8.0281762411e+02   -1.3592089924e+01   -2.9602507060e+02    3.1855950000e+18    2.1719476372e-05    0.0000000000e+00    1.0000000000e+00    0.0000000000e+00
    3.1752747106e+07   -1.7661413760e+07    5.0924808822e+07    7.5588672384e+02   -4.0518407560e+02    1.2155945252e+03    3.1847300000e+18    2.1713578777e-05    0.0000000000e+00    1.0000000000e+00    0.0000000000e+00
   -4.6508429807e+07   -4.5901554266e+07   -5.9228966974e+06   -1.1587818751e+03   -1.1067699161e+03   -1.3531829674e+02    3.1847300000e+18    2.1713578777e-05    0.0000000000e+00    1.0000000000e+00    0.0000000000e+00
   -5.1427718074e+06   -8.8018031543e+07    7.9313430473e+07   -1.5174442330e+02   -2.1808507391e+03    1.9136231321e+03    3.1838660000e+18    2.1707688001e-05    0.0000000000e+00    1.0000000000e+00    0.0000000000e+00
   -2.3422886812e+07   -1.0990724620e+08    7.5379807668e+06   -5.6527205593e+02   -2.7884951844e+03    1.6006299555e+02    3.1838660000e+18    2.1707688001e-05    0.0000000000e+00    1.0000000000e+00    0.0000000000e+00
   -5.2615014417e+07   -1.3146381917e+08   -5.7497828898e+07   -1.3038398064e+03   -3.2599461399e+03   -1.3669097840e+03    3.1838660000e+18    2.1707688001e-05    0.0000000000e+00    1.0000000000e+00    0.0000000000e+00
   -8.4744794489e+06    8.0733898470e+07   -6.1792487730e+07   -2.2262858040e+02    1.9997372521e+03   -1.3647273902e+03    3.1838660000e+18    2.1707688001e-05    0.0000000000e+00    1.0000000000e+00    0.0000000000e+00
   -5.4473795714e+06    5.3344410957e+07   -8.4743016428e+07   -1.5531118285e+02    1.3471968863e+03   -1.9940051766e+03    3.1838660000e+18    2.1707688001e-05    0.0000000000e+00    1.0000000000e+00    0.0000000000e+00
    4.6553839941e+07   -8.7224730854e+07    4.3940959817e+07    1.1136247515e+03   -2.1808086775e+03    1.0378276224e+03    3.1831320000e+18    2.1702683568e-05    0.0000000000e+00    1.0000000000e+00    0.0000000000e+00
    2.0726747782e+07   -1.3477498500e+08    2.8620820298e+07    4.3660219958e+02   -3.3961644090e+03    6.0082507459e+02    3.1831320000e+18    2.1702683568e-05    0.0000000000e+00    1.0000000000e+00    0.0000000000e+00
    2.4734588202e+07   -8.0867874865e+07    3.0053273579e+06    5.7252804440e+02   -2.0418600898e+03    5.5113732556e+01    3.1831320000e+18    2.1702683568e-05    0.0000000000e+00    1.0000000000e+00    0.0000000000e+00
    5.7686727043e+07    3.7560901360e+07    6.4474156946e+07    1.3719043475e+03    9.4728419836e+02    1.5311471212e+03    3.1831320000e+18    2.1702683568e-05    0.0000000000e+00    1.0000000000e+00    0.0000000000e+00
    2.5755815203e+07   -1.5672407113e+07    1.0307745038e+08    6.0888640330e+02   -3.7750163951e+02    2.4972791757e+03    3.1831320000e+18    2.1702683568e-05    0.0000000000e+00    1.0000000000e+00    0.0000000000e+00
    5.5558493130e+07   -1.4720013994e+07   -1.2455763822e+07    1.3310152227e+03   -3.4038436499e+02   -2.9328962791e+02    3.1831320000e+18    2.1702683568e-05    0.0000000000e+00    1.0000000000e+00    0.0000000000e+00
    4.7671081805e+07    8.3559939534e+07   -2.4745908996e+06    9.4987394832e+02    2.0536585636e+03   -4.3912338110e+01    3.1831320000e+18    2.1702683568e-05    0.0000000000e+00    1.0000000000e+00    0.0000000000e+00
    3.0391439117e+07    8.5987225586e+06    2.8750233044e+07    7.0528632816e+02    2.8285093656e+02    6.5644219579e+02    3.1831320000e+18    2.1702683568e-05    0.0000000000e+00    1.0000000000e+00    0.0000000000e+00
    4.0707912299e+07   -1.3096317995e+08   -8.1242277759e+07    9.7238248062e+02   -3.2543321504e+03   -1.9503821936e+03    3.1831320000e+18    2.1702683568e-05    0.0000000000e+00    1.0000000000e+00    0.0000000000e+00
   -2.1775660234e+07    4.5950010343e+07    3.2893376765e+07   -5.1078841287e+02    1.2577605784e+03    6.7409283190e+02    3.1821420000e+18    2.1695933720e-05    0.0000000000e+00    1.0000000000e+00    0.0000000000e+00
   -1.4308650124e+07    7.9629386153e+06    8.6574763228e+07   -3.7356009892e+02    2.2428354313e+02    2.0677303253e+03    3.1821420000e+18    2.1695933720e-05    0.0000000000e+00    1.0000000000e+00    0.0000000000e+00
   -3.4840020864e+07    1.6729442784e+07    1.1943630329e+07   -8.4618512674e+02    5.2115509468e+02    2.4357000263e+02    3.1821420000e+18    2.1695933720e-05    0.0000000000e+00    1.0000000000e+00    0.0000000000e+00
   -9.7495006737e+06   -8.4032137747e+07    4.0702906040e+07   -2.5955949037e+02   -2.0972894046e+03    9.6013275263e+02    3.1821420000e+18    2.1695933720e-05    0.0000000000e+00    1.0000000000e+00    0.0000000000e+00
   -4.2810775157e+07   -1.0173046163e+08   -9.5151394091e+06   -1.0447130945e+03   -2.5449102268e+03   -2.2171152044e+02    3.1821420000e+18    2.1695933720e-05    0.0000000000e+00    1.0000000000e+00    0.0000000000e+00
   -9.8867313420e+06   -6.1355804123e+07   -2.4817168472e+07   -2.6079028699e+02   -1.5146423834e+03   -6.0678980330e+02    3.1821420000e+18    2.1695933720e-05    0.0000000000e+00    1.0000000000e+00    0.0000000000e+00
    3.6287348771e+07    7.7112467692e+07   -1.6855824221e+07    6.5131803079e+02    1.9153938030e+03   -2.6854589097e+02    3.1821420000e+18    2.1695933720e-05    0.0000000000e+00    1.0000000000e+00    0.0000000000e+00
   -2.2577012689e+07   -1.1660676827e+08   -1.3913303176e+08   -5.8401628159e+02   -2.8848196695e+03   -3.4086685889e+03    3.1821420000e+18    2.1695933720e-05    0.0000000000e+00    1.0000000000e+00    0.0000000000e+00
   -2.0436010477e+07   -1.1245104026e+08   -7.9443860360e+07   -5.2619095915e+02   -2.7878540082e+03   -1.9030026457e+03    3.1821420000e+18    2.1695933720e-05    0.0000000000e+00    1.0000000000e+00    0.0000000000e+00
   -9.6251006866e+06    7.5209726140e+07   -2.3398845087e+06    1.4457142800e+02    2.2464338409e+03    1.5529960896e+02    3.1821420000e+18    2.1695933720e-05    0.0000000000e+00    1.0000000000e+00    0.0000000000e+00
    1.1081024223e+07    7.2545743652e+07   -3.1796130560e+06   -1.7236669365e+02    2.3537828661e+03    1.9743899320e+02    3.1821190000e+18    2.1695776906e-05    0.0000000000e+00    1.0000000000e+00    0.0000000000e+00
    1.9769643423e+07    2.9931542513e+07   -1.4003842771e+04    4.1375963394e+02    8.9593377881e+02    1.5576752456e+01    3.1821190000e+18    2.1695776906e-05    0.0000000000e+00    1.0000000000e+00    0.0000000000e+00
    5.0280602408e+07   -1.1156135275e+07   -5.7645681126e+07    1.2071352145e+03   -2.5257063168e+02   -1.3750226841e+03    3.1821190000e+18    2.1695776906e-05    0.0000000000e+00    1.0000000000e+00    0.0000000000e+00
   -3.2159580825e+07   -1.4162380353e+08   -5.4110583039e+07   -7.9179238235e+02   -3.5272797856e+03   -1.2630299616e+03    3.1821190000e+18    2.1695776906e-05    0.0000000000e+00    1.0000000000e+00    0.0000000000e+00
    1.7790981951e+07   -1.4465680879e+08    2.8295292844e+06    2.9573471799e+02   -3.7277016243e+03    1.3955811150e+01    3.1811080000e+18    2.1688883879e-05    0.0000000000e+00    1.0000000000e+00    0.0000000000e+00
    7.5807628995e+06   -1.2871355159e+08   -5.9112204543e+07    1.5250513766e+02   -3.2137190413e+03   -1.3760694059e+03    3.1811080000e+18    2.1688883879e-05    0.0000000000e+00    1.0000000000e+00    0.0000000000e+00
   -2.7326137170e+07   -1.8562387255e+08   -3.1716272697e+07   -6.5044746831e+02   -4.5164926856e+03   -6.6021573646e+02    3.1811080000e+18    2.1688883879e-05    0.0000000000e+00    1.0000000000e+00    0.0000000000e+00
    4.9159789223e+06    8.5791289378e+07    3.5101652631e+07    6.5031425295e+01    2.0805595997e+03    5.7221535049e+02    3.1804220000e+18    2.1684206712e-05    0.0000000000e+00    1.0000000000e+00    0.0000000000e+00
   -3.2665399650e+07   -1.7229615396e+07    1.2415870514e+08   -8.3175292769e+02   -4.0830382501e+02    3.0318906069e+03    3.1804220000e+18    2.1684206712e-05    0.0000000000e+00    1.0000000000e+00    0.0000000000e+00
   -3.9574285896e+07   -8.3726924730e+07    4.6056770018e+07   -9.8825765086e+02   -2.0729996803e+03    1.1069675759e+03    3.1804220000e+18    2.1684206712e-05    0.0000000000e+00    1.0000000000e+00    0.0000000000e+00
   -1.5251404122e+07    5.8361103436e+07    2.5470050657e+06   -2.4811912044e+02    1.7487896256e+03    1.0466672569e+01    3.1804220000e+18    2.1684206712e-05    0.0000000000e+00    1.0000000000e+00    0.0000000000e+00
   -1.0316697526e+07   -1.6331349641e+08   -3.7525121043e+05    3.6609367145e+01   -4.4913465719e+03   -1.8406704545e+02    3.1804220000e+18    2.1684206712e-05    0.0000000000e+00    1.0000000000e+00    0.0000000000e+00
    1.4796581880e+07   -1.3820531547e+08    3.6895838742e+06    2.4984538271e+02   -3.5788076096e+03    1.0862654183e+02    3.1801000000e+18    2.1682011307e-05    0.0000000000e+00    1.0000000000e+00    0.0000000000e+00
    3.2436014990e+06   -1.0403549013e+07   -9.2463841288e+07    5.2931804181e+01   -2.3584609666e+02   -2.2364726376e+03    3.1801000000e+18    2.1682011307e-05    0.0000000000e+00    1.0000000000e+00    0.0000000000e+00
    1.1402690705e+07   -1.5234261164e+08   -5.9777126710e+07    2.4264749352e+02   -3.7808982428e+03   -1.3814091862e+03    3.1801000000e+18    2.1682011307e-05    0.0000000000e+00    1.0000000000e+00    0.0000000000e+00
   -1.5943917066e+07    3.3863538301e+07    4.2427922705e+07   -3.9839241838e+02    9.3083512125e+02    9.2892679183e+02    3.1795640000e+18    2.1678356844e-05    0.0000000000e+00    1.0000000000e+00    0.0000000000e+00
   -1.4136244304e+07    6.2865265924e+07    8.8065837694e+06   -2.0812251280e+02    1.8359298318e+03    2.8826599221e+01    3.1795640000e+18    2.1678356844e-05    0.0000000000e+00    1.0000000000e+00    0.0000000000e+00
   -4.5769332883e+06   -1.3082938204e+08    9.8059732755e+07   -1.3906785293e+02   -3.2427191321e+03    2.3715184207e+03    3.1795640000e+18    2.1678356844e-05    0.0000000000e+00    1.0000000000e+00    0.0000000000e+00
   -4.0412096053e+07   -2.6813073452e+07    3.8273777601e+07   -1.0091801488e+03   -6.1922878481e+02    9.0636657121e+02    3.1795640000e+18    2.1678356844e-05    0.0000000000e+00    1.0000000000e+00    0.0000000000e+00
   -1.4617686533e+07    7.2139781330e+07   -2.9359471528e+04   -5.9074410898e+01    2.1149599284e+03    1.0178787795e+02    3.1795640000e+18    2.1678356844e-05    0.0000000000e+00    1.0000000000e+00    0.0000000000e+00
    5.8728595193e+07   -6.2769766153e+06    4.6218069656e+07    1.4082428320e+03   -1.3784601627e+02    1.1020736251e+03    3.1780920000e+18    2.1668320706e-05    0.0000000000e+00    1.0000000000e+00    0.0000000000e+00
    3.5658703568e+06   -1.5881631486e+08    1.0975058879e+07   -1.2902586856e+02   -3.9987657520e+03   -1.0167123915e+01    3.1780920000e+18    2.1668320706e-05    0.0000000000e+00    1.0000000000e+00    0.0000000000e+00
    4.4911095615e+07    5.2264025609e+07   -1.4669340394e+07    9.5517015723e+02    1.3635393835e+03   -3.0631741068e+02    3.1780920000e+18    2.1668320706e-05    0.0000000000e+00    1.0000000000e+00    0.0000000000e+00
    3.9436335374e+07   -1.1257415803e+08   -3.6601806637e+07    9.2536339735e+02   -2.8211844853e+03   -8.3793603849e+02    3.1780920000e+18    2.1668320706e-05    0.0000000000e+00    1.0000000000e+00    0.0000000000e+00
   -2.9354763773e+07   -4.1757471673e+07    6.5960291295e+07   -7.4445413223e+02   -1.0119773865e+03    1.5810053020e+03    3.1769960000e+18    2.1660848148e-05    0.0000000000e+00    1.0000000000e+00    0.0000000000e+00
    9.9015146713e+06   -2.0841476214e+07    1.2862157985e+08    2.2012318271e+02   -5.0731368788e+02    3.1307683441e+03    3.1769960000e+18    2.1660848148e-05    0.0000000000e+00    1.0000000000e+00    0.0000000000e+00
   -6.3305481425e+07   -9.3548777442e+06    4.4132153256e+07   -1.5758592453e+03   -1.7851497313e+02    1.0627255945e+03    3.1769960000e+18    2.1660848148e-05    0.0000000000e+00    1.0000000000e+00    0.0000000000e+00
    5.7909381936e+06   -3.1055367995e+07    1.8595548943e+07    1.2129899498e+02   -7.3253162259e+02    4.3217042720e+02    3.1769960000e+18    2.1660848148e-05    0.0000000000e+00    1.0000000000e+00    0.0000000000e+00
   -5.2817586450e+07   -1.1946389103e+08   -1.1423974527e+07   -1.2784746577e+03   -2.9911097881e+03   -2.5934121552e+02    3.1769960000e+18    2.1660848148e-05    0.0000000000e+00    1.0000000000e+00    0.0000000000e+00
   -1.9701110624e+07    1.8151220891e+07   -5.4289597191e+06   -4.7664289790e+02    5.8431658580e+02   -1.1619163418e+02    3.1769960000e+18    2.1660848148e-05    0.0000000000e+00    1.0000000000e+00    0.0000000000e+00
    1.2211103411e+07   -3.1973608199e+07   -7.2115862085e+07    2.7855820773e+02   -7.7237824806e+02   -1.7367306078e+03    3.1769960000e+18    2.1660848148e-05    0.0000000000e+00    1.0000000000e+00    0.0000000000e+00
   -1.7333701486e+07   -7.4751208835e+07   -7.5042311624e+07   -4.4865394136e+02   -1.8414858834e+03   -1.8088842551e+03    3.1769960000e+18    2.1660848148e-05    0.0000000000e+00    1.0000000000e+00    0.0000000000e+00
   -3.3644070933e+07    9.7294040276e+06   -5.4704137790e+07   -8.3812149009e+02    3.0749000953e+02   -1.2924310430e+03    3.1769960000e+18    2.1660848148e-05    0.0000000000e+00    1.0000000000e+00    0.0000000000e+00
   -4.3950625678e+07   -7.0238071930e+07   -1.0607354344e+08   -1.1102698145e+03   -1.7323906212e+03   -2.5816528882e+03    3.1769960000e+18    2.1660848148e-05    0.0000000000e+00    1.0000000000e+00    0.0000000000e+00
   -4.0587968764e+07   -8.3436841434e+07   -6.7913791859e+07   -1.0192420773e+03   -2.0622152082e+03   -1.6269174416e+03    3.1769960000e+18    2.1660848148e-05    0.0000000000e+00    1.0000000000e+00    0.0000000000e+00
    1.3925767464e+07    8.4622041911e+07   -1.2868685857e+07   -2.6432584719e+01    1.9945470866e+03    1.8050086950e+02    3.1769960000e+18    2.1660848148e-05    0.0000000000e+00    1.0000000000e+00    0.0000000000e+00
    3.5624051473e+07    6.0494329405e+07   -8.2331522302e+07    8.3469170834e+02    1.5114815564e+03   -1.9450591812e+03    3.1769960000e+18    2.1660848148e-05    0.0000000000e+00    1.0000000000e+00    0.0000000000e+00
   -3.1232840482e+07    1.7311574501e+06   -6.4899020436e+07   -7.8713184607e+02    8.8303328974e+01   -1.5404410649e+03    3.1769960000e+18    2.1660848148e-05    0.0000000000e+00    1.0000000000e+00    0.0000000000e+00
   -2.0413505265e+07    4.9280459608e+07   -2.6180139731e+07   -4.6031143476e+02    1.3711535165e+03   -5.0359415626e+02    3.1769960000e+18    2.1660848148e-05    0.0000000000e+00    1.0000000000e+00    0.0000000000e+00
   -1.7861033201e+07   -1.4320581171e+08   -3.6653396145e+07   -4.3646928472e+02   -3.5833162403e+03   -7.6823393286e+02    3.1761420000e+18    2.1655025551e-05    0.0000000000e+00    1.0000000000e+00    0.0000000000e+00
    1.3376062684e+06    7.1980130952e+07   -5.4768205868e+07    1.7553719990e-01    1.7990706307e+03   -1.1699495476e+03    3.1761420000e+18    2.1655025551e-05    0.0000000000e+00    1.0000000000e+00    0.0000000000e+00
   -9.6955216436e+06    3.4076609041e+07   -7.5934378644e+07   -2.5818667481e+02    8.8334979619e+02   -1.7831988767e+03    3.1761420000e+18    2.1655025551e-05    0.0000000000e+00    1.0000000000e+00    0.0000000000e+00
    5.2754593864e+07    4.4685857903e+07   -5.3493207104e+06    1.1770975466e+03    1.1722481173e+03   -1.3454049833e+02    3.1760960000e+18    2.1654711922e-05    0.0000000000e+00    1.0000000000e+00    0.0000000000e+00
   -7.3927676840e+06   -1.8436107434e+08    5.2373333034e+07   -2.0664861295e+02   -4.5260493562e+03    1.1878386257e+03    3.1760960000e+18    2.1654711922e-05    0.0000000000e+00    1.0000000000e+00    0.0000000000e+00
    3.5960730406e+07    8.4408193298e+06   -1.0800626779e+07    8.1906439090e+02    2.6665613164e+02   -2.6320819681e+02    3.1760960000e+18    2.1654711922e-05    0.0000000000e+00    1.0000000000e+00    0.0000000000e+00
    6.7711290398e+07    8.1237684211e+07    2.5937115595e+07    1.5559762758e+03    1.9976535789e+03    5.9704014151e+02    3.1760960000e+18    2.1654711922e-05    0.0000000000e+00    1.0000000000e+00    0.0000000000e+00
   -7.6284828442e+06   -9.6016980962e+07    9.8660298863e+07   -2.1490228007e+02   -2.3807308292e+03    2.3946313274e+03    3.1760960000e+18    2.1654711922e-05    0.0000000000e+00    1.0000000000e+00    0.0000000000e+00
    9.8218657145e+06   -1.8830594385e+08    5.9720345369e+07    2.0309818130e+02   -4.6228252923e+03    1.3903507641e+03    3.1760960000e+18    2.1654711922e-05    0.0000000000e+00    1.0000000000e+00    0.0000000000e+00
    2.5231172524e+07   -1.1495171866e+08   -9.5927026102e+06    5.6096552143e+02   -2.9270337532e+03   -1.8911172866e+02    3.1760960000e+18    2.1654711922e-05    0.0000000000e+00    1.0000000000e+00    0.0000000000e+00
    9.5285469096e+06    6.2579600720e+07   -4.7322286291e+07    1.8094541102e+02    1.6040854158e+03   -9.9106704526e+02    3.1760960000e+18    2.1654711922e-05    0.0000000000e+00    1.0000000000e+00    0.0000000000e+00
    2.5706905396e+07    1.2569824539e+07   -4.4785135012e+07    5.9782632622e+02    3.7925516302e+02   -1.0494776858e+03    3.1760960000e+18    2.1654711922e-05    0.0000000000e+00    1.0000000000e+00    0.0000000000e+00
   -3.5309272319e+07   -1.3165395037e+08    3.4021491816e+07   -8.4482022836e+02   -3.2912298232e+03    7.6423592077e+02    3.1752890000e+18    2.1649209773e-05    0.0000000000e+00    1.0000000000e+00    0.0000000000e+00
   -4.6131594022e+07   -1.7068921568e+08    3.1118294067e+07   -1.0848466820e+03   -4.1979070355e+03    6.9450401176e+02    3.1752890000e+18    2.1649209773e-05    0.0000000000e+00    1.0000000000e+00    0.0000000000e+00
    2.2485893615e+07    6.5944679563e+07   -1.1104688582e+07    2.7487266130e+02    1.8405931299e+03   -1.0989188117e+02    3.1752890000e+18    2.1649209773e-05    0.0000000000e+00    1.0000000000e+00    0.0000000000e+00
   -2.7833114481e+07   -1.2997894914e+08   -1.1603084200e+08   -7.1340328674e+02   -3.2160723249e+03   -2.8373592451e+03    3.1752890000e+18    2.1649209773e-05    0.0000000000e+00    1.0000000000e+00    0.0000000000e+00
    4.1843013838e+06   -1.3161952009e+08   -4.9085984918e+07    7.1886738052e+01   -3.2773981316e+03   -1.1169428522e+03    3.1752890000e+18    2.1649209773e-05    0.0000000000e+00    1.0000000000e+00    0.0000000000e+00
   -4.3986563994e+07    8.2976245961e+06   -1.6277712003e+07   -1.0795202376e+03    2.8943699836e+02   -3.5612928137e+02    3.1752890000e+18    2.1649209773e-05    0.0000000000e+00    1.0000000000e+00    0.0000000000e+00
    3.5555596146e+06    2.0316797864e+07   -1.0249637851e+08    6.1032646571e+01    5.2245284705e+02   -2.4638407929e+03    3.1752890000e+18    2.1649209773e-05    0.0000000000e+00    1.0000000000e+00    0.0000000000e+00
    5.3066848034e+06    3.0928750879e+07   -9.1634071391e+07    1.0270616114e+02    7.9396518578e+02   -2.1849452401e+03    3.1752890000e+18    2.1649209773e-05    0.0000000000e+00    1.0000000000e+00    0.0000000000e+00
   -3.4437860059e+07   -4.6529174018e+07    8.8643934558e+07   -8.7172053645e+02   -1.1352297203e+03    2.1452133480e+03    3.1744370000e+18    2.1643400813e-05    0.0000000000e+00    1.0000000000e+00    0.0000000000e+00
   -3.0666052136e+07   -3.5626829712e+07    5.5403410732e+07   -7.7532350959e+02   -8.5308417769e+02    1.3215478003e+03    3.1744370000e+18    2.1643400813e-05    0.0000000000e+00    1.0000000000e+00    0.0000000000e+00
   -7.5764616326e+07   -1.3803629550e+08   -4.1005835474e+06   -1.8488878588e+03   -3.4195748610e+03   -9.0934106119e+01    3.1744370000e+18    2.1643400813e-05    0.0000000000e+00    1.0000000000e+00    0.0000000000e+00
   -2.9482089824e+07   -1.7232789526e+08   -1.5298476765e+07   -5.7221821711e+02   -4.1754881757e+03   -2.3353484799e+02    3.1744370000e+18    2.1643400813e-05    0.0000000000e+00    1.0000000000e+00    0.0000000000e+00
    5.0144069988e+07    5.6973621246e+07   -8.1476982559e+07    1.1952173351e+03    1.4224135878e+03   -1.9401714511e+03    3.1744370000e+18    2.1643400813e-05    0.0000000000e+00    1.0000000000e+00    0.0000000000e+00
   -2.1172496461e+07    2.0146212628e+07   -4.0026380647e+07   -5.2540702827e+02    5.9027618644e+02   -9.0817017849e+02    3.1744370000e+18    2.1643400813e-05    0.0000000000e+00    1.0000000000e+00    0.0000000000e+00
    2.6450551509e+07   -1.2119586718e+08    9.4568236575e+06    5.8267622440e+02   -3.0856475356e+03    1.7789173638e+02    3.1741110000e+18    2.1641178136e-05    0.0000000000e+00    1.0000000000e+00    0.0000000000e+00
    3.3686706654e+07   -6.6511992223e+07    3.5332730921e+07    7.9534819463e+02   -1.6620779366e+03    8.2881154035e+02    3.1741110000e+18    2.1641178136e-05    0.0000000000e+00    1.0000000000e+00    0.0000000000e+00
    2.2559683466e+07   -1.4535303901e+08    5.4030217904e+07    5.0584825051e+02   -3.6201454166e+03    1.2408275544e+03    3.1741110000e+18    2.1641178136e-05    0.0000000000e+00    1.0000000000e+00    0.0000000000e+00
    3.8392838830e+07    8.2791500436e+07   -4.7062496816e+06    6.4955959733e+02    1.9936501429e+03   -9.7222048603e+01    3.1735860000e+18    2.1637598672e-05    0.0000000000e+00    1.0000000000e+00    0.0000000000e+00
    1.6256109529e+07   -1.4114271911e+08    2.6789738160e+06    2.6594349982e+02   -3.6267681268e+03   -2.2313386850e+01    3.1731230000e+18    2.1634441925e-05    0.0000000000e+00    1.0000000000e+00    0.0000000000e+00
    6.4048955291e+04   -1.5931620693e+08   -9.6924582600e+05   -3.8348960386e+02   -4.2775024750e+03   -1.4818411279e+01    3.1731230000e+18    2.1634441925e-05    0.0000000000e+00    1.0000000000e+00    0.0000000000e+00
    4.1110241376e+07    6.2046205839e+07   -1.4530412326e+06    7.9450495223e+02    1.6190949295e+03   -5.4899482810e+01    3.1731230000e+18    2.1634441925e-05    0.0000000000e+00    1.0000000000e+00    0.0000000000e+00
    3.3068659253e+07   -4.7221871210e+07    1.0719491383e+08    7.9058665442e+02   -1.1639104500e+03    2.6063550906e+03    3.1731230000e+18    2.1634441925e-05    0.0000000000e+00    1.0000000000e+00    0.0000000000e+00
    5.2589831715e+07    2.0839226513e+07    3.0635308249e+06    1.2124306957e+03    5.6211636509e+02    7.4358233438e+01    3.1731230000e+18    2.1634441925e-05    0.0000000000e+00    1.0000000000e+00    0.0000000000e+00
   -4.1956149341e+07   -2.1422797784e+08    8.3521454743e+07   -1.0564361241e+03   -5.2834656026e+03    2.0241017424e+03    3.1731230000e+18    2.1634441925e-05    0.0000000000e+00    1.0000000000e+00    0.0000000000e+00
    2.8395796935e+07   -8.9267319335e+07    1.2191356312e+06    6.5737201466e+02   -2.2584490971e+03    3.6252755044e+00    3.1721370000e+18    2.1627719349e-05    0.0000000000e+00    1.0000000000e+00    0.0000000000e+00
    2.2402065866e+07    3.1412664961e+07    8.8924813619e+07    5.1984316792e+02    7.9994502835e+02    2.1286182835e+03    3.1721370000e+18    2.1627719349e-05    0.0000000000e+00    1.0000000000e+00    0.0000000000e+00
    5.0011955150e+07    3.3019320829e+07    9.7953647567e+07    1.2032226064e+03    8.3217590874e+02    2.3615630366e+03    3.1721370000e+18    2.1627719349e-05    0.0000000000e+00    1.0000000000e+00    0.0000000000e+00
    4.2817713965e+07   -2.8274047334e+07   -1.8425479216e+07    1.0127873058e+03   -6.9132437689e+02   -4.3299641895e+02    3.1721370000e+18    2.1627719349e-05    0.0000000000e+00    1.0000000000e+00    0.0000000000e+00
   -1.3088160015e+07   -1.8484876590e+08    1.9213611440e+07   -3.2263312888e+02   -4.3965992658e+03    3.2087666175e+02    3.1721370000e+18    2.1627719349e-05    0.0000000000e+00    1.0000000000e+00    0.0000000000e+00
   -1.3031074924e+07    3.2511585331e+07    5.4802201550e+07   -3.3477933235e+02    8.6984284654e+02    1.2424217681e+03    3.1718880000e+18    2.1626021660e-05    0.0000000000e+00    1.0000000000e+00    0.0000000000e+00
   -3.8768975958e+07    3.1109205641e+07    3.6488868791e+07   -9.4252175743e+02    8.6422655843e+02    8.2018810165e+02    3.1718880000e+18    2.1626021660e-05    0.0000000000e+00    1.0000000000e+00    0.0000000000e+00
   -1.0641996675e+06    6.8285870611e+07    2.3588180634e+07   -3.6380899497e+01    1.8253738257e+03    2.3564330623e+02    3.1718880000e+18    2.1626021660e-05    0.0000000000e+00    1.0000000000e+00    0.0000000000e+00
   -1.5149631971e+07    5.4768151042e+07    1.5780081553e+06   -2.7382868050e+02    1.6448150455e+03   -1.0477075592e+01    3.1718880000e+18    2.1626021660e-05    0.0000000000e+00    1.0000000000e+00    0.0000000000e+00
   -2.9522962001e+07   -1.6794010822e+08    1.3390891983e+07   -5.3885291433e+02   -4.0822004278e+03    1.7969047805e+02    3.1718880000e+18    2.1626021660e-05    0.0000000000e+00    1.0000000000e+00    0.0000000000e+00
    3.3808525030e+07    3.6720990423e+07    2.6138034397e+06    7.3256420854e+02    1.0443006193e+03    3.7612215430e+01    3.1718880000e+18    2.1626021660e-05    0.0000000000e+00    1.0000000000e+00    0.0000000000e+00
   -5.6662032745e+07   -5.4265865853e+07   -1.5292986341e+07   -1.4109177786e+03   -1.3202735906e+03   -3.5860301487e+02    3.1718880000e+18    2.1626021660e-05    0.0000000000e+00    1.0000000000e+00    0.0000000000e+00
   -3.8296834628e+06    8.2276207281e+07    3.8817359660e+05    6.6194444269e+02    2.1597715486e+03   -4.5633062972e+02    3.1701940000e+18    2.1614471920e-05    0.0000000000e+00    1.0000000000e+00    0.0000000000e+00
    2.4835744793e+05   -1.0034005632e+08   -8.7043924547e+06   -9.5843027514e+00   -2.5453775148e+03   -1.9211507970e+02    3.1701940000e+18    2.1614471920e-05    0.0000000000e+00    1.0000000000e+00    0.0000000000e+00
   -2.0825228768e+07   -1.4045492579e+08   -1.4843292342e+07   -4.4693732315e+02   -3.6099459800e+03   -2.3597777926e+02    3.1701940000e+18    2.1614471920e-05    0.0000000000e+00    1.0000000000e+00    0.0000000000e+00
   -3.2483471836e+07    5.7883376555e+07   -9.6462473795e+06   -6.8860320066e+02    1.6190630910e+03   -1.7231530667e+02    3.1701940000e+18    2.1614471920e-05    0.0000000000e+00    1.0000000000e+00    0.0000000000e+00
   -2.3720520996e+07   -1.2887748677e+08   -8.4190829544e+07   -6.0441501999e+02   -3.1946097301e+03   -2.0317930266e+03    3.1701940000e+18    2.1614471920e-05    0.0000000000e+00    1.0000000000e+00    0.0000000000e+00
   -3.2078774854e+07   -1.4840437313e+08   -4.5327845497e+07   -7.8303562108e+02   -3.6849973245e+03   -1.0124509152e+03    3.1701940000e+18    2.1614471920e-05    0.0000000000e+00    1.0000000000e+00    0.0000000000e+00
    1.3395899939e+07    4.4798071253e+07   -1.2516615270e+08    3.0406689858e+02    1.1173830733e+03   -3.0319337878e+03    3.1701940000e+18    2.1614471920e-05    0.0000000000e+00    1.0000000000e+00    0.0000000000e+00
   -4.3468726343e+06    3.7801506254e+07   -9.2699931818e+07   -1.3120082920e+02    9.6765102223e+02   -2.2099546391e+03    3.1701940000e+18    2.1614471920e-05    0.0000000000e+00    1.0000000000e+00    0.0000000000e+00
    1.1995359008e+07   -1.2275996751e+08    3.3478685594e+06    2.2965103435e+02   -3.1666209388e+03    5.9954495872e+01    3.1701740000e+18    2.1614335560e-05    0.0000000000e+00    1.0000000000e+00    0.0000000000e+00
    4.9321431384e+07   -5.6065554493e+07    1.6830567018e+07    1.1847572915e+03   -1.4016585131e+03    4.1986719875e+02    3.1701740000e+18    2.1614335560e-05    0.0000000000e+00    1.0000000000e+00    0.0000000000e+00
    4.3570847186e+07    7.5141923485e+07    5.4299441379e+06    8.2788478656e+02    1.8727094934e+03    1.0092859373e+02    3.1701740000e+18    2.1614335560e-05    0.0000000000e+00    1.0000000000e+00    0.0000000000e+00
   -4.0034614700e+05    5.7031883860e+06    5.2393808266e+07   -3.8926986880e+01    1.9843596429e+02    1.2293281326e+03    3.1701740000e+18    2.1614335560e-05    0.0000000000e+00    1.0000000000e+00    0.0000000000e+00
    2.3268113161e+07   -1.4017696029e+08   -3.8971480976e+07    5.0700795133e+02   -3.5048051122e+03   -8.5630761623e+02    3.1701740000e+18    2.1614335560e-05    0.0000000000e+00    1.0000000000e+00    0.0000000000e+00
   -9.9506032674e+06    8.0209976234e+07    4.3689237173e+04    2.7001291365e+02    2.3305235002e+03   -4.0300215927e+01    3.1685040000e+18    2.1602949453e-05    0.0000000000e+00    1.0000000000e+00    0.0000000000e+00
    5.9348552119e+07   -4.4528591468e+07    2.0018643838e+07    1.4294412308e+03   -1.1108479628e+03    4.7391830304e+02    3.1682200000e+18    2.1601013133e-05    0.0000000000e+00    1.0000000000e+00    0.0000000000e+00
    5.7803935545e+07    5.8340860846e+07    5.6592310628e+07    1.3568341160e+03    1.4572637238e+03    1.3274752031e+03    3.1682200000e+18    2.1601013133e-05    0.0000000000e+00    1.0000000000e+00    0.0000000000e+00
    3.1524347815e+07   -1.2524618559e+08    1.3607319593e+08    7.5210475066e+02   -3.1048556524e+03    3.3223539213e+03    3.1682200000e+18    2.1601013133e-05    0.0000000000e+00    1.0000000000e+00    0.0000000000e+00
    7.7085430538e+06   -1.5779431823e+08    4.2310603991e+07    1.3509211608e+02   -3.9035071984e+03    9.0384538189e+02    3.1682200000e+18    2.1601013133e-05    0.0000000000e+00    1.0000000000e+00    0.0000000000e+00
    5.0347016652e+07   -3.8241599937e+07   -1.8998548043e+07    1.2096770125e+03   -9.4235986893e+02   -4.4661254324e+02    3.1682200000e+18    2.1601013133e-05    0.0000000000e+00    1.0000000000e+00    0.0000000000e+00
    1.8017925845e+07   -1.4162057751e+08   -2.1647061633e+06    3.0940124174e+02   -3.6385855537e+03    2.2057065328e+01    3.1682200000e+18    2.1601013133e-05    0.0000000000e+00    1.0000000000e+00    0.0000000000e+00
    3.1458065514e+07   -5.3405564764e+07   -1.2346778338e+08    7.5410777090e+02   -1.3249979850e+03   -3.0199825425e+03    3.1682200000e+18    2.1601013133e-05    0.0000000000e+00    1.0000000000e+00    0.0000000000e+00
   -6.5719420101e+07   -1.5884038892e+08   -1.0353646550e+08   -1.6469924768e+03   -3.9240570027e+03   -2.5211318459e+03    3.1682200000e+18    2.1601013133e-05    0.0000000000e+00    1.0000000000e+00    0.0000000000e+00
   -6.6672836463e+07   -1.2561797459e+08    4.7147432447e+07   -1.6468699740e+03   -3.1110134090e+03    1.1176535785e+03    3.1676600000e+18    2.1597195037e-05    0.0000000000e+00    1.0000000000e+00    0.0000000000e+00
    1.8675286494e+07    4.4103495898e+06   -3.5882259999e+07    4.2826365250e+02    1.8226428395e+02   -8.3695733961e+02    3.1676600000e+18    2.1597195037e-05    0.0000000000e+00    1.0000000000e+00    0.0000000000e+00
   -5.1445626028e+07   -4.9398853471e+07   -4.1573633151e+07   -1.2845494448e+03   -1.1973338606e+03   -9.9014453362e+02    3.1676600000e+18    2.1597195037e-05    0.0000000000e+00    1.0000000000e+00    0.0000000000e+00
    4.1269444035e+07    8.8455179461e+07   -3.6239507631e+07    8.8504434585e+02    2.1527804538e+03   -7.5504403679e+02    3.1676600000e+18    2.1597195037e-05    0.0000000000e+00    1.0000000000e+00    0.0000000000e+00
   -9.9694974854e+06    6.6602904937e+07   -8.7014691252e+06   -8.1478142235e+01    1.9724857505e+03    3.2629517138e+01    3.1676600000e+18    2.1597195037e-05    0.0000000000e+00    1.0000000000e+00    0.0000000000e+00
    2.4919083261e+07   -7.5239312010e+07    1.2908916265e+07    5.7870811587e+02   -1.8969254188e+03    3.1504539758e+02    3.1672480000e+18    2.1594386009e-05    0.0000000000e+00    1.0000000000e+00    0.0000000000e+00
    1.2470749523e+07    7.5611215061e+07    2.5118265897e+07    1.5671234392e+02    1.9509615340e+03    2.7719906166e+02    3.1672480000e+18    2.1594386009e-05    0.0000000000e+00    1.0000000000e+00    0.0000000000e+00
    4.8210397663e+07    4.3427547982e+07   -5.5368262299e+07    1.1227117607e+03    1.1041353649e+03   -1.2904489044e+03    3.1672480000e+18    2.1594386009e-05    0.0000000000e+00    1.0000000000e+00    0.0000000000e+00
   -7.4134830212e+07   -2.0294453127e+08   -2.3068796787e+06   -1.8182285699e+03   -4.9748692037e+03   -4.9098315517e+01    3.1672480000e+18    2.1594386009e-05    0.0000000000e+00    1.0000000000e+00    0.0000000000e+00
   -1.6156171653e+07   -6.3731100425e+07    9.1342907524e+07   -4.2166733447e+02   -1.5696521726e+03    2.2074178069e+03    3.1668180000e+18    2.1591454257e-05    0.0000000000e+00    1.0000000000e+00    0.0000000000e+00
   -3.0046152374e+07   -1.9531396471e+07    4.7046879532e+07   -7.5574509176e+02   -4.3581849854e+02    1.1155485836e+03    3.1668180000e+18    2.1591454257e-05    0.0000000000e+00    1.0000000000e+00    0.0000000000e+00
   -1.5988881905e+06   -3.9068854613e+07    1.8245583460e+08   -6.3920987961e+01   -9.5940047608e+02    4.4870189301e+03    3.1668180000e+18    2.1591454257e-05    0.0000000000e+00    1.0000000000e+00    0.0000000000e+00
   -4.1782926872e+07   -6.8932367235e+07    2.4582774482e+07   -1.0426446311e+03   -1.7000569307e+03    5.7653700839e+02    3.1668180000e+18    2.1591454257e-05    0.0000000000e+00    1.0000000000e+00    0.0000000000e+00
    3.7417064876e+07    9.2224712820e+07    2.8958805450e+07    7.5973549402e+02    2.2125252181e+03    5.6792688849e+02    3.1668180000e+18    2.1591454257e-05    0.0000000000e+00    1.0000000000e+00    0.0000000000e+00
   -1.6821053281e+07    6.6634911727e+07    2.6058572314e+05   -1.9639828352e+02    1.9701850103e+03    1.4044656170e+01    3.1668180000e+18    2.1591454257e-05    0.0000000000e+00    1.0000000000e+00    0.0000000000e+00
   -3.2747360636e+07    7.6000364032e+06   -3.5634450828e+06   -7.9939251361e+02    2.9072853943e+02   -7.1071988620e+01    3.1668180000e+18    2.1591454257e-05    0.0000000000e+00    1.0000000000e+00    0.0000000000e+00
    3.8670230731e+07    8.1391794545e+07    3.4949421183e+05    6.5367821225e+02    1.9833719918e+03    1.5974473068e+01    3.1668180000e+18    2.1591454257e-05    0.0000000000e+00    1.0000000000e+00    0.0000000000e+00
   -4.6954306836e+06   -4.0386065179e+07   -1.3594714413e+08   -1.4018824322e+02   -9.9363716015e+02   -3.3284854875e+03    3.1668180000e+18    2.1591454257e-05    0.0000000000e+00    1.0000000000e+00    0.0000000000e+00
   -3.4120270727e+07   -7.1991243998e+07   -6.4258130690e+07   -8.5984125423e+02   -1.7756736123e+03   -1.5381600485e+03    3.1668180000e+18    2.1591454257e-05    0.0000000000e+00    1.0000000000e+00    0.0000000000e+00
    3.1675660471e+07    4.0381865427e+07    6.9586548849e+07    7.3367833271e+02    1.0322014760e+03    1.6357129087e+03    3.1662780000e+18    2.1587772522e-05    0.0000000000e+00    1.0000000000e+00    0.0000000000e+00
    3.7225340463e+07    1.5440562641e+07    1.2927318061e+08    8.9374072750e+02    3.9009707965e+02    3.1498774093e+03    3.1662780000e+18    2.1587772522e-05    0.0000000000e+00    1.0000000000e+00    0.0000000000e+00
    3.0355007599e+07    6.2883139618e+07    1.0896598234e+07    5.1315860930e+02    1.7106432281e+03    1.6529381894e+02    3.1662780000e+18    2.1587772522e-05    0.0000000000e+00    1.0000000000e+00    0.0000000000e+00
    2.5106377058e+07   -8.2982265163e+07   -9.5806867434e+07    5.9250531184e+02   -2.0584858284e+03   -2.3223243236e+03    3.1662780000e+18    2.1587772522e-05    0.0000000000e+00    1.0000000000e+00    0.0000000000e+00
   -3.4439868801e+07   -1.9258169622e+08   -2.9985292903e+07   -8.2493745221e+02   -4.6857410097e+03   -6.5200141909e+02    3.1662780000e+18    2.1587772522e-05    0.0000000000e+00    1.0000000000e+00    0.0000000000e+00
    1.1638257176e+07    3.1451911579e+07    1.8049414322e+08    2.6411028821e+02    7.8200268592e+02    4.4265044376e+03    3.1659770000e+18    2.1585720295e-05    0.0000000000e+00    1.0000000000e+00    0.0000000000e+00
   -1.7683963287e+07   -1.7586445685e+08    2.3928291098e+07   -3.9842955697e+02   -4.2476542229e+03    3.8631475978e+02    3.1659770000e+18    2.1585720295e-05    0.0000000000e+00    1.0000000000e+00    0.0000000000e+00
   -3.5642667532e+07   -8.9667099901e+06    1.3934845589e+06   -8.8246831011e+02   -1.4439506620e+02    2.2804398831e+01    3.1659770000e+18    2.1585720295e-05    0.0000000000e+00    1.0000000000e+00    0.0000000000e+00
    3.8202123710e+07    6.9456345595e+07   -1.2703081029e+07    7.0752308872e+02    1.8082422181e+03   -2.4241227969e+02    3.1659770000e+18    2.1585720295e-05    0.0000000000e+00    1.0000000000e+00    0.0000000000e+00
   -3.7369057269e+07   -1.0317322889e+07   -1.1849945676e+07   -9.2500202266e+02   -1.8491764539e+02   -2.6221338417e+02    3.1659770000e+18    2.1585720295e-05    0.0000000000e+00    1.0000000000e+00    0.0000000000e+00
   -7.7893560338e+07   -1.5226576862e+08    9.4829987955e+07   -1.9458572068e+03   -3.7611131309e+03    2.3095957097e+03    3.1651360000e+18    2.1579986334e-05    0.0000000000e+00    1.0000000000e+00    0.0000000000e+00
   -4.2198471111e+07   -1.5823727928e+08    1.5458361002e+07   -9.2490781352e+02   -3.9225461361e+03    2.9133394343e+02    3.1651360000e+18    2.1579986334e-05    0.0000000000e+00    1.0000000000e+00    0.0000000000e+00
    1.5469136582e+07    3.6217855426e+07    1.1495766777e+08    3.5765325566e+02    9.1240903571e+02    2.7851649276e+03    3.1651360000e+18    2.1579986334e-05    0.0000000000e+00    1.0000000000e+00    0.0000000000e+00
    1.7063030906e+07   -9.2920297502e+07    5.9638917272e+07    3.9110259145e+02   -2.3175249817e+03    1.4198778551e+03    3.1651360000e+18    2.1579986334e-05    0.0000000000e+00    1.0000000000e+00    0.0000000000e+00
   -2.4568798222e+07   -1.5711740293e+08    4.1412155469e+07   -5.8824538806e+02   -3.8891869610e+03    8.9273102409e+02    3.1651360000e+18    2.1579986334e-05    0.0000000000e+00    1.0000000000e+00    0.0000000000e+00
   -7.0180370999e+07   -1.6085655783e+08   -1.9418862781e+06   -1.6869619144e+03   -3.9684115710e+03   -4.9389354296e+01    3.1651360000e+18    2.1579986334e-05    0.0000000000e+00    1.0000000000e+00    0.0000000000e+00
   -3.6801266263e+07   -1.0368221020e+08    2.1594518910e+07   -8.9981859287e+02   -2.6029349731e+03    5.1625160932e+02    3.1651360000e+18    2.1579986334e-05    0.0000000000e+00    1.0000000000e+00    0.0000000000e+00
   -3.4181527545e+07   -6.4529194701e+06    1.1616906120e+06   -8.4746079649e+02   -8.0832169958e+01    2.5934097614e+01    3.1651360000e+18    2.1579986334e-05    0.0000000000e+00    1.0000000000e+00    0.0000000000e+00
   -1.1685672689e+06    8.5171293704e+07   -1.4503838273e+05    1.0112364811e+03    2.3528435561e+03   -5.9606857304e+00    3.1651360000e+18    2.1579986334e-05    0.0000000000e+00    1.0000000000e+00    0.0000000000e+00
    2.6827185689e+07   -1.0696346211e+08    1.1392828392e+07    6.0656535785e+02   -2.7101018115e+03    2.2707689687e+02    3.1643450000e+18    2.1574593273e-05    0.0000000000e+00    1.0000000000e+00    0.0000000000e+00
    1.1865311949e+07   -1.5889355634e+08   -4.9376966692e+05    1.7973046925e+01   -4.0107832036e+03   -1.4215718334e+02    3.1643450000e+18    2.1574593273e-05    0.0000000000e+00    1.0000000000e+00    0.0000000000e+00
    5.0631521170e+07   -8.2154052216e+07   -2.9340473105e+07    1.2153341347e+03   -2.0648065513e+03   -6.9591615720e+02    3.1643450000e+18    2.1574593273e-05    0.0000000000e+00    1.0000000000e+00    0.0000000000e+00
    5.9975994905e+07    3.6701454086e+07   -4.4673804175e+07    1.4148026310e+03    9.3796575791e+02   -1.0419074793e+03    3.1643450000e+18    2.1574593273e-05    0.0000000000e+00    1.0000000000e+00    0.0000000000e+00
   -5.8584026058e+07   -2.2270523544e+08   -2.4576641647e+06   -1.4466440940e+03   -5.4501685817e+03   -6.6250818794e+01    3.1643450000e+18    2.1574593273e-05    0.0000000000e+00    1.0000000000e+00    0.0000000000e+00
    1.8475097978e+07   -1.2804450606e+08    4.7218630135e+06    3.6927977027e+02   -3.2888764665e+03    1.5675999668e+02    3.1643450000e+18    2.1574593273e-05    0.0000000000e+00    1.0000000000e+00    0.0000000000e+00
    5.7342808370e+07   -1.2087297978e+07   -5.9444624557e+07    1.3790819514e+03   -2.8498589379e+02   -1.4209867343e+03    3.1643450000e+18    2.1574593273e-05    0.0000000000e+00    1.0000000000e+00    0.0000000000e+00
   -1.0337769862e+07   -5.1382013534e+07    1.4151484326e+08   -2.8080675903e+02   -1.2650732162e+03    3.4638778789e+03    3.1634590000e+18    2.1568552501e-05    0.0000000000e+00    1.0000000000e+00    0.0000000000e+00
   -3.1715860916e+07   -9.0123465226e+07    1.1253427461e+07   -7.8279784759e+02   -2.2550203011e+03    2.6023010976e+02    3.1634590000e+18    2.1568552501e-05    0.0000000000e+00    1.0000000000e+00    0.0000000000e+00
   -1.7476134683e+07   -4.6093533965e+07   -2.6122748014e+07   -4.4798151386e+02   -1.1171027342e+03   -6.2613194120e+02    3.1634590000e+18    2.1568552501e-05    0.0000000000e+00    1.0000000000e+00    0.0000000000e+00
   -3.1839548571e+07   -1.2063951599e+08   -3.1406334052e+07   -7.7696088091e+02   -3.0364568396e+03   -7.1045380647e+02    3.1634590000e+18    2.1568552501e-05    0.0000000000e+00    1.0000000000e+00    0.0000000000e+00
    6.1605773053e+05   -1.4200523277e+08   -3.1715090567e+07   -2.5499044101e+01   -3.5662734127e+03   -6.3492114284e+02    3.1634590000e+18    2.1568552501e-05    0.0000000000e+00    1.0000000000e+00    0.0000000000e+00
   -5.3014299184e+07   -3.8859455040e+07   -2.7300476959e+07   -1.3195820578e+03   -9.2589572739e+02   -6.4260082408e+02    3.1634590000e+18    2.1568552501e-05    0.0000000000e+00    1.0000000000e+00    0.0000000000e+00
    6.5435288116e+06    6.4839236261e+07   -7.1572096119e+07    1.2509321045e+02    1.6137540944e+03   -1.6372207216e+03    3.1634590000e+18    2.1568552501e-05    0.0000000000e+00    1.0000000000e+00    0.0000000000e+00
   -1.1433392973e+07    6.3160197416e+07   -1.8685089277e+07   -2.0072613007e+02    1.7637201978e+03   -2.0218574435e+02    3.1634590000e+18    2.1568552501e-05    0.0000000000e+00    1.0000000000e+00    0.0000000000e+00
    3.5474874756e+07   -1.0646541264e+08   -8.7150732410e+06    8.2196532409e+02   -2.7035882730e+03   -1.9687448234e+02    3.1624230000e+18    2.1561489023e-05    0.0000000000e+00    1.0000000000e+00    0.0000000000e+00
    5.7647732592e+07    3.2931630078e+07    2.9693190866e+04    1.3244256337e+03    8.6279326351e+02    1.0899938211e+01    3.1624230000e+18    2.1561489023e-05    0.0000000000e+00    1.0000000000e+00    0.0000000000e+00
    3.5322306771e+07    7.6890971166e+07    1.7210021613e+05    5.4182630641e+02    1.9100389074e+03    1.3146703413e+01    3.1624230000e+18    2.1561489023e-05    0.0000000000e+00    1.0000000000e+00    0.0000000000e+00
    3.0117075412e+06   -2.6641575931e+07    6.8502026323e+07    4.8451760275e+01   -6.3468393533e+02    1.6489408135e+03    3.1624230000e+18    2.1561489023e-05    0.0000000000e+00    1.0000000000e+00    0.0000000000e+00
   -4.7865684973e+07   -1.9858093414e+08    4.7188529662e+07   -1.1796021054e+03   -4.8692897767e+03    1.1059764188e+03    3.1624230000e+18    2.1561489023e-05    0.0000000000e+00    1.0000000000e+00    0.0000000000e+00
    1.4757539129e+07   -1.4786073021e+08   -6.6423571864e+06    1.9981856932e+02   -3.7823185646e+03   -3.8046294003e+01    3.1624230000e+18    2.1561489023e-05    0.0000000000e+00    1.0000000000e+00    0.0000000000e+00
    4.0958505141e+07   -1.3039391989e+08   -7.5221277579e+07    9.7454919798e+02   -3.2457169701e+03   -1.7980614054e+03    3.1624230000e+18    2.1561489023e-05    0.0000000000e+00    1.0000000000e+00    0.0000000000e+00
   -7.1191079422e+06   -1.5540949631e+08   -9.7446345151e+07   -2.0162447845e+02   -3.8446789142e+03   -2.3458670661e+03    3.1624230000e+18    2.1561489023e-05    0.0000000000e+00    1.0000000000e+00    0.0000000000e+00
   -7.1919333626e+06   -1.7400900326e+08   -7.0124881736e+07   -2.0255920589e+02   -4.2880078762e+03   -1.6456633336e+03    3.1624230000e+18    2.1561489023e-05    0.0000000000e+00    1.0000000000e+00    0.0000000000e+00
