x1	x2	x3	v1	v2	v3	mass	rel_mass	water_fraction
14168492.01372717 130800284.40866053 -63796.38610780976 447.4441246577642 3280.479824443999 -3.8107117925736653 6.12468748710001e+23 0.47861006957075714 0.09252947803346616 
-14121933.526974127 -130961059.56994082 -79335.42352669396 -443.93385837785826 -3279.8462315770853 -2.9421935965667187 6.096827446900003e+23 0.47643296325350115 0.09167610777397621 
-633111.7371237263 9607413.089702833 1636864.5772412482 -9.575699377580966 282.95118999819135 82.21186791974633 8.623619849999999e+21 0.006738876563127001 0.11761372226989951 
1459803.746279846 -67356430.25992115 1217783.2082627176 -30.670797364443626 -2086.446176821679 20.428201247144123 7.91048565e+21 0.006181602073924001 0.13743947566427547 
-1394985.9891184422 39066689.89226142 -6831082.536617999 -6.11197513332909 1154.5058118693075 -227.55438648943527 4.899891760000002e+21 0.003828991342118 0.14856060615879613 
-631645.9301366825 -5070829.096438783 6284271.164043526 -28.604768155776366 -66.7710183310682 105.12363745944934 3.02580781e+21 0.002364499559308 0.10116779360167222 
1902317.335968189 -54590198.38714723 -9599091.547513949 -7.363359935042512 -1756.7445964358842 -375.04465158767493 1.49790421e+21 0.0011705283570000002 0.09294025550511854 
1381723.138437356 -38862581.89072671 9527675.831016893 -6.843789499156133 -1185.3397498362067 356.9129521388812 1.04873344e+21 0.000819526523978 0.06768863020171555 
-1913733.8422683761 55613365.98591181 10387368.819365973 24.218211210567652 1689.033055809173 403.4842205605397 1.0416165900000001e+21 0.000813965103767 0.13640680396895252 
-5385236.0744467 36816149.47596734 -42138979.00667382 -101.36844179797023 1033.8305514005324 -727.0051169409543 7.9372295e+20 0.0006202500896819999 0.0 
2331053.2196640866 -37125818.013321385 -5884440.495412539 53.43116830412749 -1174.1495727727333 -152.7318973373635 7.5185408e+20 0.000587531909649 0.06043687360145677 
-478726.4933938381 18470632.575571287 -6863670.063937454 15.35388983683141 463.8808466099536 -205.97325971396927 6.9122143e+20 0.0005401508850749999 0.10155551745559395 
592529.6526159456 -18794772.481854733 13445498.714115363 -12.840911347610325 -515.6107755327089 511.40108622408405 6.3490739e+20 0.000496144612664 0.1827259090496668 
-2161354.551947061 65055306.890804335 12048520.707961386 26.908305229570015 1953.9650437981852 430.93285103853606 5.7236163e+20 0.00044726859962800005 0.08241567485968276 
-1967753.6549 3594873.2879 -11523146.695 -99.317772451 210.34140718 -340.0029996 4.6920895e+20 0.0003666605499 0.048480064159 
8812585.298726542 -78990678.64194164 -39902205.47678635 118.99312108071625 -2214.701500010813 -539.9676234223667 5.6540889e+20 0.000441835422211 0.0 
-3902125.5356 61716174.638 6745052.4597 -91.226744638 1893.3501085 161.73037152 3.0905296e+20 0.00024150760181 0.0 
-4021674.4077 11118963.684 40658027.858 -100.7139166 324.68588737 724.30268352 2.1646593e+20 0.00016915601659 0.0 
2569942.0624 -11335329.811 -6276451.6038 60.532824666 -257.96204844 -186.32773863 1.592711e+20 0.00012446145605 0.0 
-87048.306683 23515136.026 10538704.237 56.493451415 631.87032122 376.38297944 1.5083079e+20 0.00011786582588 0.0 
-4125960.7199 27170827.8 17780213.112 -80.662282505 785.92489156 141.55315315 1.5031325e+20 0.00011746139732 0.0 
-1259296.8388 22034566.566 -46696594.312 -53.873412856 635.78842303 -874.21683287 1.4957813e+20 0.00011688694216 0.0 
4065740.6753 -30432904.771 -30759296.611 59.510750715 -890.21269867 -468.64144896 1.4651347e+20 0.00011449208179 0.0 
-3811185.084 48672594.027 -33280147.648 -36.157602755 1390.2405215 -507.48994172 1.4318857e+20 0.00011189385841 0.0 
-3729958.5086 16896720.634 33310836.655 -76.883781691 472.71437911 541.65913147 1.4293254e+20 0.00011169378529 0.0 
-2035089.6766 22070660.298 -11155216.892 -68.23572236 563.85688597 -352.11719563 1.4276022e+20 0.00011155912684 0.0 
-6917101.56401287 29399662.508315407 -32047320.12175088 -108.74142605353528 868.9836938899318 -505.1416327558891 2.1670692e+20 0.000169344336794 0.0 
-2380992.5467 -2493551.0635 55226788.117 -50.005470889 -48.26329697 1097.3567074 1.4193995e+20 0.00011091813172 0.0 
-3265639.1563 -17640277.971 65985951.827 -80.449449861 -479.38550292 1356.087556 1.4088715e+20 0.00011009542741 0.0 
-3467227.8182 29990804.19 41712824.953 -64.147099235 846.99559505 713.82985984 1.4041788e+20 0.00010972871915 0.0 
-11191054.994 12511937.018 80170934.491 -247.64288948 331.44240338 1725.8625932 1.3867796e+20 0.00010836906899 0.0 
-1514729.9845437205 52824341.65447364 3875775.210277387 -9.415100660065331 1572.5684402151478 204.77589742631886 1.5884822999999998e+20 0.0001241310068 0.0 
1128025.2117 -26655761.285 -14179221.104 26.759965641 -812.29137002 -497.78106607 7.74243e+19 6.0502759834e-05 0.0 
-4076155.382385781 49212669.177616455 26227885.81201848 -53.838610367726424 1430.5613498982373 324.2199773353443 1.5191798e+20 0.00011871540405800001 0.0 
2619641.5193 -22712599.222 -755362.16942 32.945951015 -648.54797245 -13.734748747 7.605774e+19 5.9434869631e-05 0.0 
-216198.24401 -22455311.966 3008001.301 -45.434612244 -631.08197163 150.05392172 7.582549e+19 5.9253379246e-05 0.0 
-3113326.7972 -67832228.906 -10661027.409 -232.94166722 -2024.3742414 -263.84452684 7.566991e+19 5.9131802178e-05 0.0 
-4010555.5786 51329832.238 -6311985.6693 30.698649646 1523.7186739 -436.45643629 7.559189e+19 5.9070833912e-05 0.0 
-4726998.986 61823369.327 4072122.2914 22.720121438 1836.0385198 -215.52570182 7.543539e+19 5.8948537916e-05 0.0 
-2788422.972 -14801534.658 -29399409.932 -56.103826321 -423.80860854 -442.58841223 7.543539e+19 5.8948537916e-05 0.0 
-4301943.1813 67078065.154 -15944287.561 -16.520727869 2008.8249379 -16.3557241 7.512051e+19 5.8702476808e-05 0.0 
1894341.0534 -41807546.238 -14723125.678 -49.404903832 -1297.0071793 -604.31770401 7.472328e+19 5.8392063782e-05 0.0 
-2248888.4306 46161938.348 361656.24698 -3.9667233396 1291.0380961 15.239963326 7.464334e+19 5.8329595143e-05 0.0 
-4764462.2327 51424392.64 6930076.4873 -39.498970756 1570.5914056 -165.3498801 7.464334e+19 5.8329595143e-05 0.0 
4963518.4543 -51014840.206 805180.36835 -71.303385671 -1591.7449876 322.20884666 7.448296e+19 5.8204267144e-05 0.0 
-5190393.9257 41300486.741 18035636.228 -83.836502914 1213.0334072 144.75932169 7.432189e+19 5.8078399948e-05 0.0 
1487781.1906 -15136033.749 3952405.2772 -31.301487271 -408.14464234 164.65940641 7.416014e+19 5.795200137e-05 0.0 
-2651929.8814 59145095.204 -12391486.785 -2.5107138108 1768.9886673 39.686007972 7.391618e+19 5.7761360276e-05 0.0 
5508155.536682735 -70859475.44817032 29184830.53861353 50.590080008862984 -2064.478403299772 295.14498646290696 2.1899333e+20 0.000171131038321 0.0 
1901299.210859902 -28592397.803620316 -46736018.55254005 31.82632695332696 -797.9446342687373 -867.3574389296995 2.1683765e+20 0.00016944649497599998 0.0 
-5213069.9219 20784909.924 -20516900.567 -80.619460778 617.69481489 -208.71079882 7.375264e+19 5.7633562913e-05 0.0 
1460329.2247 -25755430.03 -50988269.605 48.796107124 -734.92821037 -962.36821464 7.375264e+19 5.7633562913e-05 0.0 
-2111452.9534 50986113.805 -10993046.132 -38.173448096 1468.2930741 -392.11755295 7.334058e+19 5.7311561071e-05 0.0 
1480757.5169 -30214057.435 1313291.5157 1.3192269111 -969.07170912 70.38895477 7.334058e+19 5.7311561071e-05 0.0 
706272.46935 -45573928.498 14850284.432 -58.034892223 -1421.8576703 409.29554961 7.334058e+19 5.7311561071e-05 0.0 
-4644907.1596 21745955.457 1729544.9628 -48.912271175 568.8425032 -269.17758292 7.334058e+19 5.7311561071e-05 0.0 
1597497.027 -50543305.374 4845072.5236 -33.405828009 -1535.5245997 -239.06306554 7.334058e+19 5.7311561071e-05 0.0 
-4236962.972895051 35335158.715910584 38809872.93353375 -56.85120635730521 994.9271809412982 660.8487421613578 1.4339408e+20 0.00011205445298 0.0 
-13852780.331 -34221007.481 48364489.448 -299.23604759 -940.30010593 916.69706814 7.317443e+19 5.7181724139e-05 0.0 
-13617466.474 61764853.24 25412777.522 -197.04112288 1801.6101724 282.47363342 7.309107e+19 5.7116582962e-05 0.0 
5829269.1689 -32741620.524 1967311.3242 139.90037931 -1018.3891437 131.02017127 7.309107e+19 5.7116582962e-05 0.0 
-6168955.9039 55942115.555 3795859.2346 -51.481624064 1671.5658758 -240.730861 7.300751e+19 5.7051285496e-05 0.0 
7355154.0879 -70546995.423 -43055649.524 137.4531177 -2004.779302 -671.26734887 7.28398e+19 5.6920229511e-05 0.0 
-2828817.2034 15444544.243 50640873.295 -57.362815627 445.81481658 962.4189417 7.267129e+19 5.6788548372e-05 0.0 
3084080.793 -5624962.7362 -3958656.8589 161.93039127 -76.636517317 -129.59602922 7.267129e+19 5.6788548372e-05 0.0 
375019.03916 43067864.442 15405810.566 116.72534193 1291.4774467 542.96102411 7.267129e+19 5.6788548372e-05 0.0 
2464528.6219 -8122802.4113 -56241026.521 47.913934244 -231.44615978 -1120.6410751 7.250197e+19 5.6656234262e-05 0.0 
-2145858.8748 23372121.869 48918419.152 -36.593099514 655.41214875 906.58822458 7.233182e+19 5.6523271555e-05 0.0 
-5992372.9104 18135386.056 1695385.0809 -85.538068385 467.64198615 -300.12391729 7.233182e+19 5.6523271555e-05 0.0 
-5449069.4703 75548746.915 -29091986.319 -59.716056543 2173.6193888 -259.12792254 7.216083e+19 5.6389652434e-05 0.0 
2855159.83 -34568974.888 -27573799.864 51.741361745 -990.35360335 -380.88159837 7.216083e+19 5.6389652434e-05 0.0 
2042956.1845 -42801107.885 36716238.435 29.789674607 -1218.7144978 583.66575008 7.207501e+19 5.6322588904e-05 0.0 
-2984298.133 9369805.5436 -44905648.938 -51.677827676 275.49814028 -850.00420095 7.190272e+19 5.6187953906e-05 0.0 
4629513.8583 -57156882.55 8657468.7529 25.934504752 -1745.1929586 -156.60821444 7.181625e+19 5.6120382437e-05 0.0 
3802784.8983 -54345805.933 -5456081.1397 52.152818702 -1682.5053903 -163.70173136 7.181625e+19 5.6120382437e-05 0.0 
17183328.846 -85890687.939 -100398884.95 392.44705179 -2215.5734294 -2220.0564787 7.181625e+19 5.6120382437e-05 0.0 
16282304.488 -86256792.393 57997554.037 315.1437614 -2304.7165117 1030.4672573 7.172955e+19 5.6052631237e-05 0.0 
-5002800.5155 53080208.565 53852470.697 -122.1872569 1478.1672624 975.40110491 7.164263e+19 5.5984708118e-05 0.0 
8435801.4786 -56345532.468 -47168765.713 153.90678603 -1583.8176089 -816.08903584 7.164263e+19 5.5984708118e-05 0.0 
-4022344.199 15395886.587 43532792.376 -105.70417188 410.12971365 772.32311006 7.146812e+19 5.5848338314e-05 0.0 
1978148.9521 -11545615.044 -6893289.7069 206.16756146 -229.70037316 -390.23961308 7.129267e+19 5.5711233953e-05 0.0 
-1791041.9089 -21007638.485 10080359.027 -37.587612236 -590.45321116 -79.711807037 7.129267e+19 5.5711233953e-05 0.0 
-3376071.8203 1104310.6651 60119120.594 -82.399296083 22.991149247 1205.1750173 7.129267e+19 5.5711233953e-05 0.0 
-3321004.328581451 -21234143.72805141 45582608.299069405 -80.15528166706932 -583.8107937007138 839.4147830579627 2.1172246e+20 0.000165449260101 0.0 
-4876706.37 60532348.5 39008273.569 -62.421084921 1712.0810632 593.06614524 7.111629e+19 5.5573402848e-05 0.0 
-3260056.2144826893 55767945.7618555 50791665.22111358 -49.255073287069024 1527.195563624969 917.2555992285851 2.0904904e+20 0.00016336013190499998 0.0 
1019697.4538 4646428.9357 -14375537.822 113.06367957 146.445723 -495.61249739 7.102774e+19 5.5504205976e-05 0.0 
3064615.4414 -47576903.836 -1631284.6515 109.34951454 -1519.3636339 -73.471707421 7.102774e+19 5.5504205976e-05 0.0 
472437.08828 -45612028.598 -84724922.011 2.8139015568 -1212.7508968 -1831.1987761 7.102774e+19 5.5504205976e-05 0.0 
-2753105.8168 96079258.695 57667227.188 -17.592779671 2563.7385557 943.48397666 7.093895e+19 5.5434821558e-05 0.0 
31065819.897 54912689.66 -90437890.801 746.80836084 1438.6303279 -2014.7768339 7.093895e+19 5.5434821558e-05 0.0 
-12307249.63 2791259.0353 40842690.479 -246.78621209 104.71827289 743.53728608 7.076064e+19 5.5295482266e-05 0.0 
1635162.3214 25534782.172 -14452856.926 172.75613301 728.64638927 -367.41548746 7.076064e+19 5.5295482266e-05 0.0 
4224763.3409 6635758.0864 -54739460.095 86.257765785 177.2575902 -1081.1757308 7.067111e+19 5.5225519579e-05 0.0 
-6906494.1763 47575762.63 -42250417.468 -138.34375444 1290.5534285 -702.91033791 7.067111e+19 5.5225519579e-05 0.0 
8712313.5926 -22652917.675 -100827564.99 211.60811363 -599.94232377 -2278.9193344 7.058133e+19 5.5155361531e-05 0.0 
-1935100.084 20699951.85 -43576590.607 -53.006322915 567.70869458 -809.59953417 7.058133e+19 5.5155361531e-05 0.0 
-17107958.188 48349629.233 18999874.283 -278.50413247 1421.6224033 174.21246503 7.04913e+19 5.5085008121e-05 0.0 
-7191154.2851 13542900.095 77891767.889 -183.52437488 362.53008262 1682.1178222 7.040101e+19 5.5014451537e-05 0.0 
1052560.9104 -47777062.206 5733109.3416 17.074601122 -1458.3210061 -218.70628838 7.021965e+19 5.4872728841e-05 0.0 
7065595.19 -32991762.705 -50002627.044 131.17179769 -911.38603263 -931.41142057 6.985374e+19 5.4586790642e-05 0.0 
-3460160.8017 -71525107.551 38278297.51 -90.555382533 -2036.6800939 508.48868567 6.966915e+19 5.4442543882e-05 0.0 
7699300.9308 -63985238.198 -52300527.415 140.25154971 -1779.1286417 -915.65826649 6.966915e+19 5.4442543882e-05 0.0 
12770262.417 -9210539.2212 -2674617.2649 161.84239798 -272.1422171 195.72715497 6.957643e+19 5.4370088388e-05 0.0 
-2372838.4803 -30879627.702 74051.836474 -48.167697091 -934.50734044 -291.65095592 6.939014e+19 5.4224513173e-05 0.0 
1733616.4521 -47614142.223 -9663682.6154 18.756777149 -1546.4906483 -245.95177523 6.910853e+19 5.400445071e-05 0.0 
-14046569.949 98637016.425 75260522.801 -280.8161454 2551.9600376 1478.7458853 6.910853e+19 5.400445071e-05 0.0 
-8245494.2403 100616282.89 67544446.852 -149.50271942 2608.9763529 1240.940055 6.910853e+19 5.400445071e-05 0.0 
3312297.7829 -32298387.137 8306050.3551 46.448703463 -1016.5678042 352.62596037 6.910853e+19 5.400445071e-05 0.0 
-5427354.8351 77224047.202 -147469552.08 -130.80300447 1981.6627556 -3513.6954139 6.891929e+19 5.3856570234e-05 0.0 
-3850124.8597 28586973.417 -1741127.2806 -27.357539977 887.32722116 204.95283768 6.891929e+19 5.3856570234e-05 0.0 
4623759.9773 -23563032.172 -28865036.222 64.002098473 -707.57449313 -429.62684511 6.891929e+19 5.3856570234e-05 0.0 
-5476164.6191 27047433.924 -54335027.657 -116.46254471 739.06400179 -1024.0293159 6.891929e+19 5.3856570234e-05 0.0 
2073480.5032 44244936.414 60416122.813 35.134875015 1203.4781232 1197.3874941 6.882422e+19 5.3782278347e-05 0.0 
-670963.00102 3449769.5061 -43135818.768 -25.051590604 106.71455139 -805.22880587 6.863313e+19 5.36329522e-05 0.0 
-2022489.4166 55863786.662 3874614.8782 -63.186106064 1660.9689991 170.56119885 4.829338e+19 3.773857525e-05 1.0 
4633578.8485 -33333653.478 -10430916.746 104.17615687 -1055.2876703 -514.02067367 2.477172e+19 1.935771361e-05 1.0 
-28618989.713 127403135.58 77075627.785 -582.64816359 3174.6764607 1536.1946205 2.477172e+19 1.935771361e-05 1.0 
2631635.3993 -39570252.447 236201965.74 66.372209019 -997.05441044 5875.9679593 2.477172e+19 1.935771361e-05 1.0 
-20748053.156 148693901.82 225322422.65 -508.17949493 3755.0254483 5586.7058489 2.477172e+19 1.935771361e-05 1.0 
66551737.276 -52747407.082 237492959.49 1686.371372 -1342.5516598 5906.0906612 2.477172e+19 1.935771361e-05 1.0 
-23859767.881 146228644.47 -113440561.8 -536.95322132 3649.2483006 -2574.5125307 2.477172e+19 1.935771361e-05 1.0 
-6924450.6018 85550294.95 -128619456.16 -153.80573071 2175.6198625 -2987.1534031 2.477172e+19 1.935771361e-05 1.0 
-41576192.744 69645286.859 -120910486.45 -1003.6543019 1797.7194574 -2813.7204095 2.477172e+19 1.935771361e-05 1.0 
-29266791.135 64221564.02 -68368642.191 -640.94918717 1719.7557831 -1387.8256971 2.477172e+19 1.935771361e-05 1.0 
-32690283.345 181333627.61 -43735622.441 -614.19159326 4292.885208 -796.21247259 2.477172e+19 1.935771361e-05 1.0 
-32930219.947 117267911.87 -61275903.605 -626.42977675 2967.1835036 -1096.6051704 2.477172e+19 1.935771361e-05 1.0 
-1123937.9265 -42526745.775 -7282576.4782 -24.509263104 -1318.4500183 -210.48597817 2.477172e+19 1.935771361e-05 1.0 
1238458.1639 -44176961.173 -7949341.845 33.2430374 -1384.8566239 -254.87865449 2.477172e+19 1.935771361e-05 1.0 
22934481.844 -34785874.734 27253008.496 451.3517567 -1014.133896 390.7465124 2.477172e+19 1.935771361e-05 1.0 
18653889.657 -46277758.91 21110558.965 322.81208711 -1353.1303499 204.80927532 2.477172e+19 1.935771361e-05 1.0 
11464710.799 65440202.354 15920126.386 162.58366393 1933.6459499 34.310773567 2.477172e+19 1.935771361e-05 1.0 
15707722.817 26062352.81 75447112.362 359.12176957 685.83309438 1617.5955559 2.477172e+19 1.935771361e-05 1.0 
40245238.405 110261077.41 116425727.65 980.67649225 2760.4210158 2679.5495948 2.477172e+19 1.935771361e-05 1.0 
31462808.086 -142169083.62 75004215.865 647.08168115 -3512.5445567 1494.1816455 2.477172e+19 1.935771361e-05 1.0 
551209.63914 -27657028.903 3281885.0867 -15.311262086 -817.56932504 141.25509381 2.477172e+19 1.935771361e-05 1.0 
55985355.611 146827718.53 91648308.112 1329.0270794 3648.863389 2020.217543 2.477172e+19 1.935771361e-05 1.0 
-24743553.659 -313407.46435 194859124.28 -614.78732926 -10.120939565 4777.3080163 2.477172e+19 1.935771361e-05 1.0 
11987190.866 -87204271.637 -49091480.218 169.68555691 -2406.6885443 -765.28073959 2.477172e+19 1.935771361e-05 1.0 
32291266.897 -60406080.572 -101503252.04 762.95671386 -1583.6287326 -2289.6689262 2.477172e+19 1.935771361e-05 1.0 
53433146.747 -93344075.567 -127375035.6 1287.0529142 -2379.6617768 -2980.8123478 2.477172e+19 1.935771361e-05 1.0 
44489506.887 -106930840.91 -213274090.64 1106.9167086 -2708.9381338 -5264.1708263 2.477172e+19 1.935771361e-05 1.0 
10771863.734 -160609283.96 -57109380.82 126.22462047 -3823.9091596 -963.87394678 2.477172e+19 1.935771361e-05 1.0 
17488758.798 -92984508.0 -42957448.237 239.16897374 -2537.2899091 -570.82811026 2.477172e+19 1.935771361e-05 1.0 
51432749.082 -195375039.11 -124216079.13 1228.6833807 -4854.4366454 -2949.4960165 2.477172e+19 1.935771361e-05 1.0 
-40635033.646 74547364.243 136545799.93 -989.91225708 1927.1692296 3229.6164157 2.471056e+19 1.9309920491e-05 1.0 
-13426232.404 -62401072.398 85094444.862 -314.14828882 -1626.2275612 1830.452208 2.471056e+19 1.9309920491e-05 1.0 
-32944182.026 -143092594.63 90422212.779 -772.60308162 -3548.990431 1930.5509819 2.471056e+19 1.9309920491e-05 1.0 
14698755.598 -66668078.822 151656329.88 353.35572192 -1721.3691401 3630.1916537 2.471056e+19 1.9309920491e-05 1.0 
-8629272.9579 56615062.531 179236863.51 -209.68637385 1413.2857735 4363.8998216 2.471056e+19 1.9309920491e-05 1.0 
33020863.651 -18126471.081 235924940.8 833.79249628 -467.31530999 5860.5614415 2.471056e+19 1.9309920491e-05 1.0 
4730147.3557 -127072406.8 -139071674.09 101.59268984 -3199.9893879 -3269.300952 2.464959e+19 1.9262275846e-05 1.0 
-15807971.663 48655780.228 40300594.816 -288.93307196 1373.9057145 668.24959271 2.45888e+19 1.9214771861e-05 1.0 
-20061345.895 -3408554.3796 49713383.932 -425.41696465 -68.789230057 971.80677685 2.45888e+19 1.9214771861e-05 1.0 
3342045.1107 -10736917.996 -16784113.611 12.806168874 -258.55779476 -586.96141924 2.45888e+19 1.9214771861e-05 1.0 
-3504822.6399 3724889.5132 -14745549.516 -145.79150605 285.75335685 -446.63864589 2.45888e+19 1.9214771861e-05 1.0 
-26984206.34 -14858023.016 72203320.206 -621.66973692 -375.84057865 1542.6787993 2.45888e+19 1.9214771861e-05 1.0 
-41593481.107 -65319850.356 184658362.25 -1057.3484457 -1656.0070113 4537.6544478 2.45888e+19 1.9214771861e-05 1.0 
-45593510.232 -111045859.56 84385876.318 -1048.2324832 -2809.8023675 1782.4133647 2.45888e+19 1.9214771861e-05 1.0 
-21367980.281 223523914.96 -112684416.89 -490.78862039 5540.9935572 -2675.6880467 2.45888e+19 1.9214771861e-05 1.0 
-48011542.197 89525244.775 -144390618.89 -1168.0250091 2257.8165936 -3436.0765322 2.45888e+19 1.9214771861e-05 1.0 
-52239375.354 95793635.273 -152748017.16 -1291.2739152 2447.5652925 -3666.6969158 2.45888e+19 1.9214771861e-05 1.0 
-7972000.3078 72289999.005 -25953391.058 -67.337351135 2104.2267167 -209.05213598 2.45888e+19 1.9214771861e-05 1.0 
1939944.5706 -11147481.514 -11942556.635 118.9607934 -286.01914587 -353.18048294 2.45888e+19 1.9214771861e-05 1.0 
19190126.666 29899276.082 -1393005.8896 295.32917281 850.85273289 -258.29878125 2.45888e+19 1.9214771861e-05 1.0 
15330082.959 -70812740.29 34523879.896 234.07951032 -2017.3273772 451.07294527 2.45888e+19 1.9214771861e-05 1.0 
8223634.1029 -73576277.923 71724056.484 157.40642768 -1959.2589716 1428.5715697 2.45888e+19 1.9214771861e-05 1.0 
22484649.349 -172298321.75 122641087.81 514.19715567 -4278.8862312 2856.4238749 2.45888e+19 1.9214771861e-05 1.0 
82889218.323 85468483.517 137637495.67 2063.4676015 2168.1880211 3300.9624303 2.45888e+19 1.9214771861e-05 1.0 
1662251.8809 -142077487.14 73723798.58 -18.226651657 -3489.6013908 1387.5568888 2.45888e+19 1.9214771861e-05 1.0 
2408770.0754 -39702214.456 3483642.8276 69.806460726 -1224.5445211 206.65009439 2.45888e+19 1.9214771861e-05 1.0 
31769861.016 -33948685.512 -67352383.708 724.91129412 -934.18648417 -1422.4612741 2.45888e+19 1.9214771861e-05 1.0 
-30893028.387 -273540370.92 -138546812.36 -806.10623384 -6850.2996523 -3414.2637524 2.45888e+19 1.9214771861e-05 1.0 
64327305.252 -57617327.781 -120004781.56 1566.3553772 -1483.7372748 -2807.8089475 2.45888e+19 1.9214771861e-05 1.0 
15711412.419 -142316604.97 -57502587.524 227.19576841 -3512.2028313 -906.12305469 2.45888e+19 1.9214771861e-05 1.0 
-28648569.487 76808949.443 125213805.46 -676.58927099 1956.7044252 2903.4777789 2.452819e+19 1.9167408536e-05 1.0 
-1830098.0318 -13861635.559 -224695053.96 -42.555637763 -356.13980549 -5561.3799372 2.449795e+19 1.9143777668e-05 1.0 
-7295098.7398 43480914.574 -8829488.0238 -11.118554609 1273.1244962 128.97231039 2.449795e+19 1.9143777668e-05 1.0 
-26543951.661 102906931.8 -53019240.537 -479.07684988 2713.0291102 -860.0140372 2.449795e+19 1.9143777668e-05 1.0 
13409411.619 20281308.967 111398448.74 320.99206884 518.40678924 2570.2634644 2.449795e+19 1.9143777668e-05 1.0 
37477058.399 -5248719.7374 -102217164.16 904.07380796 -153.16137736 -2339.4629915 2.449795e+19 1.9143777668e-05 1.0 
-48101353.206 -192659716.08 -148693379.16 -1218.6689008 -4815.2956798 -3600.1076936 2.449795e+19 1.9143777668e-05 1.0 
48891038.116 -150898654.9 -158473024.73 1197.8207477 -3809.0901657 -3816.3898247 2.449795e+19 1.9143777668e-05 1.0 
-26173512.107 -121066174.37 87640086.609 -611.63063645 -3036.7864529 1821.0535029 2.446776e+19 1.9120185871e-05 1.0 
-41477158.322 -55597318.536 -92227311.914 -989.2705745 -1451.0173202 -2052.2289234 2.446776e+19 1.9120185871e-05 1.0 
-3025710.0921 22166372.453 -930803.09926 -4.6196752875 576.46764013 -33.852353071 2.446776e+19 1.9120185871e-05 1.0 
52277889.851 -10277203.339 149445526.19 1291.0024655 -269.12405343 3584.6695055 2.446776e+19 1.9120185871e-05 1.0 
-21167819.963 -107356085.71 62972492.65 -465.63991291 -2834.2504427 1100.1385165 2.446776e+19 1.9120185871e-05 1.0 
-41442303.08 -61971177.257 109567314.88 -995.86510475 -1583.7978409 2505.9040971 2.44376e+19 1.9096617518e-05 1.0 
-34318422.47 123749195.01 123094882.73 -804.65278812 3116.0689781 2841.2975952 2.44376e+19 1.9096617518e-05 1.0 
-89319349.474 13329890.208 201758925.37 -2247.0625275 344.91994765 4974.1074556 2.44376e+19 1.9096617518e-05 1.0 
69871460.489 75832055.898 88437693.412 1684.3567371 1940.647519 1984.5967529 2.44376e+19 1.9096617518e-05 1.0 
-12042155.345 204331114.11 -40555482.838 -206.13896897 4831.8998454 -818.15442687 2.44376e+19 1.9096617518e-05 1.0 
-16199209.848 -90642842.621 -114005375.72 -393.51340391 -2308.0757349 -2595.5021514 2.44376e+19 1.9096617518e-05 1.0 
49908120.217 83099956.693 84101171.685 1166.8215207 2134.2183176 1812.2249179 2.44376e+19 1.9096617518e-05 1.0 
23928336.361 -123698116.83 97640442.283 534.19286911 -3129.3944252 2118.3296088 2.44376e+19 1.9096617518e-05 1.0 
56973865.352 -151918087.04 149893658.79 1384.3347694 -3809.2686439 3594.311943 2.44376e+19 1.9096617518e-05 1.0 
10449758.245 48584036.736 -226747492.29 266.72209801 1227.3645541 -5619.760946 2.44376e+19 1.9096617518e-05 1.0 
-41307352.378 149225498.46 68387254.91 -851.76955784 3653.7344401 1356.7971897 2.440749e+19 1.9073088237e-05 1.0 
-62763229.953 -70218572.169 127858431.51 -1548.8015988 -1756.6172163 3020.8460764 2.440749e+19 1.9073088237e-05 1.0 
-24649652.333 24935893.332 -86058453.785 -569.9215381 675.14514597 -1894.6629527 2.440749e+19 1.9073088237e-05 1.0 
-19472920.139 59779738.717 -34715532.655 -345.83354215 1696.0037455 -504.79787362 2.440749e+19 1.9073088237e-05 1.0 
-18246118.416 155732528.54 -54900158.34 -278.11539335 3706.6000493 -908.32053543 2.440749e+19 1.9073088237e-05 1.0 
-26208671.819 96735368.315 -43784945.473 -439.34737897 2617.3608422 -629.76929875 2.440749e+19 1.9073088237e-05 1.0 
31207784.925 -112196983.2 166003234.9 756.50230498 -2831.277544 4003.390824 2.440749e+19 1.9073088237e-05 1.0 
31753977.774 -16204361.99 -209213404.21 794.93445594 -418.48712072 -5148.6157586 2.440749e+19 1.9073088237e-05 1.0 
7276234.0228 -30000862.78 -214375999.77 176.44904531 -758.96461753 -5283.9367175 2.440749e+19 1.9073088237e-05 1.0 
38739027.673 -56224933.69 -203806947.41 958.33990211 -1417.9102437 -5007.3243778 2.440749e+19 1.9073088237e-05 1.0 
32709077.234 -147221043.75 -105063257.51 743.15784944 -3672.3341769 -2350.4198045 2.440749e+19 1.9073088237e-05 1.0 
-38306268.353 48842952.829 190594479.31 -949.73654634 1246.2461738 4658.3135845 2.437742e+19 1.9049590214e-05 1.0 
-7201711.0339 121023962.86 115024090.05 -160.711523 3047.105514 2602.7671796 2.437742e+19 1.9049590214e-05 1.0 
19208170.104 124776521.34 106371100.5 462.87383497 3112.258504 2363.3127954 2.43474e+19 1.9026131264e-05 1.0 
-49846890.494 -33451639.011 106605554.7 -1229.83966 -844.39715848 2490.4257222 2.43474e+19 1.9026131264e-05 1.0 
-2556460.5638 190215339.34 36753348.852 29.381085952 4389.4901832 638.5538929 2.43474e+19 1.9026131264e-05 1.0 
-10180248.127 -153217436.66 -91439054.113 -265.50641769 -3758.3665604 -1955.387941 2.43474e+19 1.9026131264e-05 1.0 
-38634638.118 -95795252.687 -115166181.65 -930.0860683 -2443.5688191 -2638.2017415 2.43474e+19 1.9026131264e-05 1.0 
2691650.0157 -162013453.28 68731196.122 -10.440337564 -3864.869248 1317.4397319 2.43474e+19 1.9026131264e-05 1.0 
395825.01974 -41335904.652 -4697412.7169 -41.790950155 -1185.2367254 23.231220078 2.43474e+19 1.9026131264e-05 1.0 
17178014.091 73041274.696 -203861790.56 431.44190975 1846.6715947 -5012.7281861 2.43474e+19 1.9026131264e-05 1.0 
-56507489.408 64186022.37 -176353696.19 -1412.7252522 1636.0159613 -4291.683938 2.43474e+19 1.9026131264e-05 1.0 
-18038557.208 90001806.953 76439742.065 -355.89592877 2330.696999 1528.6707947 2.428746e+19 1.8979291506e-05 1.0 
-68097153.605 9245013.8972 189623986.19 -1710.8797323 254.88097125 4645.2270439 2.428746e+19 1.8979291506e-05 1.0 
55651242.61 158185279.05 -16226496.003 1896.4009612 3962.2398456 -175.86359731 2.428746e+19 1.8979291506e-05 1.0 
-233227.12948 -91385718.126 -115175249.25 -14.349086687 -2312.6168998 -2621.098607 2.428746e+19 1.8979291506e-05 1.0 
-4570892.7372 -61833041.195 -21188368.827 -72.315864864 -1806.3448799 -128.58977405 2.428746e+19 1.8979291506e-05 1.0 
44393733.801 -107146960.24 96031418.327 1009.5794595 -2704.566694 2111.0224628 2.428746e+19 1.8979291506e-05 1.0 
10809565.013 26324248.166 -62788982.114 246.49874621 704.20507472 -1294.2753778 2.428746e+19 1.8979291506e-05 1.0 
-39740223.375 29631721.586 71969909.197 -922.26455895 813.41218105 1550.2645176 2.422769e+19 1.8932584594e-05 1.0 
-220010.87429 -408873.71285 -12833294.274 -81.773679591 119.6685167 -427.84837729 2.422769e+19 1.8932584594e-05 1.0 
-24374495.329 78004311.655 80716272.838 -536.41787515 2039.1502131 1685.5028644 2.422769e+19 1.8932584594e-05 1.0 
-36733729.886 190092762.46 141925335.23 -876.70969901 4734.8448426 3403.2344747 2.422769e+19 1.8932584594e-05 1.0 
-10604168.796 32490078.003 -114706446.44 -243.03572038 854.57714486 -2644.6007482 2.422769e+19 1.8932584594e-05 1.0 
-18972256.457 9173565.4806 -106759761.05 -456.61154145 256.39946829 -2465.1269104 2.422769e+19 1.8932584594e-05 1.0 
-7117603.3588 198254470.71 -155805482.97 -153.96007255 4950.1671397 -3775.7376151 2.422769e+19 1.8932584594e-05 1.0 
-66890972.006 29709335.075 -195110284.6 -1680.9543069 764.47380212 -4798.79382 2.422769e+19 1.8932584594e-05 1.0 
-106040.03984 68947556.307 -7058397.9123 1.4352741086 2121.4932902 -211.20443952 2.422769e+19 1.8932584594e-05 1.0 
36345368.341 -126685642.2 153852677.26 880.10466699 -3180.6094004 3683.9845424 2.422769e+19 1.8932584594e-05 1.0 
34125249.468 11846405.93 -217217381.95 856.15995903 290.52326618 -5360.9846349 2.422769e+19 1.8932584594e-05 1.0 
509281.91923 -85005169.281 -204070605.78 5.881628692 -2158.1409091 -5014.1955714 2.422769e+19 1.8932584594e-05 1.0 
54291086.884 -42327832.864 -105821234.87 1306.3864196 -1110.2632102 -2433.8685194 2.422769e+19 1.8932584594e-05 1.0 
1537791.4743 -157482868.45 -59964934.201 -38.804589121 -3792.3339601 -996.53592205 2.422769e+19 1.8932584594e-05 1.0 
-52042461.956 149748517.32 150425892.75 -1264.0741899 3754.6784588 3601.2835821 2.416807e+19 1.8885994899e-05 1.0 
-8736986.4004 -127420830.41 160337206.81 -222.8462448 -3223.1138702 3852.1648406 2.416807e+19 1.8885994899e-05 1.0 
13712201.235 -43412771.879 -138198704.16 328.52185807 -1120.221446 -3270.0111662 2.416807e+19 1.8885994899e-05 1.0 
34582675.432 -56314065.532 -119262130.17 828.23680726 -1446.7402132 -2764.116012 2.416807e+19 1.8885994899e-05 1.0 
-26553093.108 151765635.71 -48267624.128 -398.49006633 3597.7655924 -757.91847353 2.416807e+19 1.8885994899e-05 1.0 
-4519855.2284 169246076.44 57536980.689 -33.964442317 4022.8407766 1021.5961607 2.416807e+19 1.8885994899e-05 1.0 
27815338.092 -138867065.46 196198439.98 680.10235962 -3501.0004636 4806.6110122 2.416807e+19 1.8885994899e-05 1.0 
29349942.072 10781033.339 -40371849.308 646.41808096 283.42632295 -738.43024494 2.416807e+19 1.8885994899e-05 1.0 
16294281.372 67821370.725 -108409473.42 391.19060286 1761.5567373 -2484.4595618 2.416807e+19 1.8885994899e-05 1.0 
-23383561.471 -117370779.96 -76903810.537 -525.48574019 -2948.9681946 -1502.4215793 2.416807e+19 1.8885994899e-05 1.0 
-87006867.125 43667557.728 127169884.12 -2150.2623223 1136.6912062 3021.8928864 2.413832e+19 1.8862746938e-05 1.0 
1869026.3299 -35547675.371 -1784781.8485 -58.839753811 -1085.9567669 -61.854146653 2.413832e+19 1.8862746938e-05 1.0 
-34360505.981 187703810.34 76062664.475 -748.6688529 4558.3258638 1648.9662402 2.413832e+19 1.8862746938e-05 1.0 
7968108.2716 -64697880.764 4317716.0699 363.97585167 -1850.100879 -0.17298874776 2.413832e+19 1.8862746938e-05 1.0 
2421925.958 124475918.39 -217799830.87 75.49682884 3135.332984 -5388.8801468 2.413832e+19 1.8862746938e-05 1.0 
-10051291.53 124601150.3 -79528200.624 -184.49690067 3160.0067478 -1564.8331629 2.413832e+19 1.8862746938e-05 1.0 
-14204418.991 -82387831.469 250161784.22 -371.14665111 -2072.9476397 6233.3549655 2.413832e+19 1.8862746938e-05 1.0 
6039345.1929 -49751056.421 -14552941.274 47.628695444 -1497.7884028 -4.8256218534 2.413832e+19 1.8862746938e-05 1.0 
43678884.093 -49713856.034 -163448929.71 1071.7030876 -1271.1275829 -3942.5917708 2.413832e+19 1.8862746938e-05 1.0 
30259076.234 -156074430.25 -138087048.84 714.77758609 -3901.247224 -3261.2290099 2.413832e+19 1.8862746938e-05 1.0 
-42200037.489 -245718493.69 99166446.807 -1074.7158822 -6092.0175415 2366.4778797 2.410861e+19 1.8839530235e-05 1.0 
-1095256.3601 -26403360.474 14604208.801 -17.084627439 -780.14856711 511.12005728 2.410861e+19 1.8839530235e-05 1.0 
527897.95877 230995484.22 137970622.8 44.620402514 5763.8466834 3334.2370189 2.407894e+19 1.8816344789e-05 1.0 
57281938.611 128420386.68 -67273662.612 1272.036266 3196.5638986 -1315.5670724 2.407894e+19 1.8816344789e-05 1.0 
-80411229.903 -38982276.836 -174830052.67 -2020.2324963 -973.56377053 -4274.5175223 2.407894e+19 1.8816344789e-05 1.0 
-36872732.361 -9014383.9291 -68967888.71 -864.32958678 -215.32463547 -1479.7254071 2.407894e+19 1.8816344789e-05 1.0 
-19593482.24 -170209093.93 159035836.14 -512.5622334 -4252.6964147 3846.0651438 2.407894e+19 1.8816344789e-05 1.0 
2944666.0765 -27674789.425 -2997398.5161 -7.0752215087 -847.01209161 242.29862187 2.407894e+19 1.8816344789e-05 1.0 
48058988.244 78283293.534 -142275253.84 1184.5824795 1971.2502382 -3382.5587442 2.407894e+19 1.8816344789e-05 1.0 
-11981333.634 22676358.543 -197378739.13 -294.16019713 578.2428638 -4840.018612 2.407894e+19 1.8816344789e-05 1.0 
-3052276.7319 45316959.31 26845174.061 -5.5256290198 1350.7809899 333.38715015 2.40493e+19 1.8793182787e-05 1.0 
-19417652.709 30184706.9 29556458.24 -378.79972072 879.14287909 457.21802321 2.40493e+19 1.8793182787e-05 1.0 
722103.43332 -53776721.134 -2704281.7355 153.06414346 -1656.2461695 -409.93758522 2.40493e+19 1.8793182787e-05 1.0 
-54206638.661 -51905786.833 103968361.45 -1311.3489534 -1318.4437239 2387.3857256 2.40493e+19 1.8793182787e-05 1.0 
-40855978.09 116290092.94 -158980377.22 -984.31404432 2918.7235552 -3812.0632025 2.40493e+19 1.8793182787e-05 1.0 
2241278.7295 -60964430.847 5336493.19 -46.078677519 -1896.8295493 -304.71125179 2.40493e+19 1.8793182787e-05 1.0 
38336126.966 39215304.407 65238831.885 885.77746924 1042.4765548 1362.6235558 2.40493e+19 1.8793182787e-05 1.0 
23184293.894 -47045499.09 109006001.07 548.60465091 -1239.9582926 2493.9751312 2.40493e+19 1.8793182787e-05 1.0 
9651575.5693 134116237.99 173412945.25 256.17921189 3374.2342829 4205.2638946 2.40493e+19 1.8793182787e-05 1.0 
-11571139.393 61409899.455 -3475711.4749 -211.34284866 1863.0976319 -62.519311485 2.40493e+19 1.8793182787e-05 1.0 
20027908.675 -267994566.39 -126988439.97 471.52374819 -6698.301985 -3089.0793283 2.40493e+19 1.8793182787e-05 1.0 
-51862038.286 124717514.26 86892558.833 -1173.3639401 3130.4911124 1869.9672941 2.40197e+19 1.8770052043e-05 1.0 
-46569153.335 -77593323.218 212337435.26 -1177.7212271 -1961.4478224 5239.9078252 2.40197e+19 1.8770052043e-05 1.0 
40950663.403 -73634759.392 132780565.14 983.92447039 -1864.0147908 3119.4535608 2.40197e+19 1.8770052043e-05 1.0 
5952735.2122 -87789424.589 101020706.91 137.40069799 -2254.9699097 2229.3389373 2.399013e+19 1.8746944742e-05 1.0 
-54816266.113 -55108644.182 74156836.585 -1282.3463358 -1413.3703427 1609.7865609 2.399013e+19 1.8746944742e-05 1.0 
-585566.35006 -147488532.92 90567471.302 -49.977681496 -3612.1633661 1931.7401708 2.399013e+19 1.8746944742e-05 1.0 
-1688494.2014 -63488481.835 16834628.997 -167.55591683 -1994.4283327 504.43952786 2.399013e+19 1.8746944742e-05 1.0 
-44299492.185 161953775.48 -107359394.3 -1032.0891025 4028.9173512 -2443.1719752 2.399013e+19 1.8746944742e-05 1.0 
1269848.9051 -34808442.229 -1165364.513 74.662893858 -1043.3375093 -57.999770913 2.399013e+19 1.8746944742e-05 1.0 
72902357.242 68285350.51 156224441.98 1811.7041934 1720.4962814 3769.0742948 2.399013e+19 1.8746944742e-05 1.0 
72209984.915 -52997602.271 147163315.81 1780.466183 -1356.8858585 3527.4319888 2.399013e+19 1.8746944742e-05 1.0 
-17694207.791 66557534.722 223025465.52 -443.42174691 1676.3707125 5518.3784321 2.399013e+19 1.8746944742e-05 1.0 
-50786938.088 68191163.936 73765859.139 -1167.1586783 1807.5051145 1568.0706632 2.39606e+19 1.8723868699e-05 1.0 
-52171235.823 -22136053.407 35157500.069 -1182.8380182 -582.04126306 648.46227674 2.39606e+19 1.8723868699e-05 1.0 
-31866331.365 125496026.05 -222256336.42 -789.77934146 3177.9183251 -5496.4021885 2.39606e+19 1.8723868699e-05 1.0 
-2378033.1488 -12348514.156 -1816313.4513 -59.874223336 -254.54781921 -35.273513229 2.39606e+19 1.8723868699e-05 1.0 
44850594.906 42183375.831 37260530.99 986.89194887 1146.6977047 664.68477745 2.39606e+19 1.8723868699e-05 1.0 
23609546.575 -17372772.828 58947383.585 525.07541725 -493.6197596 1197.0846667 2.39606e+19 1.8723868699e-05 1.0 
64838643.477 22625090.516 106788587.1 1583.7056037 559.66570424 2472.0592459 2.39606e+19 1.8723868699e-05 1.0 
16594135.417 -52894435.433 -36243411.324 300.29017791 -1508.6272534 -553.05217043 2.39606e+19 1.8723868699e-05 1.0 
56045622.609 -123916034.6 -78256002.815 1252.9971987 -3113.1673388 -1643.9723363 2.393111e+19 1.8700823913e-05 1.0 
44859163.217 -130495997.15 -47690919.165 840.61075672 -3235.639457 -779.35764124 2.393111e+19 1.8700823913e-05 1.0 
-8752794.6405 61072172.624 23524944.741 -107.36652094 1790.2749068 214.01097376 2.387222e+19 1.8654804672e-05 1.0 
-64002139.058 1798873.6986 137022608.6 -1576.4495248 72.937690171 3267.1126522 2.387222e+19 1.8654804672e-05 1.0 
-7957997.1265 -64552392.557 -1020257.7319 50.063806603 -1961.0572997 -281.72256187 2.387222e+19 1.8654804672e-05 1.0 
-13639545.58 -39547703.59 -608108.51606 -155.44278532 -1146.7514768 -217.96746027 2.387222e+19 1.8654804672e-05 1.0 
-73306278.141 185701949.85 110655447.42 -1758.5675496 4613.8700536 2598.7186398 2.387222e+19 1.8654804672e-05 1.0 
13920091.619 -214672664.34 -125529244.11 324.30419057 -5350.5209159 -3009.8240342 2.387222e+19 1.8654804672e-05 1.0 
-6528380.3162 -57545783.145 3530687.1775 72.913684591 -1738.2435476 320.39322259 2.387222e+19 1.8654804672e-05 1.0 
-65881457.659 46021033.485 -142987346.75 -1634.4480854 1193.8898792 -3422.2674248 2.387222e+19 1.8654804672e-05 1.0 
-20483624.439 -13179333.33 -71922727.995 -466.16504211 -340.4089243 -1542.2428997 2.387222e+19 1.8654804672e-05 1.0 
-44270709.655 172531400.3 -151833247.89 -1068.13186 4301.2436847 -3655.4033197 2.387222e+19 1.8654804672e-05 1.0 
-3357393.9807 -28341183.411 449829.59545 -78.068822561 -874.28667587 -307.53587733 2.387222e+19 1.8654804672e-05 1.0 
31848494.738 -94078096.133 95269132.647 724.22174438 -2417.7670257 2080.5292594 2.387222e+19 1.8654804672e-05 1.0 
-946936.02081 -8532444.079 237687845.81 -24.089945043 -219.16164201 5892.1479792 2.387222e+19 1.8654804672e-05 1.0 
30526803.256 184665200.44 -110371986.9 766.07207084 4560.0101867 -2566.5334102 2.387222e+19 1.8654804672e-05 1.0 
55548771.267 26876953.017 -190619224.21 1392.9587843 667.90738008 -4667.6498574 2.387222e+19 1.8654804672e-05 1.0 
-1836640.6233 -111243467.6 -219390152.97 -50.897169583 -2822.0468054 -5415.1682772 2.387222e+19 1.8654804672e-05 1.0 
20174642.797 -201539861.75 -51708133.643 392.86654394 -4798.0007102 -1068.9169885 2.387222e+19 1.8654804672e-05 1.0 
21823451.103 -148395759.45 66894872.944 402.31661918 -3606.5299119 1252.3433791 2.375486e+19 1.8563094396e-05 1.0 
56738823.529 214099196.02 137099989.56 1436.0554259 5325.3349211 3312.7007558 2.375486e+19 1.8563094396e-05 1.0 
-20616567.442 -39434941.393 -21460309.953 -394.46559461 -1114.6212785 -228.97400918 2.375486e+19 1.8563094396e-05 1.0 
-12447692.594 175457974.67 99942390.455 -271.29205424 4319.0785121 2244.2880803 2.375486e+19 1.8563094396e-05 1.0 
49096646.155 69473883.61 224386287.77 1244.5221643 1748.1979099 5549.1629037 2.375486e+19 1.8563094396e-05 1.0 
-4865209.4142 -147836449.6 96086446.598 -135.4840059 -3649.4273287 2077.2387012 2.375486e+19 1.8563094396e-05 1.0 
5652598.8796 30108932.138 -10881315.806 34.680322219 863.3359808 51.322136939 2.375486e+19 1.8563094396e-05 1.0 
7684541.8645 144533651.17 -115119517.54 198.93104536 3605.4475306 -2613.2781796 2.375486e+19 1.8563094396e-05 1.0 
50118408.829 -109923974.44 -77768256.399 1106.741318 -2791.3716322 -1620.6771698 2.375486e+19 1.8563094396e-05 1.0 
41269631.503 -145522607.48 -83726560.297 894.22411965 -3595.0421868 -1774.2996709 2.375486e+19 1.8563094396e-05 1.0 
-61987140.93 155351384.98 149233245.31 -1504.1129134 3880.7543805 3584.1112853 2.37256e+19 1.8540229343e-05 1.0 
-2106495.4577 -102626751.33 130971973.71 -63.251913413 -2570.7489703 3057.1181094 2.37256e+19 1.8540229343e-05 1.0 
-35588433.119 -157883459.44 -122722234.75 -880.91584027 -3922.1554608 -2860.6329523 2.37256e+19 1.8540229343e-05 1.0 
4964279.6459 -46583354.068 7031652.0911 215.84113826 -1402.9316071 459.14224409 2.37256e+19 1.8540229343e-05 1.0 
-3445296.7871 -3558870.5308 14199869.377 -156.34536086 78.29198517 447.64972186 2.37256e+19 1.8540229343e-05 1.0 
-37322350.735 214309226.13 -121554071.31 -886.60594413 5329.1527414 -2885.2516086 2.37256e+19 1.8540229343e-05 1.0 
-89961062.276 104868642.97 -169810963.5 -2229.8804926 2650.5588714 -4126.5572779 2.37256e+19 1.8540229343e-05 1.0 
11090692.147 130379206.57 162524780.39 297.59086815 3250.1374329 3921.8357134 2.37256e+19 1.8540229343e-05 1.0 
86704889.587 -32390380.272 218474191.08 2184.3660359 -822.13052087 5399.6961333 2.37256e+19 1.8540229343e-05 1.0 
52466918.55 -187775800.69 -158544753.06 1277.1823431 -4692.7348811 -3843.0249642 2.37256e+19 1.8540229343e-05 1.0 
-40016104.377 16688900.207 67524855.487 -914.6012706 470.2795152 1434.5073714 2.369637e+19 1.8517387733e-05 1.0 
-43219053.47 -51423338.958 48616881.871 -958.92114963 -1384.193561 923.50096694 2.369637e+19 1.8517387733e-05 1.0 
6527222.7639 -70625093.364 -14391278.911 285.5072133 -2143.2740672 -362.22747664 2.369637e+19 1.8517387733e-05 1.0 
-56222280.477 176890471.19 87377967.266 -1286.0047319 4341.5673799 1959.7947848 2.369637e+19 1.8517387733e-05 1.0 
41582663.304 231204385.2 54802723.127 1034.1484549 5609.1752459 1249.4800988 2.369637e+19 1.8517387733e-05 1.0 
-65953941.294 37908648.273 -240971845.88 -1666.1023048 960.84071383 -5992.2611074 2.369637e+19 1.8517387733e-05 1.0 
-13103341.095 135433202.27 -215638184.52 -313.5786067 3408.4172625 -5324.4565719 2.369637e+19 1.8517387733e-05 1.0 
551539.16738 33246949.879 -245594518.21 18.589315413 849.49983578 -6097.7581572 2.369637e+19 1.8517387733e-05 1.0 
-65171555.946 69432551.554 -211352042.44 -1628.7089135 1751.6811014 -5209.0185638 2.369637e+19 1.8517387733e-05 1.0 
26208419.734 -45806533.101 48091245.143 552.83123878 -1276.8309174 883.30834304 2.369637e+19 1.8517387733e-05 1.0 
30989616.742 -81942097.79 66694944.141 654.91144763 -2166.8529503 1308.7025089 2.369637e+19 1.8517387733e-05 1.0 
2375052.0167 98383144.947 124502748.76 65.529311555 2480.7651012 2881.8320223 2.369637e+19 1.8517387733e-05 1.0 
21323344.953 208093972.89 82449252.073 536.18057074 5094.8964705 1855.2073874 2.369637e+19 1.8517387733e-05 1.0 
20269550.082 -47918812.328 266218206.22 509.40526968 -1218.3415788 6646.4772753 2.369637e+19 1.8517387733e-05 1.0 
19129433.68 200912511.09 -57791860.509 469.0464943 4810.6727498 -1201.3467781 2.369637e+19 1.8517387733e-05 1.0 
23734989.674 17622572.579 -88840827.923 558.20371729 446.80849929 -1975.2252492 2.369637e+19 1.8517387733e-05 1.0 
-20413468.171 -207097457.16 -167349403.74 -535.24920624 -5183.3986874 -4093.8278342 2.369637e+19 1.8517387733e-05 1.0 
51562176.059 -3122200.1743 -86069787.25 1227.5820008 -92.28476595 -1922.3985159 2.369637e+19 1.8517387733e-05 1.0 
-7137168.5282 -202845585.56 -160418963.72 -200.64153177 -5081.7350177 -3886.4211597 2.369637e+19 1.8517387733e-05 1.0 
59183214.218 -25517847.536 -145199862.64 1456.7063186 -661.63307558 -3474.9830734 2.369637e+19 1.8517387733e-05 1.0 
-19296441.506 -195194080.91 -231315076.09 -509.5640398 -4917.0031601 -5748.7372072 2.369637e+19 1.8517387733e-05 1.0 
-45106757.807 -87698893.926 -163709778.94 -1132.3231757 -2213.9177587 -3954.1377796 2.366717e+19 1.8494569566e-05 1.0 
26874931.864 140774418.17 -142538166.76 680.12952157 3522.9598468 -3371.9134596 2.366717e+19 1.8494569566e-05 1.0 
41914113.827 105699222.13 -88393680.819 976.55443523 2670.4713766 -1884.1965391 2.366717e+19 1.8494569566e-05 1.0 
-59077612.216 65797925.285 235913606.55 -1484.8454234 1672.9049145 5849.9087633 2.363801e+19 1.8471782657e-05 1.0 
-114868571.13 24126343.491 233913950.98 -2904.1467563 623.24783519 5810.4287836 2.363801e+19 1.8471782657e-05 1.0 
30297024.032 255440307.6 148658849.8 786.26388682 6384.8378089 3641.2910263 2.363801e+19 1.8471782657e-05 1.0 
-42348886.644 -46851917.366 -173461544.47 -1060.7962313 -1171.1143399 -4208.8850211 2.363801e+19 1.8471782657e-05 1.0 
-30309054.139 6753241.5659 -17187610.241 -624.77358025 219.14148306 -172.52088293 2.363801e+19 1.8471782657e-05 1.0 
92670570.999 150782347.32 122817943.66 2296.4599733 3759.5509186 2929.1920973 2.363801e+19 1.8471782657e-05 1.0 
61762040.456 -99904133.328 152781388.11 1503.7883426 -2512.9687468 3660.9410243 2.363801e+19 1.8471782657e-05 1.0 
-6004930.2389 -121319188.42 215661126.53 -159.33738796 -3059.7767547 5334.9412539 2.363801e+19 1.8471782657e-05 1.0 
5923683.7761 -9330442.3443 -830031.82424 10.646188834 -266.89255812 293.38513003 2.363801e+19 1.8471782657e-05 1.0 
53459149.265 132669266.73 -88860591.907 1242.6807504 3320.6107075 -1908.3458222 2.363801e+19 1.8471782657e-05 1.0 
6093142.1675 13741232.933 -187801085.88 148.74674751 347.07549545 -4592.8025334 2.363801e+19 1.8471782657e-05 1.0 
-71486466.326 -231292932.22 -54141713.405 -1764.6840952 -5648.4280009 -1267.0216245 2.363801e+19 1.8471782657e-05 1.0 
-39588120.011 140150741.74 56579960.963 -758.61314198 3448.5980816 1003.3340012 2.357977e+19 1.8426271355e-05 1.0 
10518179.703 -121874626.99 167130253.28 243.44984894 -3054.3575967 4041.269674 2.357977e+19 1.8426271355e-05 1.0 
24891718.217 -142202461.6 -172685709.41 609.47707953 -3582.7823357 -4194.4349376 2.357977e+19 1.8426271355e-05 1.0 
4397496.6713 -29247057.035 270018847.41 105.18063898 -744.31401583 6736.5147602 2.357977e+19 1.8426271355e-05 1.0 
6868096.8813 146518781.01 6967538.697 363.64446964 5843.4516723 1174.6597229 2.357977e+19 1.8426271355e-05 1.0 
-8293235.4671 -57536942.656 -38228341.066 -178.48053858 -1645.1363035 -598.84372626 2.357977e+19 1.8426271355e-05 1.0 
-43957615.987 73277664.525 39972466.393 -917.35965269 2010.5000881 676.28767088 2.352166e+19 1.838086164e-05 1.0 
-18425688.393 17098990.485 3765847.8269 -267.66870607 520.2393076 -155.94708146 2.352166e+19 1.838086164e-05 1.0 
-4613252.9018 93457923.299 275472560.45 -109.68289193 2372.6324847 6886.1493329 2.352166e+19 1.838086164e-05 1.0 
-41486518.224 189369588.83 67517195.034 -904.97777549 4583.2485581 1445.9597894 2.352166e+19 1.838086164e-05 1.0 
2351839.2059 -173430312.27 -58877169.365 -8.3548503063 -4100.4383997 -1090.9625519 2.352166e+19 1.838086164e-05 1.0 
43884476.738 97812517.077 -187516152.93 1116.6914123 2462.0120696 -4579.4447588 2.352166e+19 1.838086164e-05 1.0 
-16022091.809 201607549.86 -58645725.485 -307.05980607 4815.5308151 -1238.4006864 2.352166e+19 1.838086164e-05 1.0 
-192839.10006 -51337536.017 -10927014.951 61.73449282 -1677.946511 -580.73018537 2.352166e+19 1.838086164e-05 1.0 
50096948.434 -8764896.5839 44902764.582 1142.3946689 -263.47786702 883.98387992 2.352166e+19 1.838086164e-05 1.0 
61159745.761 -197720195.19 112082382.5 1464.618433 -4906.174672 2635.6294457 2.352166e+19 1.838086164e-05 1.0 
3391315.1389 -44634686.002 -1229450.7506 152.12630144 -1407.2647728 -72.482337297 2.352166e+19 1.838086164e-05 1.0 
10903344.787 -32051675.267 181055378.31 269.09695028 -822.5532243 4412.4515555 2.352166e+19 1.838086164e-05 1.0 
53568755.07 212302021.64 -126480334.27 1356.2864769 5278.2373666 -3053.591582 2.352166e+19 1.838086164e-05 1.0 
-47954529.228 -190542895.78 10798755.533 -1029.3899736 -4370.7436219 156.01335292 2.352166e+19 1.838086164e-05 1.0 
17050993.063 -30631440.01 -39166014.207 336.46060636 -886.61040347 -681.76969606 2.352166e+19 1.838086164e-05 1.0 
-62977716.799 110046797.1 160943930.38 -1546.2200945 2780.1555602 3876.5389746 2.346366e+19 1.8335537884e-05 1.0 
-75294074.302 -35436412.047 211067273.89 -1897.8576518 -891.54823212 5205.5622024 2.346366e+19 1.8335537884e-05 1.0 
-67875809.771 -128825855.48 -100227363.48 -1630.8349445 -3208.951338 -2263.427467 2.346366e+19 1.8335537884e-05 1.0 
-78270354.127 -74938434.615 -70366038.884 -1836.5961757 -1899.3042286 -1525.7122167 2.346366e+19 1.8335537884e-05 1.0 
104370606.57 98951299.524 130122020.6 2598.1317127 2465.4586617 3118.5465801 2.346366e+19 1.8335537884e-05 1.0 
56387097.693 -92853208.512 185606978.18 1392.4375466 -2346.1851422 4525.1530101 2.346366e+19 1.8335537884e-05 1.0 
930832.9766 -30042906.844 7068881.0797 43.430118061 -924.8955331 287.7970337 2.346366e+19 1.8335537884e-05 1.0 
34418199.65 141470827.85 -201772620.68 883.0682218 3541.3416937 -4979.0092686 2.346366e+19 1.8335537884e-05 1.0 
24132163.816 151079217.93 -102070059.22 582.44810579 3732.1289157 -2263.2635704 2.346366e+19 1.8335537884e-05 1.0 
15365438.973 -236407389.27 12590648.659 303.58623043 -5674.0421703 276.86715157 2.346366e+19 1.8335537884e-05 1.0 
-50429226.991 25872936.244 46407165.849 -1147.9454473 734.38496871 922.97039727 2.34347e+19 1.8312907264e-05 1.0 
-3274089.7647 22459666.97 -6746840.9097 -43.102936514 624.48030859 -294.70259173 2.34347e+19 1.8312907264e-05 1.0 
-87032361.839 -55426901.253 140101149.29 -2162.8986236 -1378.4272311 3359.7828934 2.34347e+19 1.8312907264e-05 1.0 
-13374863.112 92515449.656 229871092.82 -324.02811145 2330.9132086 5680.639087 2.34347e+19 1.8312907264e-05 1.0 
33863400.264 -72794929.389 189636198.8 847.44619258 -1840.7327117 4632.2692729 2.34347e+19 1.8312907264e-05 1.0 
-11428590.381 -217852145.07 -120456151.73 -309.39369553 -5412.5605071 -2869.2364146 2.34347e+19 1.8312907264e-05 1.0 
-17403851.662 267644889.58 -105800973.97 -397.29702823 6655.0775929 -2555.3770068 2.34347e+19 1.8312907264e-05 1.0 
18107598.283 21520118.423 14566762.621 316.64233172 594.3214627 79.601195956 2.34347e+19 1.8312907264e-05 1.0 
49978188.164 -20880514.809 60527925.663 1160.3104378 -578.25975518 1266.1367158 2.34347e+19 1.8312907264e-05 1.0 
72594599.536 7943629.3955 216752730.58 1828.5984865 197.20863788 5360.0065695 2.34347e+19 1.8312907264e-05 1.0 
25844494.035 -214535472.54 204189467.15 629.30756039 -5396.4077235 5041.6794337 2.34347e+19 1.8312907264e-05 1.0 
62652743.151 169209738.37 -29758606.071 1309.8881063 3980.3095178 -495.07076369 2.34347e+19 1.8312907264e-05 1.0 
-1687002.9114 181660369.1 -99151526.032 -5.8108301543 4448.8429372 -2243.0939304 2.34347e+19 1.8312907264e-05 1.0 
-65573009.931 110167023.27 -100280796.87 -1541.6936028 2775.8778674 -2260.3390013 2.340577e+19 1.8290300087e-05 1.0 
-40899892.198 158295933.74 147711510.01 -983.93367871 3946.4220928 3539.4724316 2.340577e+19 1.8290300087e-05 1.0 
-9226114.7653 175032248.99 -201123628.56 -216.21044511 4405.8977567 -4958.8857925 2.340577e+19 1.8290300087e-05 1.0 
-12846868.452 97196495.487 -136305897.57 -297.92708886 2443.0262796 -3199.4914851 2.340577e+19 1.8290300087e-05 1.0 
51006435.128 -168230463.65 -103464463.14 1185.5969573 -4164.8911961 -2357.7127956 2.340577e+19 1.8290300087e-05 1.0 
-51730466.535 -133171788.62 142184639.32 -1287.7753744 -3322.516193 3390.0582176 2.337687e+19 1.8267716354e-05 1.0 
69935314.034 11714746.557 172304085.22 1748.5308386 279.95238778 4182.8741834 2.337687e+19 1.8267716354e-05 1.0 
-73183577.044 -129135864.38 84544308.624 -1724.48253 -3217.0950438 1854.4401618 2.3348e+19 1.8245156063e-05 1.0 
31621789.724 -8436973.8256 161635447.33 792.07226027 -222.00054243 3895.4068768 2.3348e+19 1.8245156063e-05 1.0 
-87032084.313 33706950.699 209312486.13 -2209.2444745 880.48579022 5183.3029751 2.3348e+19 1.8245156063e-05 1.0 
-3313776.5089 65090460.606 6706066.2812 -55.363628031 1968.1964309 256.87595984 2.3348e+19 1.8245156063e-05 1.0 
46820068.184 289702092.05 -44679943.725 1200.0873893 7185.8079885 -1056.1477303 2.3348e+19 1.8245156063e-05 1.0 
38987586.197 209303925.92 -55704818.696 942.1980017 5027.6798719 -1197.7250126 2.3348e+19 1.8245156063e-05 1.0 
-34612869.183 -20280379.798 -243385295.63 -875.51141553 -512.72804584 -6047.0111627 2.3348e+19 1.8245156063e-05 1.0 
-11935960.147 26245334.609 -12454547.393 -157.46342981 784.11655676 4.6063323678 2.3348e+19 1.8245156063e-05 1.0 
46381423.782 94063883.963 207049282.72 1173.2109191 2369.755419 5103.9229063 2.3348e+19 1.8245156063e-05 1.0 
29190242.643 -164085777.44 52683204.001 522.77252762 -3889.4056261 942.96115135 2.3348e+19 1.8245156063e-05 1.0 
-813816.83236 -220048539.35 112851532.76 -49.750972701 -5435.4765822 2663.8296091 2.3348e+19 1.8245156063e-05 1.0 
75090177.699 81926789.996 -233395629.59 1905.5353576 2067.3157986 -5805.0572545 2.3348e+19 1.8245156063e-05 1.0 
18126298.727 -59262275.574 -157690344.14 433.85994268 -1489.2887243 -3783.2234828 2.3348e+19 1.8245156063e-05 1.0 
-581813.40346 139389190.03 11740104.552 -1196.4773266 4850.1396794 1690.6645681 2.329033e+19 1.8200090184e-05 1.0 
-89315234.498 -154322404.15 -153730309.42 -2242.3983299 -3853.4833392 -3732.9690377 2.329033e+19 1.8200090184e-05 1.0 
-68078718.079 -106836349.61 -59088094.337 -1508.0438366 -2695.7867349 -1167.4962282 2.329033e+19 1.8200090184e-05 1.0 
-23137926.702 -80562954.526 -164464757.5 -588.52906312 -2049.0583251 -3964.7304526 2.329033e+19 1.8200090184e-05 1.0 
-56510832.484 -182482998.66 27109264.15 -1218.3300121 -4257.9444437 454.55529942 2.329033e+19 1.8200090184e-05 1.0 
7718224.9366 162370478.73 -144125389.35 208.36416832 4036.9138512 -3436.1000819 2.329033e+19 1.8200090184e-05 1.0 
-2391963.4926 201205677.18 -114633465.35 -36.458439524 4989.1446269 -2684.6736783 2.329033e+19 1.8200090184e-05 1.0 
-84977221.994 -228283661.28 -8168847.192 -2072.943794 -5543.8968126 -207.8732982 2.329033e+19 1.8200090184e-05 1.0 
30794515.762 47622760.591 -47652999.199 666.17105273 1293.0972052 -873.23659165 2.329033e+19 1.8200090184e-05 1.0 
-66125397.525 -43119089.41 70075454.376 -1559.0836952 -1105.9474548 1510.4134928 2.326153e+19 1.8177584595e-05 1.0 
33080746.393 44958634.382 261323598.08 843.03712384 1145.1193529 6518.5601112 2.326153e+19 1.8177584595e-05 1.0 
42641107.495 277850979.48 -85393795.668 1097.4509809 6901.5613897 -2061.4482456 2.326153e+19 1.8177584595e-05 1.0 
-65923830.337 -5474898.9689 -159132337.78 -1646.3069897 -125.20622311 -3848.1095443 2.326153e+19 1.8177584595e-05 1.0 
58584023.432 19217966.61 117159392.02 1424.3515353 487.89906947 2732.8943454 2.326153e+19 1.8177584595e-05 1.0 
20406367.707 -202052662.74 134300574.19 471.88632304 -5014.3130246 3205.6263004 2.326153e+19 1.8177584595e-05 1.0 
19045999.703 -24557256.426 -279028350.03 476.47789043 -620.41573047 -6964.8782975 2.326153e+19 1.8177584595e-05 1.0 
-16601550.05 201388210.79 56581693.575 -322.23938136 4813.4294848 1173.4690883 2.323277e+19 1.8155110264e-05 1.0 
10865205.493 41999888.633 -111182361.54 266.71642704 1098.2662582 -2548.6425343 2.323277e+19 1.8155110264e-05 1.0 
-58357301.114 -100537770.84 132264592.62 -1450.419367 -2563.6825105 3157.0391374 2.323277e+19 1.8155110264e-05 1.0 
2312915.3995 50732639.211 12907180.218 -133.59149432 1511.3105218 489.59874751 2.323277e+19 1.8155110264e-05 1.0 
-51565779.536 -18870763.653 52709729.621 -1182.5090405 -486.09799177 1071.6137996 2.31753e+19 1.8110200673e-05 1.0 
-36364849.844 91453143.31 65142205.69 -763.77665137 2398.3644052 1258.4798491 2.31753e+19 1.8110200673e-05 1.0 
-108526761.94 1948348.7263 139689438.03 -2697.0015641 59.58051119 3359.3055916 2.31753e+19 1.8110200673e-05 1.0 
-80065142.988 43443630.936 195618942.79 -2004.9208733 1103.587018 4799.9770811 2.31753e+19 1.8110200673e-05 1.0 
-86591048.681 -28595607.991 244176397.44 -2189.4082931 -716.71352097 6072.0717971 2.31753e+19 1.8110200673e-05 1.0 
12719987.116 141924134.51 218146819.76 338.04915623 3560.7302236 5382.6065869 2.31753e+19 1.8110200673e-05 1.0 
-17812622.464 -177277568.82 216353461.35 -468.56334174 -4477.9579697 5362.8354901 2.31753e+19 1.8110200673e-05 1.0 
15456105.502 128453804.59 221082437.91 404.27658043 3235.4975139 5459.2392109 2.31753e+19 1.8110200673e-05 1.0 
-32445162.227 -48878241.458 289795607.22 -826.56027699 -1239.2773049 7279.785829 2.31753e+19 1.8110200673e-05 1.0 
884992.22923 54088551.572 -6375286.2239 59.722122605 1614.1130179 -195.95976736 2.31753e+19 1.8110200673e-05 1.0 
12173968.387 152565379.69 179782127.36 323.65266515 3823.4975948 4372.5322727 2.31753e+19 1.8110200673e-05 1.0 
29064756.392 -119173053.64 224628372.18 736.50661253 -3036.1514702 5577.4893426 2.31753e+19 1.8110200673e-05 1.0 
66852424.799 262686966.08 15708745.762 1675.038845 6455.1663135 344.74047504 2.31753e+19 1.8110200673e-05 1.0 
-30957135.103 -223349390.03 -90555616.346 -786.8333739 -5488.8063491 -2113.0108089 2.31753e+19 1.8110200673e-05 1.0 
5317755.7335 -51682437.005 816003.42464 188.27032653 -1620.8878646 -16.943120627 2.31753e+19 1.8110200673e-05 1.0 
-16879020.738 -176343797.31 -68415174.937 -410.70158014 -4235.9465385 -1367.8465576 2.31753e+19 1.8110200673e-05 1.0 
22717275.181 252140358.73 -112677607.6 594.55868895 6276.5266804 -2705.650787 2.31753e+19 1.8110200673e-05 1.0 
-12863626.558 215246131.35 -31711438.917 -225.25077617 5093.7890971 -651.73193364 2.31753e+19 1.8110200673e-05 1.0 
48374078.739 243877574.12 -101630870.89 1229.5072139 6040.64955 -2427.7368554 2.31753e+19 1.8110200673e-05 1.0 
-58537960.06 -26903895.213 -170611748.0 -1461.2796967 -669.91166637 -4137.485841 2.31753e+19 1.8110200673e-05 1.0 
-57846462.18 6820080.0143 -125140760.62 -1420.294531 192.66932909 -2954.4281535 2.31753e+19 1.8110200673e-05 1.0 
-6966468.9738 267876743.23 -153079287.37 -145.56391894 6709.5168674 -3759.2240242 2.31753e+19 1.8110200673e-05 1.0 
-30714044.702 169000172.48 -266547384.73 -761.51033547 4267.8983935 -6646.4071517 2.31753e+19 1.8110200673e-05 1.0 
39039124.566 -24551709.267 23709452.257 832.12291942 -726.53789976 361.85073263 2.31753e+19 1.8110200673e-05 1.0 
67302372.66 -30074586.929 89295160.45 1620.117207 -802.08804513 2020.8590535 2.31753e+19 1.8110200673e-05 1.0 
66272743.036 87871269.966 70927079.099 1531.3526898 2246.189028 1494.7699358 2.31753e+19 1.8110200673e-05 1.0 
33157140.72 134184722.41 132997228.88 815.11735691 3369.6834101 3125.0696027 2.31753e+19 1.8110200673e-05 1.0 
62600292.163 -91848147.545 94597112.814 1460.3358356 -2337.0174393 2109.0389548 2.31753e+19 1.8110200673e-05 1.0 
-15248273.918 121652063.34 229473593.65 -375.10650374 3077.2831679 5685.5057351 2.31753e+19 1.8110200673e-05 1.0 
3440144.8179 -116635429.7 223708164.01 71.107333031 -2933.6106705 5519.260015 2.31753e+19 1.8110200673e-05 1.0 
19525295.238 -238778452.06 189704093.5 467.57483016 -5998.0013706 4678.4796014 2.31753e+19 1.8110200673e-05 1.0 
16415632.85 -215007999.92 190840199.16 388.822201 -5399.8138918 4708.7067091 2.31753e+19 1.8110200673e-05 1.0 
-16080665.476 203449948.71 -106587431.75 -360.04030135 5015.6849634 -2491.4248105 2.31753e+19 1.8110200673e-05 1.0 
-33832593.782 -211856450.5 27247114.233 -792.11447855 -5018.0687454 537.05574351 2.31753e+19 1.8110200673e-05 1.0 
59256735.698 773902.348 -222029813.53 1490.9611333 9.4094675832 -5485.8665045 2.31753e+19 1.8110200673e-05 1.0 
30939911.429 -73742543.213 -252684611.31 778.89937561 -1873.4467641 -6281.9765963 2.31753e+19 1.8110200673e-05 1.0 
39071194.196 -47208528.785 -33504394.254 817.72540213 -1323.3547505 -543.35265997 2.31753e+19 1.8110200673e-05 1.0 
-22798679.649 -281410516.06 -147104765.39 -603.65088838 -7051.8358394 -3618.377534 2.31753e+19 1.8110200673e-05 1.0 
-78854127.222 120165210.67 133001894.83 -1916.6855993 3019.7551513 3149.535146 2.311794e+19 1.8065377042e-05 1.0 
-68368757.601 -76649412.553 183658698.56 -1720.1812437 -1919.4425189 4485.7736232 2.311794e+19 1.8065377042e-05 1.0 
-74817081.64 157547475.7 117644162.18 -1791.8043304 3916.4436692 2761.591159 2.311794e+19 1.8065377042e-05 1.0 
-28662648.98 65467477.422 267091980.1 -718.23208964 1657.6933264 6652.8480172 2.311794e+19 1.8065377042e-05 1.0 
-45789309.303 29174125.42 242610202.33 -1155.3615077 750.55377676 6022.6264952 2.311794e+19 1.8065377042e-05 1.0 
-19963718.259 -200071796.78 116429030.94 -513.08338885 -4946.5710793 2742.1627861 2.311794e+19 1.8065377042e-05 1.0 
-706713.44542 -202073625.89 43533551.337 -68.148598294 -4768.7656822 845.02031734 2.311794e+19 1.8065377042e-05 1.0 
-33180576.269 186553747.51 -40307298.232 -634.33676952 4391.284786 -755.46544695 2.311794e+19 1.8065377042e-05 1.0 
-9897243.8814 165911258.21 -214383835.14 -230.12973325 4167.4313186 -5287.8151075 2.311794e+19 1.8065377042e-05 1.0 
-30927515.513 146812782.23 -251599162.27 -768.99476082 3712.7895914 -6254.4392338 2.311794e+19 1.8065377042e-05 1.0 
-33925552.985 114694255.4 -70028309.012 -699.33798142 2943.7656635 -1351.5102037 2.311794e+19 1.8065377042e-05 1.0 
-33333800.063 92253648.372 -48399938.362 -624.86808296 2466.6253339 -795.61468525 2.311794e+19 1.8065377042e-05 1.0 
102832843.42 135389353.5 171229492.57 2590.719689 3393.0437949 4194.3758665 2.311794e+19 1.8065377042e-05 1.0 
40556564.091 -41597426.008 292008947.48 1024.3071169 -1058.4437522 7305.5585252 2.311794e+19 1.8065377042e-05 1.0 
31973634.987 182455486.37 178092874.91 817.29060029 4590.4278328 4353.5658173 2.311794e+19 1.8065377042e-05 1.0 
21687337.886 21139185.097 287674686.86 550.558831 534.21203314 7200.1575726 2.311794e+19 1.8065377042e-05 1.0 
60770139.855 -163949821.46 101048648.64 1423.2350024 -4062.4421478 2303.5753371 2.311794e+19 1.8065377042e-05 1.0 
61537649.843 -179766485.58 195082812.58 1523.4767461 -4516.3188676 4795.2608169 2.311794e+19 1.8065377042e-05 1.0 
88877566.459 -32993180.888 -117506723.47 2177.5350257 -855.64000039 -2768.9748395 2.311794e+19 1.8065377042e-05 1.0 
73349793.8 -94748591.018 -180654685.93 1818.0286045 -2398.1751278 -4403.0122832 2.311794e+19 1.8065377042e-05 1.0 
56491459.765 -141131737.37 -162776280.45 1380.6360936 -3550.9614672 -3924.2139057 2.311794e+19 1.8065377042e-05 1.0 
-6933428.6303 -230194759.28 -143719792.17 -201.04318251 -5731.5255765 -3486.3443321 2.311794e+19 1.8065377042e-05 1.0 
30974531.309 -195216087.86 -44668481.848 617.33820157 -4633.054634 -881.43667434 2.311794e+19 1.8065377042e-05 1.0 
44681519.406 -144276732.29 -47900209.886 829.18824011 -3499.113003 -817.48332398 2.311794e+19 1.8065377042e-05 1.0 
-37769117.138 111762230.63 -298825759.01 -948.84795837 2831.4942143 -7477.1642345 2.30893e+19 1.8042996484e-05 1.0 
-211709.41064 -28455282.552 -19974992.942 30.979951619 -867.77624538 -627.04839103 2.30893e+19 1.8042996484e-05 1.0 
54849113.951 198252767.28 152013318.81 1397.8212397 4960.009127 3694.0325894 2.30893e+19 1.8042996484e-05 1.0 
-6610139.2495 -250775844.02 39823440.468 -205.40500453 -6102.0965741 902.13330622 2.30893e+19 1.8042996484e-05 1.0 
-5888428.6949 -242340044.26 21781382.146 -193.69774287 -5837.5341052 485.47779003 2.30893e+19 1.8042996484e-05 1.0 
61671695.104 -1350734.189 -113151003.22 1494.8683527 -47.919013436 -2633.2413075 2.30893e+19 1.8042996484e-05 1.0 
-11353206.495 -262131753.15 -213816126.71 -309.59230843 -6604.9911962 -5318.1668775 2.30893e+19 1.8042996484e-05 1.0 
-37558659.969 23626094.201 318255648.24 -947.09103908 594.31468414 7981.8689285 2.306067e+19 1.802062374e-05 1.0 
-17729413.314 -52901436.52 311382216.52 -455.32525573 -1336.4835115 7804.907325 2.306067e+19 1.802062374e-05 1.0 
41913053.805 -131251030.32 57786677.185 812.37841344 -3247.2059195 1041.543066 2.306067e+19 1.802062374e-05 1.0 
91398408.899 -134940585.93 150878165.83 2247.591066 -3387.0138553 3634.6770262 2.306067e+19 1.802062374e-05 1.0 
20031941.083 239615102.65 103908102.35 529.40842415 5925.080369 2469.6596465 2.303208e+19 1.7998282254e-05 1.0 
69059945.283 17329090.19 -180528108.23 1742.4592548 426.27823246 -4420.1020219 2.303208e+19 1.7998282254e-05 1.0 
15018282.418 -114133381.74 -297169246.97 370.72143496 -2885.4002411 -7456.4915834 2.303208e+19 1.7998282254e-05 1.0 
-30439638.284 -12011576.958 129034988.38 -750.37815073 -293.89963244 3044.9963966 2.303208e+19 1.7998282254e-05 1.0 
10947530.284 -4627379.9259 -3419904.2715 96.082769038 -160.85425201 202.74674543 2.303208e+19 1.7998282254e-05 1.0 
69736063.4 113713927.85 -180568606.2 1751.5443501 2854.9471326 -4416.8154931 2.303208e+19 1.7998282254e-05 1.0 
-25635833.574 -37380055.218 -203146058.45 -654.05987568 -955.62015135 -4995.0861092 2.303208e+19 1.7998282254e-05 1.0 
-39959951.595 -188618159.01 -18221111.098 -841.07880094 -4322.7157383 -245.44072473 2.303208e+19 1.7998282254e-05 1.0 
-58794693.918 29328491.381 59898444.54 -1361.3268092 799.13088469 1251.7543468 2.30035e+19 1.7975948583e-05 1.0 
-110605329.71 -32465542.695 180074152.29 -2783.4711467 -806.71840343 4420.1233575 2.30035e+19 1.7975948583e-05 1.0 
-48352099.688 -73438933.253 29291973.215 -963.20366892 -2000.2130624 406.52220121 2.30035e+19 1.7975948583e-05 1.0 
14588812.586 -73036815.529 -15726460.458 414.9288845 -2199.2834654 -341.50887675 2.30035e+19 1.7975948583e-05 1.0 
-66922137.521 70553258.447 140663191.92 -1633.1259967 1787.6855548 3343.3084697 2.30035e+19 1.7975948583e-05 1.0 
-84777385.006 -48895458.797 207442245.74 -2134.357146 -1221.1435916 5108.8522451 2.30035e+19 1.7975948583e-05 1.0 
-57969814.264 187353229.42 64998316.761 -1298.9469274 4563.1383572 1400.4828991 2.30035e+19 1.7975948583e-05 1.0 
-27085091.674 94652836.268 -253512852.64 -671.69574823 2389.5390083 -6302.6961163 2.30035e+19 1.7975948583e-05 1.0 
-32043451.029 53802184.134 -324363772.83 -807.87863775 1366.8534146 -8141.053896 2.30035e+19 1.7975948583e-05 1.0 
-82796737.177 33364511.823 -168587843.04 -2064.0630451 861.02282099 -4097.4315923 2.30035e+19 1.7975948583e-05 1.0 
-85909828.431 16559028.336 -124115537.81 -2116.5093974 436.38669722 -2940.2154434 2.30035e+19 1.7975948583e-05 1.0 
25934731.556 39284839.095 11762312.975 461.20604172 1099.1567389 43.260500796 2.30035e+19 1.7975948583e-05 1.0 
71827339.208 110685435.56 130394563.11 1767.2276244 2784.2986392 3077.2950562 2.30035e+19 1.7975948583e-05 1.0 
50814581.477 -84180230.658 73186336.468 1138.8960917 -2184.2607634 1520.4905227 2.30035e+19 1.7975948583e-05 1.0 
64894946.52 -68566330.887 125174895.19 1567.6147088 -1747.6593796 2932.4924953 2.30035e+19 1.7975948583e-05 1.0 
83674682.504 109733454.67 103367633.55 2033.4905005 2742.8602932 2383.4339696 2.30035e+19 1.7975948583e-05 1.0 
16143792.935 65317435.335 243844837.6 411.25102086 1658.6931776 6071.4195704 2.30035e+19 1.7975948583e-05 1.0 
-65989533.878 -222481115.61 22532981.029 -1586.036402 -5362.7605488 464.05868002 2.30035e+19 1.7975948583e-05 1.0 
-91718115.005 -220619711.06 22639531.209 -2234.8621303 -5361.9480873 513.61603558 2.30035e+19 1.7975948583e-05 1.0 
45894153.361 -4848928.9188 -49427718.382 1043.2641809 -147.69207515 -980.4169269 2.30035e+19 1.7975948583e-05 1.0 
76142986.295 11549214.871 -112377886.0 1858.1473472 271.94493397 -2626.8576173 2.30035e+19 1.7975948583e-05 1.0 
-92100751.978 -239861882.27 -245092699.12 -2363.9545232 -6057.3607155 -6140.5216013 2.30035e+19 1.7975948583e-05 1.0 
-69606804.5 -230299330.72 -84419072.654 -1736.8578799 -5677.9618202 -1981.1355895 2.30035e+19 1.7975948583e-05 1.0 
56129994.979 -48439072.124 -304403540.52 1420.9370414 -1230.7465419 -7624.9283301 2.30035e+19 1.7975948583e-05 1.0 
24207489.357 -88748645.769 -308065988.78 608.40473766 -2254.7323635 -7715.9528143 2.30035e+19 1.7975948583e-05 1.0 
-71055398.972 132877669.03 87668444.604 -1640.3199887 3301.6410033 1944.4603733 2.297495e+19 1.7953638355e-05 1.0 
-24719348.972 -193537502.13 161131575.99 -641.60803011 -4833.6008703 3915.2677947 2.297495e+19 1.7953638355e-05 1.0 
-14010466.345 -157338165.67 -108962101.0 -360.20595425 -3890.1709123 -2447.8979305 2.297495e+19 1.7953638355e-05 1.0 
-41455046.299 -35849746.58 -9156881.9925 -839.61976852 -988.9637622 -14.863189395 2.297495e+19 1.7953638355e-05 1.0 
-60819106.324 154689654.66 -170024047.33 -1488.0972306 3871.8402848 -4129.4795826 2.297495e+19 1.7953638355e-05 1.0 
59760823.231 40935896.838 278096128.35 1518.0133885 1028.7443143 6948.4222694 2.297495e+19 1.7953638355e-05 1.0 
-1773915.9036 195350882.66 -20924412.171 46.05757783 4449.9546028 -371.04262421 2.297495e+19 1.7953638355e-05 1.0 
69350632.638 174938392.64 -207491782.97 1769.2518871 4401.3084028 -5140.4938539 2.297495e+19 1.7953638355e-05 1.0 
12366029.14 91465809.009 -59314148.26 271.3802882 2440.8583848 -1001.7985653 2.297495e+19 1.7953638355e-05 1.0 
-16261810.8 153839833.61 275665120.61 -400.17891145 3891.9319273 6881.9455577 2.294642e+19 1.7931343755e-05 1.0 
-20821217.244 -95317473.165 268959490.38 -534.420339 -2405.283813 6716.248542 2.294642e+19 1.7931343755e-05 1.0 
-62424951.2 -174885615.74 13410642.464 -1279.1420286 -4063.1848638 198.20836975 2.294642e+19 1.7931343755e-05 1.0 
-4414465.9999 188216940.79 101088892.65 -67.741911416 4593.0489611 2310.9854904 2.294642e+19 1.7931343755e-05 1.0 
71765896.485 222165408.82 3552792.094 1726.4362393 5342.9450185 77.154538494 2.294642e+19 1.7931343755e-05 1.0 
-21902796.849 -197694166.72 -148674861.11 -568.42984163 -4937.5564119 -3604.8155581 2.294642e+19 1.7931343755e-05 1.0 
-32007207.703 -244172444.54 -121861123.67 -822.03868609 -6084.8135023 -2933.5033088 2.294642e+19 1.7931343755e-05 1.0 
2493134.0278 3875770.3105 9540053.5123 313.08067535 223.80567609 297.65341501 2.294642e+19 1.7931343755e-05 1.0 
11379.312037 -8389831.8489 14611059.641 -60.809985094 -118.20455283 518.61125147 2.294642e+19 1.7931343755e-05 1.0 
-28030507.989 205794947.94 -90860048.209 -633.2593469 5034.0910442 -2075.6866408 2.294642e+19 1.7931343755e-05 1.0 
-66914352.98 50203019.754 -139359181.56 -1635.2731814 1274.7266946 -3313.957129 2.294642e+19 1.7931343755e-05 1.0 
13319073.266 201217293.08 43769289.169 343.22979533 4730.4345698 876.07395988 2.294642e+19 1.7931343755e-05 1.0 
67043369.186 165823637.88 59851911.794 1534.3081597 4015.432181 1221.4753794 2.294642e+19 1.7931343755e-05 1.0 
-8157153.8586 -169057538.23 267916468.8 -219.68100547 -4268.9935133 6683.3072141 2.294642e+19 1.7931343755e-05 1.0 
14419640.468 207614616.57 -12826868.981 365.97814344 4811.4749894 -206.81327662 2.294642e+19 1.7931343755e-05 1.0 
-2505942.3387 6798325.9908 -3624967.0662 -180.31635186 -141.63593807 -111.7572422 2.294642e+19 1.7931343755e-05 1.0 
73160162.139 147375165.27 -60823844.366 1651.2145516 3613.041648 -1234.6445649 2.294642e+19 1.7931343755e-05 1.0 
56066352.052 207036963.46 -136749429.9 1423.2849968 5157.9216013 -3296.4459867 2.294642e+19 1.7931343755e-05 1.0 
64651880.902 150477199.9 -120920220.45 1596.1261835 3743.767008 -2845.2921043 2.294642e+19 1.7931343755e-05 1.0 
19255532.682 24068250.589 -37534876.399 424.84397277 670.20917889 -666.48979067 2.294642e+19 1.7931343755e-05 1.0 
79040254.393 -65851483.172 -159560808.68 1951.1982181 -1672.1619728 -3850.9112058 2.294642e+19 1.7931343755e-05 1.0 
38965946.365 -156347626.1 -175311340.4 950.32109611 -3924.1436394 -4257.0280868 2.294642e+19 1.7931343755e-05 1.0 
-12725827.173 212134688.31 216159362.73 -300.73177616 5339.7062536 5354.4448183 2.291791e+19 1.7909064785e-05 1.0 
-37361333.841 -103544759.98 154061190.65 -933.76113907 -2601.3227106 3695.5043488 2.291791e+19 1.7909064785e-05 1.0 
32933639.62 218616230.2 -129343564.37 836.25757215 5437.1021812 -3100.0465215 2.291791e+19 1.7909064785e-05 1.0 
-81320567.861 -35604157.003 -198035965.31 -2041.8117165 -889.68857957 -4859.6690006 2.291791e+19 1.7909064785e-05 1.0 
-64658898.87 11652238.524 -58111581.762 -1513.9381078 333.52237201 -1225.6277947 2.291791e+19 1.7909064785e-05 1.0 
15138650.453 -162119316.38 249119952.7 365.96990699 -4086.7054925 6199.7938604 2.291791e+19 1.7909064785e-05 1.0 
91243810.314 31825197.712 -171238263.56 2282.3169536 794.29813871 -4167.793797 2.291791e+19 1.7909064785e-05 1.0 
-29453951.767 -38126989.971 -200326474.05 -744.11498785 -958.0549893 -4908.2773462 2.291791e+19 1.7909064785e-05 1.0 
-28222492.393 94865909.578 280573873.67 -704.35603159 2394.8714508 7005.5332578 2.288942e+19 1.7886801443e-05 1.0 
-39567623.659 -81726336.067 278576548.44 -1009.4484187 -2059.6025171 6954.9521493 2.288942e+19 1.7886801443e-05 1.0 
-19234458.984 -200573468.1 69319863.836 -481.74700006 -4840.3729062 1489.482409 2.288942e+19 1.7886801443e-05 1.0 
5688053.9048 60452276.552 -926124.94184 186.80506163 1844.7832058 -6.9594739449 2.288942e+19 1.7886801443e-05 1.0 
-48123713.451 162105691.54 -50583237.466 -961.52290861 3886.833654 -958.60773692 2.288942e+19 1.7886801443e-05 1.0 
-93742911.244 156606784.9 -194503215.34 -2339.9633874 3950.8050889 -4785.9395677 2.288942e+19 1.7886801443e-05 1.0 
101119455.0 141985664.38 220483535.91 2569.6032868 3568.7412113 5474.4004559 2.288942e+19 1.7886801443e-05 1.0 
54799068.979 -79756009.81 216604071.68 1363.1414127 -2006.1320875 5332.3679914 2.288942e+19 1.7886801443e-05 1.0 
57677476.188 -72331625.534 -62117435.684 1289.4140375 -1898.623513 -1262.8206206 2.288942e+19 1.7886801443e-05 1.0 
44391911.176 -199702543.0 -91298254.015 1024.4818187 -4909.4776374 -2078.8385123 2.288942e+19 1.7886801443e-05 1.0 
-43141970.131 -34226532.751 15573390.487 -903.50378886 -943.38060163 157.17293144 2.28325e+19 1.7842321647e-05 1.0 
-13158372.727 -21733266.336 -6377915.2517 -137.80430876 -599.63569512 -354.88377609 2.28325e+19 1.7842321647e-05 1.0 
-71195754.574 -164707910.52 131484087.28 -1770.0346385 -4109.0779463 3129.2123644 2.28325e+19 1.7842321647e-05 1.0 
26221861.633 243518387.81 179829149.99 686.47781489 6110.5593977 4432.1919916 2.28325e+19 1.7842321647e-05 1.0 
-33965004.894 -166336613.98 87682543.045 -807.10959094 -4085.7743736 1896.9492074 2.28325e+19 1.7842321647e-05 1.0 
-57463156.411 -192505588.41 -41430773.064 -1308.6965104 -4626.6290331 -795.24209208 2.28325e+19 1.7842321647e-05 1.0 
108877205.69 153301824.16 -207652487.81 2771.5529561 3859.1889378 -5161.9090945 2.28325e+19 1.7842321647e-05 1.0 
-85249669.516 -63405680.038 -143925465.15 -2117.6515269 -1590.7146795 -3449.2786753 2.28325e+19 1.7842321647e-05 1.0 
-70037473.235 23058657.745 -210993754.99 -1757.5915436 593.82156269 -5197.3098953 2.28325e+19 1.7842321647e-05 1.0 
-65917742.029 34293204.366 -75606688.616 -1560.0118268 916.95405355 -1660.1398232 2.28325e+19 1.7842321647e-05 1.0 
44255306.897 -877486.17319 39607222.731 988.73101114 -65.623656129 750.07467324 2.28325e+19 1.7842321647e-05 1.0 
56508499.107 3958243.2659 48657802.655 1295.9124685 73.982470684 982.08217047 2.28325e+19 1.7842321647e-05 1.0 
52650902.449 160473598.05 86537289.113 1238.6956306 3936.7550801 1886.0760818 2.28325e+19 1.7842321647e-05 1.0 
70056958.875 84609861.789 237400071.15 1774.2617104 2132.5683674 5890.1883064 2.28325e+19 1.7842321647e-05 1.0 
-2539103.3161 196055398.3 37933285.475 22.344292843 4547.1247457 737.41527329 2.28325e+19 1.7842321647e-05 1.0 
-42497804.141 -154573713.46 265855320.21 -1096.1228213 -3900.4017955 6648.1409637 2.28325e+19 1.7842321647e-05 1.0 
40712274.787 57928918.319 -302943652.55 1040.2353601 1460.984026 -7589.6188727 2.28325e+19 1.7842321647e-05 1.0 
-51861649.015 -285946819.39 -40282332.197 -1324.2584281 -7076.4682464 -958.9926235 2.28325e+19 1.7842321647e-05 1.0 
66895123.626 2642550.7966 -265181195.79 1689.3128438 65.336541552 -6606.3705041 2.28325e+19 1.7842321647e-05 1.0 
15028090.271 -131588123.03 -306739941.04 372.10386959 -3334.9290794 -7685.1290102 2.28325e+19 1.7842321647e-05 1.0 
-3713769.9038 69482954.657 -8486662.0757 154.9142148 2152.1101864 -454.7942839 2.277567e+19 1.7797912181e-05 1.0 
7336246.748 -1752871.9639 125533944.74 177.68094189 -69.85722767 2936.2371871 2.277567e+19 1.7797912181e-05 1.0 
-34660186.056 -86336309.798 234604966.91 -883.98544616 -2197.1090892 5846.1894028 2.277567e+19 1.7797912181e-05 1.0 
68203872.858 193369918.75 -53546255.496 1611.8140251 4653.1390212 -1160.0715755 2.277567e+19 1.7797912181e-05 1.0 
-33919346.813 -150096780.97 -171352565.93 -858.57067742 -3768.8917058 -4160.5162963 2.277567e+19 1.7797912181e-05 1.0 
-53737803.687 -82254081.94 -134839190.01 -1327.1911608 -2051.7605252 -3189.7862571 2.277567e+19 1.7797912181e-05 1.0 
28707817.221 -201989288.6 61277168.851 608.82461232 -4857.1506907 1312.4793184 2.277567e+19 1.7797912181e-05 1.0 
-18552084.263 -275081967.37 146863682.13 -494.41366045 -6888.2149238 3608.3346258 2.277567e+19 1.7797912181e-05 1.0 
56627760.026 157986264.42 -194322815.96 1435.4957738 3972.3049928 -4770.4606682 2.277567e+19 1.7797912181e-05 1.0 
51586026.743 117360381.11 -225362698.62 1314.2797062 2958.9589526 -5580.4152903 2.277567e+19 1.7797912181e-05 1.0 
-98176191.638 -58321811.597 120563876.61 -2424.2533747 -1470.3155221 2857.6683884 2.274728e+19 1.7775726984e-05 1.0 
-21834878.735 190410077.34 119740122.4 -504.17367276 4715.6284653 2791.7456389 2.274728e+19 1.7775726984e-05 1.0 
-2282586.3665 -226879708.14 160740773.21 -77.629231648 -5691.5021039 3940.4152094 2.274728e+19 1.7775726984e-05 1.0 
61240418.694 206880713.72 9038089.888 1417.5060547 4910.012896 173.8335826 2.274728e+19 1.7775726984e-05 1.0 
-4770555.0068 51995225.747 9615026.5961 -154.51433627 1642.9476101 341.78386484 2.274728e+19 1.7775726984e-05 1.0 
-7128600.6974 92419576.421 -215435448.55 -169.61769752 2345.2595755 -5307.3225716 2.274728e+19 1.7775726984e-05 1.0 
-83147020.453 -70857824.37 -192353809.46 -2092.4689973 -1773.8697215 -4716.816721 2.274728e+19 1.7775726984e-05 1.0 
-60246377.515 -55855345.371 -81895323.875 -1421.4196244 -1432.9798311 -1794.5809939 2.274728e+19 1.7775726984e-05 1.0 
23792743.058 236238895.99 -216755491.93 622.22060009 5946.2253904 -5382.2124634 2.274728e+19 1.7775726984e-05 1.0 
17876039.992 25792209.959 -14312950.726 229.94594865 718.96982085 -485.10083428 2.274728e+19 1.7775726984e-05 1.0 
57984203.704 -50058110.652 70573496.27 1342.6742251 -1332.6685298 1506.8872697 2.274728e+19 1.7775726984e-05 1.0 
55029163.19 165810250.79 136588848.33 1371.0159053 4123.6917657 3252.3269049 2.274728e+19 1.7775726984e-05 1.0 
44615504.722 -94104915.79 294602898.04 1127.9784437 -2390.5063549 7380.312438 2.274728e+19 1.7775726984e-05 1.0 
45763181.99 100065637.84 165016961.42 1141.2558013 2524.0652854 3995.6471875 2.274728e+19 1.7775726984e-05 1.0 
-48206416.034 -198075964.98 23665268.849 -1079.1748099 -4650.2810924 428.18104837 2.274728e+19 1.7775726984e-05 1.0 
-61704963.577 -202647924.92 683430.25912 -1411.9410642 -4778.3582421 -5.55790281 2.274728e+19 1.7775726984e-05 1.0 
61839391.588 17319983.618 -49276222.192 1430.7679824 434.5007392 -1002.4194816 2.274728e+19 1.7775726984e-05 1.0 
46774042.045 106761097.14 -260281937.87 1192.8230275 2695.3771838 -6486.4479006 2.274728e+19 1.7775726984e-05 1.0 
-5295997.5933 26277107.015 -295839950.33 -131.37659223 660.45395571 -7409.6901927 2.274728e+19 1.7775726984e-05 1.0 
37161599.767 -234218015.23 -154429531.31 908.22212152 -5867.6034229 -3785.7067919 2.274728e+19 1.7775726984e-05 1.0 
-11251504.691 -194259540.36 -57548865.773 -304.94874196 -4589.7787308 -1175.2429622 2.274728e+19 1.7775726984e-05 1.0 
-85492267.291 -124189806.82 -228006143.44 -2180.0952442 -3136.9466403 -5672.9768162 2.271891e+19 1.7753557416e-05 1.0 
76596795.528 54699221.145 -69736819.935 1805.1544701 1383.9861667 -1517.2716702 2.271891e+19 1.7753557416e-05 1.0 
-32384920.784 -74286406.534 -58086284.445 -727.39162406 -2028.6853358 -1101.0741024 2.271891e+19 1.7753557416e-05 1.0 
-45562407.724 -40933663.787 34932216.113 -985.87966566 -1102.4402792 602.7592614 2.266223e+19 1.7709265166e-05 1.0 
8877816.2322 8112637.3179 -9908530.6819 370.70496904 339.2440186 -237.9389312 2.266223e+19 1.7709265166e-05 1.0 
-73617942.668 -114614644.26 144101467.21 -1823.0314569 -2877.1281256 3445.3843489 2.266223e+19 1.7709265166e-05 1.0 
-75962638.415 -89947931.045 105531770.73 -1841.8029233 -2256.0333346 2427.6564266 2.266223e+19 1.7709265166e-05 1.0 
-66230530.987 100828364.97 85094438.75 -1527.3287475 2552.0370339 1857.9358656 2.266223e+19 1.7709265166e-05 1.0 
-70365739.878 -121381567.24 219115745.52 -1783.0973296 -3056.8727131 5419.715392 2.266223e+19 1.7709265166e-05 1.0 
40702406.428 285779837.89 42257963.549 1048.455218 7064.5139405 1007.3093217 2.266223e+19 1.7709265166e-05 1.0 
-5743684.3778 -191384023.37 -34476245.563 -182.87020932 -4411.5054731 -575.83320139 2.266223e+19 1.7709265166e-05 1.0 
-34702820.648 -108340425.3 -262570056.23 -889.15731141 -2746.5922634 -6550.1063341 2.266223e+19 1.7709265166e-05 1.0 
-13851550.315 52104702.089 -12174500.292 -162.93173147 1547.1078356 13.146543819 2.266223e+19 1.7709265166e-05 1.0 
23935187.633 5033406.7412 2437327.8092 404.18385918 109.38137627 -160.38566243 2.266223e+19 1.7709265166e-05 1.0 
75476813.911 -5594256.5126 75435458.64 1804.0215689 -176.41404364 1677.1130793 2.266223e+19 1.7709265166e-05 1.0 
-8042087.8199 25095453.477 -12459569.469 -376.12315939 687.07943968 -309.21327419 2.266223e+19 1.7709265166e-05 1.0 
11054678.779 70292529.028 -7553263.7041 27.655813044 2145.0880719 -363.61624782 2.266223e+19 1.7709265166e-05 1.0 
117180081.58 50515325.412 193779385.88 2960.2023461 1258.8716783 4779.8333559 2.266223e+19 1.7709265166e-05 1.0 
97273380.921 -34468033.236 145292293.44 2412.2573477 -890.496205 3492.907577 2.266223e+19 1.7709265166e-05 1.0 
85347771.215 -4771316.1766 229170782.54 2148.1910743 -122.17555636 5672.991681 2.266223e+19 1.7709265166e-05 1.0 
-5106427.9545 66053959.457 13760642.186 -300.40891136 1971.0245429 333.24330725 2.266223e+19 1.7709265166e-05 1.0 
-6750648.6863 186706774.65 -44789376.856 -75.910132738 4361.9645418 -808.70314442 2.266223e+19 1.7709265166e-05 1.0 
92050837.431 98190214.062 -184749367.83 2317.1289979 2474.9133486 -4534.053362 2.266223e+19 1.7709265166e-05 1.0 
-16721325.524 -121005609.63 -210182746.49 -433.48583915 -3049.8467295 -5176.4554077 2.266223e+19 1.7709265166e-05 1.0 
27044792.928 110792146.28 74380108.636 599.47535072 2854.6561321 1452.6468403 2.263392e+19 1.7687142485e-05 1.0 
-3931505.9973 168637685.8 63294094.842 -13.606607466 3983.5759063 1203.9484295 2.263392e+19 1.7687142485e-05 1.0 
-13656120.738 -235699287.86 70310339.428 -368.53423866 -5751.4155663 1615.3199784 2.263392e+19 1.7687142485e-05 1.0 
2552931.0736 -40650091.203 -176690.7555 74.179980006 -1266.316389 58.289841515 2.263392e+19 1.7687142485e-05 1.0 
75707380.755 -106438272.31 -137785950.64 1840.4624502 -2676.8489983 -3267.7259722 2.263392e+19 1.7687142485e-05 1.0 
-30011114.395 69922722.012 9571018.5771 -470.45613838 2030.9232425 -57.214198637 2.260563e+19 1.7665035432e-05 1.0 
-63023856.315 127559763.96 91488734.676 -1451.2486444 3186.9117641 2020.9957887 2.260563e+19 1.7665035432e-05 1.0 
-50258076.51 -189640837.68 155272043.85 -1269.3739258 -4740.4279337 3757.896865 2.260563e+19 1.7665035432e-05 1.0 
-57072152.571 -197959042.23 127424965.11 -1433.5477971 -4917.0760661 3047.2882195 2.260563e+19 1.7665035432e-05 1.0 
15610830.172 -52560988.675 -860419.74832 392.6524388 -1581.3120486 66.598958204 2.260563e+19 1.7665035432e-05 1.0 
-1882640.8385 186057177.65 254537354.47 -30.360282418 4692.970528 6344.9041822 2.260563e+19 1.7665035432e-05 1.0 
-46787130.166 -155116635.65 168872266.28 -1183.4462183 -3884.5459794 4098.5470541 2.260563e+19 1.7665035432e-05 1.0 
-44957498.224 -227530113.68 37501465.205 -1100.7551461 -5503.6391757 825.93503913 2.260563e+19 1.7665035432e-05 1.0 
17534546.544 193328967.09 227014732.91 469.70620704 4871.6702062 5647.3523484 2.260563e+19 1.7665035432e-05 1.0 
-41558324.597 -205196871.41 -30454308.629 -964.49722324 -4830.5479537 -644.27787256 2.260563e+19 1.7665035432e-05 1.0 
84797567.196 266572930.0 -32512289.812 2131.2254481 6578.1022674 -775.48379838 2.260563e+19 1.7665035432e-05 1.0 
-45455546.05 -144823175.08 -218591870.46 -1158.7985865 -3646.0560942 -5407.210584 2.260563e+19 1.7665035432e-05 1.0 
-61034350.386 -58622408.426 -73629400.824 -1427.578512 -1496.0658514 -1584.6964678 2.260563e+19 1.7665035432e-05 1.0 
46360458.953 234341192.35 -178821954.07 1189.9623068 5871.709076 -4408.0171764 2.260563e+19 1.7665035432e-05 1.0 
-89617483.433 80221681.941 -207630024.08 -2241.1440268 2029.3756534 -5109.1290785 2.260563e+19 1.7665035432e-05 1.0 
-37360863.969 132100642.26 -47371744.684 -631.46339467 3240.8190227 -736.36212225 2.260563e+19 1.7665035432e-05 1.0 
-61244034.638 141241963.58 -81668780.443 -1386.2594213 3509.0294853 -1759.4105645 2.260563e+19 1.7665035432e-05 1.0 
-2853098.8948 45226941.805 15738142.532 -15.241859204 1234.6679594 539.94435721 2.260563e+19 1.7665035432e-05 1.0 
81430056.881 117029414.61 234440727.98 2067.9591791 2942.8268812 5820.8874436 2.260563e+19 1.7665035432e-05 1.0 
61799409.04 19141914.342 303186183.56 1569.6014034 475.67060628 7591.8330555 2.260563e+19 1.7665035432e-05 1.0 
-9662451.7976 208435282.38 132779974.35 -218.49648809 5189.4747313 3178.9506299 2.260563e+19 1.7665035432e-05 1.0 
50765976.188 -85063844.3 327360384.06 1281.2241233 -2154.8012499 8217.2016339 2.260563e+19 1.7665035432e-05 1.0 
47227656.372 220506256.43 -38953793.274 1143.9708545 5293.9455677 -876.17278205 2.260563e+19 1.7665035432e-05 1.0 
-75312861.121 -200541647.29 99735693.613 -1864.131686 -4955.3528967 2329.8070544 2.260563e+19 1.7665035432e-05 1.0 
12725767.491 -26299031.12 -10828851.614 186.52703465 -794.66826665 10.424747742 2.260563e+19 1.7665035432e-05 1.0 
55165155.472 197990563.91 -206535892.69 1406.5993541 4981.9520268 -5106.2150227 2.260563e+19 1.7665035432e-05 1.0 
43014462.544 81524699.992 -267796447.08 1096.605921 2058.6309882 -6685.1119885 2.260563e+19 1.7665035432e-05 1.0 
-32297494.041 -268005357.3 -19219734.637 -833.49092569 -6562.2503538 -448.96312315 2.260563e+19 1.7665035432e-05 1.0 
85827679.163 -47952884.066 -143326647.52 2116.3621903 -1224.8070862 -3431.7329325 2.260563e+19 1.7665035432e-05 1.0 
43187780.774 -187655894.65 -217702702.01 1067.895718 -4720.0783921 -5386.6316795 2.260563e+19 1.7665035432e-05 1.0 
-45817263.366 128570470.15 186814297.97 -1126.9477325 3226.5951961 4553.6487515 2.254909e+19 1.7620852584e-05 1.0 
-36153487.412 -196124089.18 217836977.54 -930.11990958 -4939.177526 5398.8601853 2.254909e+19 1.7620852584e-05 1.0 
-76950016.283 -161493090.98 59837455.921 -1775.2538693 -3912.7175485 1270.0161988 2.254909e+19 1.7620852584e-05 1.0 
-33367879.34 187560354.59 48024335.486 -664.34329078 4444.419446 948.10157006 2.254909e+19 1.7620852584e-05 1.0 
47523113.256 137245770.3 67515290.903 1036.9896964 3374.3480483 1299.0828702 2.254909e+19 1.7620852584e-05 1.0 
82310899.604 228511646.14 -22166497.496 2011.3343522 5557.7732923 -498.98660093 2.254909e+19 1.7620852584e-05 1.0 
-53535795.244 -43950868.39 -190296978.33 -1344.9847538 -1107.364543 -4683.901466 2.254909e+19 1.7620852584e-05 1.0 
-4484280.9242 40878041.773 13708055.832 -162.74388336 1249.1789893 473.71898229 2.254909e+19 1.7620852584e-05 1.0 
-59873203.013 183991250.64 -105472274.44 -1416.5734924 4543.9462077 -2446.2159711 2.254909e+19 1.7620852584e-05 1.0 
-60089186.757 99304068.619 -83991805.599 -1377.7929642 2536.2285259 -1815.7761561 2.254909e+19 1.7620852584e-05 1.0 
54486781.705 165634053.8 109792774.13 1336.2167027 4079.9349836 2540.5695569 2.254909e+19 1.7620852584e-05 1.0 
19640849.749 -12298328.106 310313764.06 493.92905652 -307.61572011 7769.9552582 2.254909e+19 1.7620852584e-05 1.0 
-65311465.996 -244287636.71 102497617.81 -1648.1163023 -6058.6963907 2459.5924704 2.254909e+19 1.7620852584e-05 1.0 
27369089.647 26081820.321 -13869347.382 514.12310224 711.33766798 -93.600258942 2.254909e+19 1.7620852584e-05 1.0 
71607496.446 -111382825.17 -117284915.83 1717.5840838 -2816.0053098 -2719.0010895 2.254909e+19 1.7620852584e-05 1.0 
73805593.626 -150049272.26 -139110787.84 1792.6288516 -3755.8640521 -3313.1330949 2.254909e+19 1.7620852584e-05 1.0 
-69054468.802 -125229147.35 67690122.769 -1562.0043434 -3095.9050633 1388.0201428 2.249261e+19 1.7576716623e-05 1.0 
-48229517.643 210942568.58 211752916.96 -1189.5939125 5297.8873104 5244.7601073 2.249261e+19 1.7576716623e-05 1.0 
-46377033.178 -169189720.49 75447141.309 -1082.0616191 -4123.054417 1579.991253 2.249261e+19 1.7576716623e-05 1.0 
-18173444.233 -208166528.72 14551147.441 -451.98675369 -4827.940287 276.58759546 2.249261e+19 1.7576716623e-05 1.0 
-1747343.0986 -191867020.64 -84314489.094 -77.41932066 -4654.2798648 -1861.8456381 2.249261e+19 1.7576716623e-05 1.0 
-67863883.767 -195429544.88 -58346117.27 -1609.1309278 -4752.4128269 -1255.8554081 2.249261e+19 1.7576716623e-05 1.0 
-50617893.708 -120092855.58 -271277367.76 -1291.3541809 -3030.7066401 -6772.3915372 2.249261e+19 1.7576716623e-05 1.0 
-31998928.87 -31331148.527 -21003904.705 -651.2170402 -864.6883149 -248.6936314 2.249261e+19 1.7576716623e-05 1.0 
8337579.7156 184039891.41 -184078524.67 234.24911975 4617.1799279 -4505.1391797 2.249261e+19 1.7576716623e-05 1.0 
-69054991.224 -54869251.834 -278857481.04 -1749.9599238 -1382.9225494 -6961.4343578 2.249261e+19 1.7576716623e-05 1.0 
-20120809.318 15133152.572 -5788250.6369 -306.78381326 463.23015863 123.48205983 2.249261e+19 1.7576716623e-05 1.0 
-56225859.369 8879810.2256 -227205215.18 -1410.1294597 229.16517818 -5609.7014184 2.249261e+19 1.7576716623e-05 1.0 
-31973047.146 65808712.835 -18535788.257 -559.59027838 1883.346551 -144.07794749 2.249261e+19 1.7576716623e-05 1.0 
30104172.431 181615449.43 171878471.79 767.3481224 4542.8513204 4188.4490682 2.249261e+19 1.7576716623e-05 1.0 
21824758.547 219487744.25 29511367.945 547.27908934 5207.4333759 629.04500177 2.249261e+19 1.7576716623e-05 1.0 
43422161.47 189848352.91 80042615.115 1043.6379746 4612.3919182 1773.9048586 2.249261e+19 1.7576716623e-05 1.0 
-1427613.1613 -71272988.898 283731330.43 -44.328188781 -1803.7506209 7102.5801273 2.249261e+19 1.7576716623e-05 1.0 
32571079.382 225679559.12 -35388473.894 799.22019766 5414.8849616 -750.8891512 2.249261e+19 1.7576716623e-05 1.0 
86532149.643 238552936.18 -36825304.668 2139.7528793 5868.7638511 -843.27531777 2.249261e+19 1.7576716623e-05 1.0 
17541713.135 198860351.92 -62026008.936 443.48676934 4755.0576184 -1293.1587324 2.249261e+19 1.7576716623e-05 1.0 
23784845.85 190174504.72 -100468302.15 595.60962111 4667.9872603 -2292.2794325 2.249261e+19 1.7576716623e-05 1.0 
44387813.779 153608610.75 -238867641.75 1131.0585635 3878.2019563 -5932.2650853 2.249261e+19 1.7576716623e-05 1.0 
52143069.153 -42727231.998 -228094900.72 1312.7594394 -1092.6280687 -5643.4803462 2.249261e+19 1.7576716623e-05 1.0 
10664054.246 -60178062.889 -480098.14321 -2.5542054622 -1837.5117839 316.00419981 2.249261e+19 1.7576716623e-05 1.0 
93537997.547 58066581.235 -151525770.59 2328.9399162 1453.9353261 -3652.6496253 2.249261e+19 1.7576716623e-05 1.0 
38809019.355 -100209257.24 -312377904.14 975.94163603 -2534.7604526 -7841.0077988 2.249261e+19 1.7576716623e-05 1.0 
-20080203.113 -249616202.47 -36973705.328 -525.40882913 -6072.9728113 -825.73110682 2.249261e+19 1.7576716623e-05 1.0 
104052789.21 20185006.919 -194790451.75 2613.4457662 501.17910235 -4784.131892 2.249261e+19 1.7576716623e-05 1.0 
-6547018.438 -174556787.01 -275142965.62 -179.29849801 -4410.3883635 -6872.1584347 2.249261e+19 1.7576716623e-05 1.0 
-62357140.844 11438804.149 230537994.69 -1565.9701186 296.43221691 5694.5925429 2.243621e+19 1.7532643178e-05 1.0 
49376435.966 246032291.2 55936631.065 1235.2357543 6025.2461323 1284.6340982 2.243621e+19 1.7532643178e-05 1.0 
-42198315.243 -211838099.41 5821291.9391 -978.61032315 -4979.0672493 176.99573883 2.243621e+19 1.7532643178e-05 1.0 
14636992.575 263349276.96 20427459.526 405.33463632 6423.6554307 478.23400558 2.243621e+19 1.7532643178e-05 1.0 
-43252223.399 -189891046.62 -164592782.02 -1100.8937175 -4739.4374936 -4005.476533 2.243621e+19 1.7532643178e-05 1.0 
78766115.413 214752913.04 68155696.342 1931.4568606 5273.1746573 1558.5465156 2.243621e+19 1.7532643178e-05 1.0 
71914425.844 -120117634.01 116429030.82 1720.8488888 -3018.7417265 2699.4161029 2.243621e+19 1.7532643178e-05 1.0 
-3151016.3431 212552779.04 -45287108.693 -19.286654236 5053.925932 -968.61692652 2.243621e+19 1.7532643178e-05 1.0 
18895571.608 4205440.8053 -3959056.7444 275.84201445 81.917733584 128.92368934 2.243621e+19 1.7532643178e-05 1.0 
70257301.434 206507705.13 -107893538.46 1746.8050442 5119.7146049 -2549.2072819 2.243621e+19 1.7532643178e-05 1.0 
52394449.273 -124502910.07 -71050319.29 1131.5563101 -3113.8019734 -1441.1272077 2.243621e+19 1.7532643178e-05 1.0 
