x1	x2	x3	v1	v2	v3	mass	rel_mass	water_fraction
-823285.0899839866 3675630.4162960304 -11989.518252437294 -18.18447831285525 90.11262273143167 -0.22064754573229312 1.6851274217199994e+21 0.9004618249714419 0.1866349272490579 
7476927.211230057 -38753764.557065494 139631.44274998747 164.478521906699 -946.3877437196039 3.775380417896378 1.1528923986999997e+20 0.06160576226543699 0.06809709022983612 
8077213.3592440635 -32232945.117022447 81336.41269638643 179.48654122553376 -796.8896605908682 0.27605438978451197 1.3635082640000002e+19 0.007286019584646 0.047999998039975754 
7625056.12415097 -29882159.48524461 -14010.843858106835 173.49792661803943 -749.4906990337961 4.253933088335825 1.0074080319999998e+19 0.0053831684374110005 0.04332795710735736 
6049827.286313104 -25335289.903504953 -269978.6007843466 133.1812735798005 -622.9958613399155 -6.57501654598724 6.30347521e+18 0.00336831429953 0.062354875192702205 
-2069665.2386329237 -11790407.759369513 -918040.7896048018 -67.53038661440368 -255.34023760891952 -10.392051403148512 5.5738086e+17 0.000297841088994 0.0783443837666044 
3249069.1047 -19477562.591 606405.98468 62.115438671 -466.72475381 3.9305513035 2.569456e+17 0.0001373010141 0.0 
-2170183.0486 -9845682.781 368919.17606 -75.684919023 -202.96862807 3.0993416879 2.568835e+17 0.00013726783045 0.0 
5534977.4287 -22491482.11 -2424808.4062 118.19226943 -549.28654967 -46.247136125 2.568809e+17 0.00013726644112 0.0 
8141183.2569 -30484220.699 2749832.0264 182.36920464 -753.27640297 45.143863808 2.568728e+17 0.00013726211281 0.0 
6718985.8552 -14770120.746 6121414.8876 140.75574878 -352.19107991 134.44723484 2.568728e+17 0.00013726211281 0.0 
7840419.6951 -29715694.393 2092858.4381 178.25391553 -733.76159767 28.912975689 2.568728e+17 0.00013726211281 0.0 
6166759.9018 -24349661.677 -1460251.0543 134.08508349 -600.90512381 -16.803944746 2.568701e+17 0.00013726067005 0.0 
-3044404.4381 -9245967.7312 -1289573.6645 -86.51791091 -184.70019961 -10.27600917 2.568539e+17 0.00013725201344 0.0 
1605592.7112361637 -18597798.56944448 -2070654.8438948016 21.592435996821546 -443.5668677665477 -42.02110298866781 3.0056506e+17 0.000160609434601 0.1454389275985705 
7223643.525 -25024147.452 7160385.8147 160.42215322 -610.96624474 159.37110694 2.568404e+17 0.00013724479961 0.0 
2269609.6549 -16561189.136 -3328941.3351 34.374987965 -392.78923713 -69.136145521 1.7207922e+17 9.1951959525e-05 0.25343222732 
5345040.0495 -22038055.916 -3115424.6648 112.73916959 -540.19193605 -62.565184428 1.7202125e+17 9.1920982774e-05 0.25346316225 
3677520.1935 -11267726.142 1003582.2302 58.894316707 -253.72727411 12.992759506 1.720169e+17 9.1918658315e-05 0.25353846047 
-3039093.2161 -8156364.573 -938076.97365 -87.576752591 -149.66439958 -9.5781190353 1.286425e+17 6.8741187653e-05 0.0 
-1671450.134 -10786195.686 -352841.21338 -58.259601675 -222.61784875 -6.4731011227 1.285669e+17 6.8700790165e-05 0.0 
8041965.5155 -34773199.929 1042845.8549 175.86482658 -872.22023089 32.355441518 1.28547e+17 6.8690156435e-05 0.0 
1824699.8581 -17899013.339 -4309401.8205 28.404435211 -422.94161503 -93.214086844 1.285453e+17 6.8689248026e-05 0.0 
5344868.5288 -23410470.494 -210294.88926 111.4716931 -577.48902634 -12.541295226 1.285119e+17 6.8671400459e-05 0.0 
2304316.2674 -18224409.186 1426281.0942 38.216724124 -435.14253012 32.126957641 1.284957e+17 6.8662743854e-05 0.0 
2104435.8838 -17815545.215 -1325601.6124 34.379062604 -422.43092869 -36.244518918 1.284903e+17 6.8659858319e-05 0.0 
4832496.3287 -22162656.138 1087919.3933 102.31594174 -542.49193919 15.632770229 1.284849e+17 6.8656972785e-05 0.0 
5583129.2247 -23403145.285 13983.840941 128.95717806 -577.86629265 -6.022866701 1.284822e+17 6.8655530017e-05 0.0 
5412110.5738 -19006521.23 2110363.8843 110.47990776 -459.23611672 39.614193992 1.284795e+17 6.865408725e-05 0.0 
5455643.8111 -24128615.646 -535464.52067 115.30389761 -598.58990951 -18.955658812 1.284795e+17 6.865408725e-05 0.0 
4927166.077 -22180648.925 128786.46597 109.29949187 -542.21393613 1.0145556086 1.284795e+17 6.865408725e-05 0.0 
6398043.5638 -27463232.868 -1227109.5855 147.19874635 -670.88590128 -10.917880325 1.284795e+17 6.865408725e-05 0.0 
8604522.3529 -34373583.577 -954803.26499 189.39478164 -856.37779552 -27.607869671 1.284688e+17 6.8648369616e-05 0.0 
1854098.6239 -18527808.243 1857235.2127 31.746670028 -438.0032343 40.694084014 1.284688e+17 6.8648369616e-05 0.0 
-1874284.8932 -11622659.905 -2114352.8115 -61.588861625 -251.85078988 -33.284325904 1.284688e+17 6.8648369616e-05 0.0 
403770.84176 -15939320.996 -948888.52748 -10.493138038 -372.80438608 -18.586990381 1.284607e+17 6.8644041314e-05 0.0 
3772643.0806 -20603542.328 -1087371.028 75.473234275 -498.50010916 -17.59716911 1.284607e+17 6.8644041314e-05 0.0 
8344628.484376484 -33941941.11391363 897343.7889729054 180.21984471153874 -839.9439281366596 42.6275377000203 1.7206632e+17 9.1945066303e-05 0.25342333118997373 
5086725.8281 -23204307.931 902856.59775 109.31800255 -573.27533588 17.260825265 1.28458e+17 6.8642598546e-05 0.0 
5562616.1143 -22057276.772 1157567.36 116.48161931 -538.7053625 15.361604572 1.284553e+17 6.8641155779e-05 0.0 
8327425.9163 -35033650.839 -419260.73752 179.18629813 -885.45770306 -17.372371299 1.284526e+17 6.8639713012e-05 0.0 
9767684.1978 -24571506.011 4031903.5807 218.02118979 -604.9674725 86.858197764 1.284526e+17 6.8639713012e-05 0.0 
6763251.7025 -22277628.648 4232192.9199 146.49106293 -543.9445331 89.536802818 1.284526e+17 6.8639713012e-05 0.0 
6058288.1362 -20055017.009 1803288.6903 126.18021046 -487.97616754 35.047243041 1.284526e+17 6.8639713012e-05 0.0 
-1230381.2357 -12806133.216 -2322432.9719 -47.995742108 -284.78127837 -40.657427707 1.284526e+17 6.8639713012e-05 0.0 
-381196.5257 -13902370.228 -2004989.5461 -29.210298571 -313.61666603 -35.875204815 1.284526e+17 6.8639713012e-05 0.0 
8195009.7161 -30630237.962 -4355190.4332 184.99030104 -752.06029596 -86.97587601 1.284526e+17 6.8639713012e-05 0.0 
-3622709.8175 -7640870.5784 101058.46754 -105.10378966 -136.02693956 5.2706277583 1.284472e+17 6.8636827477e-05 0.0 
-1103998.3181 -11586122.248 -1800320.8764 -49.308724216 -253.68824712 -27.079578845 1.284472e+17 6.8636827477e-05 0.0 
6571956.9537 -16302631.227 4306551.0982 136.76743929 -390.76411329 92.728724914 1.284445e+17 6.8635384709e-05 0.0 
8436053.991 -33687867.764 2004251.6959 188.1556898 -832.99056558 21.287382739 1.284445e+17 6.8635384709e-05 0.0 
6449934.1159 -26611992.348 3107523.044 143.09011755 -653.39386418 60.152821997 1.284445e+17 6.8635384709e-05 0.0 
-1127689.3705 -14160829.173 -2085825.7575 -46.160347418 -322.90247094 -39.4785018 1.284445e+17 6.8635384709e-05 0.0 
-2648282.7414 -10738299.747 451463.90045 -83.861233206 -226.87647875 7.5250649415 1.284418e+17 6.8633941942e-05 0.0 
8540208.9068 -34076113.727 -102217.10374 187.61373287 -842.27956407 -6.3549155317 1.284418e+17 6.8633941942e-05 0.0 
4656784.866 -11699390.565 1210504.8346 81.546291804 -266.54154379 20.920719401 1.284364e+17 6.8631056407e-05 0.0 
7723802.114105364 -34691935.489986256 2063365.9407140359 175.90556238414325 -857.2665761435774 21.16841930970317 2.568512e+17 0.000137250570675 0.0 
4971686.3673 -18668447.181 1489196.285 101.65444101 -449.61279824 25.311512283 1.284364e+17 6.8631056407e-05 0.0 
8791344.8973 -31156262.298 -4197288.681 195.69028312 -766.41630077 -83.330631047 1.284364e+17 6.8631056407e-05 0.0 
7005653.3776 -22564688.73 1365288.641 149.28680727 -556.74081879 27.879195631 1.28431e+17 6.8628170872e-05 0.0 
9027101.6485 -23123761.426 -6498036.7209 201.66423602 -564.12275836 -144.39553963 1.28431e+17 6.8628170872e-05 0.0 
7056260.5674 -26008458.075 -3427920.4264 154.56439702 -636.30836915 -65.881009279 1.28431e+17 6.8628170872e-05 0.0 
437174.63521 -11805204.334 -2482879.022 -14.201955762 -261.44330768 -42.253650822 1.284256e+17 6.8625285337e-05 0.0 
-114834.03699 -13227604.258 -1697205.4287 -27.715844686 -301.15749289 -33.790717044 1.284229e+17 6.862384257e-05 0.0 
5478166.609 -22454701.572 -222930.20179 115.86154421 -550.27683066 -17.833343911 1.284229e+17 6.862384257e-05 0.0 
7823313.618164258 -43408844.41069543 130689.10229973054 170.1146214433699 -1035.3285231096695 1.6843399868774258 2.568323e+17 0.000137240471303 0.0 
-476644.70118 -10909023.447 -2238941.0817 -34.084537829 -236.04028067 -34.428830659 1.284229e+17 6.862384257e-05 0.0 
8338077.3434 -23135493.923 1760440.0648 181.10389031 -569.92449508 33.046757595 1.284202e+17 6.8622399803e-05 0.0 
2239313.8521 -16467482.393 2728604.3162 33.95854801 -390.48071595 53.816949578 1.284202e+17 6.8622399803e-05 0.0 
7634880.3374 -14768067.79 7069006.3882 162.93679641 -353.50383729 155.56812598 1.284202e+17 6.8622399803e-05 0.0 
8474342.6827 -30428927.784 3750395.4189 190.11750783 -748.95658624 69.205241858 1.284202e+17 6.8622399803e-05 0.0 
1934704.9481 -20574752.937 333878.42214 31.913034461 -497.26491922 2.6187330655 1.284202e+17 6.8622399803e-05 0.0 
6273418.9055 -25678586.73 -1382514.0921 160.46969861 -612.8426953 -11.184545511 1.284202e+17 6.8622399803e-05 0.0 
9326983.4486 -42331920.585 2518647.5373 202.99250027 -1017.6862328 43.324997122 1.284202e+17 6.8622399803e-05 0.0 
14040.298009 -11352788.037 1002002.3734 -25.784021613 -246.69296497 22.352473176 1.284202e+17 6.8622399803e-05 0.0 
10223970.42 -31161817.397 -5572609.2749 230.27662283 -766.89618394 -118.7235528 1.284202e+17 6.8622399803e-05 0.0 
3552662.9628 -18168206.712 -5990173.6644 67.754199681 -435.71916327 -129.53314675 1.284175e+17 6.8620957035e-05 0.0 
2997312.3094 -22095663.488 -5709329.4503 58.620987053 -531.06364422 -126.08125756 1.284175e+17 6.8620957035e-05 0.0 
2985408.8364 -5880946.7919 3102193.6464 26.912041963 -107.75334541 53.196793964 1.284148e+17 6.8619514268e-05 0.0 
9767757.5252 -38681809.913 3218917.3019 210.28806937 -943.67766885 47.642096978 1.284148e+17 6.8619514268e-05 0.0 
5233072.2928 -2375339.7476 20404796.3 110.96904695 -60.619024205 475.27715824 1.284148e+17 6.8619514268e-05 0.0 
-1207700.6003 -8134270.1372 6351750.3204 -46.929710505 -168.08442203 119.19533023 1.284148e+17 6.8619514268e-05 0.0 
9572252.0898 -16362346.61 -7268827.4957 212.06689935 -393.74389356 -161.95046184 1.284148e+17 6.8619514268e-05 0.0 
6907932.7862 -28640648.411 -3544924.5423 154.75689676 -700.77195683 -67.771898555 1.284148e+17 6.8619514268e-05 0.0 
6820818.3888 11510381.998 12137273.452 141.98121752 254.60976373 274.33075805 1.284094e+17 6.8616628733e-05 0.0 
504154.99085 -12276902.206 -3613789.9727 -8.0158788414 -276.76091315 -65.025823522 1.284094e+17 6.8616628733e-05 0.0 
-1351804.4388 -5620790.5647 -7640707.5489 -50.895948954 -106.74493066 -141.05940065 1.284094e+17 6.8616628733e-05 0.0 
8990831.0792 -30484226.811 2808861.6357 197.73749369 -753.56071577 47.396526177 1.28404e+17 6.8613743198e-05 0.0 
6259558.0658 -27174411.118 3655877.8587 139.51651842 -666.78745759 71.46697858 1.28404e+17 6.8613743198e-05 0.0 
8216279.1914 -30770945.124 6293194.7163 183.13882909 -754.47367173 134.15674427 1.28404e+17 6.8613743198e-05 0.0 
-1736975.6242 -6995494.0398 4273380.4373 -60.452078755 -127.38589764 67.918269343 1.28404e+17 6.8613743198e-05 0.0 
7735169.7226 -30475534.705 6357507.3459 175.40464807 -746.6856167 136.90726884 1.28404e+17 6.8613743198e-05 0.0 
-3761954.2032 -4937989.3404 -2825.1556818 -105.46322106 -52.154680943 16.548806521 1.28404e+17 6.8613743198e-05 0.0 
1828679.9218 -17976756.557 -2021763.197 26.391660164 -424.25523136 -46.415308446 1.28404e+17 6.8613743198e-05 0.0 
8551184.4958 -26759591.379 -8957271.5704 192.33206268 -654.89661991 -203.13583731 1.28404e+17 6.8613743198e-05 0.0 
8004060.6104 -26599049.653 -7415899.9819 179.28538487 -649.12803003 -166.27746887 1.28404e+17 6.8613743198e-05 0.0 
9905571.3938 -44233691.76 -1751154.4019 218.61068504 -1066.7089757 -33.173626218 1.28404e+17 6.8613743198e-05 0.0 
8570743.7486 -31688433.761 -4607482.5042 192.46015103 -776.86366556 -91.328381928 1.28404e+17 6.8613743198e-05 0.0 
7593409.4639 -10600486.199 -7626275.1866 156.43025127 -251.86300884 -169.48181206 1.283985e+17 6.8610804227e-05 0.0 
18332579.574 17350117.626 964729.21347 427.49271561 404.06316142 23.676717779 1.283985e+17 6.8610804227e-05 0.0 
11521023.972 -44033610.194 4755620.7307 260.33925428 -1070.0127938 103.67815415 1.283985e+17 6.8610804227e-05 0.0 
15174415.567 -43575362.414 11357798.784 353.69305797 -1065.0222621 268.2100705 1.283985e+17 6.8610804227e-05 0.0 
-338801.84803 -8579036.4097 7591416.0021 -28.116066435 -183.21030445 151.85806086 1.283985e+17 6.8610804227e-05 0.0 
-2153063.5572 -10519707.863 -1219403.14 -71.421821986 -224.14051671 -10.522250917 1.283985e+17 6.8610804227e-05 0.0 
516810.48273 -12872959.044 -3586550.6971 -9.3343359736 -290.9828503 -67.33114987 1.283985e+17 6.8610804227e-05 0.0 
10440781.724 -45777480.346 1944237.5814 233.01526787 -1107.4271556 42.310998527 1.283985e+17 6.8610804227e-05 0.0 
4492593.0839 -26177721.936 -5230735.5261 97.207868242 -634.23678149 -114.46146438 1.283985e+17 6.8610804227e-05 0.0 
9882038.6621 -26619432.386 7749792.0104 223.86839512 -655.27957281 175.49513201 1.283958e+17 6.860936146e-05 0.0 
5971128.9913 -24689254.819 5300230.0265 130.53735485 -603.56767116 112.99084455 1.283958e+17 6.860936146e-05 0.0 
7180595.5408 -1734625.9996 13589373.211 147.87341306 -43.100869187 301.90724284 1.283958e+17 6.860936146e-05 0.0 
-914421.58989 6898891.9206 -8791508.581 -38.346345034 130.86200927 -148.63464899 1.283958e+17 6.860936146e-05 0.0 
8183954.8658 -25693466.356 -8032861.7202 183.80444226 -628.30071229 -180.88364334 1.283958e+17 6.860936146e-05 0.0 
8142313.2337 -26655638.905 -11325942.028 182.66106083 -650.1541581 -261.47281296 1.283958e+17 6.860936146e-05 0.0 
298768.67382 -17751914.519 8684976.0905 -8.1294403533 -418.79194088 195.6078551 8.739544e+16 4.6700478777e-05 1.0 
4129118.3241 -23966611.895 -8394862.4287 85.446193185 -579.42281058 -190.46962837 8.73521e+16 4.6677319688e-05 1.0 
-2177805.3067 -9045103.9432 -874345.28267 -66.204216073 -171.7766674 -18.228179487 8.735165e+16 4.6677079227e-05 1.0 
3064176.6247 -23445356.767 -1145067.6373 65.997574939 -561.9822807 -20.386229947 8.729418e+16 4.6646369655e-05 1.0 
-3805981.4638 -11834217.075 -6735240.2375 -104.4133776 -260.01393433 -141.43289402 8.728073e+16 4.6639182536e-05 1.0 
-2426212.0893 -13408096.224 -2213055.3568 -70.955466398 -292.51851458 -45.810259574 8.727851e+16 4.6637996261e-05 1.0 
-877315.08927 -11396409.084 136689.15473 -41.997448617 -241.39048496 3.8380753596 4.373901e+16 2.3372303043e-05 1.0 
-1453907.4546 -7815331.4951 -408907.67745 -58.322855482 -138.77155944 -0.41154862266 4.373814e+16 2.3371838151e-05 1.0 
1940354.694 -17447095.678 -3286212.1914 31.827298673 -407.18719791 -73.894061691 4.373728e+16 2.3371378603e-05 1.0 
1037708.4834 -14247201.243 5108769.0041 7.0048017569 -325.27790957 107.10712997 4.373556e+16 2.3370459506e-05 1.0 
1402173.2945 -17080528.235 -259979.48393 18.978481217 -397.77220797 -5.3129446114 4.373471e+16 2.3370005302e-05 1.0 
-1981922.3641 -9524268.1546 -1233834.8732 -62.648153645 -184.27044491 -29.46556745 4.373045e+16 2.3367728936e-05 1.0 
-1299977.0257 -10580295.336 628153.56784 -51.582489676 -218.11188648 2.1070423914 4.37254e+16 2.3365030426e-05 1.0 
-2940852.4446 -6264163.3691 -122954.19819 -86.128365908 -88.999154683 -16.306805366 4.372457e+16 2.3364586909e-05 1.0 
-1897246.1116 -8207207.4379 826789.64347 -64.603204324 -149.58370918 5.9846128567 4.372041e+16 2.3362363978e-05 1.0 
-2385236.8605 -16405854.668 34505.025427 -69.746246034 -374.90896158 -2.4310566105 4.372041e+16 2.3362363978e-05 1.0 
3242649.9237 -23409237.6 -5945107.1149 65.487624071 -563.3788056 -132.08581074 4.372041e+16 2.3362363978e-05 1.0 
1035938.1565 -17900756.117 -6721874.5772 9.8828232235 -422.02734322 -148.40109082 4.372041e+16 2.3362363978e-05 1.0 
1340718.1801 -19522655.426 -10178472.728 17.846954615 -466.27370839 -232.35991662 4.372041e+16 2.3362363978e-05 1.0 
-1645094.9004 -6500716.4872 -9617871.7899 -54.976903789 -133.22935449 -195.22475875 4.372041e+16 2.3362363978e-05 1.0 
2371028.0909 -18060977.399 361735.76383 43.638565335 -422.68114263 8.1302801373 4.371877e+16 2.3361487631e-05 1.0 
5798060.3686 -23558456.832 -377360.82613 127.609291 -576.4273227 1.0526854266 4.371712e+16 2.3360605939e-05 1.0 
-2050228.0524 -10444814.348 -2311473.7511 -64.627678418 -214.48010736 -40.021121667 4.37163e+16 2.3360167766e-05 1.0 
-2530298.6426 -5247371.3387 3298148.2861 -74.626202149 -72.067995941 37.697893909 4.371549e+16 2.3359734935e-05 1.0 
757660.71315 -8123948.4164 8030708.3971 -4.1700246204 -173.93666479 161.4848373 4.371549e+16 2.3359734935e-05 1.0 
2922637.8614 -21662058.238 -8042662.1536 56.163527255 -522.11370114 -184.19188104 4.371549e+16 2.3359734935e-05 1.0 
-1818091.4094 -8979080.3385 623124.08415 -62.085820193 -171.58941035 0.54168438074 4.371386e+16 2.3358863931e-05 1.0 
937094.16345 -7084288.8745 -10415873.072 1.0215318212 -153.85276969 -218.28335485 4.371386e+16 2.3358863931e-05 1.0 
1685275.6366 -19230959.476 -8240176.5342 25.834059499 -456.72787126 -186.89559866 4.371062e+16 2.335713261e-05 1.0 
-3135397.0399 -6968658.7887 -6265479.9469 -87.278348411 -131.29459442 -115.48720414 4.371062e+16 2.335713261e-05 1.0 
-1972886.3338 -9285347.164 -861443.99259 -66.991303982 -179.74183755 -13.601829799 4.370901e+16 2.3356272294e-05 1.0 
-1804713.8668897985 -6539276.278455303 4450552.0257117655 -63.155570240685265 -115.92209647319734 70.56520424360167 8.74037e+16 4.6704892576e-05 1.0 
-2442392.1539 -24958710.515 -608167.01153 -69.285076067 -597.48049543 -17.391088314 4.37058e+16 2.3354557003e-05 1.0 
89834.548287 -15645865.692 -1128741.7496 -11.309126017 -355.37210474 -25.524019974 4.37058e+16 2.3354557003e-05 1.0 
2060732.5458 -14449305.237 -5805985.6319 31.241184343 -333.61715322 -122.52954668 4.37058e+16 2.3354557003e-05 1.0 
2802154.0692 -18865456.602 -7868192.1945 51.30383479 -448.86931531 -175.73577232 4.37058e+16 2.3354557003e-05 1.0 
-634292.35522 -9338369.1463 6052437.0371 -34.472378514 -193.73045181 119.98906923 4.370421e+16 2.3353707374e-05 1.0 
-92861.17097 -16256911.189 4275989.4216 -18.463604419 -376.61754459 89.148299409 4.370104e+16 2.3352013458e-05 1.0 
2181406.1531 -18642505.484 2357965.6411 38.833101741 -438.4906331 50.161260387 4.369947e+16 2.3351174515e-05 1.0 
-1758151.2 -5232282.3572 -9612636.0086 -58.348332805 -102.49419308 -189.93414973 4.369947e+16 2.3351174515e-05 1.0 
3191297.6117 -19191732.266 12419810.889 61.701237572 -461.04414377 287.1156337 4.369869e+16 2.3350757716e-05 1.0 
-2282934.0124 -12334199.528 -3047649.7176 -69.232451056 -267.5046128 -56.497459664 4.369869e+16 2.3350757716e-05 1.0 
-2057672.9387 -5941577.6588 6984837.6073 -65.753272647 -110.15746218 125.76266602 4.36979e+16 2.3350335573e-05 1.0 
2355290.5894 -11540364.964 13260535.86 38.153091009 -270.17129922 298.92750685 4.369712e+16 2.3349918773e-05 1.0 
-1680437.3907 -10344181.799 2321200.9741 -59.084464591 -212.50833301 39.387474808 4.369712e+16 2.3349918773e-05 1.0 
-2643894.9813 -6331595.1828 3531152.8593 -78.332838739 -104.43276293 49.62875968 4.369712e+16 2.3349918773e-05 1.0 
-1376507.014 -15055312.334 -2834278.2031 -47.168491926 -338.27771536 -61.017047653 4.369712e+16 2.3349918773e-05 1.0 
113006.43458785165 -12073507.484801756 10862614.749330083 -14.297484261668732 -277.3479532134738 240.63770976925093 8.73736e+16 4.6688808392e-05 1.0 
113085.99725 -16525293.317 3818183.0439 -13.162359224 -382.13722205 81.401798372 4.369168e+16 2.3347011864e-05 1.0 
-35240.275441 -1190913.5233 14832775.225 -18.49399011 -27.712487436 320.64348121 4.368938e+16 2.334578284e-05 1.0 
3558620.3838 -25306689.595 -5751128.3067 74.245306081 -612.12673382 -126.82587621 4.368938e+16 2.334578284e-05 1.0 
4919022.6854 -19441299.884 -13439430.51 103.59423168 -469.32849561 -311.5417135 4.368938e+16 2.334578284e-05 1.0 
3080037.8522 -21712012.596 10836014.715 59.803000563 -522.71158486 249.52622999 4.368708e+16 2.3344553816e-05 1.0 
-2551713.5773 -7163458.2448 -434925.47375 -76.23243972 -114.53322763 -7.8303750259 4.368708e+16 2.3344553816e-05 1.0 
-1607595.0027 2589066.5202 9724427.2214 -52.260549389 54.133163478 165.49173878 4.368708e+16 2.3344553816e-05 1.0 
3820917.2652 -26414322.823 -7851534.5278 79.376817782 -639.65976483 -178.05108672 4.368708e+16 2.3344553816e-05 1.0 
1652330.0295 -20877212.275 -8307255.6987 25.720317832 -498.08272888 -188.66289261 4.368708e+16 2.3344553816e-05 1.0 
9674395.5973 10879362.076 -4085572.7678 196.63348916 232.2470712 -87.747304487 4.368708e+16 2.3344553816e-05 1.0 
5147362.8949 -22829095.288 -9858073.2837 109.97419778 -552.77474626 -225.07768783 4.368708e+16 2.3344553816e-05 1.0 
-907521.56479 -9104254.8689 -7522184.107 -40.01571513 -192.85620426 -152.45337835 4.368708e+16 2.3344553816e-05 1.0 
-2678500.2497820617 -11694929.421074634 -1016066.0583197373 -74.17431414098294 -245.319573195574 -17.972351200633884 8.731344e+16 4.6656661396e-05 1.0 
-3400050.8007 -6252024.4758 -1176140.6629 -92.684978515 -89.969218224 -6.8072430895 4.368555e+16 2.3343736248e-05 1.0 
94704.977694 -7556939.5819 -11738476.541 -16.692370808 -169.43325886 -250.77537286 4.368555e+16 2.3343736248e-05 1.0 
-1891929.6846 -11213638.605 -1342038.1944 -66.327668395 -236.2339851 -31.06111706 4.368479e+16 2.3343330136e-05 1.0 
558647.90467 -17501737.268 -6123595.1934 -0.66993084297 -411.11761336 -133.3933874 4.368479e+16 2.3343330136e-05 1.0 
4571119.6801 -24874938.558 -11920786.85 96.285570593 -602.61327285 -276.49472172 4.368479e+16 2.3343330136e-05 1.0 
-733036.5252 -13313458.648 -713797.19473 -32.985875272 -290.6717152 -19.513396518 4.368252e+16 2.3342117142e-05 1.0 
3850490.4644 -21576455.698 13963399.364 78.431606115 -521.51037081 326.91143234 4.368101e+16 2.3341310261e-05 1.0 
8828904.5303 3005552.5893 13120413.543 186.9667912 63.471948895 290.21933239 4.368101e+16 2.3341310261e-05 1.0 
-2203066.0346 -10110931.945 -2231371.2867 -67.019222771 -206.19576786 -35.153767536 4.368101e+16 2.3341310261e-05 1.0 
6066742.1423 -23425543.627 177994.12934 132.49398854 -573.06702824 10.005999633 4.367876e+16 2.3340107955e-05 1.0 
7871524.3923 -44796116.679 -7017572.1159 178.55761443 -1089.8804857 -160.52027795 4.367876e+16 2.3340107955e-05 1.0 
-170613.0284 -8717467.174 -11811421.987 -22.39094876 -196.60358982 -255.45867964 4.367876e+16 2.3340107955e-05 1.0 
-3105657.3647 -5265124.2113 6897291.4003 -85.989098428 -95.251868857 118.38688001 4.367801e+16 2.3339707186e-05 1.0 
-2419718.9189 -17162654.768 -391611.18724 -70.364963784 -394.085492 -12.393368586 4.367801e+16 2.3339707186e-05 1.0 
-122641.91303 -912691.59664 13060622.544 -21.108048518 -19.792198582 270.890478 4.367801e+16 2.3339707186e-05 1.0 
2076264.3621 -18681382.603 -1008271.0797 36.887793047 -436.48120156 -24.31789946 4.367801e+16 2.3339707186e-05 1.0 
2618581.8669 -24080662.674 7061903.7083 49.998848738 -581.37306026 158.54672041 4.367801e+16 2.3339707186e-05 1.0 
-1960110.1377 -8092472.4564 193983.69968 -67.669025494 -145.47551237 11.190085756 4.367801e+16 2.3339707186e-05 1.0 
2226110.8901 -18956948.983 -7946652.8077 38.646709497 -450.15425773 -178.18225559 4.367801e+16 2.3339707186e-05 1.0 
-685786.61703 -5970131.0181 -9014223.2651 -36.388700441 -120.73756951 -177.78037111 4.367801e+16 2.3339707186e-05 1.0 
-2157976.9509 -2655639.715 -6606737.1093 -66.786065359 -30.771043299 -93.66801512 4.367726e+16 2.3339306418e-05 1.0 
1108717.4701 -13169162.523 12929771.283 9.2428269301 -308.00883819 292.99334289 4.367652e+16 2.3338910992e-05 1.0 
754256.4251 -21835315.376 7785203.7062 4.5361324673 -522.48293196 176.28917197 4.367652e+16 2.3338910992e-05 1.0 
-3430889.9759 -6832703.6433 2145984.0178 -93.597473426 -108.12008626 31.505911913 4.367652e+16 2.3338910992e-05 1.0 
-190007.54811 -5847928.5072 -11314004.62 -23.567402437 -127.10125426 -235.2159411 4.367503e+16 2.3338114799e-05 1.0 
4243963.4504 -27409588.998 10792529.248 89.590470606 -665.77981621 249.76575884 4.367355e+16 2.3337323948e-05 1.0 
-46559.96617 -8739565.3225 9834714.5169 -19.408765152 -194.86746024 205.97901391 4.367355e+16 2.3337323948e-05 1.0 
-3846739.6147 -3969235.6849 4199020.1911 -97.177343806 -37.893796083 53.307704758 4.367207e+16 2.3336533098e-05 1.0 
-1788060.1487 -11152364.696 -2299222.0021 -59.761371861 -234.33791705 -35.553031117 4.367207e+16 2.3336533098e-05 1.0 
-2786851.565 -6861258.8996 -6018744.5793 -81.314738447 -128.69606606 -108.22470224 4.367207e+16 2.3336533098e-05 1.0 
8947904.2356 -35016443.951 -631738.2619 217.28055567 -872.69472535 -20.003806125 4.367133e+16 2.3336137673e-05 1.0 
2537422.367 -24256112.026 -9113130.0094 47.438900563 -584.51245312 -208.67143227 4.367133e+16 2.3336137673e-05 1.0 
602891.64969 -14895746.458 -9232484.0825 -2.1131714866 -347.35364954 -203.87469955 4.367133e+16 2.3336137673e-05 1.0 
-2466478.1062 -26545252.304 2270365.4592 -69.477122589 -638.00600042 50.448945982 4.366913e+16 2.3334962085e-05 1.0 
418930.20824 -8958997.6288 10170489.139 -9.9536686068 -200.26047075 215.42706022 4.366693e+16 2.3333786496e-05 1.0 
-1754464.3845 -7658480.3758 8771285.7236 -58.130976246 -161.8003815 175.5770913 4.366621e+16 2.3333401758e-05 1.0 
12382842.037 -35496193.545 23077872.653 288.20826712 -867.76071983 557.10931678 4.366475e+16 2.3332621595e-05 1.0 
-1066983.0748 -12486436.041 -2309983.2162 -45.575673174 -276.40597638 -35.610255201 4.366475e+16 2.3332621595e-05 1.0 
3246655.7792 -22984826.453 -9403967.7864 64.38987097 -553.58729347 -214.59536305 4.366475e+16 2.3332621595e-05 1.0 
-51701.987156 -10037926.487 10353718.732 -19.429459802 -226.89720365 221.98385906 4.36633e+16 2.3331846776e-05 1.0 
579074.1589 -18696983.108 5303613.6201 -0.99185560388 -439.47875853 117.38884533 4.36633e+16 2.3331846776e-05 1.0 
5731519.7443 -19703665.394 16152593.05 123.26850291 -477.27928372 378.52094423 4.366258e+16 2.3331462038e-05 1.0 
-2889657.517 4701997.7803 12411716.088 -76.113201945 95.093985999 249.99225294 4.366186e+16 2.33310773e-05 1.0 
5323348.8461 -28229131.952 10851811.984 115.22176886 -687.47074432 250.65400539 4.366042e+16 2.3330307824e-05 1.0 
4606725.2151 -31382249.969 -4786536.0266 102.23865267 -765.28691712 -100.77421353 4.366042e+16 2.3330307824e-05 1.0 
4480980.8671 -26840183.67 -12669642.326 94.051428005 -651.63826852 -295.96830315 4.366042e+16 2.3330307824e-05 1.0 
4517467.5569 -19758015.479 -11628598.98 93.38692436 -475.61178283 -266.98647178 4.366042e+16 2.3330307824e-05 1.0 
-2471784.3554 -10313452.389 2622683.5477 -75.171104752 -210.85807923 46.057134456 4.36597e+16 2.3329923086e-05 1.0 
8210923.3583 -315446.04701 23407244.391 185.61306267 -14.950207924 552.30671873 4.36597e+16 2.3329923086e-05 1.0 
-2491260.0543 -4552472.9297 -8486707.084 -73.777292944 -82.663957227 -156.70946801 4.36597e+16 2.3329923086e-05 1.0 
4952376.8965 -24923708.439 -645719.26258 119.39802911 -602.44822559 -18.677792162 4.365898e+16 2.3329538348e-05 1.0 
4993506.6811 -29983650.228 -13571378.709 106.95110464 -728.21593288 -320.86690824 4.365898e+16 2.3329538348e-05 1.0 
-515257.89332 -8086052.7194 -11594865.476 -29.080751612 -178.88904516 -249.85950566 4.365898e+16 2.3329538348e-05 1.0 
7534025.7685 -38654959.047 5821791.9357 171.63904326 -938.9139425 121.36446952 4.365612e+16 2.3328010083e-05 1.0 
3272025.2475 -34218595.472 -10969665.172 67.586616778 -832.77664389 -257.84916181 4.365612e+16 2.3328010083e-05 1.0 
-2769975.5063 -11601918.883 -2974545.4729 -79.086789805 -247.38480886 -52.980217767 4.365612e+16 2.3328010083e-05 1.0 
4097927.4708 -24817033.005 -11083695.91 84.994604077 -602.0591634 -256.19613587 4.365612e+16 2.3328010083e-05 1.0 
79562.172982 -11831982.735 8258273.9017 -16.38062817 -268.39257787 176.02957842 4.36547e+16 2.3327251294e-05 1.0 
-1357445.7694 -5129287.3994 -11046738.366 -49.551023462 -109.78482731 -225.1159598 4.36547e+16 2.3327251294e-05 1.0 
690347.82826 -10663929.533 -13768808.364 -0.77090497809 -248.98715794 -308.44167946 4.36547e+16 2.3327251294e-05 1.0 
2461523.2767 -11500133.615 -9898072.4666 40.246639312 -264.17250672 -217.65759157 4.365399e+16 2.33268719e-05 1.0 
2983271.0485 -21310557.225 14667169.469 57.453392913 -513.6498524 343.34764995 4.365328e+16 2.3326492506e-05 1.0 
-272025.4647 -8521402.2475 8768541.2132 -25.587879463 -186.78923058 178.97203904 4.365328e+16 2.3326492506e-05 1.0 
6103475.3449 -26512633.725 14923480.446 133.52514722 -644.14695378 351.77013501 4.365257e+16 2.3326113111e-05 1.0 
6808262.5794 -26164483.959 18410423.287 151.42363953 -637.72053257 436.77548177 4.365187e+16 2.332573906e-05 1.0 
6893362.759 -27836821.498 -30961.116762 170.47602383 -681.33022965 1.1073117403 4.365187e+16 2.332573906e-05 1.0 
2581007.9459 -28303693.723 -11919591.829 48.582141647 -686.34840357 -279.01115948 4.365187e+16 2.332573906e-05 1.0 
339155.47241754906 -18991051.711274095 -8771136.89450444 -6.057422953721134 -449.55110957084605 -198.21783596650522 8.72912e+16 4.6644777267e-05 1.0 
2801708.7797 -19492893.405 -18127260.46 52.936838682 -471.11314362 -426.76315654 4.365187e+16 2.332573906e-05 1.0 
-2249341.0572 -10518874.946 -7046524.9814 -69.773412529 -227.81277874 -144.85643802 4.365187e+16 2.332573906e-05 1.0 
-838542.24865 -12174763.59 11972020.677 -35.854966686 -280.06559311 268.14381854 4.365046e+16 2.3324985615e-05 1.0 
521814.23075 -11631905.786 13416308.67 -4.6911243733 -271.01884478 301.63286284 4.364905e+16 2.332423217e-05 1.0 
-1247276.2301 -3177574.8071 -12533574.477 -46.592817142 -68.246878821 -259.59804902 4.364905e+16 2.332423217e-05 1.0 
-142434.00535 -2128704.8526 14513104.063 -20.256386763 -48.731161071 312.24730264 4.364765e+16 2.3323484068e-05 1.0 
9573424.4687 -39028841.305 8283051.2261 216.64865276 -950.90760849 186.60170928 4.364765e+16 2.3323484068e-05 1.0 
-695400.04386 -10014624.991 -11484553.582 -33.235538061 -225.69892735 -252.61256497 4.364765e+16 2.3323484068e-05 1.0 
5712359.826 -26540357.518 -15522129.435 123.86843039 -644.66914109 -366.27079588 4.364765e+16 2.3323484068e-05 1.0 
4056622.1374 -16917583.868 18884354.363 82.522551948 -408.81375173 444.03831329 4.364626e+16 2.332274131e-05 1.0 
6641117.9117 -34771667.329 3426208.7182 152.47050157 -852.18060361 58.884901104 4.364626e+16 2.332274131e-05 1.0 
-3627845.4967 -9774379.4107 2625687.9344 -99.789825742 -195.56082738 44.726118323 4.364486e+16 2.3321993209e-05 1.0 
27237634.319 -58741801.902 -934001.01759 651.08545018 -1438.8982791 -23.278086846 4.364486e+16 2.3321993209e-05 1.0 
-3877998.3652 -6500469.1225 -974655.51201 -100.56745965 -94.625886928 -9.8521514655 4.364486e+16 2.3321993209e-05 1.0 
16613146.261 -12391718.146 -35222827.141 393.137157 -308.11464655 -849.84525221 4.364486e+16 2.3321993209e-05 1.0 
877672.21457 -10517294.248 13089328.645 3.5610006282 -244.02808413 291.32140118 4.364417e+16 2.3321624501e-05 1.0 
-1784994.3382 -17272954.816 10217304.107 -57.583094176 -406.44647078 232.59300137 4.364417e+16 2.3321624501e-05 1.0 
6151090.1758 -2927431.5787 26288258.232 136.08413324 -76.243907193 621.30721363 4.364417e+16 2.3321624501e-05 1.0 
1814954.4794 -21185435.473 -1160599.8623 34.170991113 -501.68292206 -28.556224611 4.364417e+16 2.3321624501e-05 1.0 
-1163353.3646 -11294800.892 12488089.533 -43.644965538 -259.20022715 278.37418505 4.364347e+16 2.3321250451e-05 1.0 
11104986.411 -27766000.119 22647051.798 255.57084701 -678.42674514 542.70001924 4.364347e+16 2.3321250451e-05 1.0 
8998650.294 -29554010.535 17326484.819 203.65124935 -720.84462559 411.78762523 4.364347e+16 2.3321250451e-05 1.0 
1222412.6042 -23112792.395 -10517758.427 15.344365219 -555.05296275 -242.95784974 4.364347e+16 2.3321250451e-05 1.0 
1688541.0041 -18072782.359 -13644571.619 25.244833951 -431.77953031 -315.47617819 4.364347e+16 2.3321250451e-05 1.0 
-2591668.3528 5108552.5824 -16057226.257 -72.299695505 110.10026172 -351.20567443 4.364347e+16 2.3321250451e-05 1.0 
1494571.0271 -13207910.189 11646147.794 18.121714374 -308.99997781 261.80489537 4.364278e+16 2.3320881743e-05 1.0 
-687246.27763 6130840.2415 -17172287.051 -28.809588674 134.28047596 -383.56394262 4.364278e+16 2.3320881743e-05 1.0 
7258567.5609 -25998847.804 18350968.345 160.81411642 -633.4736578 436.41576175 4.364209e+16 2.3320513036e-05 1.0 
6580524.5223 -37044932.219 -6448025.9291 147.75414342 -902.4191567 -138.48876834 4.364209e+16 2.3320513036e-05 1.0 
39863.651402 -9026508.8811 -11455221.727 -18.388023384 -202.10557672 -248.67658229 4.364209e+16 2.3320513036e-05 1.0 
-2717472.9416 8279530.0887 -16990445.389 -75.288664058 183.25047762 -380.15098912 4.364209e+16 2.3320513036e-05 1.0 
-2995375.9574 -43393044.083 -14573577.401 -86.68610247 -1059.2842959 -350.67808625 4.364071e+16 2.3319775622e-05 1.0 
-3841244.5884 -6151201.1227 -885215.93955 -98.434847143 -85.808449407 -5.2317442178 4.364071e+16 2.3319775622e-05 1.0 
-209569.76634 -6052885.2482 -12919583.641 -23.169228831 -134.73264568 -277.30941071 4.364071e+16 2.3319775622e-05 1.0 
-1205845.0538 -10047745.161 -12001709.937 -43.685014743 -227.15939819 -263.5737931 4.364071e+16 2.3319775622e-05 1.0 
-1441493.6695 -8147618.8501 10464857.9 -50.6407363 -177.98844053 219.45928597 4.363933e+16 2.3319038207e-05 1.0 
8816724.1106 -13549871.598 28280486.791 200.73372957 -332.96983913 676.02902047 4.363933e+16 2.3319038207e-05 1.0 
8791821.4889 -41933849.749 7340204.8796 197.8494709 -1017.9789688 165.65414676 4.363933e+16 2.3319038207e-05 1.0 
-709329.14609 6439388.9013 24732171.339 -27.397343629 145.09511265 579.62503917 4.363933e+16 2.3319038207e-05 1.0 
2178695.1045 -201403.17303 32451169.944 42.163762305 -12.617676144 775.02294356 4.363933e+16 2.3319038207e-05 1.0 
9074999.6161 -40889248.03 5640166.7961 202.73256688 -991.6449975 118.92625871 4.363933e+16 2.3319038207e-05 1.0 
6804631.9884 -28746572.33 51120.118686 176.47706715 -702.14034812 2.7275802503 4.363933e+16 2.3319038207e-05 1.0 
4397368.0796 -25046279.483 -622765.57929 104.08197836 -602.06325118 -10.263580962 4.363933e+16 2.3319038207e-05 1.0 
57801.788057 -7329694.9668 -10707299.201 -17.784033983 -161.91538329 -224.61438887 4.363933e+16 2.3319038207e-05 1.0 
-6823576.3313 11821361.215 -5220645.0315 -151.43700251 231.0576218 -99.122824204 4.363933e+16 2.3319038207e-05 1.0 
2013609.244 -20088574.155 2817787.7015 35.803657131 -474.66812964 58.297650746 4.363796e+16 2.3318306136e-05 1.0 
-1505217.6382 -16822315.034 3674947.1194 -49.454822991 -387.2308822 79.889565206 4.363796e+16 2.3318306136e-05 1.0 
10912182.008 -7116056.0677 43593214.216 254.71566042 -178.98925266 1054.5887907 4.363796e+16 2.3318306136e-05 1.0 
-1556002.2282 -12217201.41 -1116993.5723 -53.224151712 -257.01286003 -27.102385543 4.363796e+16 2.3318306136e-05 1.0 
28125913.475 -54345273.448 13851619.421 672.76198823 -1331.3902617 336.37610203 4.363796e+16 2.3318306136e-05 1.0 
19892273.868 -51703046.24 -3557204.1425 469.05694069 -1263.4209873 -85.851835481 4.363796e+16 2.3318306136e-05 1.0 
4259161.7072 -5832896.4501 -24579151.534 89.240755556 -145.36399451 -578.75957277 4.363796e+16 2.3318306136e-05 1.0 
-2623980.3539 -2569472.2906 -9174241.9113 -75.470163526 -43.66638908 -163.89184685 4.363796e+16 2.3318306136e-05 1.0 
7730899.935 -27598502.847 -283858.27293 185.73286981 -680.16557945 -6.6589392421 4.363728e+16 2.3317942773e-05 1.0 
-2758987.0828 6376038.2026 20489685.229 -75.030737314 140.40704151 470.15570847 4.363728e+16 2.3317942773e-05 1.0 
7187828.3714 -3353741.4877 25873685.357 160.42076842 -86.887833994 612.12420528 4.363728e+16 2.3317942773e-05 1.0 
-5330675.0736 8023208.2358 -10094356.06 -122.77030513 158.38647794 -197.49042064 4.363728e+16 2.3317942773e-05 1.0 
2868286.5956 -31331308.331 8534069.6504 59.438048923 -759.18694016 198.06782595 4.363659e+16 2.3317574065e-05 1.0 
2764949.7376 -21404322.354 2602438.5337 55.964513422 -507.9183969 55.144114037 4.363659e+16 2.3317574065e-05 1.0 
-1912220.9129 4280071.7939 15118376.894 -56.660903212 88.818091224 326.06854902 4.363591e+16 2.3317210702e-05 1.0 
-2688449.5639 -18002809.182 -7947023.1122 -79.121501429 -420.81008159 -179.75394999 4.363591e+16 2.3317210702e-05 1.0 
-3815627.3283 -7404087.0928 -6878646.6013 -102.61167861 -145.02097194 -131.07587774 4.363591e+16 2.3317210702e-05 1.0 
-1599685.0902 -17858520.533 10335970.451 -53.523923007 -420.68506446 234.87998075 4.363523e+16 2.3316847338e-05 1.0 
4557485.8441 -23613671.795 -330856.71059 106.54139835 -568.04731909 -7.014792667 4.363523e+16 2.3316847338e-05 1.0 
-2613327.5932 9725748.4225 28490764.172 -71.726395911 224.46236032 676.13124409 4.363523e+16 2.3316847338e-05 1.0 
16717791.406 -5395917.2622 47055614.139 396.76162558 -138.42492841 1140.6507571 4.363523e+16 2.3316847338e-05 1.0 
1800008.5688 -18077032.217 -647788.7094 30.799378417 -420.16502457 -13.169434225 4.363523e+16 2.3316847338e-05 1.0 
-6496363.8134 15813472.314 -14700003.875 -160.07956371 357.81346448 -335.13637114 4.363523e+16 2.3316847338e-05 1.0 
-955963.00055 -2246702.6979 9385162.6953 -41.708331071 -37.470556879 168.74887521 4.363387e+16 2.3316120611e-05 1.0 
417023.74622 -20380386.893 3886228.5899 -3.2119576593 -481.53086487 83.649432208 4.363387e+16 2.3316120611e-05 1.0 
-4939597.8172 -5369435.0316 499553.36423 -121.8465124 -62.800411305 -0.54953881571 4.363387e+16 2.3316120611e-05 1.0 
-2964391.1855 12398949.282 18746182.7 -78.908591598 279.90916249 432.4065074 4.363387e+16 2.3316120611e-05 1.0 
3814697.2403 -29269746.515 -13517275.527 79.024820179 -709.32620839 -319.5363891 4.363387e+16 2.3316120611e-05 1.0 
-2599578.9285 -13381824.569 -5123415.2205 -76.799769004 -297.4048139 -107.42858895 4.363387e+16 2.3316120611e-05 1.0 
-3036155.4725 -8709769.6472 -8753569.6074 -86.943775281 -185.33851155 -179.97753908 4.363387e+16 2.3316120611e-05 1.0 
-5132785.0681 -3816173.3754 -2914077.7575 -117.93731893 -30.530344925 -26.744481901 4.363387e+16 2.3316120611e-05 1.0 
-2950785.6291 -5634711.6932 7021642.8549 -83.752289072 -100.39409909 125.76129505 4.363319e+16 2.3315757247e-05 1.0 
21120668.998 -40730238.746 25339455.708 501.34646577 -998.26886657 612.94733344 4.363319e+16 2.3315757247e-05 1.0 
13562854.712 -45966913.012 8749662.2083 313.93743202 -1119.8963864 207.56323902 4.363319e+16 2.3315757247e-05 1.0 
13572015.982 -34175062.191 -22910162.231 316.53699243 -836.17730101 -551.33372913 4.363319e+16 2.3315757247e-05 1.0 
3616181.3201 -26372196.988 -13057862.111 73.831136083 -638.56543286 -305.07213026 4.363319e+16 2.3315757247e-05 1.0 
-4098871.9589 -6774019.416 -2350758.7029 -105.2495716 -109.68398373 -29.661061504 4.363319e+16 2.3315757247e-05 1.0 
-2571036.8136 2249231.7899 -11256745.488 -71.020922151 46.216266334 -212.17421832 4.363319e+16 2.3315757247e-05 1.0 
951316.95106 -12814740.558 22289138.881 8.7632016837 -310.57745457 524.2549653 4.363251e+16 2.3315393884e-05 1.0 
4742851.779 -30980785.422 6547317.2914 104.67489883 -751.98286376 146.11863531 4.363251e+16 2.3315393884e-05 1.0 
2674767.8367 -24710736.398 1157117.618 58.362942197 -592.53016693 22.432386094 4.363251e+16 2.3315393884e-05 1.0 
8668248.0044 -41961867.265 -9899968.7413 196.06103956 -1021.8731522 -230.77288925 4.363251e+16 2.3315393884e-05 1.0 
-827515.59326 -9605119.01 -11761779.278 -36.43869865 -217.23540369 -255.86893293 4.363251e+16 2.3315393884e-05 1.0 
-6514177.8403 7613602.8422 11211466.091 -152.20695625 156.52276661 227.43431161 4.363116e+16 2.33146725e-05 1.0 
16525660.226 -17212215.318 40702250.637 390.92906358 -425.18848704 985.50852682 4.363116e+16 2.33146725e-05 1.0 
35248252.594 -51525956.484 -23640323.102 848.67937736 -1263.8246409 -574.87500293 4.363116e+16 2.33146725e-05 1.0 
3837804.8759 -29110237.209 -14407410.569 78.320171304 -707.06050687 -339.59035365 4.363116e+16 2.33146725e-05 1.0 
28727148.229 -35901102.114 -33839721.789 689.37879298 -881.90372011 -821.31617723 4.363116e+16 2.33146725e-05 1.0 
5922140.1755 -23780579.468 -15462259.887 128.71690448 -577.35742557 -363.0735807 4.363116e+16 2.33146725e-05 1.0 
-6586010.0362 26930650.647 -34302028.017 -167.1115707 643.86717359 -828.12257403 4.363116e+16 2.33146725e-05 1.0 
1400203.8811 -17643677.424 -1011209.4047 22.301776849 -408.84766804 -23.194017709 4.362913e+16 2.3313587753e-05 1.0 
30302006.807 -44491613.609 -28322642.893 727.2117471 -1090.6100822 -688.52969996 4.362913e+16 2.3313587753e-05 1.0 
17369329.787 -36084176.892 -28103919.886 410.15404112 -884.35851393 -679.23890157 4.362913e+16 2.3313587753e-05 1.0 
9415105.8787 -24915789.16 22515278.166 214.58242489 -607.35976483 538.72368084 4.362846e+16 2.3313229732e-05 1.0 
17563218.645 -48362794.838 12254430.379 412.93422167 -1182.623097 294.16535439 4.362846e+16 2.3313229732e-05 1.0 
6022248.6502 -133033.81024 -34202618.072 135.51354037 -10.716356993 -820.86927867 4.362846e+16 2.3313229732e-05 1.0 
17576216.097 -23267872.753 43137358.661 417.05547974 -573.19396322 1046.0548864 4.362779e+16 2.3312871712e-05 1.0 
-5974341.5279 11232978.679 15725293.262 -147.08194005 247.11261766 354.51617152 4.362779e+16 2.3312871712e-05 1.0 
42159812.819 -54913128.475 -7753440.2305 1017.1744202 -1346.275183 -187.78837295 4.362779e+16 2.3312871712e-05 1.0 
6614749.8965 -34138366.327 -12872989.037 146.17927393 -830.45002171 -303.22340313 4.362779e+16 2.3312871712e-05 1.0 
-2448675.272 -9767139.8439 -1905837.0517 -71.32040024 -193.55750082 -29.484109741 4.362779e+16 2.3312871712e-05 1.0 
19929622.085 -17052824.505 -46029095.607 474.27807029 -420.92052857 -1117.820926 4.362779e+16 2.3312871712e-05 1.0 
-2940254.7174 -13786003.486 -14160853.053 -85.410494845 -323.59376957 -322.66973051 4.362779e+16 2.3312871712e-05 1.0 
-3367811.3683 -5133866.0764 9303462.6177 -92.35269437 -100.49139962 179.79154483 4.362712e+16 2.3312513692e-05 1.0 
-2338983.3824 -13560127.537 10299871.314 -71.246414702 -311.51128195 228.93309713 4.362712e+16 2.3312513692e-05 1.0 
20699414.199 -25949095.654 36406792.779 492.55341626 -637.81871592 881.52174016 4.362712e+16 2.3312513692e-05 1.0 
-6481811.0766 8241275.584 11744508.098 -153.44747678 172.32623137 241.83553346 4.362712e+16 2.3312513692e-05 1.0 
27895146.013 -20609625.035 60424771.666 670.75151095 -509.93458235 1471.449201 4.362712e+16 2.3312513692e-05 1.0 
30240862.14 -53690012.117 5075378.5135 724.07618265 -1314.6046385 122.38552605 4.362712e+16 2.3312513692e-05 1.0 
24739446.624 -45365896.595 -29250641.185 591.23300317 -1112.5670685 -710.44641746 4.362712e+16 2.3312513692e-05 1.0 
14396235.74 -35298485.355 -27582991.748 337.36132964 -863.99593816 -666.61025106 4.362712e+16 2.3312513692e-05 1.0 
3982393.4141 -6327358.0736 -26143118.087 83.410865618 -157.67589038 -617.54401559 4.362712e+16 2.3312513692e-05 1.0 
-1465583.8078 19233890.398 -30115744.85 -43.316372679 454.36229495 -721.34141012 4.362712e+16 2.3312513692e-05 1.0 
11993484.55 -33161344.248 24202060.244 278.03740617 -809.99968267 583.77931062 4.362645e+16 2.3312155672e-05 1.0 
159814.81756 -7500514.3759 20091897.685 -10.62529589 -180.31929257 463.78465169 4.362578e+16 2.3311797652e-05 1.0 
4956249.7949 -17190409.819 20218092.971 104.44323055 -415.4218095 477.36183762 4.362578e+16 2.3311797652e-05 1.0 
7832465.1824 -28552560.826 19277247.058 175.88882866 -695.01788482 459.8434822 4.362578e+16 2.3311797652e-05 1.0 
87681.490986 -36408334.175 7962847.117 -8.0455649345 -885.52589473 183.37943838 4.362578e+16 2.3311797652e-05 1.0 
15619157.974 -31337111.284 25152914.331 366.17927074 -766.67774769 606.09773789 4.362578e+16 2.3311797652e-05 1.0 
15425128.668 -43075662.616 15886091.956 361.30338671 -1052.8635017 380.72810082 4.362578e+16 2.3311797652e-05 1.0 
26708238.448 -47735039.153 21277026.278 637.82668393 -1169.7729248 515.69934024 4.362578e+16 2.3311797652e-05 1.0 
13689217.493 -49348576.484 -2687611.1945 316.05357019 -1201.8409513 -62.873215053 4.362578e+16 2.3311797652e-05 1.0 
5669753.4494 -3891247.5969 -38419307.067 127.46322021 -102.15855786 -925.35138631 4.362578e+16 2.3311797652e-05 1.0 
-207599.33053 -4329713.7549 -13408527.385 -23.240338207 -95.665414926 -286.34763428 4.362578e+16 2.3311797652e-05 1.0 
6225843.2689 -33740618.806 6519724.6712 139.52719615 -821.21955081 142.2113128 4.362445e+16 2.3311086956e-05 1.0 
-6597494.5887 -13651093.812 -193357.56134 -168.57174356 -300.0388318 -7.2724052017 4.362445e+16 2.3311086956e-05 1.0 
-3486565.8374 -2700081.7535 7775467.2041 -92.10633391 -37.709447171 127.11240218 4.362312e+16 2.3310376259e-05 1.0 
-2733214.3384 -11811116.585 4482290.528 -80.231520587 -253.67947264 91.953525258 4.362312e+16 2.3310376259e-05 1.0 
51496298.094 -53937415.21 25891473.58 1246.8455108 -1323.2447344 631.36893538 4.362312e+16 2.3310376259e-05 1.0 
2749479.3749 -24946731.717 -593848.84948 60.110270487 -598.28744402 -9.4136490665 4.362312e+16 2.3310376259e-05 1.0 
-944079.53613 15721764.071 21216798.014 -31.273532729 363.44001892 499.59669033 4.362312e+16 2.3310376259e-05 1.0 
-2815362.2149 17868973.872 18221955.857 -76.351738857 414.52299758 426.6105901 4.362312e+16 2.3310376259e-05 1.0 
-9166807.4597 17436030.557 6454628.4888 -217.47543998 385.90611632 143.72548505 4.362312e+16 2.3310376259e-05 1.0 
7559478.4213 -25341208.995 -14494924.011 167.64460873 -614.48956471 -340.59028676 4.362312e+16 2.3310376259e-05 1.0 
-8433987.6958 16272556.009 6321335.4993 -200.20115269 355.12601884 140.09055541 4.362312e+16 2.3310376259e-05 1.0 
8310579.6942 -4116349.2334 -41672622.83 192.03248622 -107.67532538 -1006.0823991 4.362312e+16 2.3310376259e-05 1.0 
41715559.03 -60663610.59 351425.2906 1006.5641168 -1487.3330206 8.9393512588 4.362179e+16 2.3309665563e-05 1.0 
32436309.502 -52688829.829 -19265788.152 778.74370072 -1290.8118331 -468.29862347 4.362179e+16 2.3309665563e-05 1.0 
39771472.598 -34577855.677 -57409758.04 961.30873761 -851.68540824 -1399.1143343 4.362179e+16 2.3309665563e-05 1.0 
24077403.388 -29488978.616 -38033825.314 575.38819206 -724.28973593 -922.57794218 4.362179e+16 2.3309665563e-05 1.0 
485493.68111 -14628596.593 16458328.256 -3.9602133145 -348.02574252 380.74577795 4.362113e+16 2.3309312886e-05 1.0 
-99542.012838 -19278565.713 4320460.0931 -15.875199692 -452.95618999 92.894815089 4.362113e+16 2.3309312886e-05 1.0 
-3100713.9437 -8632318.6426 1923425.107 -86.913610372 -160.03956331 30.794576965 4.362113e+16 2.3309312886e-05 1.0 
25666225.537 -43773655.025 24896118.727 612.78634731 -1072.3106031 603.57055693 4.362113e+16 2.3309312886e-05 1.0 
23712348.638 -28140815.629 36293987.171 566.54559376 -691.73501564 879.93056799 4.362113e+16 2.3309312886e-05 1.0 
28373995.843 -52853083.589 -20528219.385 679.5322718 -1295.2606791 -499.31279258 4.362113e+16 2.3309312886e-05 1.0 
24688617.926 -27668916.886 -41477710.506 590.87454668 -680.86469999 -1007.5981029 4.362113e+16 2.3309312886e-05 1.0 
-4312243.3133 16820122.371 -29347923.261 -112.55601093 395.97529943 -701.18702601 4.362113e+16 2.3309312886e-05 1.0 
50609343.5 -60340380.796 3922491.6671 1224.6141264 -1479.8278415 96.297172762 4.362047e+16 2.330896021e-05 1.0 
11671368.143 -42208245.696 -12938701.148 268.84915953 -1029.0855306 -307.99336137 4.362047e+16 2.330896021e-05 1.0 
13781371.077 -14099080.958 -46839434.203 324.39931201 -349.89316652 -1135.4902111 4.362047e+16 2.330896021e-05 1.0 
841797.11552 -15989251.489 -15918495.515 4.9204388936 -382.78780157 -367.83223391 4.362047e+16 2.330896021e-05 1.0 
-841435.43722 8854779.0733 31267756.253 -29.761431462 204.16651439 746.54767497 4.36198e+16 2.330860219e-05 1.0 
-11115993.143 23320202.762 -9461361.0538 -271.07887256 540.78630212 -220.93435078 4.36198e+16 2.330860219e-05 1.0 
2145124.2084 -21432282.052 15268581.021 37.076838833 -515.71659348 357.44223689 4.361915e+16 2.3308254857e-05 1.0 
19827267.143 -39754092.807 21556428.195 468.85013963 -971.82403044 521.59356833 4.361915e+16 2.3308254857e-05 1.0 
8478144.9345 -40597413.885 6277922.5207 190.25906916 -983.53715329 136.65961248 4.361915e+16 2.3308254857e-05 1.0 
-2162053.0023 -11361445.116 -774006.09395 -63.118748723 -236.57033504 -20.862483025 4.361915e+16 2.3308254857e-05 1.0 
35513503.733 -54356693.67 1870401.5336 853.7946748 -1331.2441772 45.244518765 4.361915e+16 2.3308254857e-05 1.0 
4623081.3687 21496304.487 12815574.92 99.337341115 504.8545749 298.42640112 4.361915e+16 2.3308254857e-05 1.0 
-8112128.405 16459070.994 3228610.0736 -189.4362847 354.37297228 69.980718152 4.361915e+16 2.3308254857e-05 1.0 
-3517983.8124 9284145.1226 -7778571.2155 -83.890193107 174.42607821 -138.63100925 4.361915e+16 2.3308254857e-05 1.0 
240711.0483 -4978370.1872 -14257404.598 -11.682161064 -113.71547409 -309.06525834 4.361915e+16 2.3308254857e-05 1.0 
12123544.108 -24475861.076 28322217.259 281.61389328 -598.83495329 680.86550764 4.361849e+16 2.330790218e-05 1.0 
40645667.876 -51959360.658 -4507577.4371 979.12965036 -1272.9566326 -108.79198479 4.361849e+16 2.330790218e-05 1.0 
15172641.434 -18502198.715 -42832551.555 358.00405086 -455.99823427 -1037.852779 4.361849e+16 2.330790218e-05 1.0 
-699598.68333 18313022.357 44960274.368 -25.165782841 435.9259796 1089.0500173 4.361783e+16 2.3307549504e-05 1.0 
4110956.6685 -359640.09626 30643208.086 87.955954272 -15.773041332 730.96472044 4.361783e+16 2.3307549504e-05 1.0 
-248671.43753 -25156165.972 -1665551.6003 -15.535823377 -602.72110152 -33.510185496 4.361783e+16 2.3307549504e-05 1.0 
-6112871.8847 11468251.283 9966678.6603 -143.43742861 238.99219861 208.50520209 4.361783e+16 2.3307549504e-05 1.0 
9093440.8847 -35429637.497 -737138.26692 203.99810454 -886.53344641 -13.69574172 4.361783e+16 2.3307549504e-05 1.0 
12193230.318 -41762047.602 -12632484.096 281.11015054 -1019.3306056 -299.67782087 4.361783e+16 2.3307549504e-05 1.0 
-45248.65606 3827360.0303 -14760260.493 -16.553245465 81.132111718 -315.7136603 4.361783e+16 2.3307549504e-05 1.0 
-1084480.106 -20287928.142 -20679771.378 -40.636698782 -490.92363497 -489.28260326 4.361783e+16 2.3307549504e-05 1.0 
-8462234.2239 16367522.735 -5996562.4086 -199.12889912 356.07024434 -131.46580837 4.361783e+16 2.3307549504e-05 1.0 
-3608757.0608 20179746.289 -18488713.584 -93.926544727 468.63432598 -435.19503267 4.361783e+16 2.3307549504e-05 1.0 
10466940.569 -31768758.877 3553391.9887 233.25264756 -787.01506876 68.878894029 4.361546e+16 2.3306283075e-05 1.0 
8831713.6563 -35028641.629 1833208.4603 191.52646578 -869.90423355 15.701755807 4.361546e+16 2.3306283075e-05 1.0 
6478232.5094 -16869383.832 8974521.5768 138.76384788 -407.70770378 202.02364805 4.361546e+16 2.3306283075e-05 1.0 
8290428.4755 -31099263.517 5844247.9566 185.12539439 -764.35645981 125.28403719 4.361546e+16 2.3306283075e-05 1.0 
4892874.0311 -18628808.183 7286290.7366 101.31887216 -449.76742316 160.65912754 4.361546e+16 2.3306283075e-05 1.0 
12574811.992 -45552785.937 3620832.5948 285.01256735 -1107.635083 80.066647013 4.361546e+16 2.3306283075e-05 1.0 
9655056.0039 -44718823.201 1122293.3038 211.87825663 -1078.6658117 20.698836633 4.361546e+16 2.3306283075e-05 1.0 
10550059.31 -40491625.002 -4996292.5576 237.09576154 -987.56187806 -100.37686241 4.361546e+16 2.3306283075e-05 1.0 
10884073.591 -40353847.238 -4811649.432 242.38576186 -983.606204 -97.282391026 4.361546e+16 2.3306283075e-05 1.0 
-4941445.6277 -11119045.604 5077890.9621 -130.31217546 -237.34697189 102.70074966 4.361521e+16 2.3306149485e-05 1.0 
-6266083.5962 -41621059.758 13710750.818 -166.4222665 -1016.061133 327.87484058 4.361521e+16 2.3306149485e-05 1.0 
45903111.001 -30744453.003 48075815.545 1110.0785116 -757.03829904 1170.9004809 4.361521e+16 2.3306149485e-05 1.0 
19191634.641 -61616271.235 2172831.1402 454.89125515 -1509.016198 52.091854997 4.361521e+16 2.3306149485e-05 1.0 
25996424.995 -44640806.165 -28360152.794 621.29500895 -1093.3682667 -688.7940751 4.361521e+16 2.3306149485e-05 1.0 
18962547.283 -34274646.285 -30034774.072 449.17365728 -839.5632013 -726.45780039 4.361521e+16 2.3306149485e-05 1.0 
2162326.0877 16438700.671 -34310841.665 43.652275391 388.64463784 -824.35643132 4.361521e+16 2.3306149485e-05 1.0 
6533265.4465 -18362073.688 29014623.746 145.36397462 -449.22764397 695.05264974 4.36139e+16 2.3305449476e-05 1.0 
6095908.9194 -31221160.333 11782101.463 133.59165384 -758.49512302 275.02792384 4.36139e+16 2.3305449476e-05 1.0 
31331450.664 -29905481.218 44467592.495 753.28228852 -735.34382192 1081.155967 4.36139e+16 2.3305449476e-05 1.0 
14147198.692 -45110554.214 8746795.6258 327.5409295 -1099.809508 206.09526154 4.36139e+16 2.3305449476e-05 1.0 
12870392.982 -36104598.986 12066999.937 296.8369439 -883.34398363 281.91137656 4.361375e+16 2.3305369322e-05 1.0 
2270120.0923 1334429.6457 21010087.71 41.641962114 22.975600444 485.0140743 4.361375e+16 2.3305369322e-05 1.0 
3381002.4271 -15177954.649 -5923549.5854 61.449851233 -359.3313348 -123.99196699 4.361375e+16 2.3305369322e-05 1.0 
21711759.581 -54503323.752 -921267.15039 513.3433694 -1333.606829 -21.36203345 4.361375e+16 2.3305369322e-05 1.0 
14693355.922 -14700229.506 -44931661.749 346.30306197 -363.77961745 -1089.6753169 4.361375e+16 2.3305369322e-05 1.0 
7346131.466 -20574260.975 8564402.6061 160.89672406 -499.54181819 192.44658034 4.36129e+16 2.3304915117e-05 1.0 
18624874.298 -49806611.904 9344946.5459 437.76543442 -1217.9228671 223.36519558 4.36129e+16 2.3304915117e-05 1.0 
9373255.6978 -33192004.416 -5426718.5 210.11907926 -816.04347454 -112.36801776 4.36129e+16 2.3304915117e-05 1.0 
11652317.486 -28351008.481 -14093023.407 268.15599059 -693.6669742 -330.5536982 4.36129e+16 2.3304915117e-05 1.0 
14205201.204 -43714039.341 -11112591.083 329.23989758 -1067.9668102 -262.34804666 4.36129e+16 2.3304915117e-05 1.0 
8921937.4414 -39089169.086 9871013.2555 202.10410845 -951.34424796 227.73899361 4.36126e+16 2.330475481e-05 1.0 
-4297948.9346 -8985187.6576 -1641585.9329 -110.32308879 -168.4853982 -37.437051039 4.36126e+16 2.330475481e-05 1.0 
-4505618.7952 4167178.7383 16242247.143 -114.04438718 86.050648109 356.80353661 4.36126e+16 2.330475481e-05 1.0 
-80832.257494 669996.89214 15315835.652 -17.281306482 10.677251267 331.12820868 4.36126e+16 2.330475481e-05 1.0 
-6940149.1508 11537551.848 -5382794.6126 -151.46797094 225.69653906 -103.9986452 4.36126e+16 2.330475481e-05 1.0 
-5610920.5054 12914146.291 -13035303.928 -136.70229479 282.28122486 -289.63082455 4.36126e+16 2.330475481e-05 1.0 
3368383.9166 -16448702.511 -493375.89809 57.631722307 -392.5117191 -9.8689644265 4.361207e+16 2.33044716e-05 1.0 
13404942.689 -13870859.164 -4086537.5088 301.31052337 -339.82526436 -94.524095313 4.361207e+16 2.33044716e-05 1.0 
2696814.8152 17311061.66 11613382.894 51.140356197 392.04606031 268.39226902 4.361207e+16 2.33044716e-05 1.0 
12979601.434 -40575288.817 9774126.97 298.85041416 -991.27030547 226.09690661 4.361207e+16 2.33044716e-05 1.0 
-2495703.5066 17450524.152 13687234.048 -68.286065798 397.31242183 313.01482784 4.361207e+16 2.33044716e-05 1.0 
23500331.245 -35659083.609 27878320.744 560.90494768 -875.80993859 673.90918914 4.361207e+16 2.33044716e-05 1.0 
18071010.44 -14646352.721 27888061.172 428.23196213 -361.5828506 670.63033945 4.361207e+16 2.33044716e-05 1.0 
6149634.6836 -19906153.878 -4360771.2552 129.90422625 -483.63525517 -91.66786617 4.361207e+16 2.33044716e-05 1.0 
17030836.157 -51264104.563 -372283.16769 397.1803072 -1251.5197675 -9.1577730833 4.361207e+16 2.33044716e-05 1.0 
2601402.6063 -5377637.1746 -24299059.455 49.638212725 -134.52965938 -571.55017799 4.361207e+16 2.33044716e-05 1.0 
31292718.658 -58929675.964 -6064007.1788 750.45741343 -1444.2761849 -147.02663668 4.361207e+16 2.33044716e-05 1.0 
-3780960.9159 16078439.43 21462555.673 -98.977452595 371.96582892 503.89120752 4.361195e+16 2.3304407477e-05 1.0 
20748369.827 -22908037.595 39038949.974 494.61838461 -564.66225338 946.41193969 4.361195e+16 2.3304407477e-05 1.0 
55429144.459 -58819488.659 10287018.89 1342.3396032 -1442.166527 251.1164989 4.361195e+16 2.3304407477e-05 1.0 
8886400.7677 -43781677.561 -4338019.5656 199.01047316 -1058.5410836 -92.999224554 4.361195e+16 2.3304407477e-05 1.0 
-4166529.5752 -10250895.852 -2144030.5116 -110.00829087 -206.16728342 -39.842115705 4.361195e+16 2.3304407477e-05 1.0 
-5221287.6572 14400277.903 -25234189.818 -133.20002823 334.56537721 -597.96718072 4.361195e+16 2.3304407477e-05 1.0 
13154071.101 -13991487.015 -46355845.403 310.10371401 -347.78709131 -1123.3674269 4.361195e+16 2.3304407477e-05 1.0 
-4016368.0773 -4697576.8932 -9247497.8748 -106.5897493 -89.390350431 -177.25986561 4.361195e+16 2.3304407477e-05 1.0 
-4589177.4053 -6915675.7604 6873108.9242 -119.53808313 -132.03484367 130.1951409 4.36113e+16 2.3304060144e-05 1.0 
-968142.63371 -9987279.8623 14085985.927 -39.153681108 -230.54441786 314.75285162 4.36113e+16 2.3304060144e-05 1.0 
-559897.34417 -12336498.664 12723296.423 -30.065494339 -284.94943462 285.56364008 4.36113e+16 2.3304060144e-05 1.0 
1480231.0175 -12004050.323 17452528.914 20.017188093 -286.10213153 401.89668515 4.36113e+16 2.3304060144e-05 1.0 
37020309.851 -37446750.183 35402733.732 891.82957701 -919.4448072 860.33496397 4.36113e+16 2.3304060144e-05 1.0 
51862005.196 -52738959.184 26438417.811 1255.3958824 -1293.8855744 644.16258272 4.36113e+16 2.3304060144e-05 1.0 
38319078.904 -51577233.876 13960595.618 922.57365484 -1263.4104953 339.17242734 4.36113e+16 2.3304060144e-05 1.0 
9207692.3069 -44782370.125 -696822.12 204.16817499 -1076.9826132 -13.075945528 4.36113e+16 2.3304060144e-05 1.0 
-2753069.3795 -14342304.242 -3171265.5651 -78.725342379 -318.58131185 -67.242824675 4.36113e+16 2.3304060144e-05 1.0 
-10328307.198 15185155.013 7464647.6513 -242.89134675 331.99284027 163.69592239 4.36113e+16 2.3304060144e-05 1.0 
-3066172.2107 -5690975.4011 1707253.6103 -84.745066761 -71.170720899 24.938325308 4.36113e+16 2.3304060144e-05 1.0 
-9435242.758 18887459.392 7416106.1884 -226.12523237 424.06536575 169.25083551 4.36113e+16 2.3304060144e-05 1.0 
-217162.93763 -13313301.435 -4328085.2183 -22.120267648 -301.2117155 -84.933208959 4.36113e+16 2.3304060144e-05 1.0 
6813694.0464 2558076.9298 -38260549.149 155.28875232 54.579253755 -920.53654471 4.36113e+16 2.3304060144e-05 1.0 
-916469.52733 -3957829.1408 -21948207.45 -34.658639649 -98.715011186 -507.85821041 4.36113e+16 2.3304060144e-05 1.0 
-2845342.3803 2962897.9762 -23905124.602 -77.893119671 61.566762346 -557.0863604 4.36113e+16 2.3304060144e-05 1.0 
42488213.674 -64547456.099 5254243.3127 1025.3509359 -1582.5536003 127.58152735 4.361065e+16 2.3303712811e-05 1.0 
16385216.394 -13854686.457 -40479265.248 387.81307079 -344.60447503 -979.18375062 4.361065e+16 2.3303712811e-05 1.0 
12061319.24 -22626722.815 7250934.2031 275.07198124 -556.74967653 165.77088905 4.361042e+16 2.3303589909e-05 1.0 
10661602.005 -16099691.114 7137357.5814 237.49180706 -390.72229926 160.03207182 4.361042e+16 2.3303589909e-05 1.0 
8483238.3655 -16437786.847 5775226.6774 182.88234318 -396.0581475 124.89048224 4.361042e+16 2.3303589909e-05 1.0 
6085547.0114 -20382590.432 6327512.6976 130.15488596 -494.94319832 137.51990118 4.361042e+16 2.3303589909e-05 1.0 
10702384.214 -21819591.13 2538201.0332 239.19271088 -537.04919731 54.361156771 4.361042e+16 2.3303589909e-05 1.0 
8677212.3642 -35214017.98 2554859.5228 190.11715927 -869.9880873 32.029642785 4.361042e+16 2.3303589909e-05 1.0 
4998138.2081 8718660.9375 11740013.762 95.023161004 188.74712318 250.15389298 4.361042e+16 2.3303589909e-05 1.0 
17256022.852 -29006196.344 12289224.787 405.0001736 -712.21760036 287.9048414 4.361042e+16 2.3303589909e-05 1.0 
60851.310395 -9548166.879 5354552.555 -21.020514372 -206.15600639 99.992127745 4.361042e+16 2.3303589909e-05 1.0 
14561918.539 -31970311.535 14391255.296 338.80986698 -783.27529805 339.52376429 4.361042e+16 2.3303589909e-05 1.0 
-3874431.538 8299877.9364 21681587.513 -101.55185763 185.69920472 503.8790264 4.361042e+16 2.3303589909e-05 1.0 
34512136.051 -52019070.563 25454818.45 829.5847274 -1276.2357007 618.49350801 4.361042e+16 2.3303589909e-05 1.0 
10784398.263 17066858.39 7581226.8098 241.99309522 391.01167352 170.80048684 4.361042e+16 2.3303589909e-05 1.0 
6200024.8115 -21856607.713 -3613401.0388 130.45815149 -536.33184559 -76.851925551 4.361042e+16 2.3303589909e-05 1.0 
-6623112.0929 17011237.168 -13953807.884 -163.38369559 385.60825714 -321.22951335 4.361042e+16 2.3303589909e-05 1.0 
8398418.5589 -43494322.645 571059.27907 180.16893754 -1041.3879427 3.7498650714 4.361042e+16 2.3303589909e-05 1.0 
-5672607.5977 20651320.749 -15150550.086 -142.91187721 478.09676348 -355.16782909 4.361042e+16 2.3303589909e-05 1.0 
24872546.052 -44526228.86 23946423.247 593.59796232 -1091.1180355 580.75448381 4.361042e+16 2.3303589909e-05 1.0 
2976287.9095 -31380070.137 14233412.243 58.752299966 -763.30964081 337.10128866 4.361042e+16 2.3303589909e-05 1.0 
30997666.778 -55003775.602 5598737.486 742.05609357 -1347.3544963 134.33835471 4.361042e+16 2.3303589909e-05 1.0 
10453803.29 -27664549.333 -8676661.4864 237.17745564 -679.28878533 -195.31569354 4.361042e+16 2.3303589909e-05 1.0 
12570145.196 -46082459.482 -4426569.5434 285.72533462 -1120.7049715 -101.43713888 4.361042e+16 2.3303589909e-05 1.0 
17412241.844 -18190891.85 -44888267.117 413.02928985 -449.87389447 -1089.0661889 4.361042e+16 2.3303589909e-05 1.0 
9203927.4202 -29252040.642 -6861627.3463 207.18686243 -717.44519159 -150.46533091 4.361042e+16 2.3303589909e-05 1.0 
10810700.443 -28665928.326 -12897597.805 247.81761658 -701.89975469 -300.82817812 4.361042e+16 2.3303589909e-05 1.0 
8780961.2065 -43629028.179 -2047929.484 191.35302415 -1050.3031493 -36.10310656 4.361042e+16 2.3303589909e-05 1.0 
24059876.297 -16956195.235 -15525426.33 570.05455253 -416.03539277 -368.12581858 4.361042e+16 2.3303589909e-05 1.0 
14885978.542 -47162913.754 -5583499.9125 344.17660799 -1150.6025495 -128.6904785 4.361042e+16 2.3303589909e-05 1.0 
18030318.848 -42132027.473 -17712504.468 424.84253109 -1032.1029441 -424.63690302 4.361042e+16 2.3303589909e-05 1.0 
12615653.259 -42518235.144 -7714604.3019 287.75722106 -1037.5545535 -176.1482258 4.361042e+16 2.3303589909e-05 1.0 
14614640.781 -42054874.671 -9482651.452 338.07279499 -1028.4186393 -220.17707408 4.361042e+16 2.3303589909e-05 1.0 
-3584838.4964 -17516758.231 8462163.2938 -100.30238153 -409.54633276 190.16635277 4.360935e+16 2.3303018145e-05 1.0 
24725746.822 -47580013.274 -22326096.703 590.45644734 -1165.9761804 -541.64171185 4.360935e+16 2.3303018145e-05 1.0 
15232916.397 -35904755.284 -28370826.216 357.50752256 -878.0391608 -686.02434667 4.360935e+16 2.3303018145e-05 1.0 
5445980.6677 -7685038.3481 3793637.6105 91.03966448 -167.94571368 76.567279482 4.360879e+16 2.3302718905e-05 1.0 
16089743.071 -17092433.956 40843928.397 381.78078832 -423.72084419 988.82752159 4.360879e+16 2.3302718905e-05 1.0 
10602736.391 -23958747.321 -3010732.3819 237.53040414 -588.86713562 -60.285532709 4.360879e+16 2.3302718905e-05 1.0 
863904.41141 -8965730.8609 -7906591.2046 -1.5134037214 -198.03403919 -159.53108247 4.360879e+16 2.3302718905e-05 1.0 
31902787.024 -52969318.833 -20433444.097 765.62381312 -1298.5698329 -496.41015189 4.360879e+16 2.3302718905e-05 1.0 
-3598417.572 -517203.91776 24024834.9 -96.89106275 -18.927446218 559.79237534 4.360871e+16 2.3302676156e-05 1.0 
3176784.634 -3507577.8345 27604213.791 64.691026822 -90.735261637 653.22235657 4.360871e+16 2.3302676156e-05 1.0 
-6169967.325 15909931.689 20344256.83 -155.4224922 366.52699918 476.85428071 4.360871e+16 2.3302676156e-05 1.0 
2475717.1975 -435638.62656 22551912.38 45.853909703 -16.027781146 525.05050062 4.360871e+16 2.3302676156e-05 1.0 
-7084451.0405 15299342.394 -2326010.7301 -163.02052519 319.14633396 -48.917955757 4.360871e+16 2.3302676156e-05 1.0 
-4823686.6342 13308730.465 -19896170.319 -123.19786194 303.9157953 -463.47663053 4.360871e+16 2.3302676156e-05 1.0 
8150554.6934 -16735005.99 8724433.5766 178.32382429 -406.0971755 195.98982992 4.360799e+16 2.3302291418e-05 1.0 
4955327.2494 -7154553.9016 3318167.5344 78.486548247 -151.2235326 62.849051745 4.360799e+16 2.3302291418e-05 1.0 
12761788.673 -17033802.45 34831442.007 298.98684783 -421.54939849 839.95871859 4.360799e+16 2.3302291418e-05 1.0 
19073414.574 -48651839.096 7821498.6774 447.44249134 -1189.9322746 185.09590135 4.360799e+16 2.3302291418e-05 1.0 
-4870853.1129 17371591.901 -3461458.3794 -118.96561756 375.12055212 -76.365098287 4.360799e+16 2.3302291418e-05 1.0 
24408354.931 -50042095.838 7835392.5928 578.61513707 -1224.9238086 188.38089321 4.360799e+16 2.3302291418e-05 1.0 
-4463854.2786 20556341.193 -12986755.302 -114.35647526 473.88094113 -301.7161124 4.360799e+16 2.3302291418e-05 1.0 
11478699.113 -26769500.574 -5240229.5205 260.26685996 -658.1762082 -113.68104666 4.360799e+16 2.3302291418e-05 1.0 
35325284.925 -55142174.685 -21901820.213 849.79399911 -1352.5591907 -532.0087064 4.360799e+16 2.3302291418e-05 1.0 
15619429.346 -35342016.718 -7306099.9054 361.08157197 -866.24939679 -164.74575194 4.360799e+16 2.3302291418e-05 1.0 
13276690.411 11013516.664 41573293.318 313.2363319 259.67672308 1004.7164782 4.360742e+16 2.3301986834e-05 1.0 
62549921.709 -60517773.831 36749035.108 1517.8055081 -1485.6398145 895.81952324 4.360742e+16 2.3301986834e-05 1.0 
-196035.9756 -23630390.0 -11140035.574 -18.675367142 -567.0033327 -258.58516443 4.360742e+16 2.3301986834e-05 1.0 
-3426572.0998 -12224797.346 -8361384.3979 -96.88369014 -274.12049025 -179.00762271 4.360742e+16 2.3301986834e-05 1.0 
11088720.934 7057026.1897 -56567292.513 261.70224553 163.32403007 -1374.1339443 4.360742e+16 2.3301986834e-05 1.0 
-7504633.4011 13555304.284 -8842318.939 -175.82937016 289.65677476 -188.45219718 4.360742e+16 2.3301986834e-05 1.0 
13961355.169 16098473.3 4061375.355 316.49824772 367.81743069 95.87457881 4.360719e+16 2.3301863931e-05 1.0 
26309073.032 -31486978.304 39576801.261 629.84722145 -774.80947216 960.59702613 4.360719e+16 2.3301863931e-05 1.0 
3703325.2762 2098562.0755 27213328.379 78.463795955 41.596987616 644.42017108 4.360719e+16 2.3301863931e-05 1.0 
2207677.8956 -16111806.893 -4563396.8906 33.759280609 -382.38657822 -92.160655202 4.360719e+16 2.3301863931e-05 1.0 
45769911.114 -60706675.606 -9455856.3277 1104.9843644 -1488.7128136 -230.41561705 4.360719e+16 2.3301863931e-05 1.0 
17556012.995 -25090556.462 -31959707.379 415.09572108 -615.553494 -773.05088697 4.360719e+16 2.3301863931e-05 1.0 
6944748.228 -28069605.17 367451.07503 147.87478662 -706.64676775 1.0681949855 4.36064e+16 2.3301441788e-05 1.0 
14784553.033949973 -42865998.97936478 9938024.747245237 342.3837525295777 -1048.4913217804176 232.2001353271803 8.720895e+16 4.6600826297e-05 1.0 
26308894.231 -27778304.599 35590527.347 629.89228454 -684.30314009 862.16177221 4.36064e+16 2.3301441788e-05 1.0 
9160337.9664 -1291078.7373 38249571.073 212.14412742 -39.321810082 921.86113909 4.36064e+16 2.3301441788e-05 1.0 
7834199.2878 22282605.094 -9521272.425 176.91845997 519.39722591 -225.00890842 4.36064e+16 2.3301441788e-05 1.0 
28760521.377 -45367256.902 21191615.487 687.95023523 -1112.7289843 512.43754072 4.36064e+16 2.3301441788e-05 1.0 
7932080.3785 -33988994.762 1077498.7935 181.18749943 -842.49174575 29.521523658 4.36064e+16 2.3301441788e-05 1.0 
10784144.025 -6302163.5976 -8169167.2906 231.2146857 -151.2367416 -177.17672291 4.36064e+16 2.3301441788e-05 1.0 
31051261.97 -54314774.665 5014041.641 742.62835073 -1330.5264029 121.71390653 4.36064e+16 2.3301441788e-05 1.0 
5640770.8488 -18210458.676 -9276587.5189 118.62511851 -440.29617394 -209.2412961 4.36064e+16 2.3301441788e-05 1.0 
6145383.9162 -8415892.8653 -20284583.932 133.24679457 -207.92992715 -472.94080311 4.36064e+16 2.3301441788e-05 1.0 
15926279.279 -49974470.037 -542486.16743 368.66227782 -1219.6002384 -12.465109667 4.36064e+16 2.3301441788e-05 1.0 
11148174.64 -6157380.2462 -40794277.322 260.92531847 -157.40637289 -985.96755625 4.36064e+16 2.3301441788e-05 1.0 
41030881.696 -57773013.934 -11349742.085 988.81641285 -1416.611436 -275.6839584 4.36064e+16 2.3301441788e-05 1.0 
36690358.648 -51572057.173 -34996512.059 884.49277066 -1266.0265185 -852.16519189 4.36064e+16 2.3301441788e-05 1.0 
59012236.798 -61972870.944 18629939.253 1430.2927403 -1520.2670885 454.31960934 4.360613e+16 2.3301297512e-05 1.0 
40429309.521 -56928372.412 -5534731.5219 974.3944091 -1394.4918453 -134.81533034 4.360613e+16 2.3301297512e-05 1.0 
22043289.329 -12200319.209 -55336806.955 527.83929573 -305.50447695 -1344.9881991 4.360613e+16 2.3301297512e-05 1.0 
7218925.8674 -17627788.114 -38495214.053 163.67947866 -434.05611745 -929.08965261 4.360613e+16 2.3301297512e-05 1.0 
13279298.586 -28939455.791 4779772.4906 303.81652633 -716.32206439 105.51743964 4.360562e+16 2.3301024989e-05 1.0 
11462348.21 -7712421.6839 5266115.3462 245.95589245 -183.96583052 111.87588378 4.360562e+16 2.3301024989e-05 1.0 
13383287.594 -28915975.305 6430147.3744 307.0722348 -711.0093691 141.97870538 4.360562e+16 2.3301024989e-05 1.0 
7282913.7058 -17589247.625 9102749.9683 158.20497216 -426.92974019 203.95679677 4.360562e+16 2.3301024989e-05 1.0 
9278115.5485 -25025353.307 853081.89604 203.2719009 -620.75582715 15.446501486 4.360562e+16 2.3301024989e-05 1.0 
6255405.4382 -6604278.4286 8600598.7546 118.74847939 -154.03313485 184.04553417 4.360562e+16 2.3301024989e-05 1.0 
23482841.712 -25114482.705 39383341.451 561.46153461 -619.7257264 954.57689167 4.360562e+16 2.3301024989e-05 1.0 
1590658.0617 -1857051.9328 30462963.759 27.571718048 -53.401040021 725.70596749 4.360562e+16 2.3301024989e-05 1.0 
-1692769.7226 -5845743.4746 -725045.6827 -69.748607901 -84.420283362 5.2987331605 4.360562e+16 2.3301024989e-05 1.0 
-4350261.1421 16668413.296 -19598589.107 -111.82482246 383.38427824 -460.75979831 4.360562e+16 2.3301024989e-05 1.0 
17634131.624 -47976675.595 6844623.3053 411.34859314 -1172.1016806 161.9971557 4.360562e+16 2.3301024989e-05 1.0 
54202374.839 -60402623.721 28204341.506 1312.5684327 -1482.3226096 687.37655436 4.360562e+16 2.3301024989e-05 1.0 
9854551.6362 -26333711.439 -10465603.84 223.92159578 -646.56684435 -240.6711576 4.360562e+16 2.3301024989e-05 1.0 
34146334.147 -57000955.255 -12243758.088 819.83040584 -1397.3326115 -296.44022207 4.360562e+16 2.3301024989e-05 1.0 
31399240.584 -47476198.391 -40704934.844 754.74207861 -1165.8327535 -990.72536699 4.360562e+16 2.3301024989e-05 1.0 
10524572.005 -32520133.78 -8691025.6573 238.96361392 -797.48922969 -195.49665305 4.360562e+16 2.3301024989e-05 1.0 
10811339.798 -44714543.865 -4606583.2533 242.43241412 -1087.0103225 -100.1637926 4.360562e+16 2.3301024989e-05 1.0 
18591782.547 -35142134.212 -10566953.065 435.34459128 -861.2160764 -246.79537677 4.360562e+16 2.3301024989e-05 1.0 
-3489754.4607 -32519825.281 19026421.076 -99.425835555 -791.47965189 455.92047714 4.360549e+16 2.3300955522e-05 1.0 
4937833.6013 11186693.193 28701290.305 109.0342734 260.38707791 682.82786257 4.360549e+16 2.3300955522e-05 1.0 
15175791.13 -1845315.1198 44193013.782 358.70931636 -52.613989237 1069.4054601 4.360549e+16 2.3300955522e-05 1.0 
14485963.33 -46039518.186 8816017.4539 335.15868616 -1121.6612932 210.2139366 4.360549e+16 2.3300955522e-05 1.0 
-3964344.6018 -6905227.5329 -521565.69234 -100.85372974 -105.69732325 -8.6818532801 4.360549e+16 2.3300955522e-05 1.0 
6590327.1751 -28992329.078 -11951312.518 144.5778415 -703.61418977 -278.96478506 4.360549e+16 2.3300955522e-05 1.0 
-2699314.8054 -17353907.115 -7892102.1539 -78.935257734 -404.9858669 -176.49721419 4.360549e+16 2.3300955522e-05 1.0 
379287.6769 -18601904.267 -14721376.625 -6.3218793242 -444.65975475 -341.79196179 4.360549e+16 2.3300955522e-05 1.0 
-4619828.8009 -7845256.5146 -5391179.8899 -120.70064382 -150.98553155 -99.39231102 4.360549e+16 2.3300955522e-05 1.0 
-5156616.7409 19920404.793 -17483417.096 -130.13657397 461.58183376 -409.12353892 4.360549e+16 2.3300955522e-05 1.0 
6361758.0833 -4732652.802 40127762.913 143.30245703 -121.05741969 967.28043604 4.360485e+16 2.3300613533e-05 1.0 
11028310.228 -29043787.231 22241135.213 253.2333742 -708.05101685 533.58504162 4.360485e+16 2.3300613533e-05 1.0 
28372427.859 -46098768.214 -12855698.461 677.47888841 -1127.3635821 -311.15668443 4.360485e+16 2.3300613533e-05 1.0 
7863307.3791 -29093862.222 -34741759.045 178.72050733 -713.90970724 -839.40814939 4.360485e+16 2.3300613533e-05 1.0 
-9224115.7798 13766053.022 4552786.706 -211.01174907 287.88575035 96.872613897 4.360484e+16 2.3300608189e-05 1.0 
7049928.1974 -42955970.723 -8194.3873979 154.24503682 -1020.9250825 -1.1398017636 4.360484e+16 2.3300608189e-05 1.0 
3692120.1363 5571093.3891 -33458943.02 80.151082039 124.8684122 -802.05398968 4.360484e+16 2.3300608189e-05 1.0 
8360893.0852 -25398926.504 23996788.653 188.81920388 -618.77893701 574.80017307 4.360421e+16 2.3300271544e-05 1.0 
10216058.711 -51390374.582 3290273.3691 233.73815469 -1251.6758759 78.525329085 4.360421e+16 2.3300271544e-05 1.0 
21468218.864 -47882166.3 -21879769.526 510.03297968 -1171.7208034 -530.28122473 4.360421e+16 2.3300271544e-05 1.0 
15778621.733 -13401758.455 -34454300.071 371.53919206 -329.73720856 -831.95685474 4.360421e+16 2.3300271544e-05 1.0 
5007892.7538 -34493423.758 -31323178.816 108.43765151 -845.01177809 -756.65240058 4.360421e+16 2.3300271544e-05 1.0 
10702638.758 -22502827.227 -3282250.4072 239.52644879 -556.1265705 -73.78358717 4.360407e+16 2.3300196734e-05 1.0 
-7402099.4201 15470547.091 -5609727.5943 -173.97751109 330.28930631 -122.02523649 4.360407e+16 2.3300196734e-05 1.0 
12543608.158 -45206111.646 4472941.4596 284.45151698 -1100.3020681 98.70599741 4.360407e+16 2.3300196734e-05 1.0 
-6228288.352 14784392.765 -3346249.5624 -143.97306682 305.11077416 -70.300585155 4.360407e+16 2.3300196734e-05 1.0 
41646900.966 -43286364.368 64115844.19 1007.1674646 -1065.071945 1563.691751 4.360407e+16 2.3300196734e-05 1.0 
6260133.7826 -7614542.9765 30794010.295 138.70570493 -189.07002083 737.44736783 4.360407e+16 2.3300196734e-05 1.0 
6984772.4819 -25582536.852 -1884652.5325 145.29841337 -632.96900111 -29.185291769 4.360407e+16 2.3300196734e-05 1.0 
4626989.2867 -17661386.285 -2264559.284 91.060289645 -424.30344849 -41.749816594 4.360407e+16 2.3300196734e-05 1.0 
-7066517.7225 12829820.887 -23324075.738 -177.36085282 294.6927679 -549.89422051 4.360407e+16 2.3300196734e-05 1.0 
9819948.698 -46162341.999 533484.62909 216.87533777 -1116.5228538 10.514808433 4.360407e+16 2.3300196734e-05 1.0 
-2071495.8866 14554335.301 -28837243.51 -58.108466278 340.11907776 -688.92466808 4.360407e+16 2.3300196734e-05 1.0 
72244813.896 -75811005.653 -969021.08615 1755.0398658 -1859.9382671 -23.635847166 4.360407e+16 2.3300196734e-05 1.0 
23928996.183 -52109553.749 -9191024.0643 569.11586298 -1275.0892056 -222.38860428 4.360407e+16 2.3300196734e-05 1.0 
49929275.693 -59254108.358 -26003179.199 1207.9608179 -1453.4284545 -633.59947085 4.360357e+16 2.3299929554e-05 1.0 
64123789.242 -63656081.827 -44376544.576 1556.680455 -1562.7618651 -1082.9290118 4.360357e+16 2.3299929554e-05 1.0 
41693430.014 -43214258.771 -36431981.836 1006.4015011 -1060.6189069 -886.65672243 4.360357e+16 2.3299929554e-05 1.0 
39002487.427 -38215337.122 -50468194.812 941.4224263 -939.46273357 -1229.4406794 4.360357e+16 2.3299929554e-05 1.0 
13865989.421 -30913922.436 9122107.5185 320.15940464 -758.2549271 208.2420781 4.360331e+16 2.3299790621e-05 1.0 
839773.75691 967705.1025 23131466.045 8.7311144871 13.218010133 539.04383687 4.360331e+16 2.3299790621e-05 1.0 
10176290.244 -27590323.415 -8268460.8283 230.92155612 -675.89749746 -186.45786667 4.360331e+16 2.3299790621e-05 1.0 
15249510.191 -46344192.029 -4148822.5832 350.95636789 -1129.7082171 -94.926806884 4.360331e+16 2.3299790621e-05 1.0 
33363075.975 -43650926.99 -33152924.545 802.6696718 -1072.9539875 -804.33551186 4.360331e+16 2.3299790621e-05 1.0 
-8926491.6333 15012429.241 5773944.7311 -207.71214461 322.28185902 124.46227912 4.360255e+16 2.3299384509e-05 1.0 
183584.54815 6173798.9386 -29669530.099 -5.2048497148 138.0859116 -706.70303348 4.360255e+16 2.3299384509e-05 1.0 
16958884.887 -51046950.898 1915946.3656 394.49329754 -1246.6431078 45.734787329 4.360255e+16 2.3299384509e-05 1.0 
10990058.365 8223524.8474 -39539101.86 258.61954168 190.64701285 -954.83346068 4.360255e+16 2.3299384509e-05 1.0 
2203874.6599 9024579.1012 30405949.617 42.779356064 209.63324485 724.12376178 4.360229e+16 2.3299245576e-05 1.0 
10907692.94 2105979.2703 39102863.179 254.57245076 43.657336289 942.49012968 4.360229e+16 2.3299245576e-05 1.0 
24236409.986 -42239177.339 27449926.913 577.55695704 -1034.5083122 665.61019035 4.360229e+16 2.3299245576e-05 1.0 
6866806.4918 -34721644.425 799616.83048 172.06231602 -855.97553049 3.0067506863 4.360229e+16 2.3299245576e-05 1.0 
2074651.4063 -23474304.067 -815123.16822 42.472728689 -559.86555239 -20.392348985 4.360229e+16 2.3299245576e-05 1.0 
-8757137.7975 11870314.159 14952233.011 -211.42377173 263.10743183 336.94354849 4.360229e+16 2.3299245576e-05 1.0 
46631594.435 -53997147.436 32600007.386 1127.7709911 -1325.7314561 793.27094713 4.360229e+16 2.3299245576e-05 1.0 
21802665.704 -51255046.53 -8569603.09 516.90953296 -1252.4863445 -206.92965372 4.360229e+16 2.3299245576e-05 1.0 
-4079233.9545 -9990436.1149 -2564651.8889 -107.78267961 -199.60798944 -46.927539816 4.360229e+16 2.3299245576e-05 1.0 
12230890.638 4967691.6209 -52027267.309 289.4626315 112.3478344 -1262.9740599 4.360229e+16 2.3299245576e-05 1.0 
-3636116.9163 -7802103.3588 -14871931.528 -101.36440763 -179.35809917 -330.2148066 4.360229e+16 2.3299245576e-05 1.0 
10735495.339 -21120531.274 2137723.9393 239.78856992 -520.19844931 43.34069189 4.360105e+16 2.3298582971e-05 1.0 
9260240.6934 -17061032.643 9966611.5846 205.10887313 -414.43548336 224.94465327 4.360105e+16 2.3298582971e-05 1.0 
14185137.119 -39230744.722 9879529.5591 327.39541466 -960.66938102 228.19860655 4.360105e+16 2.3298582971e-05 1.0 
-6968326.031 10739751.363 13875064.594 -169.14472197 232.53514605 307.83459962 4.360105e+16 2.3298582971e-05 1.0 
10655367.157 -21764812.746 -7993093.6078 240.98108681 -536.59754055 -185.04210027 4.360105e+16 2.3298582971e-05 1.0 
35515940.669 -35695174.755 36464812.349 855.74740408 -877.27449796 886.24402048 4.360105e+16 2.3298582971e-05 1.0 
36115606.521 -57237704.219 22861459.163 869.77634528 -1403.6609896 557.02579799 4.360105e+16 2.3298582971e-05 1.0 
9550894.9854 -6314986.1649 -35692301.086 220.83930403 -161.86655437 -858.81123863 4.360105e+16 2.3298582971e-05 1.0 
14300487.751 -14646758.91 -44559611.835 338.21734791 -365.2183807 -1079.7994926 4.360105e+16 2.3298582971e-05 1.0 
19996420.685 -42187903.897 -13820551.309 471.01257572 -1032.9973388 -329.539955 4.360105e+16 2.3298582971e-05 1.0 
16937291.382 -30876161.857 31499072.959 399.34917686 -756.27477154 761.34269615 4.360102e+16 2.3298566941e-05 1.0 
-6975833.3789 18364860.343 15305546.449 -173.10356635 420.95987152 354.51726107 4.360102e+16 2.3298566941e-05 1.0 
14746413.536 -22542957.18 30521032.795 346.65956214 -553.75182028 735.78342685 4.360102e+16 2.3298566941e-05 1.0 
-1302647.0029 9173047.6659 -21939717.699 -41.32030029 207.89569363 -510.59728071 4.360102e+16 2.3298566941e-05 1.0 
