x1	x2	x3	v1	v2	v3	mass	rel_mass	water_fraction
-11321.45620731068 -2089.3159698636396 -3475.299701744716 -0.39481532144492143 -0.08613127671455266 -0.21916412403997 1.8741389463e+21 0.9998379130762 0.09986573423813538 
-2044315.475 -8829597.088 5531021.5495 -83.208308541 -228.21600758 132.01793873 3.798554e+16 2.0264977213e-05 1.0 
-3290121.6502 -7822706.5328 1642594.7784 -113.95135398 -169.46743531 23.613887145 3.798198e+16 2.0263077981e-05 1.0 
-3209097.5025 -10862185.659 4420039.4157 -117.36453715 -293.03693335 110.43676009 3.798198e+16 2.0263077981e-05 1.0 
-3687758.1174 -9062398.6788 3272083.8433 -126.85238113 -224.05355554 72.901067426 3.797745e+16 2.0260661263e-05 1.0 
-1554024.8022 -12569719.075 -4403198.1908 -71.208730743 -351.00066325 -117.52278399 3.797682e+16 2.0260325163e-05 1.0 
-1650313.2469 -12109249.274 -9105928.0533 -71.290166934 -352.18478614 -253.82992249 3.797497e+16 2.0259338203e-05 1.0 
-482908.53735 -18748410.119 7011606.7348 -36.775462576 -563.21001837 207.00460091 3.797196e+16 2.0257732393e-05 1.0 
214115.06803 -16931107.658 -382152.31883 -17.730330551 -497.09716679 -10.320335737 3.797196e+16 2.0257732393e-05 1.0 
