x1	x2	x3	v1	v2	v3	mass	rel_mass	water_fraction
-1186114.846655402 34111197.804412805 -2133.3589152295353 -21.87666765492386 822.0896540422009 0.08266346259323168 1.2429759088900005e+21 0.661887597975326 0.09432422045734995 
2269126.1645992408 -68223054.73634727 41123.37741884897 41.26077912992143 -1644.1879305248003 1.0187203287232167 6.160259725199998e+20 0.3280352807666401 0.08874827273310922 
7512130.0446 -60489323.716 2308345.1712 165.21735377 -1492.8445868 42.927714332 1.119829e+17 5.9631157907e-05 0.0 
7234767.76 -63583094.477 113133.02056 142.32919167 -1580.8404363 -12.962934628 1.119786e+17 5.9628868147e-05 0.0 
7902505.9536 -62808926.363 654215.87809 163.82024198 -1556.7570515 5.2261782694 1.119442e+17 5.9610550066e-05 0.0 
9687055.8488 -55651285.407 2974784.6577 221.35336914 -1363.7776219 65.793662949 1.119378e+17 5.9607142051e-05 0.0 
11483142.364 -55241716.614 2582643.6388 261.60342388 -1353.3685318 57.254907747 7.602584e+16 4.0483938798e-05 1.0 
-2350551.4375 1428716.5862 -12179853.298 -63.347722394 41.706726921 -288.26524986 3.805745e+16 2.0265681729e-05 1.0 
21212894.571 24519143.201 22641834.855 500.18250812 588.77778704 538.36726346 3.805466e+16 2.0264196047e-05 1.0 
-6389728.7295 -2169396.1208 -16509456.704 -159.26322641 -46.112486313 -392.56773902 3.805466e+16 2.0264196047e-05 1.0 
10999554.413 29291885.71 14767552.364 246.54575325 707.23582238 337.71584058 3.805191e+16 2.0262731666e-05 1.0 
-19364987.107 -50971616.855 3411241.8774 -466.73905147 -1229.9509313 82.079051789 3.804986e+16 2.0261640036e-05 1.0 
-4118459.1756 24157450.467 -34456191.609 -105.30642242 582.01048729 -819.56222236 3.804986e+16 2.0261640036e-05 1.0 
5138885.0977 -47805146.219 -20088627.201 119.3581854 -1153.8217101 -475.06036249 3.804918e+16 2.0261277935e-05 1.0 
-2282420.2781 -40302942.401 -22297523.419 -58.642299369 -971.20212057 -531.26051139 3.804918e+16 2.0261277935e-05 1.0 
2567306.1181 23489093.908 -19284444.259 50.787545207 571.49009834 -446.85369736 3.80485e+16 2.0260915833e-05 1.0 
-2716565.6244 -21838019.625 9289803.7112 -70.380762977 -523.49313576 218.25914097 3.804782e+16 2.0260553731e-05 1.0 
10292954.213 -10458265.967 -44006012.104 243.43927083 -250.20221604 -1054.5901373 3.804782e+16 2.0260553731e-05 1.0 
14486935.726 19523977.947 -43186082.965 342.81904559 469.92580164 -1033.9979463 3.804782e+16 2.0260553731e-05 1.0 
-376800.36859 -9850071.6654 34390906.291 -13.771736646 -234.09134041 822.39258208 3.804579e+16 2.0259472752e-05 1.0 
-4985066.5589 26587468.782 -5618209.5191 -114.55380203 682.36461108 -94.392388971 3.804579e+16 2.0259472752e-05 1.0 
-12791429.479 -44214204.148 -10938001.641 -310.21174094 -1066.1815786 -258.56534692 3.804512e+16 2.0259115975e-05 1.0 
-12152157.198 -334905.07419 -12205671.66 -295.43968843 2.5862961104 -287.67110586 3.804512e+16 2.0259115975e-05 1.0 
9712162.2178 -9396469.4146 22463294.376 228.54082 -225.0816712 535.78486322 3.804378e+16 2.0258402422e-05 1.0 
-578466.32996 -58721996.862 -13693219.383 -12.558607478 -1419.0777791 -315.65602522 3.804245e+16 2.0257694194e-05 1.0 
29215902.396 42281340.016 1603307.3962 691.08756164 1012.111894 38.25279139 3.804245e+16 2.0257694194e-05 1.0 
3001242.218 -18257781.657 -5813519.5855 67.491433918 -437.07726945 -135.7755699 3.804245e+16 2.0257694194e-05 1.0 
-13138994.971 -24625171.26 -27587082.241 -320.29885517 -590.6410958 -658.2073887 3.804245e+16 2.0257694194e-05 1.0 
-8061125.3303 13570437.546 -8517444.6937 -199.41600517 343.24795781 -196.64508601 3.804112e+16 2.0256985966e-05 1.0 
-5873151.1688 24504046.459 8006001.5334 -138.96665708 620.01083803 160.35555789 3.804046e+16 2.0256634514e-05 1.0 
1560700.4416 89698.578205 12269010.236 32.319574737 12.082933434 290.32132931 3.804046e+16 2.0256634514e-05 1.0 
-5602900.0024 -35247977.939 -21281035.147 -139.44255834 -847.54767294 -505.68522064 3.804046e+16 2.0256634514e-05 1.0 
-12060482.994 -24509654.005 -24933013.912 -294.46066676 -587.22622374 -594.05312396 3.804046e+16 2.0256634514e-05 1.0 
8969006.73 22760223.378 31474753.757 208.95538397 548.76010262 746.00860918 3.80398e+16 2.0256283062e-05 1.0 
-5746470.8066 -1015686.8393 -22892093.83 -142.62099556 -19.903473399 -541.68941748 3.80398e+16 2.0256283062e-05 1.0 
5469643.6142 -28162272.064 -7593431.1808 127.84413693 -677.91751481 -180.77244436 3.803914e+16 2.0255931611e-05 1.0 
-8468477.9119 -11797188.803 22469744.559 -209.04779433 -280.26278389 535.91764574 3.803848e+16 2.0255580159e-05 1.0 
-8191204.0916 21131682.539 487980.43859 -191.1609002 547.71987633 7.0444504282 3.803848e+16 2.0255580159e-05 1.0 
-16432892.383 -37781908.942 -35586917.026 -399.9210619 -906.57867315 -853.71370059 3.803717e+16 2.0254882581e-05 1.0 
-13234084.855 -5131947.1051 -13287087.472 -321.90744176 -114.6641101 -314.19271785 3.803717e+16 2.0254882581e-05 1.0 
2046355.7033 20720915.292 -3571948.8301 29.186079352 528.56945343 -76.790356079 3.803677e+16 2.025466958e-05 1.0 
-2655673.6806 -46938788.07 24950790.908 -66.981604059 -1130.2969782 595.56155227 3.803677e+16 2.025466958e-05 1.0 
4465310.8767 -4929163.4594 -15348853.674 101.27285045 -115.39234372 -363.76090445 3.803607e+16 2.0254296829e-05 1.0 
-1696934.2228 792056.58941 -25802206.024 -46.563908171 24.733166784 -614.81769197 3.803607e+16 2.0254296829e-05 1.0 
-406309.8315 -49657241.228 -10461842.352 -13.104088073 -1204.0387568 -241.08136699 3.803607e+16 2.0254296829e-05 1.0 
2862111.5513 -61515087.138 -28582358.72 64.101457819 -1479.2801102 -678.15195896 3.803607e+16 2.0254296829e-05 1.0 
165570.69096 -82830551.767 1796941.0387 3.6593358415 -1974.0330796 38.920459878 3.803586e+16 2.0254185003e-05 1.0 
-3882981.5554 -10538153.147 -52898741.412 -98.458347587 -251.86198541 -1268.3600586 3.803586e+16 2.0254185003e-05 1.0 
-6398811.0232 25840353.561 8887486.0006 -149.8391639 645.38639772 176.16912546 3.803456e+16 2.025349275e-05 1.0 
3946385.5105 -6407035.6925 43808927.776 90.069082512 -153.3823008 1047.940781 3.803456e+16 2.025349275e-05 1.0 
961145.53973 -45547440.182 -31277011.729 18.186779638 -1097.5702497 -745.09133025 3.803456e+16 2.025349275e-05 1.0 
-7571952.4038 -24416439.728 -28202523.789 -186.6676523 -584.89775039 -673.37246021 3.803456e+16 2.025349275e-05 1.0 
7351690.3582 -56003596.554 3669518.4425 167.35982018 -1374.604699 79.951714537 3.803399e+16 2.0253189224e-05 1.0 
10532935.533 -45186279.891 2412824.0555 245.4141816 -1102.06895 56.880880212 3.803399e+16 2.0253189224e-05 1.0 
-3152288.7844 7630378.9109 15613830.293 -82.633225453 190.42353671 366.41166965 3.803399e+16 2.0253189224e-05 1.0 
133820.25771 -51549755.93 19958019.354 -0.33360567739 -1243.4917911 469.94542842 3.803399e+16 2.0253189224e-05 1.0 
9759634.7922 -50992482.125 386892.21454 225.88345914 -1246.9040883 9.6537427973 3.803399e+16 2.0253189224e-05 1.0 
9422567.9175 7771924.5019 -21470350.478 219.73295821 192.68740723 -508.30066513 3.803399e+16 2.0253189224e-05 1.0 
12528299.209 -4597343.2814 -32925724.428 295.86701399 -108.98284946 -786.00377305 3.803399e+16 2.0253189224e-05 1.0 
5673507.8257 11344757.459 50797981.544 131.91648475 274.38035428 1214.926178 3.803391e+16 2.0253146624e-05 1.0 
1627547.8242 -72425282.816 20692670.981 34.969824836 -1737.9704694 485.03369283 3.803391e+16 2.0253146624e-05 1.0 
-17511914.7 -94485943.597 10447601.49 -425.17800687 -2270.7322773 250.05796511 3.803391e+16 2.0253146624e-05 1.0 
7909566.2246 -57160604.3 5461708.7298 179.64490627 -1398.7392587 115.06609958 3.803331e+16 2.0252827122e-05 1.0 
10470787.406 41234190.738 272295.30193 217.31017331 974.50690534 7.2348520499 3.803331e+16 2.0252827122e-05 1.0 
6187571.5239 -64209049.339 -16917089.674 141.58140523 -1546.4856388 -387.1029828 3.803331e+16 2.0252827122e-05 1.0 
-5896263.4465 20505713.374 17121455.161 -144.8794649 503.93910837 389.97776514 3.803327e+16 2.0252805822e-05 1.0 
306200.26205 -18128199.151 22026426.19 3.74151542 -431.9780762 524.81877253 3.803262e+16 2.0252459696e-05 1.0 
-8925370.5717 19688146.607 3715722.6592 -210.29184414 507.36649177 80.316005425 3.803262e+16 2.0252459696e-05 1.0 
-2481958.9934 -51681241.398 -1974271.3072 -58.435205679 -1259.5076856 -47.103238137 3.803262e+16 2.0252459696e-05 1.0 
8122610.5816 -56239167.941 4217810.305 184.52176052 -1378.3961603 90.095872455 3.803262e+16 2.0252459696e-05 1.0 
7921990.5614 -60212807.574 2238194.4755 171.98423266 -1482.7412668 36.228360701 3.803262e+16 2.0252459696e-05 1.0 
20679258.021 -2985764.8405 -18314611.238 491.1244399 -70.861908495 -438.22544118 3.803262e+16 2.0252459696e-05 1.0 
-17804431.884 -69574426.61 35040492.667 -434.095587 -1674.0548402 838.59170823 3.803198e+16 2.0252118894e-05 1.0 
-10544905.706 -8581870.5252 52876540.25 -258.82971499 -204.64435998 1267.6487938 3.803133e+16 2.0251772768e-05 1.0 
-7631848.5568 20644670.079 1551349.332 -178.1554249 535.84771584 30.613368167 3.803133e+16 2.0251772768e-05 1.0 
3587554.6043 39139775.482 19102738.555 74.164112251 933.17791518 440.27404791 3.803133e+16 2.0251772768e-05 1.0 
11835094.281 -44443648.28 -6844927.2084 276.82172501 -1082.5134843 -160.15807925 3.803126e+16 2.0251735492e-05 1.0 
6985068.0116 36757082.018 -6808851.9759 128.20676503 870.50569365 -135.94252352 3.803126e+16 2.0251735492e-05 1.0 
14355845.587 20906022.197 10148800.549 328.06804066 509.44870602 237.58237344 3.803126e+16 2.0251735492e-05 1.0 
4535696.1574 -60578222.254 -21596417.26 103.41572835 -1460.3264039 -504.56402955 3.803126e+16 2.0251735492e-05 1.0 
4688674.244 -64699365.354 -25315020.628 107.02730993 -1556.0657488 -596.37934552 3.803126e+16 2.0251735492e-05 1.0 
-5805420.4029 1800005.6241 -35527156.369 -144.7761887 46.855899126 -846.81947042 3.803005e+16 2.0251091164e-05 1.0 
-1513002.4764 6006022.1431 2220490.1028 -44.336621545 156.09629675 47.875344824 3.802991e+16 2.0251016614e-05 1.0 
3607684.9556 -22867008.859 37749206.497 81.603880526 -548.63169038 901.75030155 3.802991e+16 2.0251016614e-05 1.0 
4516338.8254 -11118544.746 28008003.221 103.22929537 -266.13042433 667.55584469 3.802991e+16 2.0251016614e-05 1.0 
-697399.81576 11705277.453 -39979775.462 -22.635002059 283.59887001 -954.59069239 3.802991e+16 2.0251016614e-05 1.0 
6077916.5159 -15591658.838 -36098432.566 141.88735776 -373.70393592 -865.00245699 3.802991e+16 2.0251016614e-05 1.0 
-16060081.409 -50040915.107 54865450.311 -391.85491351 -1202.0371103 1317.6203652 3.802941e+16 2.0250750363e-05 1.0 
-28961441.729 -32622651.823 29146271.465 -701.82854005 -781.55815923 698.0398265 3.802941e+16 2.0250750363e-05 1.0 
8839748.6647 -60934803.842 -2458122.2542 191.11105059 -1500.6837176 -45.032359931 3.802856e+16 2.0250297736e-05 1.0 
13757388.073 19219032.664 -21503647.244 320.49878281 466.07887187 -507.66324697 3.802856e+16 2.0250297736e-05 1.0 
13872555.496 39849715.131 -15968043.056 318.42940424 950.67716383 -371.32714902 3.802856e+16 2.0250297736e-05 1.0 
20331460.456 38386092.864 -23995582.008 479.67864932 921.5058465 -569.51268621 3.802856e+16 2.0250297736e-05 1.0 
-1240385.8992 -61412139.156 -868511.16129 -254.56432891 -1115.7258031 -97.583961318 3.802856e+16 2.0250297736e-05 1.0 
6165744.3683 -62791709.639 -1717711.3906 124.16398313 -1556.0977497 -12.036921435 3.802856e+16 2.0250297736e-05 1.0 
9428938.7883 -58508822.456 -13261370.124 217.56982187 -1416.0640929 -300.4034405 3.802856e+16 2.0250297736e-05 1.0 
4130786.0983 -58110197.039 -21751996.228 93.883073091 -1401.1210454 -509.78171613 3.802856e+16 2.0250297736e-05 1.0 
-8124712.1534 9769801.8526 22562259.692 -199.06557702 243.40808822 530.44771269 3.802814e+16 2.0250074085e-05 1.0 
3946391.8567 -70429134.054 14578329.261 90.098694976 -1687.2331612 329.60612065 3.802814e+16 2.0250074085e-05 1.0 
-27330406.338 -79262880.072 -8476331.1681 -659.95062237 -1904.4073892 -203.99529872 3.802814e+16 2.0250074085e-05 1.0 
7700311.2473 7446747.5128 43687212.372 180.13377116 180.51983575 1044.3352009 3.802814e+16 2.0250074085e-05 1.0 
-4581240.1957 -24318591.177 2862882.3455 -114.1888947 -582.59343928 64.588880672 3.802814e+16 2.0250074085e-05 1.0 
-27782059.336 -76519223.238 9536974.5836 -671.04730935 -1837.9971932 226.05841719 3.802814e+16 2.0250074085e-05 1.0 
-32522353.224 -52508002.708 -4242513.6595 -785.45807659 -1261.5289225 -101.03903114 3.802814e+16 2.0250074085e-05 1.0 
-5174147.4776 21735370.824 -13210879.812 -129.51843626 539.40520757 -294.5991382 3.802814e+16 2.0250074085e-05 1.0 
18417737.54 42075944.043 -41112302.212 437.88838187 1008.2194396 -982.20107067 3.802814e+16 2.0250074085e-05 1.0 
2249625.4102 -2050979.9729 -46415595.215 49.100697674 -48.921471246 -1111.2882582 3.802814e+16 2.0250074085e-05 1.0 
-6075996.5845 24749077.854 12559203.614 -146.32913479 610.3486629 270.19007148 3.802687e+16 2.0249397807e-05 1.0 
-5601837.7636 12454782.859 20893174.224 -138.40503822 308.37758667 488.07293459 3.802687e+16 2.0249397807e-05 1.0 
-23947919.517 -28536888.506 32381441.854 -581.0615243 -684.21611332 774.05929933 3.802687e+16 2.0249397807e-05 1.0 
-24218319.01 -29380082.168 32605791.527 -587.3716078 -703.48312802 780.38255996 3.802687e+16 2.0249397807e-05 1.0 
7146193.4645 21073005.479 25038154.898 163.14568264 509.45307491 589.90273983 3.802687e+16 2.0249397807e-05 1.0 
-1518528.1746 -65381066.605 -6512178.698 -17.322445154 -1580.4862121 -123.59008883 3.802687e+16 2.0249397807e-05 1.0 
-20132596.918 -75805686.353 -16963629.922 -486.14968296 -1820.4187746 -402.29861148 3.802687e+16 2.0249397807e-05 1.0 
8074593.9386 -56626305.906 2937757.8165 182.53621258 -1390.3466845 61.918591754 3.802656e+16 2.0249232731e-05 1.0 
8207075.6912 -58488445.633 4775801.6094 184.3767815 -1433.5619379 98.084990066 3.802656e+16 2.0249232731e-05 1.0 
7232216.5239 -62102237.457 7823463.1479 160.67462404 -1510.551444 158.21641222 3.802656e+16 2.0249232731e-05 1.0 
10884997.04 -53876885.598 -791550.27743 249.94925649 -1319.3396108 -16.053132808 3.802656e+16 2.0249232731e-05 1.0 
4073742.1221 -13729647.965 44094331.311 93.079440899 -329.15485412 1055.775243 3.802656e+16 2.0249232731e-05 1.0 
8511019.594 -57862239.435 -17934355.3 197.10186977 -1398.5599052 -415.58741328 3.802656e+16 2.0249232731e-05 1.0 
20811042.978 -3234002.4635 -28948265.575 494.5342714 -78.744240615 -690.49082868 3.80259e+16 2.024888128e-05 1.0 
9286977.5468 -53143697.014 -100697.70749 216.29448913 -1299.6153385 -1.1095184493 3.80259e+16 2.024888128e-05 1.0 
5875683.5775 -62694013.825 -1381764.1064 119.42997141 -1557.6847865 -7.6631366292 3.80259e+16 2.024888128e-05 1.0 
4864953.5607 -84257267.566 -22638677.549 111.74450067 -2021.7273263 -536.72356694 3.80259e+16 2.024888128e-05 1.0 
5042410.3361 -54172446.669 30536707.328 116.30983214 -1303.0062053 726.25581032 3.80256e+16 2.0248721529e-05 1.0 
-18793266.278 -20641326.353 14671225.909 -455.64418358 -491.03352476 349.72003593 3.80256e+16 2.0248721529e-05 1.0 
-2607333.7946 -54408802.51 -20314387.436 -64.838865337 -1310.0980314 -479.08075222 3.80256e+16 2.0248721529e-05 1.0 
-8636368.1574 -5105682.7471 -14118043.296 -211.34801476 -113.54324036 -333.88933225 3.80256e+16 2.0248721529e-05 1.0 
18669673.492 13857487.862 17145002.127 439.36032621 335.36627666 407.48654403 3.802524e+16 2.0248529828e-05 1.0 
12938760.841 -44298298.105 -44021606.582 305.97562257 -1067.4297242 -1051.8635385 3.802524e+16 2.0248529828e-05 1.0 
3406233.5275 -65864961.864 -27477764.357 75.536814007 -1581.9430788 -649.33317458 3.802524e+16 2.0248529828e-05 1.0 
-23039350.348 -55052169.337 -28141317.338 -558.03987847 -1322.6988655 -672.31348279 3.802497e+16 2.0248386053e-05 1.0 
-18601432.626 -71585849.039 -27978446.466 -450.86453036 -1719.8514928 -668.7073299 3.802497e+16 2.0248386053e-05 1.0 
3884472.8836 50072123.408 1611726.2406 81.184600559 1173.7915513 35.531131908 3.802497e+16 2.0248386053e-05 1.0 
-8695997.6321 -30320135.875 -37840205.912 -214.64045269 -728.97818895 -905.00970436 3.802497e+16 2.0248386053e-05 1.0 
-14425873.412 -13169790.207 -20901935.778 -351.35085737 -311.22535359 -497.47845574 3.802497e+16 2.0248386053e-05 1.0 
-25262527.484 8560584.5145 -46788043.373 -612.60337329 206.55206605 -1117.5826832 3.802497e+16 2.0248386053e-05 1.0 
8499108.3068 -51292808.59 -6477300.4165 195.39729452 -1252.7663508 -147.73849963 3.802458e+16 2.0248178377e-05 1.0 
18581848.494 -30745938.394 -36540574.946 442.10118559 -741.34941221 -872.16401973 3.802458e+16 2.0248178377e-05 1.0 
-2505865.3759 -52209534.054 -10607974.473 -61.532244413 -1263.0988666 -242.11885801 3.802458e+16 2.0248178377e-05 1.0 
-7040873.089 22686219.231 8658421.2785 -167.11272104 573.080143 181.52546118 3.802434e+16 2.0248050576e-05 1.0 
-6968412.4968 30911186.41 14348440.428 -165.39403423 746.04056808 308.72151678 3.802434e+16 2.0248050576e-05 1.0 
7509135.5412 27887073.303 27284418.615 172.88162917 669.31285731 640.87241055 3.802434e+16 2.0248050576e-05 1.0 
17394958.927 32570856.291 -37429695.869 412.18394295 780.68078432 -894.45399942 3.802434e+16 2.0248050576e-05 1.0 
-2338001.5816 55230704.719 -15450687.428 -60.818120357 1312.8338262 -360.81646159 3.802434e+16 2.0248050576e-05 1.0 
-5442888.5017 30275723.946 19331064.573 -133.05271093 729.15693995 437.18497262 3.802372e+16 2.0247720425e-05 1.0 
9466844.0858 -50361134.314 4216159.1304 219.17929436 -1229.3792822 93.331267134 3.802328e+16 2.0247486124e-05 1.0 
13912826.065 18961795.739 -12418333.658 319.55210784 462.46216312 -290.10560978 3.802328e+16 2.0247486124e-05 1.0 
-9181789.9679 -77169248.719 35937707.201 -225.2401088 -1855.4348678 859.81617948 3.802328e+16 2.0247486124e-05 1.0 
-32091155.963 -33653504.971 31239370.012 -777.511721 -807.91796304 746.09532 3.802309e+16 2.0247384948e-05 1.0 
-20598735.885 -22796065.651 15680372.108 -499.2459299 -543.86511424 372.60107649 3.802309e+16 2.0247384948e-05 1.0 
-3772326.6445 34855738.833 31116110.405 -94.747098209 834.88196243 731.89213035 3.802309e+16 2.0247384948e-05 1.0 
-6591735.7296 -63356710.823 42096164.411 -163.49127662 -1524.4702558 1007.8640992 3.802309e+16 2.0247384948e-05 1.0 
-12200971.908 860696.53491 3313657.4456 -295.46005569 35.070536323 77.503285178 3.802309e+16 2.0247384948e-05 1.0 
-611980.87811 9713086.0836 -12487961.491 -22.751405914 244.09581748 -291.43686326 3.802309e+16 2.0247384948e-05 1.0 
2221006.2399 -10584224.996 -11937008.905 48.801907927 -248.86942072 -281.49867797 3.802309e+16 2.0247384948e-05 1.0 
-3373533.3681 44714881.402 -21888865.938 -84.682034212 1063.0161042 -508.01283532 3.802309e+16 2.0247384948e-05 1.0 
-5098542.5701 32573992.239 -14164488.162 -123.48027008 782.22144243 -301.24005245 3.802309e+16 2.0247384948e-05 1.0 
-6943730.3493 27946208.515 6771408.9416 -153.45390416 701.39181984 116.83851592 3.802246e+16 2.0247049472e-05 1.0 
11016778.714 -49001122.843 3062284.4273 255.96559985 -1196.7731134 70.40060796 3.802198e+16 2.024679387e-05 1.0 
18083087.776 -31092004.731 6262750.3196 428.41948553 -756.24839692 149.37753216 3.802198e+16 2.024679387e-05 1.0 
10570304.548 38824353.784 6491168.6625 221.6447777 922.47902645 142.09335416 3.802198e+16 2.024679387e-05 1.0 
2595869.1154 -59347645.505 44738073.39 57.22608724 -1428.0971825 1070.3088482 3.802198e+16 2.024679387e-05 1.0 
10394945.992 -51843572.048 -189596.35154 239.41050417 -1268.7806286 -3.4650215539 3.802198e+16 2.024679387e-05 1.0 
8137513.8654 -61824984.801 -3945590.0511 173.07078237 -1521.6932079 -74.414259637 3.802198e+16 2.024679387e-05 1.0 
7214786.1093 -59453147.743 -3224592.1254 158.84081496 -1463.3893021 -60.48721426 3.802198e+16 2.024679387e-05 1.0 
-5990969.1803 14376396.712 -35374095.66 -149.47955218 346.88198303 -841.6886253 3.802198e+16 2.024679387e-05 1.0 
7126553.8097 -10373036.795 -29735620.279 166.25671865 -248.317886 -710.14029027 3.802198e+16 2.024679387e-05 1.0 
7393963.4659 -61059010.862 1551957.0999 156.33675061 -1508.1116786 21.285106414 3.802068e+16 2.0246101617e-05 1.0 
9398154.9121 -51472607.374 6944495.5475 217.49742427 -1254.6705952 155.97065248 3.802068e+16 2.0246101617e-05 1.0 
6681303.2077 -60633987.168 9634595.0183 150.35350968 -1472.9111824 205.80154134 3.802068e+16 2.0246101617e-05 1.0 
4146104.4036 -41745740.213 30222030.863 95.079441885 -1006.1087476 720.79259049 3.802059e+16 2.0246053692e-05 1.0 
85841.277319 55233898.307 3034480.3545 -3.3095621694 1303.1000282 70.432410003 3.802059e+16 2.0246053692e-05 1.0 
2673773.9833 -28358645.679 -41973605.91 58.943776812 -682.05476169 -1004.2862494 3.802059e+16 2.0246053692e-05 1.0 
4924498.93 14174789.301 -48113554.673 113.90464428 341.38830483 -1148.2727871 3.802059e+16 2.0246053692e-05 1.0 
27205455.736 19439610.777 28277911.303 647.13837201 465.36227124 675.30995589 3.802004e+16 2.0245760816e-05 1.0 
8023630.6037 -50756811.894 28878261.993 187.51099133 -1223.2149425 685.02390474 3.802004e+16 2.0245760816e-05 1.0 
39558505.847 9795036.4985 1325653.8138 944.72631308 233.14292713 32.508376526 3.802004e+16 2.0245760816e-05 1.0 
8503800.468 -59266410.182 -5684894.0257 189.64213039 -1453.1008076 -119.71828177 3.802004e+16 2.0245760816e-05 1.0 
9513120.6206 -48735237.731 3879700.2721 220.52697123 -1189.8728697 86.824409653 3.80194e+16 2.0245420014e-05 1.0 
19922570.117 -26996991.975 17040833.432 473.72908485 -653.43439667 403.15668566 3.80194e+16 2.0245420014e-05 1.0 
10334071.851 -47214844.108 15698268.523 242.06365999 -1143.7533605 366.8253038 3.80194e+16 2.0245420014e-05 1.0 
25442428.946 -26614430.608 -23636202.449 606.61159342 -646.66449785 -566.08707092 3.80194e+16 2.0245420014e-05 1.0 
1218126.7315 44498746.63 16626575.868 21.46526998 1052.4283399 379.62585617 3.801935e+16 2.0245393389e-05 1.0 
5722955.3358 -69628618.756 -8462319.3889 126.29892799 -1663.7947264 -167.09063884 3.801935e+16 2.0245393389e-05 1.0 
-20978960.048 -60946550.432 -34655210.182 -508.54542374 -1463.7704128 -830.32842491 3.801935e+16 2.0245393389e-05 1.0 
-11037309.522 30940853.215 -22511061.475 -265.65033971 745.0814777 -519.07617593 3.801935e+16 2.0245393389e-05 1.0 
-7265695.919 21876985.643 23088114.186 -177.97361881 532.05470057 535.94611944 3.801873e+16 2.0245063238e-05 1.0 
-1763233.8009 -74547730.39 14952925.588 -43.640399657 -1784.5727104 343.57301923 3.801873e+16 2.0245063238e-05 1.0 
-20761658.024 -57548363.183 -1045011.9595 -497.5948593 -1383.6930954 -24.980349678 3.801873e+16 2.0245063238e-05 1.0 
84788.052279 -65401289.134 12731605.059 4.2686420859 -1576.2345634 282.91189875 3.801873e+16 2.0245063238e-05 1.0 
-19495547.419 -29707211.683 -32405435.807 -473.70424013 -713.15097603 -773.7757028 3.801873e+16 2.0245063238e-05 1.0 
-7758969.7841 8336871.0862 -26522134.514 -190.69230155 207.01656214 -626.64862936 3.801873e+16 2.0245063238e-05 1.0 
9319568.5848 -62160409.715 120617.51459 194.78553013 -1534.1593669 -0.16511758436 3.801813e+16 2.0244743736e-05 1.0 
9432450.4838 -35775509.462 8466593.1634 219.77925209 -871.01774855 201.2867849 3.801813e+16 2.0244743736e-05 1.0 
11110267.492 -47101467.272 -959070.66628 258.14200507 -1150.4686255 -23.076485625 3.801813e+16 2.0244743736e-05 1.0 
-1674249.2367 34167778.223 13277782.275 -49.505467863 815.78986808 277.73804978 3.801813e+16 2.0244743736e-05 1.0 
14646466.939 -35224958.697 -1846538.0719 345.19228921 -857.61320019 -43.21618381 3.801813e+16 2.0244743736e-05 1.0 
5434056.3691 15941950.179 28615589.774 124.20700757 387.23726722 676.92886261 3.801813e+16 2.0244743736e-05 1.0 
7890241.2675 -63418589.319 -14553082.878 180.19062435 -1532.1489396 -327.84561281 3.801813e+16 2.0244743736e-05 1.0 
1875425.3049 -70326149.06 29601447.162 41.353950846 -1691.0738325 702.7451409 3.801812e+16 2.0244738411e-05 1.0 
-25400870.237 -35141220.105 12153132.95 -614.60052939 -842.46521797 289.86968025 3.801812e+16 2.0244738411e-05 1.0 
10336325.785 -51165056.878 -3829470.7807 243.37871105 -1246.1395705 -88.072685558 3.801812e+16 2.0244738411e-05 1.0 
-6732597.7291 47034551.576 -26351849.546 -164.60069702 1121.8828263 -618.58309143 3.801812e+16 2.0244738411e-05 1.0 
-8330789.9171 9775848.9011 23844717.342 -203.94078755 242.97059976 560.51352097 3.801688e+16 2.0244078108e-05 1.0 
-12583947.113 4016490.5082 33241985.058 -306.7873672 100.76710234 789.61010167 3.801688e+16 2.0244078108e-05 1.0 
-1648158.2716 20735034.908 58516948.417 -44.422844979 497.51784539 1401.1818353 3.801688e+16 2.0244078108e-05 1.0 
-20203905.158 -99414800.082 7186200.4708 -491.07783154 -2387.4471863 171.37278517 3.801688e+16 2.0244078108e-05 1.0 
-23652526.422 -47907088.815 -3152464.5199 -570.45752812 -1151.1184038 -74.315278469 3.801688e+16 2.0244078108e-05 1.0 
-9517766.2389 -82180094.452 -9094516.5549 -227.65548732 -1969.1195879 -212.55254056 3.801688e+16 2.0244078108e-05 1.0 
-18080648.143 -39576917.775 -34001098.412 -439.87735758 -951.90547168 -811.34543287 3.801688e+16 2.0244078108e-05 1.0 
-15517710.886 -26540180.807 -29906819.146 -377.8344499 -635.98299687 -713.38207855 3.801688e+16 2.0244078108e-05 1.0 
16536692.327 55757699.475 -20999668.947 390.91127739 1330.1524755 -498.71046177 3.801688e+16 2.0244078108e-05 1.0 
-237380.60312 -27539740.288 -53644144.185 -10.897961982 -662.37773274 -1285.3496798 3.801688e+16 2.0244078108e-05 1.0 
-10877515.989 10504583.016 -23781619.077 -265.10347401 259.63241113 -559.03323769 3.801688e+16 2.0244078108e-05 1.0 
-11547157.029 9328019.1977 -26811516.999 -281.2693381 231.49836726 -633.67346737 3.801688e+16 2.0244078108e-05 1.0 
15683824.204 -27287239.85 11962655.571 370.84897819 -663.39138582 283.82565931 3.801686e+16 2.0244067458e-05 1.0 
19689889.651 -29868561.3 13661776.136 467.77586334 -725.30880828 324.34407422 3.801686e+16 2.0244067458e-05 1.0 
10913063.54 -46219179.426 39952482.76 257.46665908 -1113.8516803 953.47422687 3.801686e+16 2.0244067458e-05 1.0 
8935243.2591 -69414918.215 14470846.566 203.98429894 -1667.0936434 325.36169521 3.801686e+16 2.0244067458e-05 1.0 
24013434.996 -23542284.388 -24425128.064 572.04682905 -571.90438454 -584.40313032 3.801686e+16 2.0244067458e-05 1.0 
7034985.9603 54121333.898 -30500695.845 164.01427458 1294.3271355 -725.84752251 3.801686e+16 2.0244067458e-05 1.0 
17719335.397 -25372915.445 -49728763.653 421.71821705 -612.70317849 -1190.224428 3.801686e+16 2.0244067458e-05 1.0 
-22349989.452 -56732538.908 -39882178.409 -543.41727367 -1363.5510329 -954.73758056 3.801686e+16 2.0244067458e-05 1.0 
12898987.555 -39538296.592 -3709422.3396 302.98092185 -963.17467487 -89.091283069 3.801623e+16 2.0243731982e-05 1.0 
30263324.119 22692814.112 42101002.631 723.60210019 543.69925941 1006.9809454 3.801623e+16 2.0243731982e-05 1.0 
25020694.05 7652071.2798 -38380165.281 596.31977214 182.231395 -917.11277774 3.801623e+16 2.0243731982e-05 1.0 
993604.52067 -100606469.42 -1707896.492 17.798353115 -2411.4142064 -40.052787017 3.801623e+16 2.0243731982e-05 1.0 
-6703765.83 31131017.556 20132978.618 -162.70921474 748.43805952 457.24105463 3.801566e+16 2.0243428456e-05 1.0 
-16108660.013 -16518166.698 59495185.784 -393.03484439 -394.84965541 1427.1097831 3.801566e+16 2.0243428456e-05 1.0 
-21561700.384 -31443821.131 22687370.384 -522.56621196 -752.72083446 542.15154704 3.801566e+16 2.0243428456e-05 1.0 
6889652.5655 -14330922.089 44381560.586 161.10136506 -343.68337367 1061.2649482 3.801566e+16 2.0243428456e-05 1.0 
-8702451.6685 23390847.376 564005.70811 -197.00430168 607.85397494 11.193860883 3.801566e+16 2.0243428456e-05 1.0 
18688057.473 -26564956.517 22148505.994 443.90495413 -643.75385611 526.61225422 3.80156e+16 2.0243396505e-05 1.0 
9267329.414 -51217645.977 7472608.5917 215.05838304 -1244.9109289 165.73936669 3.80156e+16 2.0243396505e-05 1.0 
30568395.527 59503469.801 -9629618.6507 728.89214051 1424.979315 -228.57802727 3.80156e+16 2.0243396505e-05 1.0 
1226327.5585 11497979.234 21339317.66 22.213494918 282.34904754 502.45025298 3.80156e+16 2.0243396505e-05 1.0 
20668004.181 -32319588.138 -48630259.674 492.68302623 -778.89078223 -1163.7549659 3.80156e+16 2.0243396505e-05 1.0 
15827735.466 -90240028.53 -43493287.033 374.38218599 -2167.8371522 -1040.8484117 3.80156e+16 2.0243396505e-05 1.0 
5781773.3935 -58261723.68 70729408.08 133.86627459 -1401.6180111 1695.6069298 3.801444e+16 2.0242778803e-05 1.0 
-13971224.78 -10129280.946 4437434.3441 -338.65576875 -234.04549696 104.55388851 3.801444e+16 2.0242778803e-05 1.0 
-2716249.6292 47601010.72 -15617208.644 -69.098401771 1125.2946361 -356.83492336 3.801444e+16 2.0242778803e-05 1.0 
9405888.3705 -54897136.382 -10422326.386 217.01730195 -1338.4011003 -238.34842748 3.801435e+16 2.0242730878e-05 1.0 
35933185.074 2082148.4744 -42960161.092 860.31985895 46.62977875 -1029.9241327 3.801435e+16 2.0242730878e-05 1.0 
12138104.334 -107085653.09 9840827.0089 285.35012668 -2569.3135287 235.25648714 3.801435e+16 2.0242730878e-05 1.0 
28379759.98 -27617245.502 -33217907.314 678.01241171 -668.59426667 -793.42582327 3.801435e+16 2.0242730878e-05 1.0 
5084831.2713 -98064070.835 -6226825.4772 115.41454909 -2349.0659894 -147.63299878 3.801435e+16 2.0242730878e-05 1.0 
-3655232.9331 -50226495.765 42972696.523 -93.531705403 -1208.5958641 1026.1903313 3.801322e+16 2.024212915e-05 1.0 
11201355.82 -56129403.965 -414374.62393 254.03175495 -1376.5890552 -6.9508174544 3.801311e+16 2.0242070575e-05 1.0 
11524100.364 -48628251.62 -928553.99875 267.66331409 -1188.0010719 -19.571956064 3.801311e+16 2.0242070575e-05 1.0 
62559461.722 39936003.346 -17598521.763 1503.0158107 957.65484564 -422.52857206 3.801311e+16 2.0242070575e-05 1.0 
16361061.689 67946272.666 -1228067.6022 386.91733258 1626.9735031 -28.41837698 3.801311e+16 2.0242070575e-05 1.0 
29266207.283 60558158.592 11069668.246 697.55043056 1449.0037683 265.38985849 3.801311e+16 2.0242070575e-05 1.0 
13440561.973 47117734.158 11922365.872 309.00914435 1120.5538042 278.24963022 3.801311e+16 2.0242070575e-05 1.0 
-8626321.9825 -16291408.602 36478324.491 -212.30452008 -389.48316691 872.49457631 3.801311e+16 2.0242070575e-05 1.0 
1620136.8332 -83775251.586 43652645.255 32.997636925 -2011.9399664 1043.5067425 3.801311e+16 2.0242070575e-05 1.0 
15684899.729 -47442358.101 -28287560.252 371.08277285 -1145.3786627 -670.85025941 3.801311e+16 2.0242070575e-05 1.0 
5551766.897 -61508223.279 -20316343.928 127.28276864 -1481.9717145 -471.97520201 3.801311e+16 2.0242070575e-05 1.0 
4622992.0023 -69079325.168 -30382061.742 105.47199031 -1660.3184197 -719.34315196 3.801311e+16 2.0242070575e-05 1.0 
11067327.086 -56163379.853 1227664.1205 249.88580271 -1377.5476574 26.485241922 3.801249e+16 2.0241740423e-05 1.0 
43680777.096 4285718.27 11947867.018 1045.5868566 99.445605504 286.08149725 3.801249e+16 2.0241740423e-05 1.0 
18403613.107 57341171.94 14007022.272 434.82228412 1369.2834617 332.32578607 3.801249e+16 2.0241740423e-05 1.0 
24464476.889 13814133.807 -38710435.481 583.26387814 330.27901179 -924.57445151 3.801249e+16 2.0241740423e-05 1.0 
-7730930.4714 -40488783.439 -9665850.658 -187.57499185 -975.55127186 -230.08661736 3.801249e+16 2.0241740423e-05 1.0 
30972922.287 1316202.7532 -42633621.217 740.56737837 29.818332789 -1019.1339936 3.801249e+16 2.0241740423e-05 1.0 
-23117580.891 -99273671.643 -4120005.9366 -561.07327153 -2382.4771227 -96.961591928 3.801249e+16 2.0241740423e-05 1.0 
3378255.1564 -64530541.076 -25703874.077 75.596720775 -1551.9718708 -604.57207435 3.801249e+16 2.0241740423e-05 1.0 
4744105.3405 42345582.289 -5127554.8087 83.153286931 985.17123487 -105.45203768 3.8012e+16 2.0241479497e-05 1.0 
-36857443.073 -60794788.993 -36209422.535 -892.87059703 -1460.778583 -867.52337409 3.8012e+16 2.0241479497e-05 1.0 
-7922622.2972 -15545525.009 -18099289.506 -194.45452516 -368.30370707 -429.6377436 3.8012e+16 2.0241479497e-05 1.0 
-7883763.5278 48135414.393 -18435933.952 -190.34240087 1140.693784 -428.11814465 3.8012e+16 2.0241479497e-05 1.0 
4914829.8105 10824911.234 -60567891.257 113.437129 260.07716253 -1449.3969422 3.8012e+16 2.0241479497e-05 1.0 
15194466.005 -47386972.908 -7217298.3443 356.0599311 -1155.0206637 -168.72610584 3.801187e+16 2.0241410272e-05 1.0 
-9551602.2934 -23705182.997 28690292.783 -234.09502547 -566.81010225 684.12221951 3.80114e+16 2.0241159996e-05 1.0 
13669093.792 12583248.04 51932345.895 324.68951541 302.25998291 1244.0648055 3.80114e+16 2.0241159996e-05 1.0 
2726628.0233 -65503486.871 -27168988.869 60.569683968 -1574.4490902 -641.53436493 3.80114e+16 2.0241159996e-05 1.0 
-10205622.475 -26110417.429 -26373130.065 -249.83052773 -625.16329975 -627.42954359 3.80114e+16 2.0241159996e-05 1.0 
-7560549.6976 512205.4894 -48757891.779 -186.87656056 13.899916544 -1165.2882614 3.80114e+16 2.0241159996e-05 1.0 
-17307021.451 8718186.4612 -30352519.29 -419.99879275 216.27266856 -720.0640974 3.80114e+16 2.0241159996e-05 1.0 
14593678.403 -27868359.094 19632113.053 345.01895621 -676.04951252 465.97482207 3.801125e+16 2.024108012e-05 1.0 
9520754.3785 -62468124.028 11551650.892 216.35301439 -1510.3028541 253.23484983 3.801125e+16 2.024108012e-05 1.0 
47590091.579 12855828.063 -24217781.265 1140.5864692 305.81664188 -579.00441845 3.801125e+16 2.024108012e-05 1.0 
-18817961.413 -72032229.691 31091874.268 -457.11697281 -1731.5812841 744.57168712 3.801125e+16 2.024108012e-05 1.0 
17484992.669 -36641089.833 -28248425.675 415.12731013 -886.0331376 -672.15755585 3.801125e+16 2.024108012e-05 1.0 
10617587.772 -100890005.68 -7344412.6486 248.18880135 -2418.6699529 -173.91773249 3.801125e+16 2.024108012e-05 1.0 
4305487.336 2382786.8298 65469061.166 98.965487621 56.661698425 1567.2025603 3.80108e+16 2.0240840494e-05 1.0 
-8523439.9789 19481035.204 -1008013.9484 -198.82423281 505.44958554 -24.873981192 3.80108e+16 2.0240840494e-05 1.0 
15331993.984 55523876.057 12580071.971 360.04788936 1321.6462655 295.93717131 3.80108e+16 2.0240840494e-05 1.0 
-28882837.848 -45396709.371 -19627103.56 -699.06159834 -1089.6182362 -469.44864431 3.80108e+16 2.0240840494e-05 1.0 
-17561648.764 -8038470.3759 -18306597.899 -426.26938224 -185.23403978 -435.03478787 3.80108e+16 2.0240840494e-05 1.0 
-2158182.1327 30678620.399 -23083367.989 -57.471884858 736.62647031 -532.00529215 3.80108e+16 2.0240840494e-05 1.0 
10521405.578 -58181274.006 5119394.5228 237.35931248 -1422.7257169 107.31517833 3.801064e+16 2.0240755294e-05 1.0 
20147115.915 40897389.219 39812786.4 479.11187099 979.68451326 950.6971637 3.801064e+16 2.0240755294e-05 1.0 
8234059.2569 43361565.925 46496484.188 193.38936423 1039.4767217 1110.6488565 3.801064e+16 2.0240755294e-05 1.0 
36356611.135 2778890.4937 1703174.9953 867.67154221 63.560123809 40.401802986 3.801064e+16 2.0240755294e-05 1.0 
-2066161.7865 44699249.203 16116264.518 -55.214719881 1056.599819 367.29548222 3.801064e+16 2.0240755294e-05 1.0 
6300756.7101 23509323.129 42730703.735 146.50258355 564.73219483 1018.777561 3.801064e+16 2.0240755294e-05 1.0 
37469914.783 9066276.1713 -687981.59567 893.91927997 214.75109872 -15.50554511 3.801064e+16 2.0240755294e-05 1.0 
-1977320.8539 50788302.757 3333432.339 -52.97843632 1190.4531822 73.396094601 3.801064e+16 2.0240755294e-05 1.0 
24380481.555 53056274.131 31507981.351 580.96436432 1271.1348928 752.87787238 3.801064e+16 2.0240755294e-05 1.0 
7761982.3564 -79789978.863 19041966.943 178.62437023 -1911.038522 445.47772164 3.801064e+16 2.0240755294e-05 1.0 
9846159.0366 59485405.803 -34841376.205 232.0960342 1425.2547784 -831.21499749 3.801064e+16 2.0240755294e-05 1.0 
-2156057.2822 39956702.607 -29434223.239 -57.546670781 955.49526152 -694.9184431 3.801064e+16 2.0240755294e-05 1.0 
49719948.278 -175817.33409 -21475873.216 1192.9267742 -6.6683210038 -511.78447961 3.801064e+16 2.0240755294e-05 1.0 
16268996.836 31105259.308 -34229409.005 384.53363734 746.28747825 -812.59744954 3.801064e+16 2.0240755294e-05 1.0 
-10147087.59 -10339533.973 -26086683.766 -249.06109785 -244.45254651 -620.68903335 3.801064e+16 2.0240755294e-05 1.0 
9945005.3331 -88194792.065 553083.08803 229.71448847 -2106.4306666 12.370206617 3.801064e+16 2.0240755294e-05 1.0 
8676484.7752 28989614.72 -52850210.053 204.13766032 697.07690007 -1263.5508234 3.801064e+16 2.0240755294e-05 1.0 
-4675083.2131 18756913.455 -48150882.92 -117.43699185 451.57164822 -1150.5037912 3.801064e+16 2.0240755294e-05 1.0 
6010320.7109 -63721246.99 -23777448.04 137.98379903 -1533.9842762 -556.71955577 3.801064e+16 2.0240755294e-05 1.0 
3043462.9807 -73294860.058 -25367433.335 67.341002063 -1759.9777731 -597.1775914 3.801064e+16 2.0240755294e-05 1.0 
7752250.5739 -65264998.841 -7342335.4579 166.34258583 -1578.8438299 -138.95387022 3.801064e+16 2.0240755294e-05 1.0 
-14733358.435 8906261.8358 49406741.996 -359.35027052 215.68627922 1179.9937877 3.801019e+16 2.0240515668e-05 1.0 
-10756937.488 10361070.443 5395428.3313 -258.68441929 270.19690193 123.98047824 3.801019e+16 2.0240515668e-05 1.0 
4709627.1866 17679387.676 70928719.23 108.81932901 423.88164682 1698.7002415 3.801019e+16 2.0240515668e-05 1.0 
-2500631.383 -74214008.724 47600735.933 -65.614576254 -1785.1585926 1139.439506 3.801019e+16 2.0240515668e-05 1.0 
-31336604.496 -42490402.8 3073320.9372 -757.28099594 -1019.5728347 72.860582387 3.801019e+16 2.0240515668e-05 1.0 
-7497762.8923 23049433.071 -1501929.853 -169.82358333 601.43402036 -32.703848035 3.801019e+16 2.0240515668e-05 1.0 
13455916.925 46877531.341 25229779.061 316.10003822 1119.2729799 595.85598281 3.801019e+16 2.0240515668e-05 1.0 
-39877926.935 -71633324.247 -16130364.249 -964.74822489 -1722.1805283 -385.64862276 3.801019e+16 2.0240515668e-05 1.0 
-25118657.106 -59354145.357 -26082589.547 -607.46112467 -1424.8822935 -623.442299 3.801019e+16 2.0240515668e-05 1.0 
-7842422.8395 33628867.16 -22968582.605 -190.67621818 807.28157212 -529.12084692 3.801019e+16 2.0240515668e-05 1.0 
26725699.717 -16542806.942 17978526.215 637.15874234 -402.68698455 427.88878517 3.801003e+16 2.0240430467e-05 1.0 
10958691.996 -64352647.853 22343416.683 255.46046175 -1549.1670866 521.9059995 3.801003e+16 2.0240430467e-05 1.0 
10716682.407 -57769688.78 -597199.3981 239.85489973 -1418.6009888 -9.072206941 3.801003e+16 2.0240430467e-05 1.0 
26332846.129 -22253783.366 -24983370.14 627.59772001 -541.54812983 -598.79906789 3.801003e+16 2.0240430467e-05 1.0 
-9292887.321 29433828.681 20647606.707 -223.67871208 709.47075733 471.62057126 3.800959e+16 2.0240196166e-05 1.0 
-23806464.619 -38343735.984 49452629.104 -578.56034185 -921.26968649 1185.2193849 3.800959e+16 2.0240196166e-05 1.0 
-9865986.6643 -24497139.581 29206616.245 -241.22759399 -585.10994235 696.88352438 3.800959e+16 2.0240196166e-05 1.0 
-6877863.7898 45590569.445 15667388.767 -165.87227774 1078.7622186 355.29753787 3.800959e+16 2.0240196166e-05 1.0 
21665640.634 2479861.8933 57464537.605 516.95287492 60.539425582 1376.3913056 3.800959e+16 2.0240196166e-05 1.0 
-8247852.6346 20277536.128 -1528448.9018 -192.11509716 526.22158447 -33.188546946 3.800959e+16 2.0240196166e-05 1.0 
20489689.917 66630509.844 -10335509.577 487.06782067 1592.7459302 -246.31456708 3.800959e+16 2.0240196166e-05 1.0 
-760715.24722 63248902.353 -7496447.6752 -22.179020195 1504.0782456 -175.67756923 3.800959e+16 2.0240196166e-05 1.0 
8213337.2342 -63840382.425 1360453.4734 161.00702322 -1577.7668084 13.780256805 3.800942e+16 2.0240105641e-05 1.0 
10871178.884 -56285161.162 7460243.4775 248.90972619 -1374.6908356 166.54462069 3.800942e+16 2.0240105641e-05 1.0 
14588881.01 -42429233.23 17774657.724 344.42305361 -1027.7582721 418.31590437 3.800942e+16 2.0240105641e-05 1.0 
12801447.15 -44516679.223 14352939.511 301.19216571 -1078.5628374 334.63310388 3.800942e+16 2.0240105641e-05 1.0 
11778585.641 -51266697.403 5761191.6689 272.44895151 -1252.5555177 132.81410881 3.800942e+16 2.0240105641e-05 1.0 
11229104.268 -47369402.315 7551490.1537 261.7231784 -1155.5052763 176.34122752 3.800942e+16 2.0240105641e-05 1.0 
10765690.085 27633513.867 44089348.351 253.44452795 661.25706166 1051.727689 3.800942e+16 2.0240105641e-05 1.0 
5819282.2967 23665406.166 47314241.252 134.93108154 566.89779675 1129.7678033 3.800942e+16 2.0240105641e-05 1.0 
10589268.161 -59979842.312 -45458.647641 230.71356966 -1475.1043804 1.8476727741 3.800942e+16 2.0240105641e-05 1.0 
34636428.911 -6179123.4218 2390603.7359 827.19466829 -152.07244308 59.950237726 3.800942e+16 2.0240105641e-05 1.0 
9758763.3815 55204079.217 -3125221.5956 224.06876949 1309.4148849 -72.986555302 3.800942e+16 2.0240105641e-05 1.0 
16075851.698 33943144.578 26360379.149 377.56576067 811.72290055 624.65671938 3.800942e+16 2.0240105641e-05 1.0 
8618205.9243 -51132030.032 -25436305.711 201.09143541 -1232.9197269 -600.01286275 3.800942e+16 2.0240105641e-05 1.0 
4313326.6775 -76465627.368 -25269772.401 97.785361549 -1835.2377887 -595.64189043 3.800942e+16 2.0240105641e-05 1.0 
-23608024.469 -78774675.796 -30759255.906 -572.92991063 -1892.6422859 -735.21081749 3.800899e+16 2.0239876665e-05 1.0 
-18571535.701 9204317.4898 -32446167.767 -450.35291846 224.63989295 -769.5355317 3.800899e+16 2.0239876665e-05 1.0 
-8038850.772 -42112294.272 1581879.7508 -194.47169491 -1016.2732123 35.68448567 3.800839e+16 2.0239557163e-05 1.0 
3531374.9943 -60656088.382 -3909961.8472 87.164022006 -1492.9314407 -73.287322508 3.800839e+16 2.0239557163e-05 1.0 
-3049906.9756 46210322.389 -21269919.243 -76.806716073 1097.7798597 -493.37972273 3.800839e+16 2.0239557163e-05 1.0 
-4537937.9956 44626379.748 -25295430.257 -112.58885755 1064.1164197 -590.76524055 3.800839e+16 2.0239557163e-05 1.0 
36511601.894 3764093.0225 27735618.312 872.9461806 87.11471731 661.58016016 3.80082e+16 2.0239455988e-05 1.0 
11966124.605 -41764749.744 37830992.598 282.39243261 -1006.3371247 901.16077469 3.80082e+16 2.0239455988e-05 1.0 
-10891132.305 -19944926.877 34369684.471 -267.06008698 -477.20294302 820.44474943 3.800779e+16 2.0239237662e-05 1.0 
-7565407.234 26881176.904 -2166940.6161 -160.18453281 703.72995372 -36.69311594 3.800779e+16 2.0239237662e-05 1.0 
-7197551.437 -56444043.198 54402413.819 -178.80456503 -1357.0925755 1302.6084172 3.800719e+16 2.0238918161e-05 1.0 
-24942785.089 -37349872.895 10131400.623 -603.14343938 -895.29269601 241.54905298 3.800719e+16 2.0238918161e-05 1.0 
-18981887.889 -71521144.667 -28680851.509 -460.38951337 -1717.8078339 -683.17529842 3.800719e+16 2.0238918161e-05 1.0 
-16077199.441 4274597.8554 -44254722.211 -390.99165472 103.93392618 -1055.3322677 3.800719e+16 2.0238918161e-05 1.0 
-8536988.1198 11376127.172 -24523477.393 -208.63701194 280.31304351 -575.7206588 3.800719e+16 2.0238918161e-05 1.0 
11472874.045 -45108558.651 19141386.385 269.20291255 -1092.4804148 449.92401623 3.8007e+16 2.0238816985e-05 1.0 
9480962.3739 -58250260.011 8188637.9812 215.91137533 -1417.5751312 176.11721393 3.8007e+16 2.0238816985e-05 1.0 
36173228.024 27710360.671 26821916.518 863.6219457 662.22705909 641.59297078 3.8007e+16 2.0238816985e-05 1.0 
6643651.0877 49592381.854 14065638.493 149.5395659 1176.5701084 324.58601313 3.8007e+16 2.0238816985e-05 1.0 
14869522.194 29364775.648 46622947.762 352.44222192 704.15502832 1112.5264901 3.8007e+16 2.0238816985e-05 1.0 
2673055.9291 -33026644.312 70839956.964 58.968228991 -794.47875803 1697.5879661 3.8007e+16 2.0238816985e-05 1.0 
46163780.876 42571190.822 11281872.542 1104.9559668 1019.4821923 270.09319618 3.8007e+16 2.0238816985e-05 1.0 
16693847.218 -70099436.587 71233654.676 395.87067593 -1685.6919041 1706.7787257 3.8007e+16 2.0238816985e-05 1.0 
15005011.997 51745285.781 -36206584.223 355.43526567 1237.5336777 -862.61568128 3.8007e+16 2.0238816985e-05 1.0 
6842367.5101 37910842.277 -45563199.889 159.57154495 909.70390537 -1089.6777097 3.8007e+16 2.0238816985e-05 1.0 
5762633.2404 31329616.925 -42880296.104 133.52039066 750.07704345 -1020.6123453 3.8007e+16 2.0238816985e-05 1.0 
4913613.1001 10576676.217 -46421274.604 113.75758102 255.68582229 -1108.9507132 3.8007e+16 2.0238816985e-05 1.0 
7942571.691 -67047766.176 -3873493.3313 152.20406015 -1624.8568052 -47.730412797 3.8007e+16 2.0238816985e-05 1.0 
-9064457.728 25261022.547 13184051.046 -214.68235298 621.67554849 287.33808097 3.8006e+16 2.0238284483e-05 1.0 
-7146034.9682 26997460.4 14809190.888 -171.25228249 659.32074359 324.01835741 3.8006e+16 2.0238284483e-05 1.0 
-12074408.517 8386439.2603 32591622.194 -294.45095674 206.14945075 772.45466578 3.8006e+16 2.0238284483e-05 1.0 
-11334930.975 16383411.511 12488780.122 -271.58099125 414.19033001 286.80537857 3.8006e+16 2.0238284483e-05 1.0 
-3137589.7123 -79186423.657 28371688.029 -80.150100309 -1900.5804832 674.32896071 3.8006e+16 2.0238284483e-05 1.0 
-13684764.843 -49426074.295 -3935277.3251 -327.53974612 -1189.9971254 -93.016912841 3.8006e+16 2.0238284483e-05 1.0 
-16218706.109 -96908869.425 5687828.4102 -395.02937204 -2324.2202692 135.59013505 3.8006e+16 2.0238284483e-05 1.0 
-26406632.866 -84165200.78 -7320365.4366 -637.72020683 -2022.3282175 -173.03571493 3.8006e+16 2.0238284483e-05 1.0 
20661500.092 8686587.4484 -45724292.633 492.23863758 208.40683031 -1094.1800983 3.8006e+16 2.0238284483e-05 1.0 
-13070521.987 -37790086.299 -44699968.444 -320.03900625 -908.80102662 -1068.9388672 3.8006e+16 2.0238284483e-05 1.0 
-15248326.949 -38183397.969 -42717524.001 -372.13901933 -918.07600272 -1021.3273595 3.8006e+16 2.0238284483e-05 1.0 
-6280670.0949 32324198.175 -10846833.54 -144.24138802 778.26687562 -211.57389055 3.8006e+16 2.0238284483e-05 1.0 
11858247.775 -44524643.89 11440825.988 277.83722517 -1083.3275225 267.4552926 3.80058e+16 2.0238177982e-05 1.0 
23567451.927 -20707176.963 21740725.631 561.48080265 -501.73442429 516.04334348 3.80058e+16 2.0238177982e-05 1.0 
19049714.116 -45132082.493 39225237.173 452.75651828 -1088.7640781 935.1483437 3.80058e+16 2.0238177982e-05 1.0 
28040278.687 -6528659.8579 14457767.036 667.76132688 -160.81714819 344.97114513 3.80058e+16 2.0238177982e-05 1.0 
14953130.623 35990253.135 44601217.732 354.43090345 860.36011249 1065.255802 3.80058e+16 2.0238177982e-05 1.0 
4454755.5665 15156956.109 63547032.534 102.49073585 362.58138355 1520.9542004 3.80058e+16 2.0238177982e-05 1.0 
34459645.648 12510366.965 -18584663.743 821.57339722 297.95686036 -442.16417682 3.80058e+16 2.0238177982e-05 1.0 
23050073.359 47071513.661 -19610746.156 545.64024537 1124.7621256 -463.88481229 3.80058e+16 2.0238177982e-05 1.0 
241254.56675 -9289577.54 -10750167.667 0.013996971289 -220.67441456 -256.71041604 3.80058e+16 2.0238177982e-05 1.0 
6388164.8081 -80293197.955 4544075.5468 143.38450268 -1907.3848039 99.755640228 3.80058e+16 2.0238177982e-05 1.0 
21903841.635 -37489854.455 -31538411.945 521.50725435 -907.14517838 -752.01507946 3.80058e+16 2.0238177982e-05 1.0 
23537101.914 -7204788.2694 -41299202.609 561.27687733 -175.05866194 -985.67852342 3.80058e+16 2.0238177982e-05 1.0 
-17136037.997 -91023985.505 -21088460.569 -417.21905469 -2185.4537986 -500.73339842 3.80058e+16 2.0238177982e-05 1.0 
18017715.769 -45835447.781 16413541.413 425.78631615 -1111.9422875 385.9565156 3.80052e+16 2.0237858481e-05 1.0 
7606405.3151 -62377270.808 6322392.4643 163.9734286 -1518.6054534 119.19761296 3.80052e+16 2.0237858481e-05 1.0 
26231767.168 37155577.649 35884407.176 625.40361974 891.52647288 857.06324027 3.80052e+16 2.0237858481e-05 1.0 
32514447.213 -1950622.5132 -24079515.256 776.12979648 -49.822450589 -573.97665094 3.80052e+16 2.0237858481e-05 1.0 
7075281.4211 -75386682.521 3885716.6488 151.00048258 -1779.3253451 78.070257298 3.80052e+16 2.0237858481e-05 1.0 
38081575.31 -28819434.864 -31233780.422 911.86378305 -698.52478855 -746.32655638 3.80052e+16 2.0237858481e-05 1.0 
9123991.4105 -61481093.235 -26107110.423 212.72536371 -1481.1147673 -614.1723628 3.80052e+16 2.0237858481e-05 1.0 
2959139.0998 -77070746.422 -25865976.295 65.26888844 -1849.0581479 -610.26053912 3.80052e+16 2.0237858481e-05 1.0 
-3193205.0849 11208126.602 57278051.626 -81.194701021 269.08938682 1368.6602861 3.800481e+16 2.0237650805e-05 1.0 
-13745531.107 -56669346.767 51373737.059 -336.01127008 -1363.1008056 1228.8844886 3.800481e+16 2.0237650805e-05 1.0 
-21575623.109 -33058886.712 12535963.195 -522.32005787 -791.66987204 298.12004278 3.800481e+16 2.0237650805e-05 1.0 
-11462662.898 18538104.674 1977166.8538 -268.98438937 477.00239908 41.993119461 3.800481e+16 2.0237650805e-05 1.0 
-1011013.3286 -69317035.362 13992234.085 -23.364460932 -1661.0113054 316.49491358 3.800481e+16 2.0237650805e-05 1.0 
-13402251.761 -89294411.642 28427924.503 -326.8425141 -2145.1697379 681.05344538 3.800481e+16 2.0237650805e-05 1.0 
13305674.626 -49439645.798 5569868.6893 309.54420209 -1206.641098 127.97562954 3.80046e+16 2.023753898e-05 1.0 
21074556.062 -33394654.173 11807558.982 500.11924633 -812.01323962 279.72398342 3.80046e+16 2.023753898e-05 1.0 
10247334.766 -60069147.562 -10570.009286 224.25746922 -1478.1288888 4.63415888 3.80046e+16 2.023753898e-05 1.0 
30943425.236 -4637775.4147 -24569894.297 738.76951104 -115.23821535 -588.59975243 3.80046e+16 2.023753898e-05 1.0 
28183966.476 26453427.209 -15368360.377 667.05223988 632.44945434 -363.64784146 3.80046e+16 2.023753898e-05 1.0 
-13948243.062 -99146717.173 43185967.804 -341.44241805 -2381.8521492 1034.7004784 3.80046e+16 2.023753898e-05 1.0 
16653797.644 -42492263.45 -21183080.726 394.2759283 -1028.2180396 -499.96742547 3.80046e+16 2.023753898e-05 1.0 
6551623.6772 -75479552.408 -4405936.6986 140.36265912 -1782.6060901 -87.935889158 3.80046e+16 2.023753898e-05 1.0 
-10841867.282 10633876.083 19030020.903 -263.24735786 266.40931664 444.34854146 3.800422e+16 2.0237336629e-05 1.0 
-8063403.4684 27953754.411 5046577.6122 -173.55856623 713.05766602 84.077711122 3.800422e+16 2.0237336629e-05 1.0 
-18798818.687 -22391705.042 47137730.596 -457.65849247 -535.87851039 1128.2137228 3.800422e+16 2.0237336629e-05 1.0 
-19885771.771 -29281992.509 30832765.274 -482.63153015 -700.47987045 737.50587671 3.800422e+16 2.0237336629e-05 1.0 
4047445.2564 47063156.152 33297913.729 92.041405259 1124.503058 788.31412619 3.800422e+16 2.0237336629e-05 1.0 
22953076.238 32949066.494 -37204639.047 545.79948456 791.65421685 -889.38264268 3.800422e+16 2.0237336629e-05 1.0 
5089450.4423 20834765.361 -36632423.857 116.72958629 500.89005959 -870.18465015 3.800422e+16 2.0237336629e-05 1.0 
53787628.237 27034785.742 38665725.374 1291.5012722 647.11552636 928.66251079 3.800401e+16 2.0237224803e-05 1.0 
6456951.243 -50703785.25 64025722.958 149.84813663 -1220.0424833 1532.6918478 3.800401e+16 2.0237224803e-05 1.0 
15345740.269 -40917546.629 20937649.531 362.72838912 -991.23051816 494.67151355 3.800341e+16 2.0236905302e-05 1.0 
11112615.187 -58769032.002 15247732.106 257.61828328 -1421.8119239 348.75576613 3.800341e+16 2.0236905302e-05 1.0 
9793453.2958 -61034240.937 -245233.59863 208.98850332 -1503.9264752 -7.4741041502 3.800341e+16 2.0236905302e-05 1.0 
38699599.214 14362713.659 12313024.561 923.62286965 341.47467888 293.9160694 3.800341e+16 2.0236905302e-05 1.0 
3532430.2198 -69460367.154 13141921.901 79.769862192 -1665.3516102 288.9894009 3.800341e+16 2.0236905302e-05 1.0 
29532632.893 38019908.354 -5158207.1251 698.46998026 908.07514678 -121.69012801 3.800341e+16 2.0236905302e-05 1.0 
-8119339.7466 -36254623.197 62174395.141 -201.06708835 -871.6257031 1489.7000681 3.800341e+16 2.0236905302e-05 1.0 
12695169.412 -58601225.895 -17750428.57 296.09621301 -1416.5455479 -410.98092249 3.800341e+16 2.0236905302e-05 1.0 
10650935.143 62755454.631 -16353303.349 249.83037134 1499.9003295 -387.96360471 3.800282e+16 2.0236591125e-05 1.0 
4610799.8575 8533810.3367 20508497.091 103.66697104 211.39953462 483.35766615 3.800282e+16 2.0236591125e-05 1.0 
14807655.415 -32743729.83 -37272032.712 350.7059241 -790.48963786 -888.54212655 3.800282e+16 2.0236591125e-05 1.0 
5798266.3666 -87944180.932 -7839972.151 132.18605235 -2102.0449767 -181.22453206 3.800282e+16 2.0236591125e-05 1.0 
-17339860.959 -28633127.241 34778039.087 -421.59100029 -686.02923503 830.45127659 3.800245e+16 2.02363941e-05 1.0 
-8490808.7557 5643356.5544 44627270.629 -208.92358823 137.96337885 1063.796479 3.800245e+16 2.02363941e-05 1.0 
-21222058.003 -6882789.4953 11635892.075 -513.11208585 -155.8250863 275.36862244 3.800245e+16 2.02363941e-05 1.0 
21555565.947 9630718.6815 50958909.391 514.25697221 230.98800631 1219.5477677 3.800245e+16 2.02363941e-05 1.0 
-15403354.625 -90684482.515 10255327.162 -374.07227567 -2174.6058946 242.02798141 3.800245e+16 2.02363941e-05 1.0 
-12752471.391 -44201274.583 -2063705.5638 -306.72267079 -1063.3574584 -47.55309032 3.800245e+16 2.02363941e-05 1.0 
-7761710.1614 27668724.398 -966671.09717 -157.90578686 726.11609483 -14.439105788 3.800245e+16 2.02363941e-05 1.0 
12483926.659 -8336065.5847 -46669512.477 296.01992628 -200.40428841 -1116.6589645 3.800245e+16 2.02363941e-05 1.0 
-13099813.099 -17148929.447 -36731664.584 -320.23834892 -409.47341329 -876.77780503 3.800245e+16 2.02363941e-05 1.0 
-11497765.456 -25454934.089 -22877096.193 -280.49170272 -608.97893095 -543.70730969 3.800245e+16 2.02363941e-05 1.0 
-12861929.7 12031033.032 -9575864.5943 -309.48338339 307.36684232 -219.22764208 3.800245e+16 2.02363941e-05 1.0 
-3199073.8464 47790527.378 -2837773.699 -78.768191621 1108.0841268 -62.080402109 3.800245e+16 2.02363941e-05 1.0 
-4518788.8168 -23542260.934 -56397404.914 -113.80555062 -564.73951901 -1350.3845758 3.800245e+16 2.02363941e-05 1.0 
-12508729.052 -34254196.278 -37767600.043 -305.68425111 -822.66199584 -901.78328519 3.800245e+16 2.02363941e-05 1.0 
7897905.2942 22047429.13 -76974211.39 185.43801067 528.85776839 -1844.4412886 3.800245e+16 2.02363941e-05 1.0 
5602108.0021 2901731.3218 -58520935.359 129.86783206 70.348226688 -1399.9793728 3.800245e+16 2.02363941e-05 1.0 
-13927714.468 12662532.661 -15639345.672 -336.21080456 317.65451256 -362.38173313 3.800245e+16 2.02363941e-05 1.0 
10601343.141 -59276577.258 501093.70197 233.20543317 -1457.8439027 13.36272992 3.800223e+16 2.0236276949e-05 1.0 
47975882.67 17731831.002 -30968228.598 1149.9731528 421.95478432 -743.94860747 3.800223e+16 2.0236276949e-05 1.0 
-3718690.733 50085915.298 3426374.0841 -91.677482232 1170.6173132 77.923824453 3.800223e+16 2.0236276949e-05 1.0 
-4429786.2362 30175170.657 24441253.275 -112.36252272 725.18937795 569.43190739 3.800223e+16 2.0236276949e-05 1.0 
8348385.5677 -84761213.221 7830954.2568 191.64890683 -2024.0823444 179.01622196 3.800223e+16 2.0236276949e-05 1.0 
13822776.604 -51702226.421 -39772338.059 326.80246422 -1246.2934869 -947.67930143 3.800223e+16 2.0236276949e-05 1.0 
5730201.3488 -86290746.467 -37467579.727 131.60471168 -2071.9226134 -893.78460766 3.800223e+16 2.0236276949e-05 1.0 
-5606375.8735 -77704500.929 -24559081.415 -139.31019801 -1865.2049007 -581.07688855 3.800186e+16 2.0236079923e-05 1.0 
-20987795.234 -72837387.351 -27511340.659 -508.22867445 -1749.7110206 -655.70871919 3.800186e+16 2.0236079923e-05 1.0 
-12078834.505 11167270.885 -54892175.424 -295.1047481 268.8836842 -1311.6755499 3.800186e+16 2.0236079923e-05 1.0 
-12818168.287 12700687.754 -22819634.285 -310.62070727 313.63023085 -534.90137919 3.800186e+16 2.0236079923e-05 1.0 
9765363.3845 -61833235.408 7635501.9389 217.52905862 -1504.5053671 157.83329335 3.800165e+16 2.0235968098e-05 1.0 
7868902.8282 -64378111.137 6128.0293203 145.76042844 -1598.0375282 0.070726131415 3.800165e+16 2.0235968098e-05 1.0 
37395170.861 21584366.978 7788299.7588 890.86025855 515.04431078 186.66491699 3.800165e+16 2.0235968098e-05 1.0 
-1949790.7411 53509079.926 10987920.157 -51.886870076 1265.9003731 254.40947827 3.800165e+16 2.0235968098e-05 1.0 
11729938.042 16533141.579 49527352.388 277.26595678 397.25285201 1182.3289946 3.800165e+16 2.0235968098e-05 1.0 
1856974.2078 -74355153.977 30067237.189 38.954477519 -1784.7602332 712.34497027 3.800165e+16 2.0235968098e-05 1.0 
9486411.074 -60338180.923 -4424878.1326 208.58872512 -1480.2761281 -88.903445808 3.800165e+16 2.0235968098e-05 1.0 
18881089.558 35706240.896 -46617660.535 449.51158521 854.38955823 -1114.3431276 3.800165e+16 2.0235968098e-05 1.0 
10192497.946 -63919628.698 -14798537.076 233.96262129 -1542.2711597 -334.22163752 3.800165e+16 2.0235968098e-05 1.0 
-2842196.4669 35129952.199 10513466.346 -71.992567913 832.15721056 198.44750774 3.800128e+16 2.0235771072e-05 1.0 
-7040273.9479 -82886834.135 34191253.315 -174.48968336 -1989.0094749 816.82746799 3.800128e+16 2.0235771072e-05 1.0 
-21774276.817 -71287566.966 308315.16284 -522.14061724 -1710.8745966 6.2559554975 3.800128e+16 2.0235771072e-05 1.0 
-2661483.3368 -38566045.927 -18325143.31 -67.395451242 -929.7966196 -436.42369963 3.800128e+16 2.0235771072e-05 1.0 
-9831486.0924 -53699037.607 -47979260.624 -241.85318265 -1289.4359285 -1148.8645771 3.800128e+16 2.0235771072e-05 1.0 
-16156826.663 -58382246.012 -49795331.66 -393.91957114 -1402.0732251 -1193.5843188 3.800128e+16 2.0235771072e-05 1.0 
-16565283.117 12359274.477 -9272701.6488 -397.44787997 315.07528617 -213.98082674 3.800128e+16 2.0235771072e-05 1.0 
1139521.8009 24101579.416 -66448853.508 23.196617773 576.67076699 -1590.0424895 3.800128e+16 2.0235771072e-05 1.0 
-5319111.5845 -3455002.9016 -44084183.774 -132.73829761 -81.054564779 -1051.438241 3.800128e+16 2.0235771072e-05 1.0 
-8720691.7255 1506376.0674 -35072370.707 -214.62989055 40.102213927 -834.00899353 3.800128e+16 2.0235771072e-05 1.0 
