#   x1                  x2                  x3                  v1                  v2                  v3                  mass                rel_mass            mat0_frac           mat1_frac           mat2_frac
   -2.7509667879e+06   -1.5576210590e+07   -4.8336057167e+03   -8.2966148945e+01   -3.9646143267e+02   -1.0272326780e-01    9.4069143294e+20    4.9910358507e-01    9.0216681505e-01    9.7833184950e-02    0.0000000000e+00
    2.7497797743e+06    1.5650131966e+07    4.6812920109e+03    8.3006191869e+01    3.9858143620e+02   -1.3809028132e-01    9.3679937756e+20    4.9703857339e-01    9.0448052998e-01    9.5519470020e-02    0.0000000000e+00
   -8.8498504269e+04   -6.4215796953e+06   -9.1199156127e+04   -1.3506133363e+01   -2.0077225123e+02   -1.0615928661e+01    1.1201650000e+17    5.9432705326e-05    1.0000000000e+00    0.0000000000e+00    0.0000000000e+00
   -4.0221314812e+05    7.5244383065e+06    9.8894737183e+05    3.2939394514e+00    2.3440670122e+02    2.8438765725e+01    1.1201440000e+17    5.9431591127e-05    1.0000000000e+00    0.0000000000e+00    0.0000000000e+00
   -3.8097434567e+05    3.1824905036e+06    1.5448419738e+06   -3.0721479752e+00    9.7356211170e+01    4.3282064856e+01    1.1200150000e+17    5.9424746761e-05    1.0000000000e+00    0.0000000000e+00    0.0000000000e+00
    5.7542669595e+05   -1.0839607934e+07    4.9132263992e+05   -1.2610548510e+01   -3.4738620857e+02    9.6440600193e+00    1.1199930000e+17    5.9423579505e-05    1.0000000000e+00    0.0000000000e+00    0.0000000000e+00
    9.6603473634e+05   -2.1220240321e+06    2.1917179033e+06    2.5556367620e+01   -6.2949893494e+01    5.9560305823e+01    1.1199290000e+17    5.9420183851e-05    1.0000000000e+00    0.0000000000e+00    0.0000000000e+00
   -1.6646469507e+05   -1.9978566287e+06   -1.3456269050e+05   -1.1147579224e+01   -6.2714287352e+01   -7.1665679716e+00    1.1197780000e+17    5.9412172229e-05    1.0000000000e+00    0.0000000000e+00    0.0000000000e+00
    1.1340771276e+05    7.5162597824e+03    1.9170680402e+06    7.8233008082e+00    1.0794660195e+00    5.1495729879e+01    1.1197570000e+17    5.9411058030e-05    1.0000000000e+00    0.0000000000e+00    0.0000000000e+00
   -5.9953283377e+04   -1.3280808421e+07    1.2894763728e+06   -6.2638783883e+01   -4.3963914687e+02    3.1129672494e+01    1.1197350000e+17    5.9409890774e-05    1.0000000000e+00    0.0000000000e+00    0.0000000000e+00
    1.3362882965e+06   -2.8071143638e+06    2.2834554661e+06    3.3459704104e+01   -8.1738754006e+01    6.1629549179e+01    1.1197350000e+17    5.9409890774e-05    1.0000000000e+00    0.0000000000e+00    0.0000000000e+00
   -1.0213486373e+05   -1.4292355321e+07   -7.8285116977e+05   -9.0418117230e+01   -4.7442459882e+02   -1.3266005463e+01    1.1197140000e+17    5.9408776575e-05    1.0000000000e+00    0.0000000000e+00    0.0000000000e+00
   -1.2311594938e+06    1.0064070010e+07   -1.2024809213e+06   -1.1022803023e+01    3.1374185197e+02   -3.2708331031e+01    1.1197140000e+17    5.9408776575e-05    1.0000000000e+00    0.0000000000e+00    0.0000000000e+00
   -3.3956851017e+05    7.8519900957e+06   -6.2374752856e+05   -9.5516115145e+00    2.4331147832e+02   -1.2832885455e+01    1.1197140000e+17    5.9408776575e-05    1.0000000000e+00    0.0000000000e+00    0.0000000000e+00
   -1.0116880894e+06   -1.3707847556e+07   -3.1247646443e+05   -1.0239706017e+02   -4.9414568853e+02   -3.3021215430e+00    1.1196710000e+17    5.9406495119e-05    1.0000000000e+00    0.0000000000e+00    0.0000000000e+00
    9.9194840698e+05   -9.6393802039e+05   -4.7289215226e+05    2.6481021301e+01   -2.7859074129e+01   -2.1217500347e+01    1.1195850000e+17    5.9401932209e-05    1.0000000000e+00    0.0000000000e+00    0.0000000000e+00
   -1.1667934962e+06   -2.7588462184e+06    5.6991190142e+06   -2.5993496626e+01   -7.5501459953e+01    1.1595432176e+02    7.6037620000e+16    4.0343355338e-05    0.0000000000e+00    1.0000000000e+00    0.0000000000e+00
   -2.1868949679e+06   -1.6033802930e+07   -2.1141774587e+05   -3.2601153199e+02   -5.6181082007e+02    7.7192502063e+01    3.8051090000e+16    2.0188804500e-05    0.0000000000e+00    1.0000000000e+00    0.0000000000e+00
    8.0811879897e+05   -1.0627415287e+07    4.8231584684e+04   -7.3154109573e+00   -3.3871147118e+02   -5.7361988459e-01    3.8050390000e+16    2.0188433101e-05    0.0000000000e+00    1.0000000000e+00    0.0000000000e+00
   -1.4220464065e+07   -1.4898785873e+07   -8.5679240677e+06   -3.4748852817e+02   -3.7520405776e+02   -2.0561803514e+02    3.8049020000e+16    2.0187706218e-05    0.0000000000e+00    1.0000000000e+00    0.0000000000e+00
    6.1312327470e+05   -1.5279428786e+06    8.9503433539e+05    1.4587461195e+01   -4.5517106204e+01    3.5145179042e+01    3.8047650000e+16    2.0186979336e-05    0.0000000000e+00    1.0000000000e+00    0.0000000000e+00
    1.4901649300e+05   -1.2940359042e+06    1.9134923737e+06    8.9044437000e+00   -3.7084092917e+01    4.9733227094e+01    3.8047650000e+16    2.0186979336e-05    0.0000000000e+00    1.0000000000e+00    0.0000000000e+00
   -1.3945365078e+06    3.0154911970e+06    2.4673061969e+06   -3.4793717976e+01    8.8268983516e+01    6.2566447735e+01    3.8047650000e+16    2.0186979336e-05    0.0000000000e+00    1.0000000000e+00    0.0000000000e+00
   -7.8382729916e+04   -1.4696038712e+07    1.5909716964e+06   -9.2024306490e+01   -4.6670271508e+02   -2.2804019635e+00    3.8046290000e+16    2.0186257760e-05    0.0000000000e+00    1.0000000000e+00    0.0000000000e+00
   -2.3120225337e+05   -1.1260088519e+06   -4.7912865931e+04   -9.6795021591e+00   -3.6949249462e+01   -1.0492072483e+01    3.8046290000e+16    2.0186257760e-05    0.0000000000e+00    1.0000000000e+00    0.0000000000e+00
    2.1582796714e+05   -1.2638249344e+07    1.4968057920e+06   -4.2600692032e+01   -4.1281029393e+02    4.2867635620e+01    3.8046290000e+16    2.0186257760e-05    0.0000000000e+00    1.0000000000e+00    0.0000000000e+00
   -6.2749079344e+06   -3.1076115743e+06    4.3678112540e+06   -1.4454962060e+02   -8.4892640247e+01    9.0632667777e+01    3.8044930000e+16    2.0185536183e-05    0.0000000000e+00    1.0000000000e+00    0.0000000000e+00
   -5.8860730773e+03   -1.4547042305e+07   -4.3429544968e+05   -8.2830814345e+01   -4.8857503839e+02    7.6932267151e+00    3.8044930000e+16    2.0185536183e-05    0.0000000000e+00    1.0000000000e+00    0.0000000000e+00
   -2.0666013674e+05    9.2311057761e+06    8.3650629438e+05   -8.4375822102e+00    2.8998015688e+02    2.4303424514e+01    3.8044930000e+16    2.0185536183e-05    0.0000000000e+00    1.0000000000e+00    0.0000000000e+00
   -1.4648177864e+06    9.5218228314e+06    7.6474386041e+05   -1.6271071082e+01    2.9421366277e+02    1.6820425655e+01    3.8044930000e+16    2.0185536183e-05    0.0000000000e+00    1.0000000000e+00    0.0000000000e+00
   -2.8354037784e+06   -6.2265718794e+06    1.0225609775e+06   -5.4064413908e+01   -1.8924885638e+02    3.7016408692e+01    3.8044260000e+16    2.0185180700e-05    0.0000000000e+00    1.0000000000e+00    0.0000000000e+00
   -2.7256014770e+05   -8.7091684985e+06    2.2155703295e+06   -2.1439246936e+01   -2.7534242276e+02    5.2513553462e+01    3.8040910000e+16    2.0183403288e-05    0.0000000000e+00    1.0000000000e+00    0.0000000000e+00
    8.3032044521e+05   -3.3481942337e+06   -5.4662214933e+05    1.7877553170e+01   -1.0075724522e+02    4.2567978173e+00    3.8040250000e+16    2.0183053111e-05    0.0000000000e+00    1.0000000000e+00    0.0000000000e+00
   -2.0912040099e+06   -4.4358976402e+06    5.8154924400e+06   -4.7479297456e+01   -1.2376350633e+02    1.1897835398e+02    3.8038270000e+16    2.0182002580e-05    0.0000000000e+00    1.0000000000e+00    0.0000000000e+00
    1.0263952027e+06    5.2962184985e+06   -6.6629139852e+05    2.5547771236e+01    1.6257492183e+02    1.5151848166e+00    3.8038270000e+16    2.0182002580e-05    0.0000000000e+00    1.0000000000e+00    0.0000000000e+00
   -6.8883156278e+05    1.4130616711e+07   -1.0604528708e+06    5.6776314557e+01    4.4723142651e+02   -1.2759879503e+01    3.8035650000e+16    2.0180612484e-05    0.0000000000e+00    1.0000000000e+00    0.0000000000e+00
    1.2634148194e+06    1.5942529855e+07   -7.5676504348e+05    2.1481105629e+02    5.0447438454e+02    5.9541463152e+01    3.8035650000e+16    2.0180612484e-05    0.0000000000e+00    1.0000000000e+00    0.0000000000e+00
   -2.6664931930e+03    1.0815531283e+07   -1.2789634210e+05    1.3204841233e+01    3.4648720893e+02    2.5775232163e+01    3.8035650000e+16    2.0180612484e-05    0.0000000000e+00    1.0000000000e+00    0.0000000000e+00
   -1.3498213114e+05   -7.3320148847e+06    3.4267997038e+06   -7.0658057582e+00   -2.1424022476e+02    4.9229662575e+01    3.8035000000e+16    2.0180267613e-05    0.0000000000e+00    1.0000000000e+00    0.0000000000e+00
   -9.6371394502e+05   -4.8644642240e+05   -7.1978608916e+05   -2.8799329018e+01   -1.8210252180e+01   -2.3416858930e+01    3.8035000000e+16    2.0180267613e-05    0.0000000000e+00    1.0000000000e+00    0.0000000000e+00
   -1.4861727687e+06   -5.1765883505e+06    2.0228679988e+06   -4.1488204605e+01   -1.6214221849e+02    5.5285402295e+01    3.8035000000e+16    2.0180267613e-05    0.0000000000e+00    1.0000000000e+00    0.0000000000e+00
   -1.0933194166e+07   -2.0639823699e+06    2.5369484216e+06   -2.6300469657e+02   -5.2679485940e+01    5.1857843102e+01    3.8034350000e+16    2.0179922742e-05    0.0000000000e+00    1.0000000000e+00    0.0000000000e+00
   -7.6893788115e+05    4.7888449950e+06    8.3071597514e+05   -1.0187148592e+01    1.4607101112e+02    3.7612662346e+01    3.8034350000e+16    2.0179922742e-05    0.0000000000e+00    1.0000000000e+00    0.0000000000e+00
   -7.3422599289e+06   -7.4851926463e+06   -4.5238372593e+06   -1.6607940369e+02   -2.0726679562e+02   -8.7996752301e+01    3.8034350000e+16    2.0179922742e-05    0.0000000000e+00    1.0000000000e+00    0.0000000000e+00
   -1.3003024418e+06   -8.0685514092e+06    2.2296649342e+06   -3.8664276815e+01   -2.5603716241e+02    5.7638566783e+01    3.8034350000e+16    2.0179922742e-05    0.0000000000e+00    1.0000000000e+00    0.0000000000e+00
   -9.2464737585e+01   -3.9155272742e+06    9.3290201506e+05   -3.9624870831e-01   -1.1863523426e+02    3.9571356488e+01    3.8034350000e+16    2.0179922742e-05    0.0000000000e+00    1.0000000000e+00    0.0000000000e+00
    1.3574748201e+04   -1.1804597419e+07    1.2405051764e+06   -3.4368621708e+01   -3.8665063471e+02    4.4775230473e+01    3.8034350000e+16    2.0179922742e-05    0.0000000000e+00    1.0000000000e+00    0.0000000000e+00
    2.2134878170e+06    1.5608406764e+07   -3.4880736849e+05    3.1046167777e+01    6.9547591183e+02    5.4301498233e+01    3.8033700000e+16    2.0179577871e-05    0.0000000000e+00    1.0000000000e+00    0.0000000000e+00
    1.6978152185e+06    1.5465952545e+07    4.9440243345e+05    2.1027585562e+02    6.1600796243e+02   -1.2033678517e+01    3.8033700000e+16    2.0179577871e-05    0.0000000000e+00    1.0000000000e+00    0.0000000000e+00
    2.6982959694e+06    1.5828732561e+07   -4.8364408952e+05    7.7681519999e+01    4.2378796003e+02    3.9905182862e+01    3.8033700000e+16    2.0179577871e-05    0.0000000000e+00    1.0000000000e+00    0.0000000000e+00
   -8.9400910350e+06   -5.5295329117e+06    1.0172775422e+07   -2.1768628074e+02   -1.4285137282e+02    2.3778619852e+02    3.8033050000e+16    2.0179233000e-05    0.0000000000e+00    1.0000000000e+00    0.0000000000e+00
   -1.9939260159e+06   -4.6288536267e+06    3.1645763035e+06   -4.1784818944e+01   -1.3355581790e+02    5.2785981525e+01    3.8033050000e+16    2.0179233000e-05    0.0000000000e+00    1.0000000000e+00    0.0000000000e+00
   -2.1681072554e+06    1.7521203788e+06    1.4503078334e+06   -5.8628503933e+01    4.8334717340e+01    3.8160543976e+01    3.8033050000e+16    2.0179233000e-05    0.0000000000e+00    1.0000000000e+00    0.0000000000e+00
   -1.5747067613e+06   -1.2371830850e+07   -5.1632152180e+05   -3.7525482268e+01   -4.3675501254e+02   -3.1630396274e+01    3.8033050000e+16    2.0179233000e-05    0.0000000000e+00    1.0000000000e+00    0.0000000000e+00
    5.6394799647e+05   -8.9648563413e+06    1.8358993203e+06    5.1179579050e+00   -2.7937252676e+02    3.8683182568e+01    3.8031770000e+16    2.0178553869e-05    0.0000000000e+00    1.0000000000e+00    0.0000000000e+00
    9.5879845914e+06    2.6571348752e+07   -6.4129764647e+06    2.3524548507e+02    6.6384649054e+02   -1.5114504890e+02    3.8031770000e+16    2.0178553869e-05    0.0000000000e+00    1.0000000000e+00    0.0000000000e+00
   -7.8735011403e+05   -1.2423155429e+07   -1.5233349977e+06   -5.8251877469e+01   -4.2041100903e+02   -2.9140025729e+01    3.8030480000e+16    2.0177869432e-05    0.0000000000e+00    1.0000000000e+00    0.0000000000e+00
   -4.0637369527e+05   -1.0236078502e+07    4.1599541734e+05   -2.2062206968e+01   -3.2815177158e+02    4.3303708590e+01    3.8030480000e+16    2.0177869432e-05    0.0000000000e+00    1.0000000000e+00    0.0000000000e+00
   -6.6700158765e+06   -7.0590137830e+06   -5.0873113882e+06   -1.5195114157e+02   -1.9507653590e+02   -1.0070847392e+02    3.8030480000e+16    2.0177869432e-05    0.0000000000e+00    1.0000000000e+00    0.0000000000e+00
   -1.3839703533e+06   -4.1423649660e+06   -8.1450220394e+06   -3.3494077947e+01   -1.1502588681e+02   -1.7777661102e+02    3.8030480000e+16    2.0177869432e-05    0.0000000000e+00    1.0000000000e+00    0.0000000000e+00
    4.0293838174e+05   -8.4241144726e+06    8.5939731041e+05   -1.1026827195e+00   -2.6245566788e+02    4.4519962316e+01    3.8030480000e+16    2.0177869432e-05    0.0000000000e+00    1.0000000000e+00    0.0000000000e+00
   -1.8449300848e+06   -8.6736957772e+06    6.8673812823e+05   -3.1202180338e+01   -2.7062436811e+02   -9.4705333995e+00    3.8029210000e+16    2.0177195607e-05    0.0000000000e+00    1.0000000000e+00    0.0000000000e+00
    3.9904883399e+06    1.3726607758e+07   -1.2925691527e+07    9.8420140328e+01    3.4727321753e+02   -2.9950933919e+02    3.8029210000e+16    2.0177195607e-05    0.0000000000e+00    1.0000000000e+00    0.0000000000e+00
   -2.9205141613e+05   -1.1723718923e+07    1.5291284819e+06   -4.7958396514e+01   -3.8527113757e+02    4.0380482322e+01    3.8028570000e+16    2.0176856042e-05    0.0000000000e+00    1.0000000000e+00    0.0000000000e+00
    2.7137638328e+05   -9.5535227439e+06    2.0917390660e+06   -6.9874383527e+00   -2.8661141231e+02    6.2049191442e+00    3.8027940000e+16    2.0176521782e-05    0.0000000000e+00    1.0000000000e+00    0.0000000000e+00
    2.4287744293e+06    3.3643847652e+06    1.2697763325e+05    5.7788338808e+01    1.0314222729e+02    2.2332175996e+00    3.8027940000e+16    2.0176521782e-05    0.0000000000e+00    1.0000000000e+00    0.0000000000e+00
   -1.2033048068e+06    2.2129309585e+06   -1.6067167656e+06   -3.3882953388e+01    6.3366607052e+01   -4.7179978237e+01    3.8027310000e+16    2.0176187522e-05    0.0000000000e+00    1.0000000000e+00    0.0000000000e+00
   -2.8055236112e+06   -1.4621472254e+07    3.0052894805e+05    6.6461565396e+01   -3.3681913193e+02   -1.2512075972e+02    3.8026680000e+16    2.0175853262e-05    0.0000000000e+00    1.0000000000e+00    0.0000000000e+00
    1.4726172511e+06   -7.7286209936e+06   -6.2223554314e+05    2.1283854358e+01   -2.3297636166e+02    1.4875336456e+01    3.8025420000e+16    2.0175184743e-05    0.0000000000e+00    1.0000000000e+00    0.0000000000e+00
    1.1683907104e+05    9.8190066888e+06   -1.4122228839e+04    1.5939429596e+01    3.0948794429e+02    3.2965689646e+01    3.8025420000e+16    2.0175184743e-05    0.0000000000e+00    1.0000000000e+00    0.0000000000e+00
   -5.8469077222e+05   -4.3456723974e+06   -3.4504451037e+05   -1.1251894667e+01   -1.3123629942e+02   -2.9395842283e+01    3.8022920000e+16    2.0173858316e-05    0.0000000000e+00    1.0000000000e+00    0.0000000000e+00
    2.4555774466e+06    2.3375586351e+06   -5.7485729607e+06    5.7702277250e+01    6.5011222195e+01   -1.1905194727e+02    3.8022920000e+16    2.0173858316e-05    0.0000000000e+00    1.0000000000e+00    0.0000000000e+00
    1.5799235253e+06   -1.1594126401e+06   -5.6839526032e+06    3.6580441906e+01   -3.3388617118e+01   -1.1659940752e+02    3.8022920000e+16    2.0173858316e-05    0.0000000000e+00    1.0000000000e+00    0.0000000000e+00
   -1.5532579230e+06   -4.1991586959e+06   -5.6310278520e+06   -3.6308327968e+01   -1.1761123732e+02   -1.1169048317e+02    3.8022920000e+16    2.0173858316e-05    0.0000000000e+00    1.0000000000e+00    0.0000000000e+00
    1.0036008376e+06    1.2566809989e+07   -1.2800432086e+06    5.2655049777e+01    4.0122139721e+02    5.0731176989e+01    3.8022920000e+16    2.0173858316e-05    0.0000000000e+00    1.0000000000e+00    0.0000000000e+00
    2.3180674647e+06    8.2732928445e+06    1.7612417742e+03    3.5893561467e+01    2.5683210073e+02   -2.3962452401e+00    3.8022920000e+16    2.0173858316e-05    0.0000000000e+00    1.0000000000e+00    0.0000000000e+00
    1.1891602309e+06    1.2141434352e+07   -2.0214699931e+06    4.0602049843e+01    3.7658919498e+02    2.7251766940e+01    3.8022920000e+16    2.0173858316e-05    0.0000000000e+00    1.0000000000e+00    0.0000000000e+00
   -9.4751806982e+05   -1.8896740656e+07   -2.0304214631e+04   -5.5401867572e+01   -3.6406759926e+02   -8.0672521141e-01    3.8022920000e+16    2.0173858316e-05    0.0000000000e+00    1.0000000000e+00    0.0000000000e+00
    8.1578718851e+06    9.0164231974e+06   -1.2027078302e+07    1.9894846959e+02    2.3206982191e+02   -2.8248007413e+02    3.8022920000e+16    2.0173858316e-05    0.0000000000e+00    1.0000000000e+00    0.0000000000e+00
    4.1279596440e+06    3.3366598942e+06   -1.7942873368e+07    1.0367821858e+02    8.4745365156e+01   -4.3998667856e+02    3.8022920000e+16    2.0173858316e-05    0.0000000000e+00    1.0000000000e+00    0.0000000000e+00
   -1.5933601276e+06    2.1814438279e+04    5.1424228968e+06   -3.5544353628e+01    2.6494851804e+00    1.0361249777e+02    3.8021690000e+16    2.0173205713e-05    0.0000000000e+00    1.0000000000e+00    0.0000000000e+00
   -1.1862689448e+06   -6.6473450369e+06   -1.5093690315e+06   -1.6797811655e+01   -2.0341253951e+02   -4.3245148250e+01    3.8021690000e+16    2.0173205713e-05    0.0000000000e+00    1.0000000000e+00    0.0000000000e+00
   -1.5464996638e+06    8.3774889868e+06    4.2112848851e+06   -2.6041682939e+01    2.3810444602e+02    6.5183985980e+01    3.8021690000e+16    2.0173205713e-05    0.0000000000e+00    1.0000000000e+00    0.0000000000e+00
   -1.6319915670e+06    5.9211322209e+05    2.9930665202e+06   -3.5558298652e+01    1.8263663022e+01    5.0605470541e+01    3.8021690000e+16    2.0173205713e-05    0.0000000000e+00    1.0000000000e+00    0.0000000000e+00
   -1.4308185354e+06   -1.4037934634e+07   -1.8333115212e+05   -1.2085965824e+02   -5.3361128215e+02    2.7076674460e+00    3.8021690000e+16    2.0173205713e-05    0.0000000000e+00    1.0000000000e+00    0.0000000000e+00
    2.3142527972e+06    1.4108254032e+07   -2.3271455778e+05   -3.7324423778e+01    4.0408872947e+02   -8.0793964046e+01    3.8021690000e+16    2.0173205713e-05    0.0000000000e+00    1.0000000000e+00    0.0000000000e+00
    1.7564910646e+05    6.7154989270e+06    5.2898777152e+06    7.1960076342e+00    1.8769602092e+02    9.7284362365e+01    3.8021690000e+16    2.0173205713e-05    0.0000000000e+00    1.0000000000e+00    0.0000000000e+00
   -1.5283991381e+04   -1.1510672925e+07    3.2647337134e+06   -2.0416463879e+01   -3.3157015308e+02    1.3996205317e+01    3.8021070000e+16    2.0172876759e-05    0.0000000000e+00    1.0000000000e+00    0.0000000000e+00
    3.9775029902e+06    4.7267619181e+06    3.6966378432e+06    9.0959294014e+01    1.3630784248e+02    6.6262663169e+01    3.8019840000e+16    2.0172224157e-05    0.0000000000e+00    1.0000000000e+00    0.0000000000e+00
    2.9869458724e+06    9.7712405431e+06   -3.4508543416e+05    4.8885524985e+01    3.0896798852e+02    1.7566183756e+01    3.8019220000e+16    2.0171895203e-05    0.0000000000e+00    1.0000000000e+00    0.0000000000e+00
   -6.0373938959e+04   -8.4678114822e+06    1.1595649793e+06   -1.8239552001e+01   -2.6801218616e+02    4.6062845795e+01    3.8019220000e+16    2.0171895203e-05    0.0000000000e+00    1.0000000000e+00    0.0000000000e+00
   -1.3234874339e+06    8.7999131984e+06    2.5748418869e+06   -1.7247283725e+01    2.5879536729e+02    2.5469548244e+01    3.8018610000e+16    2.0171571555e-05    0.0000000000e+00    1.0000000000e+00    0.0000000000e+00
   -9.7904139037e+05    1.0763550518e+07   -1.4750732802e+06   -6.2777451702e+00    3.3767369655e+02   -4.4057738809e+01    3.8018610000e+16    2.0171571555e-05    0.0000000000e+00    1.0000000000e+00    0.0000000000e+00
    8.0526670807e+05    1.7167828122e+07    7.5310240352e+05    1.0178015669e+02    3.0496922965e+02   -3.9872148680e+01    3.8018000000e+16    2.0171247906e-05    0.0000000000e+00    1.0000000000e+00    0.0000000000e+00
   -1.9384716778e+05   -1.4588794632e+07    1.6292315861e+06   -9.9043341648e+01   -4.6987896067e+02    2.2845992135e+01    3.8018000000e+16    2.0171247906e-05    0.0000000000e+00    1.0000000000e+00    0.0000000000e+00
    5.1751427815e+05   -7.3567272278e+05    2.1292043832e+06    1.8160068636e+01   -1.9958412414e+01    5.7921835319e+01    3.8018000000e+16    2.0171247906e-05    0.0000000000e+00    1.0000000000e+00    0.0000000000e+00
   -1.0335198008e+06    1.9762416327e+07   -4.3454370088e+06   -4.3832670830e+00    4.5935448207e+02   -6.2496932463e+01    3.8018000000e+16    2.0171247906e-05    0.0000000000e+00    1.0000000000e+00    0.0000000000e+00
    1.5370252665e+06   -3.3970287929e+06   -7.8212429323e+06    3.5622925269e+01   -9.3182983787e+01   -1.6911439890e+02    3.8018000000e+16    2.0171247906e-05    0.0000000000e+00    1.0000000000e+00    0.0000000000e+00
   -4.0902675602e+05   -3.5773243459e+06    1.2202320275e+05   -2.0650580734e+01   -1.1253644038e+02   -4.3725064463e+00    3.8018000000e+16    2.0171247906e-05    0.0000000000e+00    1.0000000000e+00    0.0000000000e+00
   -6.1144004400e+05    6.7339308654e+06    5.5031377862e+06   -1.0144024594e+01    1.8712008029e+02    1.0208397160e+02    3.8018000000e+16    2.0171247906e-05    0.0000000000e+00    1.0000000000e+00    0.0000000000e+00
    9.5779737552e+06    9.6876303952e+06   -8.6077808519e+06    2.2700455791e+02    2.4902084570e+02   -1.9556907981e+02    3.8018000000e+16    2.0171247906e-05    0.0000000000e+00    1.0000000000e+00    0.0000000000e+00
    9.6003267678e+04    1.7312015830e+07   -3.9643406042e+06    2.6847084925e+01    4.0324146298e+02   -1.9088665491e+01    3.8018000000e+16    2.0171247906e-05    0.0000000000e+00    1.0000000000e+00    0.0000000000e+00
   -3.7448866854e+05   -1.0005559484e+07   -4.9377923640e+04   -2.0220575887e+01   -3.2260508933e+02    2.4954211078e+01    3.8018000000e+16    2.0171247906e-05    0.0000000000e+00    1.0000000000e+00    0.0000000000e+00
    1.6083898569e+06   -7.8420276485e+06   -3.6082353479e+06    2.6807099498e+01   -2.2715919772e+02   -5.3431083962e+01    3.8018000000e+16    2.0171247906e-05    0.0000000000e+00    1.0000000000e+00    0.0000000000e+00
   -1.0332989138e+06   -1.6167830484e+07   -1.2231590059e+06   -1.2101764933e+02   -3.3313008103e+02    1.1042302920e+02    3.8018000000e+16    2.0171247906e-05    0.0000000000e+00    1.0000000000e+00    0.0000000000e+00
   -6.3808510691e+05    5.7386959593e+06   -7.0738661810e+05   -2.1414324569e+01    1.7281398011e+02   -1.3525456948e+01    3.8017390000e+16    2.0170924258e-05    0.0000000000e+00    1.0000000000e+00    0.0000000000e+00
    5.0544496573e+05    7.7549407456e+06    3.3634234997e+06    1.5390100963e+01    2.2673111241e+02    4.5073842862e+01    3.8017390000e+16    2.0170924258e-05    0.0000000000e+00    1.0000000000e+00    0.0000000000e+00
   -9.1807977818e+05   -7.0071939188e+06    1.0335449169e+07   -2.2619276157e+01   -1.8332913509e+02    2.3018157973e+02    3.8016780000e+16    2.0170600610e-05    0.0000000000e+00    1.0000000000e+00    0.0000000000e+00
   -2.2137237903e+06   -1.5461209590e+07   -3.0183122229e+05   -3.6705123231e+02   -6.5023879570e+02    9.1269409285e+01    3.8016780000e+16    2.0170600610e-05    0.0000000000e+00    1.0000000000e+00    0.0000000000e+00
    2.2410481165e+05   -7.1555113457e+06    2.0532119151e+06    2.1770379309e+00   -2.1192619947e+02    1.7011885279e+01    3.8015570000e+16    2.0169958619e-05    0.0000000000e+00    1.0000000000e+00    0.0000000000e+00
    2.9804920394e+05   -1.0244135503e+07    1.6296637103e+06   -1.4296746267e+01   -3.2644365565e+02    5.6110034357e+01    3.8015570000e+16    2.0169958619e-05    0.0000000000e+00    1.0000000000e+00    0.0000000000e+00
    9.7739728186e+05    1.3700589912e+07    1.0151477918e+05    1.0019806412e+02    4.6516044765e+02   -7.9479147539e+01    3.8015570000e+16    2.0169958619e-05    0.0000000000e+00    1.0000000000e+00    0.0000000000e+00
   -2.6846502012e+06    1.0712264912e+07    1.0763077592e+06   -4.2954802155e+01    3.2305056181e+02    2.9937198763e+01    3.8015570000e+16    2.0169958619e-05    0.0000000000e+00    1.0000000000e+00    0.0000000000e+00
    3.2811776769e+06    6.0278297248e+06   -8.0071454817e+06    7.7779243833e+01    1.6320720124e+02   -1.7150200532e+02    3.8015570000e+16    2.0169958619e-05    0.0000000000e+00    1.0000000000e+00    0.0000000000e+00
    8.6686616268e+05   -2.7067274180e+07   -8.0705171034e+06    1.7797185725e+01   -6.6734852890e+02   -1.8957494794e+02    3.8015570000e+16    2.0169958619e-05    0.0000000000e+00    1.0000000000e+00    0.0000000000e+00
   -6.5782302351e+05   -5.7884997717e+06    3.8267032808e+06   -1.4723296329e+01   -1.6605044637e+02    6.2983325221e+01    3.8013760000e+16    2.0168998285e-05    0.0000000000e+00    1.0000000000e+00    0.0000000000e+00
    9.8835987721e+05   -8.5376703104e+06    8.2522233582e+04    1.2715261736e+01   -2.5963113779e+02   -2.8645019442e+01    3.8013760000e+16    2.0168998285e-05    0.0000000000e+00    1.0000000000e+00    0.0000000000e+00
   -3.8082388696e+05    4.8912227397e+06    1.2044886536e+07   -8.5113044053e+00    1.2864242758e+02    2.7841501080e+02    3.8013760000e+16    2.0168998285e-05    0.0000000000e+00    1.0000000000e+00    0.0000000000e+00
    1.2881200647e+07    4.1305211981e+06    6.9294649287e+06    3.1697266901e+02    1.0704144775e+02    1.5874960657e+02    3.8013760000e+16    2.0168998285e-05    0.0000000000e+00    1.0000000000e+00    0.0000000000e+00
    4.5654742371e+06    7.1768636618e+06    1.2467192494e+06    8.8021176748e+01    2.1101582940e+02    2.1958645034e+01    3.8013760000e+16    2.0168998285e-05    0.0000000000e+00    1.0000000000e+00    0.0000000000e+00
    3.6637002791e+05    7.2115304615e+06    2.1281352213e+06    2.3222471240e+01    2.2567802012e+02    5.3173776921e+01    3.8013160000e+16    2.0168679943e-05    0.0000000000e+00    1.0000000000e+00    0.0000000000e+00
    1.3486113953e+06    1.5570577180e+07   -6.0183670789e+06    3.8120167472e+01    3.8737966478e+02   -7.6739361396e+01    3.8013160000e+16    2.0168679943e-05    0.0000000000e+00    1.0000000000e+00    0.0000000000e+00
    1.7583983122e+06   -2.6188659155e+07    9.5925452157e+06    3.9809076396e+01   -6.4795240224e+02    2.2630177670e+02    3.8013160000e+16    2.0168679943e-05    0.0000000000e+00    1.0000000000e+00    0.0000000000e+00
   -1.6371396053e+06    2.3720593089e+07   -6.6746015002e+06   -3.2837077385e+01    5.7370417048e+02   -1.4683931416e+02    3.8011970000e+16    2.0168048563e-05    0.0000000000e+00    1.0000000000e+00    0.0000000000e+00
   -2.0685570017e+06   -3.6716782752e+06   -6.8272703687e+06   -4.9262535971e+01   -1.0208398493e+02   -1.4283979381e+02    3.8011970000e+16    2.0168048563e-05    0.0000000000e+00    1.0000000000e+00    0.0000000000e+00
    9.6963214146e+04   -1.1790075317e+07    6.7836074871e+05   -2.2769169543e+01   -3.8542647774e+02    2.5501428902e+01    3.8011970000e+16    2.0168048563e-05    0.0000000000e+00    1.0000000000e+00    0.0000000000e+00
    1.6959608925e+06   -2.2206816857e+07    1.5086360902e+07    4.0358738534e+01   -5.5712325751e+02    3.6314963518e+02    3.8011970000e+16    2.0168048563e-05    0.0000000000e+00    1.0000000000e+00    0.0000000000e+00
    4.5977140381e+05   -3.6396692669e+06    4.2115699610e+05    7.6559050963e-01   -1.1292741489e+02    2.8225966262e+01    3.8011970000e+16    2.0168048563e-05    0.0000000000e+00    1.0000000000e+00    0.0000000000e+00
    1.0933190109e+06    1.0547609853e+07   -5.9018587477e+06    2.8824680903e+01    2.8876538975e+02   -9.5227047283e+01    3.8011970000e+16    2.0168048563e-05    0.0000000000e+00    1.0000000000e+00    0.0000000000e+00
    2.7419821722e+05    1.1036006209e+07    2.5471334606e+06    2.3239348837e+01    3.2686929476e+02    7.1494781298e-01    3.8011370000e+16    2.0167730221e-05    0.0000000000e+00    1.0000000000e+00    0.0000000000e+00
    6.2186657670e+05    6.0096978350e+06    6.2150606309e+06    1.6980035264e+01    1.6951855648e+02    1.2179009845e+02    3.8010780000e+16    2.0167417184e-05    0.0000000000e+00    1.0000000000e+00    0.0000000000e+00
   -1.3219712153e+06    3.4563731776e+06    3.6197405736e+06   -2.7404165721e+01    1.0100247398e+02    6.2535900701e+01    3.8010780000e+16    2.0167417184e-05    0.0000000000e+00    1.0000000000e+00    0.0000000000e+00
   -3.1265239738e+06   -4.6533857691e+06    1.2386815872e+06   -6.1574177073e+01   -1.3586176290e+02    1.4140127667e+01    3.8010780000e+16    2.0167417184e-05    0.0000000000e+00    1.0000000000e+00    0.0000000000e+00
    1.9865834522e+06    1.0631651846e+07    2.2783711035e+07    5.0919686904e+01    2.7072070491e+02    5.6460969550e+02    3.8010780000e+16    2.0167417184e-05    0.0000000000e+00    1.0000000000e+00    0.0000000000e+00
   -1.2124740792e+06   -1.3207120871e+07    1.1059423408e+07   -3.0678813939e+01   -3.3359079912e+02    2.4220342365e+02    3.8010780000e+16    2.0167417184e-05    0.0000000000e+00    1.0000000000e+00    0.0000000000e+00
   -4.2091767480e+04    9.9539828478e+05   -1.4702570278e+06   -9.3211814228e+00    2.6275628928e+01   -4.6903611953e+01    3.8010780000e+16    2.0167417184e-05    0.0000000000e+00    1.0000000000e+00    0.0000000000e+00
    5.1375297199e+05    1.7883848378e+05    3.4843935734e+05    1.2529710638e+00    9.9272700358e-01    2.2068514881e+00    3.8010780000e+16    2.0167417184e-05    0.0000000000e+00    1.0000000000e+00    0.0000000000e+00
   -7.4940068679e+05   -1.1384437307e+06    1.9165262522e+07   -1.9025089169e+01   -3.0513486276e+01    4.6910972071e+02    3.8010780000e+16    2.0167417184e-05    0.0000000000e+00    1.0000000000e+00    0.0000000000e+00
    2.3265679936e+06    1.4640367642e+07    4.4196523476e+04   -1.2677715151e+02    3.8610430444e+02    6.9230592793e+01    3.8010780000e+16    2.0167417184e-05    0.0000000000e+00    1.0000000000e+00    0.0000000000e+00
   -1.2208616567e+06    1.0396365218e+07    1.0105676231e+07   -2.5039263272e+01    2.7134369477e+02    2.1840315339e+02    3.8009590000e+16    2.0166785804e-05    0.0000000000e+00    1.0000000000e+00    0.0000000000e+00
    2.4366930923e+05    1.0280128000e+07   -9.3742711404e+05    1.7685426388e+01    3.3001543110e+02   -4.4706467531e+01    3.8009590000e+16    2.0166785804e-05    0.0000000000e+00    1.0000000000e+00    0.0000000000e+00
   -9.8659209746e+05    1.1850584367e+06   -1.0160682159e+06   -3.1280307853e+01    3.1584905648e+01   -3.1954363123e+01    3.8009590000e+16    2.0166785804e-05    0.0000000000e+00    1.0000000000e+00    0.0000000000e+00
    2.7237151912e+06    1.5105087402e+07    6.8233338561e+05   -8.3198329393e+01    2.9108656658e+02   -1.2901207979e+02    3.8009590000e+16    2.0166785804e-05    0.0000000000e+00    1.0000000000e+00    0.0000000000e+00
    1.4484346634e+06    6.3371530688e+06    1.2004215976e+07    3.5614620840e+01    1.6398985945e+02    2.7592676175e+02    3.8009590000e+16    2.0166785804e-05    0.0000000000e+00    1.0000000000e+00    0.0000000000e+00
    7.3759310052e+06    1.3518672952e+07   -3.6932314322e+06    1.3633096336e+02    3.5144801098e+02   -5.2582517548e+01    3.8009590000e+16    2.0166785804e-05    0.0000000000e+00    1.0000000000e+00    0.0000000000e+00
   -5.4001041999e+05   -6.5354015849e+06    8.3116003176e+05   -7.6650719014e+00   -1.9715094091e+02   -4.7197742275e+00    3.8008410000e+16    2.0166159730e-05    0.0000000000e+00    1.0000000000e+00    0.0000000000e+00
   -2.9086025932e+05    8.4376751203e+06    7.8708858335e+06   -2.8497285282e+00    2.2652993373e+02    1.5975980691e+02    3.8008410000e+16    2.0166159730e-05    0.0000000000e+00    1.0000000000e+00    0.0000000000e+00
   -2.6895685253e+06   -1.3034936585e+07   -1.4816300317e+07   -6.6495549381e+01   -3.2816351816e+02   -3.4981034612e+02    3.8008410000e+16    2.0166159730e-05    0.0000000000e+00    1.0000000000e+00    0.0000000000e+00
   -1.4283164163e+06   -1.8556937130e+06   -1.0795772680e+07   -3.4390184046e+01   -4.7068533322e+01   -2.4768145604e+02    3.8008410000e+16    2.0166159730e-05    0.0000000000e+00    1.0000000000e+00    0.0000000000e+00
   -1.3664745620e+05   -8.3161810609e+06   -1.0044215072e+06   -9.8934690749e+00   -2.5347692795e+02    1.2356262083e+01    3.8008410000e+16    2.0166159730e-05    0.0000000000e+00    1.0000000000e+00    0.0000000000e+00
    6.7534637147e+06    2.8867845610e+06    7.0620662679e+06    1.6115070469e+02    7.6358618663e+01    1.5632635561e+02    3.8008410000e+16    2.0166159730e-05    0.0000000000e+00    1.0000000000e+00    0.0000000000e+00
    5.5379665486e+05    6.7171783824e+06    5.5064027067e+06    1.4121133591e+01    1.8877073265e+02    1.0206592919e+02    3.8008410000e+16    2.0166159730e-05    0.0000000000e+00    1.0000000000e+00    0.0000000000e+00
    2.4585256126e+04    1.5198103791e+07    3.7112527062e+05    1.1373758264e+02    4.8958104656e+02    1.2999113280e+00    3.8008410000e+16    2.0166159730e-05    0.0000000000e+00    1.0000000000e+00    0.0000000000e+00
   -1.4778240854e+06    8.7735507377e+06    2.8606536988e+06   -2.0829861499e+01    2.5456133743e+02    3.0571022253e+01    3.8008410000e+16    2.0166159730e-05    0.0000000000e+00    1.0000000000e+00    0.0000000000e+00
    8.5513581230e+05    1.6184138541e+07   -6.7478603931e+06    2.7766038707e+01    3.9809183065e+02   -1.0560167663e+02    3.8008410000e+16    2.0166159730e-05    0.0000000000e+00    1.0000000000e+00    0.0000000000e+00
    6.6286019008e+05    1.2979304614e+07   -2.9372004679e+06    3.9463399120e+01    3.7422359482e+02    1.6424407759e+01    3.8008410000e+16    2.0166159730e-05    0.0000000000e+00    1.0000000000e+00    0.0000000000e+00
   -1.3122612810e+06    1.2231250708e+07   -2.0924257694e+07   -3.2337433292e+01    3.1157856472e+02   -5.1539676640e+02    3.8008410000e+16    2.0166159730e-05    0.0000000000e+00    1.0000000000e+00    0.0000000000e+00
    2.7627900223e+06   -1.9168645940e+05   -1.8829446249e+07    6.9438835460e+01   -5.8366353443e+00   -4.6139911342e+02    3.8008410000e+16    2.0166159730e-05    0.0000000000e+00    1.0000000000e+00    0.0000000000e+00
   -2.2736153993e+06   -1.4162298328e+07    1.7769650490e+05    4.1268552554e+01   -3.5661215563e+02   -1.0995574552e+02    3.8007230000e+16    2.0165533657e-05    0.0000000000e+00    1.0000000000e+00    0.0000000000e+00
   -8.8348768717e+05   -1.6566234637e+07   -9.2437247579e+05   -1.2100557698e+02   -3.0596462498e+02    7.4639830246e+01    3.8007230000e+16    2.0165533657e-05    0.0000000000e+00    1.0000000000e+00    0.0000000000e+00
   -2.0239272940e+06    2.0624474581e+07   -4.7354843244e+06   -2.9683548471e+01    4.8426799162e+02   -8.5222258698e+01    3.8007230000e+16    2.0165533657e-05    0.0000000000e+00    1.0000000000e+00    0.0000000000e+00
    4.0830209357e+06    3.7296589712e+06   -2.7965571381e+07    1.0391503989e+02    9.5624773555e+01   -7.0217103933e+02    3.8007230000e+16    2.0165533657e-05    0.0000000000e+00    1.0000000000e+00    0.0000000000e+00
    5.0930357005e+05    6.5969760895e+06    6.1720395364e+06    1.3413569185e+01    1.8061136543e+02    1.1834749376e+02    3.8007230000e+16    2.0165533657e-05    0.0000000000e+00    1.0000000000e+00    0.0000000000e+00
    9.7371223347e+06    6.6774820602e+06   -6.3019638134e+06    2.2942467074e+02    1.7357370815e+02   -1.4033496822e+02    3.8007230000e+16    2.0165533657e-05    0.0000000000e+00    1.0000000000e+00    0.0000000000e+00
    2.2603168198e+06   -4.4849993901e+06   -8.6248312235e+06    5.2092635566e+01   -1.2346692596e+02   -1.8975890854e+02    3.8007230000e+16    2.0165533657e-05    0.0000000000e+00    1.0000000000e+00    0.0000000000e+00
