x1	x2	x3	v1	v2	v3	mass	rel_mass	water_fraction
-88964.97082433254 51041.52492119268 37945.08820726602 -3.564089369861603 -1.2223872111925074 1.7131362470706104 1.4473196667700027e+23 0.9832684160990169 0.08651700212169702 
45997886.343 -3781137.2428 375477.91922 923.11161268 -118.91528706 10.829599962 1.1425045e+19 7.7618553517e-05 0.25342000841 
-41708495.07 -8994666.7367 -7638921.1591 -795.05068777 -217.49744977 -147.63480645 8.593172e+18 5.8379602073e-05 0.0 
-47223638.675 -7059420.6333 40135975.182 -1093.8101154 -195.90734217 924.10545609 8.573099e+18 5.8243231737e-05 0.0 
48741392.025 -6522213.023 4395975.6291 1017.4868412 -173.37535295 100.72410412 8.573099e+18 5.8243231737e-05 0.0 
39719397.992 -6171613.6435 -33057792.261 858.98865462 -167.28367002 -702.26272148 8.538429e+18 5.8007693474e-05 0.0 
6593503.1999 -10103382.545 -42085524.633 119.04267111 -244.72885163 -809.10687729 8.538429e+18 5.8007693474e-05 0.0 
19541417.023 7450417.4254 -40570277.544 367.8616715 127.88060191 -827.91977163 8.536365e+18 5.7993671236e-05 0.0 
51660542.506 12938977.406 -12990366.328 1142.4307782 276.70913286 -286.11731471 8.533515e+18 5.7974309135e-05 0.0 
-56660848.846 20807778.445 -66411481.53 -1431.2706401 515.23959506 -1659.1221968 8.533515e+18 5.7974309135e-05 0.0 
18032619.595 -12630577.63 -62912263.294 425.67080322 -335.36452553 -1481.1712798 8.520969e+18 5.7889075128e-05 0.0 
-27567864.516 -10727977.942 -39584953.244 -579.95743047 -270.21523053 -819.44655224 8.520969e+18 5.7889075128e-05 0.0 
59886543.846 3928280.611 -10782292.544 1380.9722642 65.876304213 -230.72401696 8.510638e+18 5.7818889209e-05 0.0 
-37327954.38133758 -1843704.9273056076 32175679.060638934 -786.1689449684806 -74.99119468780607 667.4503168893987 1.6963584e+19 0.000115245835141 0.0 
-41911684.677 -5429978.611 -12315531.045 -807.86805143 -154.75480659 -247.50441797 8.499144e+18 5.7740802195e-05 0.0 
-39316945.801 -9938893.019 -52844976.209 -930.59490188 -274.30950455 -1240.8001712 8.499144e+18 5.7740802195e-05 0.0 
38023909.487 -6042177.2311 11363865.589 687.33453574 -155.83487508 182.59100819 8.497555e+18 5.7730006974e-05 0.0 
52851255.01 -2962555.8339 -17397831.232 1171.9573726 -98.227231571 -380.07805272 8.497555e+18 5.7730006974e-05 0.0 
37203015.93848585 -2546784.7464307323 -30012448.857158754 773.2074967152355 -88.07382692974609 -606.1997255819953 1.1389382e+19 7.737626909e-05 0.2541633953448923 
-31001474.89 -6102887.1279 -28660591.81 -587.287842 -160.99827415 -536.22258438 8.494618e+18 5.7710053819e-05 0.0 
39523061.50479879 -6103555.291349932 -13251172.675939638 737.7989434295775 -159.69724800439926 -248.47915101628607 1.9864219e+19 0.00013495193634000002 0.146363166857957 
11514149.665 11580489.289 -46069868.269 239.95207089 228.50343925 -963.03892719 8.481834e+18 5.7623202906e-05 0.0 
-54122599.416 -5469161.285 21140486.96 -1220.1069107 -156.91590438 480.65868012 8.479893e+18 5.7610016296e-05 0.0 
47844582.025 -4374417.3279 -19426757.761 1026.7722376 -130.15461957 -410.71908392 8.479893e+18 5.7610016296e-05 0.0 
-15204044.459763728 -7479621.9702843875 -41197763.07168693 -282.89050107271845 -192.88793176825797 -806.2515144788935 1.1387101e+19 7.736077261599999e-05 0.2556449617861473 
53172395.481 1366212.4451 -42870812.425 1270.5600912 5.4477757137 -1011.7865326 8.476046e+18 5.7583880857e-05 0.0 
16255770.011 2899006.0307 -53366196.6 357.77917774 40.700025022 -1187.2413107 8.476046e+18 5.7583880857e-05 0.0 
3659743.0277 -5399555.5373 -58521582.744 72.068052092 -159.02331748 -1327.3844821 8.476046e+18 5.7583880857e-05 0.0 
-60140147.505 -5136340.6579 30153049.192 -1418.426769 -153.79241789 719.63400281 8.467345e+18 5.7524768701e-05 0.0 
38940214.507 -2420042.197 27343580.496 792.17843449 -87.34878684 570.02205265 8.46444e+18 5.7505032946e-05 0.0 
44431860.067 -6272340.811 -2520449.6573 872.37846346 -169.50396008 -47.935064719 8.46444e+18 5.7505032946e-05 0.0 
38353904.704 -6046778.1196 -25883754.439 767.19428477 -165.11528636 -533.78742887 8.452796e+18 5.7425926873e-05 0.0 
-46947363.608 1309696.7925 -51894705.345 -1114.9758217 5.3162281258 -1252.5241735 8.44696e+18 5.7386278725e-05 0.0 
-26127671.107 -10212264.042 -33034304.268 -500.85615591 -249.25540496 -625.18286922 8.44696e+18 5.7386278725e-05 0.0 
-60376530.286 -22056447.734 86239468.018 -1533.2937253 -595.25788728 2194.334874 5.754079e+18 3.9091599972e-05 1.0 
-36604929.912 -10686698.285 69728031.911 -897.1358724 -291.82770313 1704.2636565 2.927887e+18 1.9891243649e-05 1.0 
-37732252.565 -9519230.7152 76574086.44 -926.89102679 -264.17445241 1902.2343189 2.927887e+18 1.9891243649e-05 1.0 
-45935194.322 -10504611.237 53318511.864 -1095.0409019 -287.86913019 1279.9885612 2.927887e+18 1.9891243649e-05 1.0 
-64275782.27 -18672887.728 51501738.183 -1595.1856951 -500.82919911 1263.2383199 2.927887e+18 1.9891243649e-05 1.0 
-70447639.242 -5035178.3664 21216421.342 -1697.7412666 -154.83489819 518.02085398 2.927887e+18 1.9891243649e-05 1.0 
-40933624.42 -8140127.1738 6257737.3017 -759.05745659 -201.09954604 122.41962518 2.927887e+18 1.9891243649e-05 1.0 
-43213706.693 -15817787.751 -60360599.333 -1045.5469518 -423.13407808 -1461.8454567 2.927887e+18 1.9891243649e-05 1.0 
-4054916.6279 -7134985.8292 58741394.111 -91.050344831 -200.67034389 1330.0662553 2.925988e+18 1.9878342376e-05 1.0 
84734995.337 -11732793.242 44874461.373 2142.8937338 -325.59359811 1125.64174 2.925988e+18 1.9878342376e-05 1.0 
-47890200.507 -5603900.9455 -29297772.528 -1058.9310074 -157.23941347 -656.08175219 2.925988e+18 1.9878342376e-05 1.0 
23903019.518 -13173829.189 -63703114.647 562.8997 -354.76322159 -1513.9391504 2.925988e+18 1.9878342376e-05 1.0 
385148.20137 -17114728.807 101424308.57 5.1808791647 -467.96274331 2573.7221832 2.924097e+18 1.9865495452e-05 1.0 
-59888117.51 -12398591.464 -46990969.844 -1456.6911429 -340.77233363 -1142.6910164 2.923154e+18 1.9859088974e-05 1.0 
9463283.3424 -17984461.674 -61576798.191 211.8523933 -467.04066737 -1431.1796715 2.923154e+18 1.9859088974e-05 1.0 
38647155.259 -5826497.7448 -57419722.364 931.83213454 -169.78102698 -1360.8928389 2.923154e+18 1.9859088974e-05 1.0 
-13151407.822 -5444817.7086 70244271.815 -301.01740705 -160.44590384 1687.2008031 2.922213e+18 1.9852696084e-05 1.0 
96749924.771 -15255974.494 47764616.198 2471.7723051 -420.59993052 1214.1745212 2.922213e+18 1.9852696084e-05 1.0 
-20224377.167 -6348155.7428 41645507.439 -390.5716328 -166.83286798 846.45150921 2.922213e+18 1.9852696084e-05 1.0 
-62056078.955 -21841224.302 51336237.287 -1528.7592914 -577.29675394 1259.9861813 2.922213e+18 1.9852696084e-05 1.0 
-15618953.751 2768063.4758 -43557002.292 -313.71237071 32.247149211 -877.4038663 2.922213e+18 1.9852696084e-05 1.0 
68764475.337 -5969691.4763 31360648.149 1672.8393788 -174.34503994 755.52080638 2.921273e+18 1.9846309987e-05 1.0 
-9179611.224 -6744116.5513 71735721.023 -226.08965114 -192.87390575 1723.7736921 2.920335e+18 1.9839937478e-05 1.0 
48811558.186 -2740876.049 116685750.34 1265.6488879 -94.061900492 3019.5231124 2.920335e+18 1.9839937478e-05 1.0 
-68764616.911 -12784706.636 20559997.594 -1653.1702003 -344.99734583 491.53618001 2.920335e+18 1.9839937478e-05 1.0 
38401145.824 -6187996.5191 -18487642.494 731.83319329 -161.66028508 -348.84616947 2.920335e+18 1.9839937478e-05 1.0 
-33455391.257 -10649171.565 -27747925.984 -656.31120979 -256.33000276 -531.68333259 2.9194e+18 1.983358535e-05 1.0 
56524438.847 6549993.8842 73505163.145 1428.0841171 146.49830307 1842.3315225 2.916602e+18 1.9814576522e-05 1.0 
-9958339.7269 -5224563.1269 -49938159.428 -210.07391275 -147.41862874 -1059.2041489 2.916602e+18 1.9814576522e-05 1.0 
-32166467.498 -13931997.906 -37881082.424 -679.76948909 -346.3376603 -803.85014129 2.916602e+18 1.9814576522e-05 1.0 
-9449383.2683 -12385945.323 -38807396.821 -167.22114846 -282.9905829 -712.38217848 2.916602e+18 1.9814576522e-05 1.0 
1720915.3723 -15691586.277 -58550610.917 44.061824867 -403.46703936 -1331.5523342 2.916602e+18 1.9814576522e-05 1.0 
-52299565.645 2456973.7821 -52733846.112 -1260.493208 35.354342528 -1276.0005589 2.914746e+18 1.9801967379e-05 1.0 
16297123.666 6982673.6241 -88257977.528 405.38807774 155.98535466 -2210.9201266 2.914746e+18 1.9801967379e-05 1.0 
-2550215.5828 -24405862.507 60537759.223 -65.628371994 -619.59552988 1404.2017664 2.913821e+18 1.9795683188e-05 1.0 
22025009.787 -151941.6432 66239481.962 535.74921359 -31.057118967 1574.7389316 2.913821e+18 1.9795683188e-05 1.0 
-57077062.826 -18944994.387 12581113.683 -1301.428651 -483.6815437 287.13178576 2.913821e+18 1.9795683188e-05 1.0 
-46776690.996 -16011132.913 -77882008.108 -1173.1630761 -434.85033433 -1948.3685283 2.913821e+18 1.9795683188e-05 1.0 
9704890.8718 -25094919.861 -58095046.08 217.28833284 -633.50732495 -1339.3286614 2.913821e+18 1.9795683188e-05 1.0 
-1266190.7931 -26401986.61 66075559.049 -2.573014788 -679.59301329 1572.8351128 2.912897e+18 1.9789405791e-05 1.0 
-66513104.038 -13697783.913 44370340.784 -1634.6064667 -374.47314045 1087.6053619 2.912897e+18 1.9789405791e-05 1.0 
-57012513.282 -8008361.2847 24252783.116 -1317.5977719 -220.77253167 548.08807278 2.912897e+18 1.9789405791e-05 1.0 
26002013.105 -13224983.128 83542515.152 632.69560634 -366.92935535 2090.4019439 2.911975e+18 1.9783141981e-05 1.0 
-28059114.287 -18782528.257 88833023.162 -708.92851193 -506.16270306 2230.2329291 2.911055e+18 1.9776891759e-05 1.0 
-58454635.415 -5164995.462 69406668.796 -1466.2407078 -155.29711586 1730.5761483 2.911055e+18 1.9776891759e-05 1.0 
83324959.47 5594772.0698 46711399.131 2104.3944815 121.99950999 1168.7009454 2.911055e+18 1.9776891759e-05 1.0 
60875624.776 -7258731.4725 4221182.104 1394.5128172 -201.00864558 94.597456223 2.911055e+18 1.9776891759e-05 1.0 
-18691064.995 2333907.3734 40499869.651 -358.59399215 16.488815098 797.39871707 2.911055e+18 1.9776891759e-05 1.0 
64488804.698 -6733075.7236 -64192289.122 1614.0237934 -194.75890479 -1604.8698523 2.911055e+18 1.9776891759e-05 1.0 
31686209.236 -12177450.427 -35459413.286 647.33991255 -296.09066199 -738.26299041 2.911055e+18 1.9776891759e-05 1.0 
5367505.8934 -11792092.584 -63326777.041 117.62079011 -311.80862054 -1471.2140199 2.911055e+18 1.9776891759e-05 1.0 
-28388972.209 7052043.812 -92293493.54 -718.50684692 158.13689869 -2330.7952195 2.909219e+18 1.976441849e-05 1.0 
32680172.304 -17482111.631 26300000.487 652.02571556 -405.0126088 493.2357304 2.908303e+18 1.9758195442e-05 1.0 
-44746640.199 2485471.0851 85852731.731 -1129.0514665 38.315115782 2166.4348577 2.908303e+18 1.9758195442e-05 1.0 
-65300110.696 -12113069.393 70153857.697 -1644.4437854 -336.6538398 1764.4449193 2.908303e+18 1.9758195442e-05 1.0 
49421632.724 -6119164.995 18922020.725 1064.02776 -172.37508806 425.24039765 2.908303e+18 1.9758195442e-05 1.0 
-58679309.882 -35445457.311 -85848970.198 -1499.2460798 -948.1436206 -2185.9040099 2.908303e+18 1.9758195442e-05 1.0 
-8516142.5659 -11175750.652 -54696213.687 -193.81700042 -290.12730089 -1211.3285082 2.908303e+18 1.9758195442e-05 1.0 
-1865368.0976 -14113857.324 81652530.526 -31.841134243 -379.53556385 2010.1738655 2.90739e+18 1.9751992776e-05 1.0 
92625660.407 -12020339.842 67347487.338 2373.6928482 -336.77391876 1728.2722495 2.90739e+18 1.9751992776e-05 1.0 
-69606750.123 -17670590.519 37986470.306 -1707.0235991 -470.40224733 929.36103689 2.90739e+18 1.9751992776e-05 1.0 
36618448.133 -29399126.677 89340558.206 924.00050139 -783.88439995 2258.677433 2.905567e+18 1.9739607825e-05 1.0 
74221256.345 21400216.777 -94810774.507 1913.2061286 540.19197684 -2448.6000619 2.905567e+18 1.9739607825e-05 1.0 
54880710.811 -14557295.613 -35089296.805 1294.5829127 -379.87267333 -809.56430078 2.905567e+18 1.9739607825e-05 1.0 
-25461732.496 -27815637.198 -69873116.222 -626.5957801 -726.23462425 -1698.5036523 2.905567e+18 1.9739607825e-05 1.0 
5078747.2767 -23869581.169 97277603.082 126.7049101 -640.67162489 2457.2522632 2.903751e+18 1.972727043e-05 1.0 
32884955.127 -21959493.8 38104294.297 701.87071569 -537.54901568 835.2260622 2.903751e+18 1.972727043e-05 1.0 
-48851568.784 -8471015.0651 87946752.466 -1236.7027052 -243.28148773 2223.8035903 2.903751e+18 1.972727043e-05 1.0 
21451130.105 -6309701.0442 132691992.95 551.6492575 -189.15126044 3444.0018873 2.903751e+18 1.972727043e-05 1.0 
63435936.375 -18306145.908 78866643.59 1605.1975655 -499.14198999 2004.0510989 2.903751e+18 1.972727043e-05 1.0 
51457758.71 -18835463.228 11308935.548 1129.7686003 -466.95295905 246.60789197 2.903751e+18 1.972727043e-05 1.0 
-57207615.005 1588869.4831 62402521.665 -1407.2172884 12.975063098 1551.3922619 2.903751e+18 1.972727043e-05 1.0 
58517760.821 -8237848.0377 -1013319.272 1321.1593166 -223.4644797 -11.698512149 2.903751e+18 1.972727043e-05 1.0 
-62111652.309 -25620663.482 25392686.984 -1479.1151403 -663.13365254 609.2957825 2.903751e+18 1.972727043e-05 1.0 
100512281.48 11941764.683 61718870.915 2591.6206441 292.10537357 1583.5831799 2.902845e+18 1.972111532e-05 1.0 
49781725.877 -13938933.072 -23913707.788 1106.1363841 -348.91682405 -525.0362588 2.902845e+18 1.972111532e-05 1.0 
-5081078.6612 -11916141.654 -78394208.208 -133.06945387 -325.23377503 -1913.4005461 2.902845e+18 1.972111532e-05 1.0 
-17545432.824 -17348004.981 -49118701.57 -372.38010515 -428.04017694 -1073.7906197 2.902845e+18 1.972111532e-05 1.0 
54854641.707 1084466.9003 95198419.821 1401.0635631 4.9991264562 2436.9416052 2.901941e+18 1.9714973798e-05 1.0 
40163919.039 -22185717.038 -77867363.763 998.27254291 -590.9136239 -1941.5041163 2.901941e+18 1.9714973798e-05 1.0 
-37723785.9 -15681384.289 101075977.12 -962.14027897 -429.67765928 2576.3448975 2.901039e+18 1.9708845862e-05 1.0 
-44196994.955 -8099435.7446 82642232.606 -1104.6505175 -233.17851362 2075.2383093 2.901039e+18 1.9708845862e-05 1.0 
37509117.149 -9775723.4074 8044808.8521 659.10207353 -225.27693345 123.3455539 2.901039e+18 1.9708845862e-05 1.0 
-58467456.37 3350425.6971 43452300.53 -1416.7622854 55.538975491 1036.9547797 2.901039e+18 1.9708845862e-05 1.0 
-82313410.708 -4122078.0373 64346986.426 -2088.2573788 -130.03147046 1638.0792591 2.901039e+18 1.9708845862e-05 1.0 
76726161.294 -3558750.2541 -3028933.6859 1865.718323 -114.07727469 -75.744949827 2.901039e+18 1.9708845862e-05 1.0 
64380202.786 -7436293.9557 -17994821.273 1513.6906943 -206.08149038 -430.64117642 2.901039e+18 1.9708845862e-05 1.0 
-108554240.85 -19323080.227 -32073560.408 -2779.154839 -527.83020585 -827.21846369 2.901039e+18 1.9708845862e-05 1.0 
41538223.252 -12783598.611 -46905276.359 963.76748002 -332.38966799 -1084.1447943 2.901039e+18 1.9708845862e-05 1.0 
-35891835.13 7239208.0215 -62395888.123 -857.16102558 151.86843522 -1504.1062143 2.901039e+18 1.9708845862e-05 1.0 
28183118.009 -29986024.521 50184689.62 637.96833613 -757.04471897 1163.8640871 2.900138e+18 1.9702724721e-05 1.0 
-26049141.185 4788419.2059 61842654.931 -614.00961314 91.001310778 1458.949774 2.900138e+18 1.9702724721e-05 1.0 
-58621615.898 -15120531.351 66536490.072 -1456.5094211 -410.99452256 1662.3590286 2.900138e+18 1.9702724721e-05 1.0 
102283106.07 -5164146.7339 27285416.652 2606.6040034 -159.21798647 705.0419721 2.900138e+18 1.9702724721e-05 1.0 
71581319.818 -12329337.926 -27854929.303 1740.7259353 -333.11936435 -673.05385485 2.900138e+18 1.9702724721e-05 1.0 
101349008.94 -15250470.294 -50590872.195 2595.2423425 -420.95191897 -1294.7098719 2.900138e+18 1.9702724721e-05 1.0 
-80744196.509 -6458979.278 -356991.89243 -1982.3313796 -189.39791913 -8.2737872489 2.900138e+18 1.9702724721e-05 1.0 
-141659909.81 6556097.8251 9869670.9993 -3683.6986099 152.05514981 258.02447888 2.900138e+18 1.9702724721e-05 1.0 
94145691.682 30006677.113 -78824672.038 2428.1334116 765.89866143 -2037.2555727 2.900138e+18 1.9702724721e-05 1.0 
118947396.93 -3139826.1695 -72443112.355 3091.2293579 -103.70814653 -1877.4550749 2.900138e+18 1.9702724721e-05 1.0 
-58149331.046 -15361280.805 -42192765.932 -1398.8184109 -406.96824835 -1009.1653364 2.900138e+18 1.9702724721e-05 1.0 
-59605250.757 -19330321.756 -43555837.562 -1437.7519274 -506.19258523 -1058.5835012 2.900138e+18 1.9702724721e-05 1.0 
16935533.097 -14760659.747 94536490.158 420.4966489 -406.83937336 2384.6146095 2.899238e+18 1.9696610373e-05 1.0 
44985767.658 -17719837.367 -96291626.029 1144.6853605 -482.96518426 -2451.9566526 2.899238e+18 1.9696610373e-05 1.0 
62601998.699 -28131697.403 -84338548.135 1598.1238406 -754.29803145 -2145.7225462 2.899238e+18 1.9696610373e-05 1.0 
-89165824.064 -15530958.786 -18862001.879 -2235.8261662 -427.07094988 -465.8567515 2.89834e+18 1.9690509613e-05 1.0 
-82766528.48 -3697079.1493 -8837218.2187 -2040.5908824 -116.71691991 -213.04073952 2.89834e+18 1.9690509613e-05 1.0 
59039245.972 -3471220.5162 -65724247.96 1477.6537035 -112.09214528 -1629.9937115 2.89834e+18 1.9690509613e-05 1.0 
76038665.937 -25156500.261 -92015551.426 1955.1384618 -682.12100599 -2370.6559443 2.89834e+18 1.9690509613e-05 1.0 
79851540.293 19692539.392 91607190.041 2068.1290155 495.95765874 2364.9323479 2.898156e+18 1.9689259568e-05 1.0 
36656720.984 8536836.9305 13905628.722 665.73800461 141.1115493 241.11134014 2.898156e+18 1.9689259568e-05 1.0 
94872028.086 10042847.892 85879840.031 2457.4599049 244.55598489 2229.4368467 2.898156e+18 1.9689259568e-05 1.0 
69405126.833 2386807.7941 -22486450.654 1668.8520157 31.893772686 -546.09874739 2.898156e+18 1.9689259568e-05 1.0 
17436212.023 5795758.3825 -41172386.279 345.23113177 89.275862217 -816.53782089 2.898156e+18 1.9689259568e-05 1.0 
31266108.535 -6393630.5416 -42490666.279 685.17314184 -178.32569328 -913.11580056 2.897213e+18 1.9682853091e-05 1.0 
-8325018.2778 -32942403.792 108627760.89 -213.16228018 -880.56320742 2775.3320536 2.896549e+18 1.9678342061e-05 1.0 
-61664234.671 -17304721.658 26972384.827 -1459.2796094 -448.41727288 635.89140052 2.896549e+18 1.9678342061e-05 1.0 
95187389.106 6970384.7823 -25531868.875 2406.7971461 154.56585092 -640.91545583 2.896273e+18 1.9676466994e-05 1.0 
-19904379.411 18697166.489 -54115682.757 -443.79588752 424.87555457 -1246.7703874 2.896273e+18 1.9676466994e-05 1.0 
7009390.8675 1689531.135 41328976.855 132.24866219 -0.44128124339 776.09303107 2.895335e+18 1.9670094485e-05 1.0 
-13588077.984 8722596.5338 48200825.826 -283.26604533 168.87068882 1031.321269 2.895335e+18 1.9670094485e-05 1.0 
25396125.004 -606450.93644 60006607.312 600.17914183 -42.973694012 1400.1851811 2.895335e+18 1.9670094485e-05 1.0 
-93811242.295 22262430.333 13696048.534 -2366.5694281 549.36485219 351.85111093 2.895335e+18 1.9670094485e-05 1.0 
39433296.872 275109.96812 15355344.244 744.5786882 -40.456616435 272.87455886 2.895335e+18 1.9670094485e-05 1.0 
48845473.171 5670726.1954 30448423.135 1104.4629155 96.897493035 678.46061368 2.895335e+18 1.9670094485e-05 1.0 
-42261549.977 2965438.497 -2510687.4296 -798.62517326 14.437119092 -45.122094172 2.895335e+18 1.9670094485e-05 1.0 
-110509928.98 2670889.7571 11106456.204 -2825.7033466 45.875139481 289.39551535 2.895335e+18 1.9670094485e-05 1.0 
-81558052.971 8266941.6927 -16850253.12 -2013.5723243 181.53626077 -422.88943308 2.895335e+18 1.9670094485e-05 1.0 
-34504635.138 3293792.3663 -34991541.543 -725.18112653 36.115364623 -728.55927633 2.895335e+18 1.9670094485e-05 1.0 
-35040365.207 12177413.151 -62956439.406 -843.84399905 283.07577723 -1529.1228239 2.895335e+18 1.9670094485e-05 1.0 
-35384661.767 -1283491.0302 -65160346.199 -856.28441701 -59.064432506 -1572.7497071 2.895335e+18 1.9670094485e-05 1.0 
-7828446.9252 -24586799.004 55610886.55 -185.39798281 -615.28331998 1260.5333775 2.894764e+18 1.9666215271e-05 1.0 
10616951.862 -22308330.587 91313054.802 261.02223222 -596.53902958 2289.7124953 2.894764e+18 1.9666215271e-05 1.0 
-20382427.446 15051110.234 84103175.495 -523.0658749 363.8668331 2092.1924867 2.894764e+18 1.9666215271e-05 1.0 
-47457757.832 -23192707.616 29089147.538 -1074.9779597 -577.73093008 654.36062997 2.894764e+18 1.9666215271e-05 1.0 
-64784692.243 12561532.846 8653248.1206 -1524.4395817 280.47138088 209.77847056 2.894764e+18 1.9666215271e-05 1.0 
-112684649.49 -14605872.297 15631669.592 -2885.6993657 -404.82621949 404.36424403 2.894764e+18 1.9666215271e-05 1.0 
92997980.615 -3052238.3658 -80974162.991 2396.8604281 -101.28705282 -2092.4567747 2.894764e+18 1.9666215271e-05 1.0 
103161189.93 -9821515.9081 -99402435.617 2676.3079628 -280.89941292 -2591.8044358 2.894764e+18 1.9666215271e-05 1.0 
-111864092.58 2529213.4979 -24312127.312 -2863.4387585 46.163175017 -638.44487244 2.894764e+18 1.9666215271e-05 1.0 
66756931.94230839 -29743071.404978886 -47280904.9998837 1656.4191445596946 -781.3210837811993 -1164.528705663145 5.773729e+18 3.9225096564000006e-05 1.0 
-77374728.196 -14709138.342 -92479450.487 -1989.9150873 -409.97118146 -2381.7977128 2.894764e+18 1.9666215271e-05 1.0 
-81677617.448 -32102865.705 -36126178.719 -2051.6189219 -852.63567737 -899.69012792 2.894764e+18 1.9666215271e-05 1.0 
-29899109.984 -15219922.715 -89035886.619 -749.06749796 -415.10495459 -2237.8436137 2.894764e+18 1.9666215271e-05 1.0 
-48121221.073 -6658702.0773 -98815772.274 -1229.0173365 -195.99276792 -2523.7350223 2.894764e+18 1.9666215271e-05 1.0 
-16995167.645 -14553880.354 -78758452.421 -417.92958547 -391.52963131 -1932.2331518 2.894764e+18 1.9666215271e-05 1.0 
-1105281.2828 -17879781.322 -43753199.425 -30.032146406 -417.75532603 -877.21400245 2.894764e+18 1.9666215271e-05 1.0 
50565660.174 4153607.3398 22642055.572 1124.3536339 70.804518206 512.19718813 2.894401e+18 1.9663749151e-05 1.0 
47207117.773 -4642322.7572 -30345866.466 1053.5685417 -138.67605236 -664.13388681 2.894401e+18 1.9663749151e-05 1.0 
4243162.4304 17047797.465 87860744.693 109.31056471 411.71507977 2194.661289 2.89347e+18 1.9657424198e-05 1.0 
-68172080.946 4701506.9409 -35100551.817 -1658.6782641 90.557757701 -855.64248703 2.89347e+18 1.9657424198e-05 1.0 
108347838.84 8953963.5291 -16254983.506 2774.0409088 210.33680844 -408.13251068 2.89347e+18 1.9657424198e-05 1.0 
78063323.648 -1673323.8729 -25944981.403 1922.0142982 -69.742194286 -633.19977875 2.89347e+18 1.9657424198e-05 1.0 
-23895660.538 -1242414.5195 -53052596.416 -530.77436598 -63.522028826 -1202.5694736 2.89347e+18 1.9657424198e-05 1.0 
-22980077.136 5945422.1102 -44092896.085 -488.29594608 97.00433927 -927.82474012 2.89347e+18 1.9657424198e-05 1.0 
42744798.373 9559174.4856 -55645275.977 1027.3484633 207.84395032 -1327.1080656 2.89347e+18 1.9657424198e-05 1.0 
-34375877.091 -8045084.868 107205265.64 -883.66955513 -233.05122733 2739.7271621 2.892986e+18 1.9654136038e-05 1.0 
89524923.157 -24896161.884 48120505.678 2268.6945292 -669.61406061 1224.6652805 2.892986e+18 1.9654136038e-05 1.0 
-55768585.017 4619514.8282 46785046.343 -1355.8849824 88.26067664 1111.6446801 2.892986e+18 1.9654136038e-05 1.0 
-111326335.11 -13890473.997 60863977.025 -2877.5327628 -387.07128038 1566.5489464 2.892986e+18 1.9654136038e-05 1.0 
65719903.13 8813111.2226 7347584.9447 1545.1743692 188.04738548 177.20295204 2.892986e+18 1.9654136038e-05 1.0 
85538946.215 -26131711.555 63550311.678 2179.6310771 -702.26203041 1622.2060831 2.892098e+18 1.9648103214e-05 1.0 
82658442.517 20136167.653 -69173176.036 2104.9843735 503.42651787 -1778.3190857 2.892098e+18 1.9648103214e-05 1.0 
109027297.56 -18991329.742 -56731259.454 2808.6646765 -518.77976067 -1460.54069 2.892098e+18 1.9648103214e-05 1.0 
-77403942.882 -5997468.5349 -8840753.293 -1888.5595849 -178.64925473 -217.21770841 2.892098e+18 1.9648103214e-05 1.0 
-154457789.06 -13024703.606 2717625.2686 -4033.9959333 -367.23430499 74.375846533 2.892098e+18 1.9648103214e-05 1.0 
-2666594.7901 -23941257.178 -50498376.778 -59.400553045 -586.82182472 -1102.5719236 2.892098e+18 1.9648103214e-05 1.0 
-22751556.947 -3061234.7212 93466153.759 -574.16130496 -103.27403273 2356.0326461 2.891616e+18 1.9644828641e-05 1.0 
-66478898.521 8484605.7193 26179102.149 -1597.5437062 182.58026633 629.13269674 2.891616e+18 1.9644828641e-05 1.0 
64916655.603 5669910.6414 6723196.7937 1524.0360006 105.14140769 137.79656036 2.891616e+18 1.9644828641e-05 1.0 
44965011.253 -1651000.2882 -113996127.54 1157.7775943 -64.563835472 -2937.8972731 2.891213e+18 1.9642090772e-05 1.0 
56277702.613 -28603724.531 -79537475.89 1422.4605584 -762.85002851 -2012.7870889 2.891213e+18 1.9642090772e-05 1.0 
48664941.699 -20879991.784 88415876.995 1233.8332029 -562.97544919 2238.4686947 2.890329e+18 1.9636085124e-05 1.0 
-115557014.85 -24823708.42 -10765968.061 -2967.764932 -673.11012419 -274.27687689 2.890329e+18 1.9636085124e-05 1.0 
42232830.008 3321212.642 -94957476.184 1061.0551147 63.944907286 -2419.4029012 2.890329e+18 1.9636085124e-05 1.0 
75183125.135 -19761700.641 -77371500.344 1918.3042971 -537.9013871 -1971.1351813 2.890329e+18 1.9636085124e-05 1.0 
-80201776.409 6429619.4273 9203198.1811 -1969.4343247 132.78965279 221.80520736 2.889774e+18 1.963231461e-05 1.0 
61429462.822 15556327.547 64224568.927 1534.7374108 371.02678649 1608.0305194 2.889774e+18 1.963231461e-05 1.0 
-107437817.18 22451953.065 -12750883.628 -2744.7848591 564.93475055 -331.58681904 2.889774e+18 1.963231461e-05 1.0 
-44553063.223 6105569.1811 -36459233.212 -1005.5022647 111.4463353 -821.02685993 2.889774e+18 1.963231461e-05 1.0 
27151827.887 2298169.4368 -46504136.011 596.6536788 16.657514634 -1014.686434 2.889774e+18 1.963231461e-05 1.0 
100660544.61 -20607281.91 15771647.181 2551.977284 -558.84491639 393.78954508 2.889446e+18 1.963008627e-05 1.0 
71580514.249 -19063385.865 23448346.991 1733.5998453 -503.15708892 579.94930824 2.889446e+18 1.963008627e-05 1.0 
113289596.71 -26365123.246 7437213.4722 2899.1865997 -709.95308331 192.96076681 2.889446e+18 1.963008627e-05 1.0 
107860499.28 -23302110.057 -16229540.365 2749.8607494 -628.77235031 -422.86801414 2.889446e+18 1.963008627e-05 1.0 
-14932901.602 -21446564.499 -113606499.21 -387.46637745 -582.73157249 -2910.2289465 2.889446e+18 1.963008627e-05 1.0 
-27627358.408 -33753578.843 -105437955.5 -699.60652275 -904.10424637 -2697.1710907 2.889446e+18 1.963008627e-05 1.0 
116035411.72 -14871282.783 99136929.695 3027.9725017 -416.20030994 2582.0355367 2.888565e+18 1.9624101003e-05 1.0 
40045094.911 -5912728.8852 -17641278.8 772.80378544 -151.8508652 -342.19718166 2.888565e+18 1.9624101003e-05 1.0 
-46751065.875 -8191535.0906 -6933619.5606 -954.46076734 -208.82985356 -140.73220084 2.888565e+18 1.9624101003e-05 1.0 
48305253.39 20377646.442 41023201.643 1144.5437666 474.3490557 955.06774568 2.887943e+18 1.9619875309e-05 1.0 
26103183.454 18349064.488 109152194.32 663.03660513 457.4332591 2800.7494828 2.887943e+18 1.9619875309e-05 1.0 
9541991.8369 4960273.8822 68481885.742 230.30308201 96.032303558 1628.3564305 2.887943e+18 1.9619875309e-05 1.0 
-68289824.685 20375407.73 73909175.206 -1735.160309 504.97555983 1873.4109831 2.887943e+18 1.9619875309e-05 1.0 
-72400632.243 6098645.6321 44010349.062 -1796.8028492 128.04429311 1082.7410992 2.887943e+18 1.9619875309e-05 1.0 
102972998.35 26896329.595 38284525.535 2639.7703933 679.33227564 976.07029376 2.887943e+18 1.9619875309e-05 1.0 
110141387.27 16971438.118 40777372.476 2835.2962903 420.99734047 1040.7172423 2.887943e+18 1.9619875309e-05 1.0 
-53332369.312 5247642.0517 -17353655.791 -1185.731011 85.546852984 -386.98118688 2.887943e+18 1.9619875309e-05 1.0 
-109012311.73 15276429.151 -26841728.867 -2793.6242249 377.31381556 -688.9209861 2.887943e+18 1.9619875309e-05 1.0 
36915805.514 -3134808.4643 -24085044.522 723.08702079 -113.94801386 -462.92985277 2.887943e+18 1.9619875309e-05 1.0 
26669836.804 27205172.744 -107234055.78 686.70327855 688.42625287 -2746.6340808 2.887943e+18 1.9619875309e-05 1.0 
-25780690.934 4572219.803 81822037.848 -637.45541913 92.065668611 2030.8304089 2.886806e+18 1.961215085e-05 1.0 
-78632602.224 -13997373.912 76591612.124 -2005.6008653 -387.40279269 1959.0514949 2.886806e+18 1.961215085e-05 1.0 
117647807.26 -10665512.019 34954646.296 3036.4219411 -301.10783917 893.65942518 2.886806e+18 1.961215085e-05 1.0 
11764084.593 831423.50598 -66545409.003 285.50591215 -5.1335801019 -1570.5930252 2.886124e+18 1.9607517533e-05 1.0 
-114771980.01 -6285074.0816 -47550015.441 -2956.8634154 -186.17296084 -1228.3529177 2.885929e+18 1.9606192757e-05 1.0 
-131154972.84 5488488.3027 -46268843.63 -3403.3224685 122.86390822 -1206.0284821 2.885929e+18 1.9606192757e-05 1.0 
18405044.674 14554160.177 65424594.529 439.40673194 331.61093492 1558.1798954 2.885218e+18 1.9601362423e-05 1.0 
-25634962.561 8964496.0076 90055319.046 -646.23879278 203.72397365 2261.7647573 2.885218e+18 1.9601362423e-05 1.0 
-69812867.105 22283353.842 31842454.608 -1713.1756011 534.93767174 773.76627712 2.885218e+18 1.9601362423e-05 1.0 
-37872925.965 5668899.3036 -24846336.424 -751.43753818 81.592290764 -502.2634803 2.885218e+18 1.9601362423e-05 1.0 
-50604563.633 -1196964.1516 -33752342.381 -1156.0865726 -59.379887762 -774.48413313 2.885218e+18 1.9601362423e-05 1.0 
52818490.71 13007334.422 -1493467.3666 1161.0491645 266.6853811 -14.940777908 2.885218e+18 1.9601362423e-05 1.0 
97145858.459 22978278.252 -50690264.47 2484.5461843 574.44344638 -1300.2133217 2.885218e+18 1.9601362423e-05 1.0 
-27210981.526 29879391.981 -75957718.737 -674.71059282 739.77349002 -1883.87125 2.885218e+18 1.9601362423e-05 1.0 
52558836.977 17758590.845 -49586656.263 1267.5910315 415.44348029 -1202.8542178 2.885218e+18 1.9601362423e-05 1.0 
36206487.146 15460728.014 -112385034.02 930.21094662 380.58860821 -2888.5247055 2.885218e+18 1.9601362423e-05 1.0 
7143283.7728 7974065.3292 -80219559.489 179.09098769 174.28663837 -1969.6440696 2.885218e+18 1.9601362423e-05 1.0 
29190194.055 18813235.166 55741538.182 679.40360488 434.0462206 1308.2435259 2.884316e+18 1.9595234488e-05 1.0 
86255229.028 -6868884.2022 89331072.365 2221.9382361 -203.71213235 2311.9166288 2.884316e+18 1.9595234488e-05 1.0 
22940984.768 8389109.6933 -57483287.659 530.07799663 171.55701632 -1327.9893583 2.884316e+18 1.9595234488e-05 1.0 
-7016763.1435 -17883311.066 62538893.655 -173.43164422 -457.83154563 1453.6133437 2.88418e+18 1.9594310542e-05 1.0 
2127296.1308 -21994991.597 86356787.57 53.449770621 -583.80017296 2146.3021186 2.88418e+18 1.9594310542e-05 1.0 
25705855.581 -28071503.644 87001768.024 639.8154843 -745.37429695 2182.8450125 2.88418e+18 1.9594310542e-05 1.0 
44901044.01 -25167331.885 61411485.306 1101.5726064 -659.30981216 1494.5543773 2.88418e+18 1.9594310542e-05 1.0 
65698688.058 -34855623.177 68941265.079 1656.5330999 -924.01857067 1746.5280033 2.88418e+18 1.9594310542e-05 1.0 
-15261266.369 -45728163.769 93361761.291 -383.10747516 -1209.0195344 2364.0144768 2.88418e+18 1.9594310542e-05 1.0 
-19683300.569 -40343797.094 64095758.9 -475.0193552 -1038.8918737 1546.3193732 2.88418e+18 1.9594310542e-05 1.0 
55471230.252 14810842.333 115784631.59 1436.7318834 366.75689691 2995.2596655 2.88418e+18 1.9594310542e-05 1.0 
150748246.37 -23275208.682 42776723.071 3929.6915987 -635.665122 1114.4202158 2.88418e+18 1.9594310542e-05 1.0 
64686096.373 -27950763.896 1930234.0824 1530.0748647 -717.31868467 41.234647041 2.88418e+18 1.9594310542e-05 1.0 
55492027.751 6296825.0887 84783112.206 1394.3174963 141.34489017 2165.3830213 2.88418e+18 1.9594310542e-05 1.0 
109488267.06 -27677788.93 18211231.407 2797.9790082 -744.20555301 468.85481211 2.88418e+18 1.9594310542e-05 1.0 
75128628.201 -16706925.275 -9477357.6003 1821.147958 -441.86961865 -233.17745752 2.88418e+18 1.9594310542e-05 1.0 
-82320315.192 -1565536.9808 26423481.495 -2043.0137066 -64.563332481 660.60065249 2.88418e+18 1.9594310542e-05 1.0 
-96211229.167 -1318821.0958 32135452.546 -2433.3988852 -55.952970164 818.41859233 2.88418e+18 1.9594310542e-05 1.0 
-102386606.78 -16742859.884 16180527.726 -2600.7109243 -458.44529374 408.36439314 2.88418e+18 1.9594310542e-05 1.0 
59188255.191 -12116180.203 -38725128.364 1415.2215433 -329.80429718 -924.3726816 2.88418e+18 1.9594310542e-05 1.0 
75431725.149 -28666130.005 -65129130.379 1906.3231939 -763.84200661 -1655.4969942 2.88418e+18 1.9594310542e-05 1.0 
-145763645.65 -31042797.703 -4243205.5298 -3792.4387004 -842.49863788 -111.68292079 2.88418e+18 1.9594310542e-05 1.0 
-88220614.439 7419006.4693 -119375918.63 -2297.2024551 174.38356187 -3109.9611629 2.88418e+18 1.9594310542e-05 1.0 
-51448312.219 -28154554.229 -15618309.489 -1162.2621535 -699.67526024 -339.41536043 2.88418e+18 1.9594310542e-05 1.0 
-77813523.228 -18210315.949 -73324493.354 -1981.9661493 -496.1080992 -1866.5261008 2.88418e+18 1.9594310542e-05 1.0 
-76258483.823 -34024990.321 -60789966.553 -1929.75466 -907.90206051 -1537.5726773 2.88418e+18 1.9594310542e-05 1.0 
4984696.1637 -29381957.19 -92391465.238 121.36090724 -781.62710507 -2322.3465204 2.88418e+18 1.9594310542e-05 1.0 
26551247.209 -25046779.661 -75465842.885 663.456466 -659.12498752 -1853.50294 2.88418e+18 1.9594310542e-05 1.0 
-35847572.85 -26439881.769 -53333574.224 -839.45344876 -677.43644218 -1262.9168692 2.88418e+18 1.9594310542e-05 1.0 
-3552556.1901 -22535897.781 -84735420.339 -80.01561745 -599.05047755 -2101.6494523 2.88418e+18 1.9594310542e-05 1.0 
12519953.666 2559802.9368 40302351.548 219.71046848 6.8744703604 765.02264898 2.883415e+18 1.9589113346e-05 1.0 
97396643.661 10838707.649 35520435.305 2477.5086866 261.37827178 900.36516421 2.883415e+18 1.9589113346e-05 1.0 
21596183.919 2050251.5232 -80439513.151 530.57630505 26.888516872 -1987.9928782 2.883415e+18 1.9589113346e-05 1.0 
-13521608.712 -3945598.9673 -119173149.94 -351.58582837 -126.69753676 -3068.7341004 2.883415e+18 1.9589113346e-05 1.0 
54117541.536 21340965.112 72088614.456 1358.1298428 521.98330389 1804.0985193 2.882518e+18 1.9583019379e-05 1.0 
-65178607.955 18842405.842 72904256.88 -1662.3921675 466.58627752 1839.1511907 2.882518e+18 1.9583019379e-05 1.0 
-92434152.996 11592457.81 62012976.031 -2360.9048557 277.83563257 1591.5079434 2.882518e+18 1.9583019379e-05 1.0 
91320456.488 20909343.09 28118922.62 2307.4628762 513.87669619 706.24284818 2.882518e+18 1.9583019379e-05 1.0 
91434822.244 17795641.39 51772893.56 2329.5555323 436.45098318 1318.9822838 2.882518e+18 1.9583019379e-05 1.0 
-24878692.555 -37453792.113 93619489.887 -625.12960966 -993.55541626 2370.0577408 2.882436e+18 1.9582462294e-05 1.0 
16111485.881 -20608318.8 135654454.69 411.20021183 -564.17296834 3517.1251834 2.882436e+18 1.9582462294e-05 1.0 
70542594.396 -30257824.356 87619312.491 1804.0547556 -811.68688887 2244.9814492 2.882436e+18 1.9582462294e-05 1.0 
-118910575.51 4353719.4603 61172867.759 -3078.8242359 91.699567404 1585.8556117 2.882436e+18 1.9582462294e-05 1.0 
-46828990.556 -25804256.958 14464438.683 -1015.1807065 -629.30652427 311.58914426 2.882436e+18 1.9582462294e-05 1.0 
106812753.69 2793109.1185 -37248667.605 2733.7718791 51.006141651 -950.87550914 2.882436e+18 1.9582462294e-05 1.0 
-112497475.99 -8087642.7937 -71477170.563 -2912.1900553 -236.09607434 -1852.7668552 2.882436e+18 1.9582462294e-05 1.0 
-99222254.524 -18282159.601 -59490760.128 -2538.1911517 -498.53869006 -1529.8475512 2.882436e+18 1.9582462294e-05 1.0 
-29739626.146 -3795771.548 -70298422.131 -723.05249061 -121.39839137 -1706.258972 2.882436e+18 1.9582462294e-05 1.0 
-10436841.126 7545221.3237 -78223389.125 -263.6868614 165.69225206 -1913.6820661 2.882436e+18 1.9582462294e-05 1.0 
57347236.821 -5766373.3264 -141384090.02 1494.4253398 -174.78111737 -3686.7652133 2.882436e+18 1.9582462294e-05 1.0 
64790105.624 -15683816.823 -105999588.06 1675.7227235 -434.30936433 -2727.122916 2.882436e+18 1.9582462294e-05 1.0 
-18859659.043 -18148426.215 -31897890.072 -327.8985179 -395.59819337 -573.36938343 2.882436e+18 1.9582462294e-05 1.0 
-4783754.2929 -18159367.348 -34801842.636 -88.089601016 -384.99382665 -591.16057747 2.882436e+18 1.9582462294e-05 1.0 
7015836.229 24186307.2 122973909.04 175.35210983 612.85415444 3175.9652384 2.880731e+18 1.9570879002e-05 1.0 
-52061313.611 15659162.347 1474590.549 -1143.5786206 331.23985043 11.514060974 2.880731e+18 1.9570879002e-05 1.0 
-83436347.847 1870848.8662 -22381626.813 -2076.1551857 22.40690872 -545.57025358 2.880731e+18 1.9570879002e-05 1.0 
85277045.862 7096654.0156 -63463379.407 2177.6028693 158.48135997 -1609.3357907 2.880731e+18 1.9570879002e-05 1.0 
-41662436.157 40717748.005 -101911158.56 -1070.6622948 1043.4436198 -2615.2544601 2.880731e+18 1.9570879002e-05 1.0 
-817908.16921 -6352181.9889 135447626.66 -18.270466234 -188.19607853 3509.954834 2.880698e+18 1.957065481e-05 1.0 
-76376093.647 -32346081.467 18606043.488 -1883.6572669 -846.24841948 444.08761903 2.880698e+18 1.957065481e-05 1.0 
-111167754.8 14805881.863 -49545179.842 -2865.596645 365.57309756 -1271.6586963 2.880698e+18 1.957065481e-05 1.0 
-139940961.82 -8550961.8657 -17626079.318 -3635.4468638 -247.91395648 -449.82343851 2.880698e+18 1.957065481e-05 1.0 
-21744167.715 -12360052.788 111548994.0 -553.99291641 -344.94616527 2853.9063701 2.879831e+18 1.9564764655e-05 1.0 
-44441476.281 -22069082.17 86552905.791 -1126.6269984 -591.89979699 2183.3223137 2.879831e+18 1.9564764655e-05 1.0 
52568337.977 -21131668.236 14268648.679 1178.8411788 -524.71804044 299.13730987 2.879831e+18 1.9564764655e-05 1.0 
-39646309.488 -6822389.9568 146587699.01 -1040.6517333 -202.33231151 3817.4826906 2.879831e+18 1.9564764655e-05 1.0 
-51974223.06 -16269222.023 56899076.015 -1269.8487407 -431.36248423 1382.4233582 2.879831e+18 1.9564764655e-05 1.0 
124865658.08 -16518774.717 72924876.618 3245.1656178 -456.96255051 1894.1060691 2.879831e+18 1.9564764655e-05 1.0 
-91828314.234 -18534627.645 53184856.056 -2336.3309541 -505.25726214 1353.5489754 2.879831e+18 1.9564764655e-05 1.0 
110339944.33 -20032466.581 11613785.303 2822.6209761 -549.30246598 296.27369518 2.879831e+18 1.9564764655e-05 1.0 
-114111760.77 2784662.3583 55266899.77 -2950.8561156 51.344897177 1428.6726022 2.879831e+18 1.9564764655e-05 1.0 
-130727605.31 -22770506.973 49830310.68 -3391.3450697 -621.96179742 1289.3985732 2.879831e+18 1.9564764655e-05 1.0 
89699661.895 -15308644.041 -14472383.081 2245.1566897 -415.67463008 -347.08518226 2.879831e+18 1.9564764655e-05 1.0 
116038122.29 -5340151.4845 -60154510.223 2997.6025542 -164.37911803 -1562.3871054 2.879831e+18 1.9564764655e-05 1.0 
-37413294.46 -27545040.585 -55115019.999 -895.28259786 -704.93863501 -1307.3248623 2.879831e+18 1.9564764655e-05 1.0 
-4397303.2787 -23630376.773 -51321370.796 -88.272188928 -580.08110826 -1126.9691197 2.879831e+18 1.9564764655e-05 1.0 
49989002.926 -34078922.802 48640722.594 1216.3374327 -882.76009708 1168.3932228 2.878965e+18 1.9558881293e-05 1.0 
-29698306.628 -31011636.282 99450827.249 -765.01950964 -827.36737473 2526.6214108 2.878965e+18 1.9558881293e-05 1.0 
-19024396.346 -17179008.564 42653906.048 -397.18097967 -408.16065038 880.34433427 2.878965e+18 1.9558881293e-05 1.0 
73868205.221 -26424279.673 58011163.122 1858.8847862 -705.22990745 1456.3368208 2.878965e+18 1.9558881293e-05 1.0 
86234071.641 1443174.3187 90881826.63 2223.6940152 16.23793497 2345.163842 2.878965e+18 1.9558881293e-05 1.0 
-121200410.46 -5114793.4918 13056865.118 -3118.8603807 -155.6053452 325.27685959 2.878965e+18 1.9558881293e-05 1.0 
90543984.069 -38713716.539 -48442087.839 2305.812194 -1028.6054148 -1231.6030356 2.878965e+18 1.9558881293e-05 1.0 
-94629365.932 -11981033.14 -88941191.031 -2449.4766982 -336.4447375 -2290.7600323 2.878965e+18 1.9558881293e-05 1.0 
-83385309.625 -26406252.858 -61962897.331 -2117.4724426 -707.83393942 -1576.9126215 2.878965e+18 1.9558881293e-05 1.0 
1296301.7656 -18824734.509 -105433240.57 30.598604993 -511.89183411 -2679.7133265 2.878965e+18 1.9558881293e-05 1.0 
23814437.002 -20955117.052 -58042089.123 562.42434268 -536.4963347 -1349.6796177 2.878965e+18 1.9558881293e-05 1.0 
-56455782.445 -31741040.198 -90303170.491 -1439.7124797 -850.02936838 -2302.2898114 2.878965e+18 1.9558881293e-05 1.0 
-16493100.254 25904694.188 90218922.99 -412.89572167 642.34899907 2268.1571731 2.878954e+18 1.9558806562e-05 1.0 
-65028979.366 -3721534.1976 35770839.974 -1586.9015367 -115.4390488 845.72860342 2.878954e+18 1.9558806562e-05 1.0 
72811577.854 29971528.043 84260337.916 1864.0722309 759.36056116 2161.5428871 2.878954e+18 1.9558806562e-05 1.0 
-86199278.677 -18710799.072 21598374.115 -2149.8065403 -507.3105259 541.58626112 2.878954e+18 1.9558806562e-05 1.0 
-37209446.834 13046412.011 -49622672.875 -853.41345539 284.78533774 -1158.539587 2.878954e+18 1.9558806562e-05 1.0 
-68468705.654 -2439927.3155 -60944025.423 -1719.6277971 -86.197342644 -1518.6424929 2.878954e+18 1.9558806562e-05 1.0 
-53785969.98 15707868.113 -106607993.1 -1379.2111263 387.58373824 -2744.4778478 2.878954e+18 1.9558806562e-05 1.0 
44667716.906 12259913.324 -76332553.108 1120.4679084 285.90751284 -1901.1378755 2.878954e+18 1.9558806562e-05 1.0 
24553043.821 -6691375.8706 -110607785.74 623.03355612 -199.61533513 -2835.6947594 2.878101e+18 1.9553011519e-05 1.0 
32977599.433 -35915762.3 -57396714.861 779.59259701 -921.54586957 -1382.7170429 2.878101e+18 1.9553011519e-05 1.0 
49519112.641 -3808272.1634 120629325.73 1280.6278724 -123.17341751 3115.7119259 2.877238e+18 1.9547148539e-05 1.0 
97562177.675 10824611.707 125623646.54 2546.3287279 264.01951119 3278.7012884 2.877238e+18 1.9547148539e-05 1.0 
-112067428.91 -31665964.077 -12520563.913 -2870.8741618 -848.56340882 -322.41096067 2.877238e+18 1.9547148539e-05 1.0 
34097061.082 -15325971.918 -61867232.79 813.09182755 -409.73944257 -1482.251553 2.877238e+18 1.9547148539e-05 1.0 
79510072.247 -19717474.7 -71031031.454 2029.2304965 -534.77576114 -1805.986312 2.877238e+18 1.9547148539e-05 1.0 
-107352415.93 3441232.6301 -98701718.76 -2788.2250923 69.138518322 -2577.7167573 2.877238e+18 1.9547148539e-05 1.0 
-138038295.76 -22945238.271 -52919065.621 -3595.0182744 -627.57567471 -1377.7069844 2.877238e+18 1.9547148539e-05 1.0 
25969580.154 -12207982.118 -112239230.16 657.46527143 -340.61350511 -2876.45961 2.877238e+18 1.9547148539e-05 1.0 
58778593.343 -16033149.039 -91699299.312 1501.4832883 -439.90801779 -2336.2512337 2.877238e+18 1.9547148539e-05 1.0 
79125695.581 9426814.4285 -90879000.193 2032.8389744 222.12188402 -2342.0920376 2.877188e+18 1.9546808853e-05 1.0 
-12716753.427 21040445.491 -61982863.212 -297.170487 485.27647659 -1457.9734575 2.877188e+18 1.9546808853e-05 1.0 
52295220.32 13384498.204 -110553875.98 1343.7516067 325.4693801 -2849.3656586 2.877188e+18 1.9546808853e-05 1.0 
-5125971.5107 21759546.684 -104906560.86 -125.09783517 541.39654218 -2673.4433285 2.877188e+18 1.9546808853e-05 1.0 
-34715068.145 -5342647.245 -129202179.06 -896.5575765 -164.06832789 -3345.1679332 2.876376e+18 1.9541292353e-05 1.0 
-20005301.396 26611197.763 82144994.19 -515.6499266 655.31463598 2042.9934015 2.876309e+18 1.9540837174e-05 1.0 
-59162169.846 22737882.086 19233915.893 -1392.8423053 524.93264194 443.8149403 2.876309e+18 1.9540837174e-05 1.0 
-87576864.074 3817983.2029 33921295.41 -2199.4547646 74.670073214 851.70012102 2.876309e+18 1.9540837174e-05 1.0 
-82790939.932 24181295.379 -57561012.489 -2102.0906381 601.96965956 -1462.6525243 2.876309e+18 1.9540837174e-05 1.0 
40414853.794 -1671418.3574 -14839023.482 773.20796063 -79.116812333 -273.20783474 2.876309e+18 1.9540837174e-05 1.0 
-38797011.799 18957820.986 -58123614.654 -926.48097068 441.47076897 -1398.1056379 2.876309e+18 1.9540837174e-05 1.0 
42343737.534 18373927.691 -47567597.249 999.07834558 419.0482129 -1115.1831596 2.876309e+18 1.9540837174e-05 1.0 
109877759.22 -27243843.39 30729629.267 2818.037854 -734.15490383 780.87502854 2.875516e+18 1.9535449754e-05 1.0 
79101698.49 -18878078.785 23115359.337 1949.6472677 -502.02621825 569.7496892 2.875516e+18 1.9535449754e-05 1.0 
179070197.15 -23176719.14 -38031128.857 4691.5786746 -633.95629909 -997.76173523 2.875516e+18 1.9535449754e-05 1.0 
143161510.97 -6691163.0438 -55583969.641 3725.9472843 -199.07982106 -1454.3025662 2.875516e+18 1.9535449754e-05 1.0 
-9814721.7261 22113810.015 121001691.48 -245.48095715 556.90337772 3118.4402774 2.875432e+18 1.9534879082e-05 1.0 
-76429509.077 12400636.431 19524745.483 -1872.1694014 282.20829263 475.170861 2.875432e+18 1.9534879082e-05 1.0 
-84677767.451 -8288690.1026 -40160899.564 -2118.7517624 -236.31237783 -1019.221619 2.875432e+18 1.9534879082e-05 1.0 
121369668.05 32062648.215 -37682393.064 3144.1768367 820.91694902 -966.31729248 2.875432e+18 1.9534879082e-05 1.0 
116129399.38 21215508.813 -57162309.233 3003.83966 534.02649228 -1477.1618697 2.875432e+18 1.9534879082e-05 1.0 
32787108.012 -11632970.736 -73672750.11 804.96912882 -321.35565674 -1809.754519 2.875432e+18 1.9534879082e-05 1.0 
-28135700.297 18597613.177 -121197306.74 -723.43909226 463.94831415 -3127.5219927 2.875432e+18 1.9534879082e-05 1.0 
60093666.526 -22759935.329 105696244.4 1544.6495882 -618.52566925 2718.2319034 2.8738e+18 1.9523791731e-05 1.0 
10278947.055 2446614.8389 106834168.62 269.65817783 39.807724055 2720.4664247 2.8738e+18 1.9523791731e-05 1.0 
134184995.74 -9526680.2564 66336289.561 3486.9328785 -274.3067897 1728.3103093 2.8738e+18 1.9523791731e-05 1.0 
60618704.023 -25950257.211 -1100767.5788 1408.1571331 -658.81661293 -28.98426468 2.8738e+18 1.9523791731e-05 1.0 
-50913307.228 -21545141.13 40042962.342 -1192.6879879 -551.05778486 947.64424728 2.8738e+18 1.9523791731e-05 1.0 
77613408.073 4999797.116 24076485.949 1905.8323499 97.590679469 600.35307627 2.8738e+18 1.9523791731e-05 1.0 
66165032.391 -15620792.408 -8315460.812 1559.1662934 -406.42251475 -194.78258503 2.8738e+18 1.9523791731e-05 1.0 
47006685.275 -20537744.946 -144891015.9 1227.1109969 -562.32378631 -3771.5798211 2.8738e+18 1.9523791731e-05 1.0 
43991549.387 -30106691.409 -127080686.52 1140.9114801 -813.60956783 -3292.0267562 2.8738e+18 1.9523791731e-05 1.0 
-73123309.713 20993483.347 112196421.91 -1892.2729252 528.60655008 2910.2679595 2.873686e+18 1.9523017247e-05 1.0 
7962479.7143 35302374.517 87656329.716 197.55221337 883.88945342 2202.5020186 2.873686e+18 1.9523017247e-05 1.0 
-39692137.458 19214438.01 92590127.585 -1003.9748792 474.09084118 2352.3584681 2.873686e+18 1.9523017247e-05 1.0 
-70123406.263 23408635.579 -70929689.626 -1773.8008674 581.3245542 -1803.9841011 2.873686e+18 1.9523017247e-05 1.0 
101909500.23 -5944329.5821 -10011034.226 2583.1203466 -180.59573452 -263.98108332 2.873686e+18 1.9523017247e-05 1.0 
-3953538.6705 -23782497.724 126653761.74 -96.245864792 -643.9265098 3264.4484207 2.872089e+18 1.9512167677e-05 1.0 
-48189836.4 -19788841.465 84307081.705 -1218.2281021 -533.26224346 2127.0181828 2.872089e+18 1.9512167677e-05 1.0 
81190669.085 -26474120.476 70987165.633 2064.5181877 -710.44231765 1816.6370604 2.872089e+18 1.9512167677e-05 1.0 
-148957912.52 5907462.1445 51139247.302 -3883.2566651 134.11446999 1329.4627313 2.872089e+18 1.9512167677e-05 1.0 
127813650.94 -3004211.3069 -31614209.765 3307.3886824 -101.40260228 -815.62277352 2.872089e+18 1.9512167677e-05 1.0 
109730770.14 -21663178.769 -49083140.718 2820.9523102 -587.97663056 -1263.4357539 2.872089e+18 1.9512167677e-05 1.0 
-48054792.922 -29928433.655 -96231234.475 -1228.0604137 -801.67609373 -2455.5898974 2.872089e+18 1.9512167677e-05 1.0 
-29879953.392 -23196528.866 -77158892.79 -746.46410325 -613.73598918 -1903.1956338 2.872089e+18 1.9512167677e-05 1.0 
-15733042.502 19039972.413 67344158.373 -378.14965919 441.29179806 1614.7820287 2.871949e+18 1.9511216556e-05 1.0 
71635278.992 20758928.028 120865748.62 1860.7306907 524.2386744 3138.6838953 2.871949e+18 1.9511216556e-05 1.0 
-7142204.3529 -9691878.0746 53359166.141 -161.88436008 -261.08641058 1166.6868245 2.871949e+18 1.9511216556e-05 1.0 
-124218349.04 22631091.903 46906169.315 -3216.2503779 571.78449078 1211.0745751 2.871949e+18 1.9511216556e-05 1.0 
76200798.229 40712302.611 21320384.988 1898.2258803 1019.6150735 526.51169693 2.871949e+18 1.9511216556e-05 1.0 
77114991.299 19442373.233 65113196.492 1950.5238909 478.31419868 1660.4673314 2.871949e+18 1.9511216556e-05 1.0 
-53918106.342 15631258.286 -28441753.808 -1244.7436 345.41484727 -665.48058165 2.871949e+18 1.9511216556e-05 1.0 
-92267712.973 -25211055.621 -1091352.0116 -2317.901839 -677.02238606 -22.734819932 2.871949e+18 1.9511216556e-05 1.0 
106337600.11 18207704.315 -64434729.91 2745.6734263 453.28897226 -1663.6992 2.871949e+18 1.9511216556e-05 1.0 
-31959936.75 25648028.048 -91611302.088 -796.84072713 634.47314431 -2320.4692266 2.871949e+18 1.9511216556e-05 1.0 
59445516.12 7242146.5839 -56901323.048 1466.7860391 157.15747736 -1403.8826435 2.871949e+18 1.9511216556e-05 1.0 
-63398595.439 4746516.6352 -115014359.85 -1644.989466 99.820296155 -2972.9400043 2.871949e+18 1.9511216556e-05 1.0 
9935599.1777 -18153422.826 83933075.548 246.5816493 -481.93813215 2078.3337703 2.871235e+18 1.950636584e-05 1.0 
35257327.997 -11373475.362 133013452.01 908.61556547 -321.10176836 3448.3531577 2.871235e+18 1.950636584e-05 1.0 
-68221524.633 -8116670.6479 108169715.86 -1757.5125817 -235.30060184 2789.277295 2.871235e+18 1.950636584e-05 1.0 
-102549800.89 -13161669.447 104993657.95 -2667.5611863 -369.91156699 2728.2058789 2.871235e+18 1.950636584e-05 1.0 
-128282772.0 -28781382.522 12717898.698 -3313.0321225 -777.1936196 333.2046279 2.871235e+18 1.950636584e-05 1.0 
-16086962.804 316090.17313 -119196758.53 -410.93617275 -17.317362561 -3064.6530812 2.871235e+18 1.950636584e-05 1.0 
-26879675.94 -20268334.382 -104525394.2 -683.8129929 -549.77149604 -2661.8900467 2.871235e+18 1.950636584e-05 1.0 
-79498406.462 -2644746.522 94816775.997 -2056.9631568 -93.994635716 2433.1760994 2.871085e+18 1.9505346782e-05 1.0 
-78728742.205 21141041.123 89151353.104 -2024.7005171 529.63581792 2296.2257918 2.871085e+18 1.9505346782e-05 1.0 
51233230.627 7907708.6865 89803273.117 1308.6777165 183.72167408 2281.116851 2.871085e+18 1.9505346782e-05 1.0 
-122582406.76 20921810.385 -591919.56659 -3157.2213994 523.14262076 -10.631054159 2.871085e+18 1.9505346782e-05 1.0 
169551273.92 8272064.3005 -4966747.0651 4432.3668511 195.43331848 -129.93955862 2.871085e+18 1.9505346782e-05 1.0 
55625751.433 7029820.0736 136991173.42 1443.6943454 162.53599417 3561.9089597 2.870383e+18 1.9500577591e-05 1.0 
95455768.721 11988250.666 53078916.02 2431.176112 288.24239512 1357.5424237 2.870383e+18 1.9500577591e-05 1.0 
54111970.513 -13339439.901 13329400.085 1202.1405318 -338.0826631 296.67406862 2.870383e+18 1.9500577591e-05 1.0 
153640347.34 -16400913.885 -10481291.901 4005.6904921 -455.48537482 -267.93726557 2.870383e+18 1.9500577591e-05 1.0 
118623056.9 -22844825.128 -47930850.801 3059.66396 -621.34745625 -1243.5388165 2.870383e+18 1.9500577591e-05 1.0 
-75457344.292 13503887.473 -61264546.946 -1903.1215067 327.12891653 -1554.567455 2.870383e+18 1.9500577591e-05 1.0 
-116206417.34 -29794613.762 -14585399.809 -2983.515979 -802.73082985 -368.78798313 2.870383e+18 1.9500577591e-05 1.0 
35095356.358 29811602.193 83713398.169 885.61300849 742.99625858 2103.5544987 2.870222e+18 1.9499483802e-05 1.0 
86423786.677 6553794.1284 51195332.119 2193.0162717 146.18732743 1305.9635704 2.870222e+18 1.9499483802e-05 1.0 
-64738387.781 19310666.416 -28124234.479 -1559.7250681 453.73676609 -674.3376714 2.870222e+18 1.9499483802e-05 1.0 
83952945.112 24543723.101 -22049585.779 2099.8746742 600.22298813 -540.22966283 2.870222e+18 1.9499483802e-05 1.0 
130383601.08 -11209947.021 -69655305.207 3391.9214561 -318.73302172 -1809.4226416 2.870222e+18 1.9499483802e-05 1.0 
-28046533.505 30355323.337 -62713042.918 -676.25038908 733.66107652 -1515.9104918 2.870222e+18 1.9499483802e-05 1.0 
9586908.283 -16304300.389 84794953.56 237.7502975 -442.74746858 2098.9062914 2.868682e+18 1.9489021473e-05 1.0 
64024450.243 -23988850.172 63085276.989 1601.8070536 -635.67748734 1574.8502483 2.868682e+18 1.9489021473e-05 1.0 
1583951.8267 -29263338.923 138037494.98 45.593441911 -791.53772676 3581.4782793 2.868682e+18 1.9489021473e-05 1.0 
-19792247.754 -15565820.685 46796826.443 -420.25406257 -380.34813398 1005.9323987 2.868682e+18 1.9489021473e-05 1.0 
-59313885.846 14676550.591 137958087.05 -1540.0575327 363.31476404 3588.9767463 2.868682e+18 1.9489021473e-05 1.0 
-56987950.149 -14211345.121 100349388.11 -1452.4733186 -391.97283329 2572.1312852 2.868682e+18 1.9489021473e-05 1.0 
7518165.0735 295556.24997 135739954.96 205.87229799 -14.40538792 3524.8043437 2.868682e+18 1.9489021473e-05 1.0 
-73659438.621 -16816663.82 39506217.272 -1827.1050951 -450.30503422 961.00036043 2.868682e+18 1.9489021473e-05 1.0 
107232198.1 -18115103.714 59971749.818 2763.7563845 -497.03803522 1544.025339 2.868682e+18 1.9489021473e-05 1.0 
-85465377.127 369584.4517 92020525.947 -2205.5419134 -14.15779495 2370.6691141 2.868682e+18 1.9489021473e-05 1.0 
-120203411.51 -588312.70125 112234012.84 -3137.4592096 -37.493804006 2929.4839102 2.868682e+18 1.9489021473e-05 1.0 
-148570383.88 -9711867.8324 37231966.823 -3873.0725124 -277.5932961 969.99765544 2.868682e+18 1.9489021473e-05 1.0 
-118776497.82 -32052356.389 21204561.468 -3057.224714 -862.60821318 546.85818021 2.868682e+18 1.9489021473e-05 1.0 
71157731.847 -27927454.685 -53241677.664 1775.3553407 -738.24983205 -1333.3245872 2.868682e+18 1.9489021473e-05 1.0 
-76943966.895 -1949591.82 -117994484.91 -2001.1185533 -74.429177551 -3059.8943165 2.868682e+18 1.9489021473e-05 1.0 
25235375.062 -4531330.1747 -163194274.31 659.93927924 -142.03006518 -4259.3165921 2.868682e+18 1.9489021473e-05 1.0 
40882267.061 -28805560.671 -100378360.81 1042.2700204 -770.60292667 -2561.319392 2.868682e+18 1.9489021473e-05 1.0 
-77049467.712 -6438111.5948 -154039490.03 -2010.1251581 -192.93305156 -4030.0932003 2.868682e+18 1.9489021473e-05 1.0 
-85631540.675 -31534361.683 -40918594.21 -2162.3852822 -838.70764313 -1024.7004466 2.868682e+18 1.9489021473e-05 1.0 
-14032619.34 9875887.6493 -127555463.44 -362.70687757 237.33677219 -3292.0735005 2.868682e+18 1.9489021473e-05 1.0 
-45108617.332 -12480050.234 -117794803.52 -1157.2880854 -349.52205583 -3037.412484 2.868682e+18 1.9489021473e-05 1.0 
18532877.197 7288419.1996 106716015.73 474.72708081 166.44262166 2725.6752529 2.868505e+18 1.9487818985e-05 1.0 
-114325593.75 20401435.497 24753517.857 -2934.5308302 509.56334848 640.85002385 2.868505e+18 1.9487818985e-05 1.0 
-141428497.63 -5769574.8724 56560005.551 -3687.6258877 -174.29793132 1478.3038271 2.868505e+18 1.9487818985e-05 1.0 
-165879668.61 -10778629.544 -5033461.6806 -4332.7463627 -309.03600287 -128.21905647 2.868505e+18 1.9487818985e-05 1.0 
-82512451.888 -12870053.247 -2165962.6413 -2034.3338866 -353.16546157 -66.809851917 2.868505e+18 1.9487818985e-05 1.0 
73513264.231 2446466.8013 -106174677.82 1903.9354949 39.871540482 -2744.2040092 2.868505e+18 1.9487818985e-05 1.0 
-3451372.3294 21615826.677 -75418749.35 -84.657106499 516.34097633 -1841.3961652 2.868505e+18 1.9487818985e-05 1.0 
27850859.592 -19509677.001 60394516.201 655.27730909 -502.93564663 1427.5327464 2.866987e+18 1.9477506119e-05 1.0 
-84357691.229 4139982.3911 -70984592.421 -2158.0003709 84.713452371 -1812.094172 2.866987e+18 1.9477506119e-05 1.0 
-122200996.74 -26576422.44 -38967960.499 -3156.8941195 -718.7369617 -1005.4550893 2.866987e+18 1.9477506119e-05 1.0 
15096671.576 -1419789.6067 -114338239.84 379.32301546 -60.853578761 -2930.4611253 2.866987e+18 1.9477506119e-05 1.0 
59343705.019 -26730548.742 -85687942.996 1513.7873234 -715.8439373 -2176.0170179 2.866987e+18 1.9477506119e-05 1.0 
26523520.68 11755608.02 30816759.961 507.98950305 204.97475221 574.57511701 2.866797e+18 1.9476215312e-05 1.0 
35156762.428 24446928.533 85200605.631 874.48801906 607.05817216 2150.3423029 2.866797e+18 1.9476215312e-05 1.0 
33690902.539 23398071.478 135018771.6 874.41668069 592.41858718 3503.5908442 2.866797e+18 1.9476215312e-05 1.0 
-53567621.144 15210219.491 8133926.5704 -1193.3475231 323.54035369 171.00201047 2.866797e+18 1.9476215312e-05 1.0 
-10763043.781 19144730.766 133231432.97 -277.27932625 479.58508766 3448.0366251 2.866797e+18 1.9476215312e-05 1.0 
-75617757.974 16257091.184 35150510.171 -1870.8003667 383.75633081 869.84052981 2.866797e+18 1.9476215312e-05 1.0 
-89539430.342 6225410.0852 118937718.69 -2329.8721285 140.69041197 3094.3646266 2.866797e+18 1.9476215312e-05 1.0 
-93684235.708 19247841.554 81320422.372 -2415.4577282 478.83370866 2091.0436561 2.866797e+18 1.9476215312e-05 1.0 
115557135.79 12207051.169 29654515.194 2970.7109544 295.82343888 765.50299588 2.866797e+18 1.9476215312e-05 1.0 
102105592.71 -7186201.4651 28471748.069 2595.898698 -209.95110854 726.27666485 2.866797e+18 1.9476215312e-05 1.0 
-112019160.53 37146137.223 -77505328.0 -2903.6956943 956.75694438 -2017.6974906 2.866797e+18 1.9476215312e-05 1.0 
-108515975.55 25874418.429 -41174216.331 -2785.9374949 651.14647387 -1052.3833459 2.866797e+18 1.9476215312e-05 1.0 
-23742738.333 14537330.731 64166311.587 -569.78424575 326.60968082 1527.0704101 2.865946e+18 1.9470433856e-05 1.0 
22422111.809 27599604.946 48066105.984 506.21166601 629.38980276 1091.6269643 2.865946e+18 1.9470433856e-05 1.0 
64346239.798 5888690.3261 123145608.19 1671.6668127 132.6639004 3194.2537352 2.865946e+18 1.9470433856e-05 1.0 
-90798762.704 26201263.066 -6759283.2762 -2281.7166193 647.46693303 -174.78529466 2.865946e+18 1.9470433856e-05 1.0 
80965530.979 -1400702.9844 94153261.544 2089.0982886 -60.0055204 2428.8030023 2.865946e+18 1.9470433856e-05 1.0 
-88296853.51 29554026.722 -21711920.837 -2219.2805993 735.865725 -547.71251533 2.865946e+18 1.9470433856e-05 1.0 
146663188.99 8722146.8457 22206062.989 3814.6268436 206.64383404 581.0197665 2.865946e+18 1.9470433856e-05 1.0 
-61882026.438 29862488.03 -84684423.046 -1589.1097795 756.66862271 -2156.6666118 2.865946e+18 1.9470433856e-05 1.0 
35231476.687 28833197.239 -121612875.05 914.30689569 731.92829718 -3139.0009365 2.865946e+18 1.9470433856e-05 1.0 
109568836.38 11569292.45 128652621.42 2863.8583929 282.86903874 3361.9660267 2.865296e+18 1.9466017938e-05 1.0 
-90524738.059 14459100.044 74203700.255 -2330.1865935 354.87228619 1902.4857525 2.865098e+18 1.9464672782e-05 1.0 
12497830.584 12136557.766 133155268.65 320.55326142 295.65445091 3450.2575342 2.864252e+18 1.9458925295e-05 1.0 
-98833217.198 24658498.408 32289667.799 -2512.9456383 616.9832737 830.59954185 2.864252e+18 1.9458925295e-05 1.0 
-136536041.57 6284444.8303 -46210777.928 -3543.68955 140.89383954 -1201.4493658 2.864252e+18 1.9458925295e-05 1.0 
78323287.203 -8872319.8209 -102384802.43 2022.0438299 -255.56766978 -2641.157785 2.864252e+18 1.9458925295e-05 1.0 
-33711296.237 30436694.282 -125526749.14 -875.98644127 777.10686058 -3247.6429189 2.864252e+18 1.9458925295e-05 1.0 
26540666.775 -19289481.36 84870669.214 655.44786943 -515.87653041 2118.0299205 2.863611e+18 1.9454570521e-05 1.0 
15056914.084 -32226838.29 -117575742.48 393.15186422 -865.27536574 -3021.5685644 2.863611e+18 1.9454570521e-05 1.0 
15090431.632 -27477745.259 -90316017.795 381.33198765 -729.4867199 -2263.5815904 2.863611e+18 1.9454570521e-05 1.0 
12101720.958 37628852.161 55694331.823 280.59414704 904.79695655 1309.9217285 2.863408e+18 1.9453191396e-05 1.0 
-55116527.276 -8811311.2262 127286975.02 -1427.483116 -257.95421699 3302.6350314 2.863408e+18 1.9453191396e-05 1.0 
-43791277.045 14713512.47 40776924.168 -1003.2908223 320.57586306 938.66029795 2.863408e+18 1.9453191396e-05 1.0 
-44153885.885 36091573.72 103276706.5 -1141.8318404 921.84112209 2647.9983955 2.863408e+18 1.9453191396e-05 1.0 
-54368498.171 15538137.179 39261474.644 -1288.5697696 350.89460193 934.12238792 2.863408e+18 1.9453191396e-05 1.0 
75221369.787 38263087.727 56709491.915 1908.4670084 967.23322234 1431.0015016 2.863408e+18 1.9453191396e-05 1.0 
79287447.56 34867281.035 61259812.885 2021.9019157 880.23568791 1550.2922245 2.863408e+18 1.9453191396e-05 1.0 
84536787.02 12130621.774 115257408.62 2195.5794814 297.80574223 2999.1605069 2.863408e+18 1.9453191396e-05 1.0 
-103929609.66 33181246.691 -8712441.3512 -2653.2310304 841.01463438 -219.57895985 2.863408e+18 1.9453191396e-05 1.0 
-179759243.23 5055120.8246 18627493.213 -4708.1080298 110.34413842 489.52242102 2.863408e+18 1.9453191396e-05 1.0 
113021249.17 27267227.839 53592217.043 2921.6583415 692.27320106 1379.882841 2.863408e+18 1.9453191396e-05 1.0 
104073747.08 15118643.517 72264301.222 2686.4165564 372.23511243 1865.8427757 2.863408e+18 1.9453191396e-05 1.0 
113795770.61 33527919.422 2132702.2704 2921.9959493 852.38318184 50.183064686 2.863408e+18 1.9453191396e-05 1.0 
122461847.58 7641485.2467 3817932.5611 3151.6219567 177.01186675 94.079239949 2.863408e+18 1.9453191396e-05 1.0 
-107876251.66 -5131300.3071 -82752206.973 -2798.9977344 -158.01788788 -2151.8155415 2.863408e+18 1.9453191396e-05 1.0 
47868485.403 17453456.822 -3768018.6699 1017.7873569 359.18357491 -88.63993625 2.863408e+18 1.9453191396e-05 1.0 
135778787.84 15548580.506 -8213152.9376 3520.5131446 387.39546887 -214.85885294 2.863408e+18 1.9453191396e-05 1.0 
-45379651.573 18701753.71 -32251724.422 -1033.1001563 411.38007175 -717.35106955 2.863408e+18 1.9453191396e-05 1.0 
-59717648.043 4628292.7444 -74765139.011 -1505.3258196 95.198888583 -1883.4573467 2.863408e+18 1.9453191396e-05 1.0 
112126453.4 31191821.533 -9922687.0553 2875.5073742 790.89009882 -251.41123139 2.863408e+18 1.9453191396e-05 1.0 
177218735.41 -2169513.1259 -16417209.707 4639.7010509 -80.395055516 -426.70603699 2.863408e+18 1.9453191396e-05 1.0 
48741629.999 25016209.71 -117632865.75 1262.3604207 633.77565933 -3037.0471048 2.863408e+18 1.9453191396e-05 1.0 
2336068.2344 34852563.768 -126518964.04 56.386990461 891.34353527 -3269.3536423 2.863408e+18 1.9453191396e-05 1.0 
33383250.347 26031444.666 -63820281.992 805.00246701 627.12072225 -1553.9917 2.863408e+18 1.9453191396e-05 1.0 
20654439.121 24485100.979 -51330116.133 471.82528426 555.65033894 -1168.8396409 2.863408e+18 1.9453191396e-05 1.0 
14109791.02 12877410.635 -49204974.845 304.1063834 256.66590496 -1063.943938 2.863408e+18 1.9453191396e-05 1.0 
-65729218.357 9780566.0393 79536350.511 -1673.7721877 227.94988806 2014.4857361 2.862566e+18 1.9447471084e-05 1.0 
-116713577.99 -432834.34148 105871225.59 -3041.2710872 -35.234960403 2765.3792018 2.862566e+18 1.9447471084e-05 1.0 
90707073.658 11662421.706 -112933164.75 2360.4996501 284.2521716 -2938.7943624 2.862566e+18 1.9447471084e-05 1.0 
-36310064.616 13850680.045 -155577983.83 -942.80204219 340.7880895 -4058.1463528 2.862566e+18 1.9447471084e-05 1.0 
7143248.203 20999578.915 139040947.13 185.78093779 530.92798169 3610.619279 2.861931e+18 1.9443157072e-05 1.0 
114406712.76 -4866231.7563 88187338.522 2969.6508553 -148.9619722 2290.71942 2.861931e+18 1.9443157072e-05 1.0 
-91363670.119 -27673603.846 48448176.369 -2321.8277623 -741.53759101 1231.6740212 2.861931e+18 1.9443157072e-05 1.0 
96108749.396 7776405.3672 29397963.925 2434.2366864 180.4401843 746.03349077 2.861931e+18 1.9443157072e-05 1.0 
-38858432.741 27442063.151 67481643.785 -957.14252603 668.33359934 1661.1901125 2.861727e+18 1.9441771153e-05 1.0 
48554567.876 22652576.388 76776583.584 1224.6132929 555.08353392 1921.8692848 2.861727e+18 1.9441771153e-05 1.0 
-64488176.037 13410839.05 110089852.57 -1668.1964847 330.11596414 2839.4565765 2.861727e+18 1.9441771153e-05 1.0 
-133547852.39 17249299.672 98597246.182 -3492.1936011 432.37756611 2575.4791377 2.861727e+18 1.9441771153e-05 1.0 
100552903.22 21965745.691 32836065.054 2560.8460477 545.47732346 845.26437585 2.861727e+18 1.9441771153e-05 1.0 
148805937.73 3774287.8893 40168109.102 3876.8114286 76.908152658 1045.5009496 2.861727e+18 1.9441771153e-05 1.0 
-27438124.98 19446521.527 -23149213.114 -484.52508234 360.01782886 -432.15879015 2.861727e+18 1.9441771153e-05 1.0 
93354348.485 10370428.632 -34254724.313 2358.4619084 239.51663785 -866.19120813 2.861727e+18 1.9441771153e-05 1.0 
140657129.14 -471406.88198 -47024482.459 3656.0707609 -37.163398821 -1222.2818653 2.861727e+18 1.9441771153e-05 1.0 
-26267380.3 11945542.757 -98687052.769 -675.83354966 287.54861474 -2504.6252743 2.861727e+18 1.9441771153e-05 1.0 
76755933.302 32476230.177 -57861283.294 1939.5474025 813.61962937 -1469.1908748 2.861727e+18 1.9441771153e-05 1.0 
100173628.47 21280696.8 -62863893.818 2575.4955388 529.89452585 -1610.9890557 2.861727e+18 1.9441771153e-05 1.0 
32043167.533 -13755087.872 -123473571.76 827.95822007 -383.31888723 -3183.2734853 2.861727e+18 1.9441771153e-05 1.0 
-1600607.4632 -2356135.0819 -168943489.44 -46.779520683 -85.107398321 -4415.1480952 2.861727e+18 1.9441771153e-05 1.0 
77353226.777 -17685264.2 86329938.39 1978.7788606 -483.0237133 2211.1463309 2.861093e+18 1.9437463934e-05 1.0 
-37373469.752 -15699381.687 135149253.92 -965.26317429 -435.46806663 3506.5721144 2.861093e+18 1.9437463934e-05 1.0 
-63272196.565 18899772.815 94648580.698 -1626.8817049 471.05897679 2427.6775703 2.861093e+18 1.9437463934e-05 1.0 
-99113472.835 -21519697.764 89680226.783 -2560.7182879 -586.259341 2320.5966699 2.861093e+18 1.9437463934e-05 1.0 
61120858.546 -33896416.935 -35991890.308 1478.9774391 -873.2773201 -872.39819633 2.861093e+18 1.9437463934e-05 1.0 
121855713.7 -6447466.4046 -113141000.41 3183.3322732 -192.61206818 -2956.5844499 2.861093e+18 1.9437463934e-05 1.0 
-135780201.43 -13535944.823 -76774096.943 -3537.3345587 -378.46529208 -1996.6351397 2.861093e+18 1.9437463934e-05 1.0 
26695328.611 7739260.5881 183617575.22 698.65971745 182.19984129 4810.9181383 2.860256e+18 1.9431777591e-05 1.0 
114997243.21 13084901.408 71836738.484 2974.7086707 322.23140766 1858.9692659 2.860256e+18 1.9431777591e-05 1.0 
-79248597.031 -25662947.157 21241347.231 -1959.581522 -674.96512432 513.61002472 2.860256e+18 1.9431777591e-05 1.0 
70139980.122 9550137.3929 -17448996.475 1683.4589223 212.44593366 -435.30465666 2.860256e+18 1.9431777591e-05 1.0 
90736425.588 -29321165.873 -35913874.531 2289.6648627 -778.53944165 -910.84882995 2.860256e+18 1.9431777591e-05 1.0 
10027232.439 8734910.2323 -101769735.76 250.84373659 203.23893207 -2584.0783417 2.860256e+18 1.9431777591e-05 1.0 
46580588.94 -34118230.156 -39287238.804 1104.9177933 -864.76703426 -912.74009196 2.860256e+18 1.9431777591e-05 1.0 
69795911.349 25157906.519 -18104291.348 1697.8561727 602.10551235 -432.61073335 2.860055e+18 1.9430412053e-05 1.0 
130547591.68 350247.26571 -82147679.693 3406.5728385 -14.594487893 -2136.5564319 2.860055e+18 1.9430412053e-05 1.0 
-52536832.38 27268690.927 -97321609.187 -1347.411109 684.30329871 -2487.9548453 2.860055e+18 1.9430412053e-05 1.0 
22841105.024 -19230685.35 52420547.401 528.15333728 -484.96400034 1180.3039057 2.85942e+18 1.9426098041e-05 1.0 
47915449.72 -26067238.891 65012810.429 1181.9531739 -686.07802577 1603.6780377 2.85942e+18 1.9426098041e-05 1.0 
-6570907.5904 3093373.6185 145843846.14 -171.23127019 58.748500999 3786.1186475 2.85942e+18 1.9426098041e-05 1.0 
-45116263.358 -30429579.28 64501917.002 -1112.4950118 -794.74264156 1585.3356715 2.85942e+18 1.9426098041e-05 1.0 
129766231.8 -28896643.685 90201698.055 3385.222248 -783.74906398 2349.6584587 2.85942e+18 1.9426098041e-05 1.0 
-130900786.66 -17553301.128 25231346.312 -3387.2957981 -482.30002571 642.70906187 2.85942e+18 1.9426098041e-05 1.0 
115613827.95 13142915.355 -28251335.018 2974.6468988 321.31030218 -728.42746657 2.85942e+18 1.9426098041e-05 1.0 
89111376.681 -26730090.588 -35438338.741 2247.3426312 -712.25876923 -890.23123514 2.85942e+18 1.9426098041e-05 1.0 
-85646781.054 -25683843.881 -7475383.6518 -2127.5507485 -677.03306597 -187.51009229 2.85942e+18 1.9426098041e-05 1.0 
47942137.076 -30348138.442 -49797291.96 1151.8726555 -781.96676738 -1197.9589191 2.85942e+18 1.9426098041e-05 1.0 
-33222844.675 1184033.8713 -108958747.29 -852.79040508 5.2376724603 -2792.5921371 2.85942e+18 1.9426098041e-05 1.0 
-28001958.232 -14148379.548 -97021910.88 -704.64751713 -387.89378009 -2455.1091747 2.85942e+18 1.9426098041e-05 1.0 
44655862.793 -18917924.124 62251603.683 1089.372981 -500.38550713 1512.635859 2.858585e+18 1.9420425285e-05 1.0 
66381271.525 -26833637.16 40149824.721 1631.6795679 -702.63989297 977.68188513 2.858585e+18 1.9420425285e-05 1.0 
167769256.02 16910501.618 91361533.479 4399.0706247 424.40923915 2396.9257036 2.858585e+18 1.9420425285e-05 1.0 
137581456.42 18219313.988 49002136.816 3582.3836948 460.10387235 1278.1042057 2.858585e+18 1.9420425285e-05 1.0 
45486896.141 -23034737.884 -7666521.846 951.87632522 -549.65399148 -157.81649177 2.858585e+18 1.9420425285e-05 1.0 
84193981.886 -8076033.0162 -101724819.17 2168.5861094 -234.56546752 -2633.2548281 2.858585e+18 1.9420425285e-05 1.0 
125391344.8 -17913234.308 -88690503.989 3266.9296175 -493.81837646 -2304.8461962 2.858585e+18 1.9420425285e-05 1.0 
37284705.953 -21140289.976 -26865159.772 779.16138612 -498.10041136 -551.21673872 2.858585e+18 1.9420425285e-05 1.0 
-112148617.95 6866950.3989 -99953600.258 -2913.9590195 158.23282022 -2603.7512663 2.858585e+18 1.9420425285e-05 1.0 
-117665351.74 -850586.37797 -66513989.455 -3042.3510857 -44.618620574 -1720.7657488 2.858585e+18 1.9420425285e-05 1.0 
19798146.206 4566427.7556 -191506194.5 519.64871764 98.500733764 -5021.2226583 2.858585e+18 1.9420425285e-05 1.0 
42943010.579 -37106453.775 -85601013.283 1084.6626251 -980.72910039 -2163.754166 2.858585e+18 1.9420425285e-05 1.0 
-1795019.226 -21201413.287 -130453896.08 -44.762781005 -578.63966136 -3370.0204194 2.858585e+18 1.9420425285e-05 1.0 
17054696.98 -25647980.294 -70890849.171 417.39807248 -665.09943545 -1714.2858947 2.858585e+18 1.9420425285e-05 1.0 
2979176.3631 36920316.409 90194876.634 78.57517138 927.5338795 2272.6198028 2.858391e+18 1.9419107304e-05 1.0 
-11050766.361 18858057.087 94762467.004 -285.17999627 458.34338375 2385.1732949 2.858391e+18 1.9419107304e-05 1.0 
52960562.53 37833383.145 35033649.238 1274.5144794 922.50984381 835.83530315 2.858391e+18 1.9419107304e-05 1.0 
78806460.627 16936149.355 85130917.963 2020.1299859 414.93035065 2180.8823245 2.858391e+18 1.9419107304e-05 1.0 
102999464.06 30600815.244 37088543.013 2642.1836426 771.6883755 940.93352273 2.858391e+18 1.9419107304e-05 1.0 
123672751.26 3749717.9447 87107575.587 3228.0391274 78.574420668 2266.74963 2.858391e+18 1.9419107304e-05 1.0 
-65279224.515 25564754.956 -25854183.799 -1576.6090436 609.54527333 -630.64165095 2.858391e+18 1.9419107304e-05 1.0 
-109609407.46 6279195.0612 -113902499.93 -2857.3756259 142.98228028 -2973.5497818 2.858391e+18 1.9419107304e-05 1.0 
57868456.16 10114411.922 -7418010.4371 1311.0571802 202.26859185 -167.34300691 2.858391e+18 1.9419107304e-05 1.0 
147865013.82 18060511.967 -39185878.716 3853.9128173 455.37946711 -1022.2579644 2.858391e+18 1.9419107304e-05 1.0 
-57622524.297 39795705.04 -56216405.938 -1439.1716375 995.94164097 -1396.0883818 2.858391e+18 1.9419107304e-05 1.0 
91248244.063 5952409.9496 -50022595.813 2320.6768662 129.56772248 -1275.2298287 2.858391e+18 1.9419107304e-05 1.0 
-93251409.586 22458229.776 -94778484.214 -2417.8322869 565.96902441 -2447.4763517 2.858391e+18 1.9419107304e-05 1.0 
61072077.989 38294434.57 -33011114.459 1497.0723607 943.63135845 -789.95576209 2.858391e+18 1.9419107304e-05 1.0 
86244951.383 31233301.717 -85750853.457 2225.4892515 794.8579584 -2210.5309709 2.858391e+18 1.9419107304e-05 1.0 
3543898.9814 14216101.972 -39000511.496 91.476155842 254.58838707 -723.93955912 2.858391e+18 1.9419107304e-05 1.0 
23046497.603 33546328.534 -76870371.488 560.59108224 830.0533161 -1910.5389335 2.858391e+18 1.9419107304e-05 1.0 
1170901.2188 21137155.146 -44366473.546 8.415739546 443.38964842 -920.25712715 2.858391e+18 1.9419107304e-05 1.0 
-55051174.515 -14205499.521 102484812.55 -1416.3201036 -391.85634455 2619.5362863 2.857752e+18 1.9414766117e-05 1.0 
-117838811.67 -6391200.603 89713015.159 -3059.9969284 -191.63006919 2337.5837509 2.857752e+18 1.9414766117e-05 1.0 
53387432.134 -6018217.4959 154216551.17 1392.1107556 -181.13354205 4023.0520572 2.85692e+18 1.9409113742e-05 1.0 
79193859.45 2185342.4323 121694838.81 2056.3531868 33.756254835 3157.4967754 2.85692e+18 1.9409113742e-05 1.0 
-41799789.181 -19711244.804 -55273299.781 -998.52126567 -511.14746183 -1315.0225648 2.85692e+18 1.9409113742e-05 1.0 
-37160734.443 -16616579.251 -50065423.436 -855.89222297 -424.84449134 -1162.3718781 2.85692e+18 1.9409113742e-05 1.0 
-5420873.144 -16736302.15 -53883354.272 -120.41448766 -415.42148027 -1188.018517 2.85692e+18 1.9409113742e-05 1.0 
-1607324.4397 -17519185.005 -45922836.253 -34.272639337 -417.29574685 -939.96139544 2.85692e+18 1.9409113742e-05 1.0 
-31292262.467 31703412.444 81879577.526 -780.34651371 788.69447747 2054.0661033 2.856735e+18 1.9407856904e-05 1.0 
-28755156.136 16737292.843 22488034.431 -524.46835764 295.18163467 390.80406404 2.856735e+18 1.9407856904e-05 1.0 
87113603.444 22317947.592 153597868.77 2281.601754 567.42592743 4019.4368219 2.856735e+18 1.9407856904e-05 1.0 
-95762276.167 33869894.502 1769415.203 -2426.6436665 850.8646157 41.610247179 2.856735e+18 1.9407856904e-05 1.0 
-12992667.693 2820545.0964 147736757.67 -336.45994864 53.39604031 3850.4931256 2.856735e+18 1.9407856904e-05 1.0 
-143394498.64 6197246.2184 50188802.363 -3731.0253227 138.33278704 1307.3001491 2.856735e+18 1.9407856904e-05 1.0 
111674350.45 7437586.9144 83380554.672 2906.2338689 175.09733076 2163.6944123 2.856735e+18 1.9407856904e-05 1.0 
-71822591.842 6732117.6943 -28231154.99 -1746.1014532 138.13058895 -688.07768138 2.856735e+18 1.9407856904e-05 1.0 
-124037272.98 7972493.956 -22894074.614 -3198.1416515 184.44973642 -593.54077263 2.856735e+18 1.9407856904e-05 1.0 
67202606.561 9379733.0789 -25327852.05 1609.8635805 198.70496356 -613.91599124 2.856735e+18 1.9407856904e-05 1.0 
152647352.16 12422603.922 -68954317.856 3987.0032439 303.83420581 -1803.9327427 2.856735e+18 1.9407856904e-05 1.0 
-57141896.303 36361727.822 -82432895.966 -1452.8300201 920.92559104 -2098.6955729 2.856735e+18 1.9407856904e-05 1.0 
-42471296.363 862901.90977 -114843351.62 -1092.5856313 -1.8314815438 -2956.9722876 2.856735e+18 1.9407856904e-05 1.0 
37601811.434 5120978.7739 -17520577.483 706.11264104 54.236479753 -320.60754512 2.856735e+18 1.9407856904e-05 1.0 
124097669.83 22465353.657 -94333921.048 3234.9102962 567.24073309 -2457.3214949 2.856735e+18 1.9407856904e-05 1.0 
-6897439.6237 23017422.807 -84948576.423 -155.8810677 559.44727531 -2115.1541813 2.856735e+18 1.9407856904e-05 1.0 
66773750.214 -9302574.7335 -176603757.73 1748.6880637 -268.86405621 -4632.444679 2.856735e+18 1.9407856904e-05 1.0 
-11231805.779 16495370.148 -158908115.3 -293.07480984 411.0841052 -4143.6365944 2.856735e+18 1.9407856904e-05 1.0 
56342970.904 -28490212.373 96906073.048 1445.0062538 -766.59176003 2475.3887857 2.856089e+18 1.9403468161e-05 1.0 
6644596.6924 21479364.088 77665274.163 144.75334823 513.4000244 1908.0446951 2.855911e+18 1.9402258879e-05 1.0 
-23054829.908 3945516.7196 116767675.32 -597.51690116 81.392740881 3004.9703635 2.855911e+18 1.9402258879e-05 1.0 
-143787596.48 9175366.2091 22001465.196 -3736.032778 217.38598296 568.99345955 2.855911e+18 1.9402258879e-05 1.0 
-133893222.22 26908567.468 7309359.5497 -3468.666798 683.57680255 189.13731178 2.855911e+18 1.9402258879e-05 1.0 
74497721.231 23987753.554 7061864.8301 1817.3709766 573.05025757 172.54412652 2.855911e+18 1.9402258879e-05 1.0 
90541780.21 7585860.7746 6598884.6397 2263.4834093 164.17616085 163.45476171 2.855911e+18 1.9402258879e-05 1.0 
-88382541.683 50090259.051 -73613104.378 -2276.6682415 1293.0005098 -1901.1664538 2.855911e+18 1.9402258879e-05 1.0 
79809114.776 26113024.52 -154423835.84 2087.4292371 667.39755256 -4040.4300913 2.855911e+18 1.9402258879e-05 1.0 
-11422342.856 24997024.987 -131594773.59 -301.69449789 633.35464905 -3406.8155712 2.855911e+18 1.9402258879e-05 1.0 
-44138196.185 -8145756.2207 155651457.29 -1149.8778303 -236.9206576 4059.8927584 2.855259e+18 1.9397829374e-05 1.0 
-44028279.883 -17032619.985 86011132.267 -1108.2564134 -461.70514443 2165.2667313 2.855259e+18 1.9397829374e-05 1.0 
-93063685.491 9205142.7226 71387313.245 -2387.1500424 216.81519716 1829.5949396 2.855259e+18 1.9397829374e-05 1.0 
-170222641.13 -4622662.6826 80820683.946 -4462.4536223 -143.44240387 2114.9931229 2.855259e+18 1.9397829374e-05 1.0 
-29661628.738 -2130233.8752 -26270235.592 -532.30481902 -78.885650527 -471.00675436 2.855259e+18 1.9397829374e-05 1.0 
-100424170.92 -28210842.396 -14422559.76 -2545.8076696 -753.70912455 -365.3193307 2.855259e+18 1.9397829374e-05 1.0 
109682279.15 -3902353.9156 -139091822.53 2875.2823567 -125.24734522 -3635.8261223 2.855259e+18 1.9397829374e-05 1.0 
79602338.783 -7450137.8246 -124995401.88 2065.5810984 -218.85141325 -3250.9143208 2.855259e+18 1.9397829374e-05 1.0 
27894595.651 9798584.0918 141371843.81 731.71986346 233.62072914 3670.4618265 2.855088e+18 1.9396667648e-05 1.0 
-95084676.459 16710612.783 31641435.782 -2405.5773128 406.15705228 804.89641886 2.855088e+18 1.9396667648e-05 1.0 
-38057588.62 11439780.446 134904842.91 -982.3711021 278.58274193 3505.085763 2.855088e+18 1.9396667648e-05 1.0 
-122245505.54 -11445840.46 66785648.832 -3167.5422721 -324.63717341 1732.0791667 2.855088e+18 1.9396667648e-05 1.0 
-181377119.87 -2398085.7882 -61876394.314 -4756.5717289 -86.375025452 -1622.6867182 2.855088e+18 1.9396667648e-05 1.0 
-67943708.052 -9021302.4072 -12669124.175 -1614.3904623 -251.09523097 -300.88397359 2.855088e+18 1.9396667648e-05 1.0 
6772679.3162 16171868.277 -133506470.74 169.98846241 402.75586384 -3460.5142818 2.855088e+18 1.9396667648e-05 1.0 
6614065.7804 10196553.22 -95068627.94 173.36367177 237.02547127 -2388.7047463 2.855088e+18 1.9396667648e-05 1.0 
101444037.3 -14331172.218 -55585530.399 2607.2294683 -395.39490189 -1422.0234778 2.854268e+18 1.9391096797e-05 1.0 
-67776399.037 23338076.743 -140508744.34 -1761.6982929 590.44440091 -3663.3684861 2.854268e+18 1.9391096797e-05 1.0 
13406422.64 -24696852.68 83125229.639 328.87286916 -651.4932123 2059.0376807 2.853603e+18 1.9386578974e-05 1.0 
6679651.2993 -17680729.999 125315002.62 170.56583838 -484.93518231 3226.0137081 2.853603e+18 1.9386578974e-05 1.0 
-101452731.5 25783095.636 134991315.95 -2653.2211589 657.26276413 3524.9552496 2.853603e+18 1.9386578974e-05 1.0 
-84296438.709 30853491.289 116779091.35 -2187.0763951 787.06306893 3034.4541802 2.853603e+18 1.9386578974e-05 1.0 
68536870.717 -1099378.7735 90018248.521 1757.6121053 -51.887925493 2305.3586073 2.853603e+18 1.9386578974e-05 1.0 
137136746.71 -1772932.1839 33051574.841 3553.3020236 -69.271276932 860.56552437 2.853603e+18 1.9386578974e-05 1.0 
136032585.56 -7025266.2906 13601773.104 3519.7810905 -206.1461773 353.96238699 2.853603e+18 1.9386578974e-05 1.0 
-116455495.81 -24457145.604 27186936.426 -2991.6936415 -661.19542542 695.87853544 2.853603e+18 1.9386578974e-05 1.0 
-94823073.669 -26748015.999 11561857.073 -2386.5510972 -710.86364628 295.21549139 2.853603e+18 1.9386578974e-05 1.0 
-77067070.314 12110840.43 -156968703.97 -2015.4712867 296.65426047 -4104.6510303 2.853603e+18 1.9386578974e-05 1.0 
-48257317.314 -18520764.817 -17596119.112 -1050.0920893 -453.44956694 -370.24442058 2.853603e+18 1.9386578974e-05 1.0 
-39541088.996 10334491.349 -175608724.47 -1035.9126017 249.65355706 -4596.4667593 2.853603e+18 1.9386578974e-05 1.0 
-73566515.881 -31709812.29 -76573991.969 -1872.78479 -848.56977783 -1949.5894149 2.853603e+18 1.9386578974e-05 1.0 
-53619835.654 -19882822.595 -144154048.1 -1395.6840635 -546.48424627 -3752.168658 2.853603e+18 1.9386578974e-05 1.0 
-24814783.899 23670419.962 104945495.14 -634.74027785 591.44831485 2679.0247508 2.85345e+18 1.9385539535e-05 1.0 
-31977927.594 9769986.3653 32541007.69 -638.27169481 170.86051236 667.92873288 2.85345e+18 1.9385539535e-05 1.0 
2866524.8401 10560783.085 162084173.88 71.141693544 254.03934206 4230.8235257 2.85345e+18 1.9385539535e-05 1.0 
-60986597.197 9038227.2423 30971024.286 -1443.6970083 186.40743894 744.38664897 2.85345e+18 1.9385539535e-05 1.0 
-135856918.0 15724314.518 -83215343.041 -3543.8047273 390.32248737 -2167.390318 2.85345e+18 1.9385539535e-05 1.0 
-80469073.641 9026153.5578 -127322463.74 -2093.4939846 214.86134447 -3313.6087531 2.85345e+18 1.9385539535e-05 1.0 
86088561.207 12679303.464 -89658201.183 2218.3878201 305.6724939 -2305.5161916 2.85345e+18 1.9385539535e-05 1.0 
-10478890.879 27041386.009 -83001058.215 -262.01035956 663.52378367 -2062.6379619 2.85345e+18 1.9385539535e-05 1.0 
40897261.236 13969618.668 155607783.09 1066.0784844 344.22405599 4058.5051211 2.852633e+18 1.9379989066e-05 1.0 
-81159073.237 30945838.246 27860697.757 -2024.8295382 767.51188754 707.5697476 2.852633e+18 1.9379989066e-05 1.0 
52030055.907 18303184.229 31608579.506 1204.5573928 417.6083509 735.82956295 2.852633e+18 1.9379989066e-05 1.0 
-135215650.57 -1786244.6935 -50105002.125 -3512.3545032 -73.615515374 -1298.6412941 2.852633e+18 1.9379989066e-05 1.0 
-202519914.85 21574020.15 -31309282.54 -5324.2856968 549.58725468 -821.9212405 2.851952e+18 1.9375362543e-05 1.0 
-186992365.73 11985961.54 -5137556.3915 -4899.2213158 294.14704424 -131.22594084 2.851952e+18 1.9375362543e-05 1.0 
97583706.595 -5622618.7796 -125764198.49 2540.8952749 -170.66027051 -3281.5228222 2.851952e+18 1.9375362543e-05 1.0 
119638278.3 -22088523.445 -111625226.3 3125.6258288 -605.62861294 -2911.0747572 2.851952e+18 1.9375362543e-05 1.0 
-65395274.154 -3684978.8667 -88416608.023 -1670.1221576 -120.22583631 -2255.9198173 2.851952e+18 1.9375362543e-05 1.0 
-88028973.152 -31674695.346 -18392865.093 -2204.5263358 -836.282747 -457.55845857 2.851952e+18 1.9375362543e-05 1.0 
22177934.293 -5928294.594 -158335757.42 581.52522364 -180.48008533 -4136.039829 2.851952e+18 1.9375362543e-05 1.0 
34067185.492 -20352149.259 -51502211.288 787.33799729 -515.56864491 -1194.6925031 2.851952e+18 1.9375362543e-05 1.0 
-43161248.661 -22437508.69 -81607765.021 -1079.1129156 -598.48461583 -2045.6004573 2.851952e+18 1.9375362543e-05 1.0 
-8852464.8543 -32128837.649 -95228422.572 -216.98225953 -854.63937027 -2403.6054093 2.851952e+18 1.9375362543e-05 1.0 
33394275.803 13681036.706 111569798.27 852.16459473 330.66455393 2860.9365268 2.851819e+18 1.9374458978e-05 1.0 
-50220895.853 22525545.18 148484638.63 -1309.7831623 571.93143648 3870.9431144 2.851819e+18 1.9374458978e-05 1.0 
-133152708.74 21107574.212 70627729.855 -3467.0162496 533.01432534 1836.1608085 2.851819e+18 1.9374458978e-05 1.0 
48746438.769 7350477.5395 6326216.4975 1023.4701123 121.24223493 127.63178914 2.851819e+18 1.9374458978e-05 1.0 
128073129.4 14871442.275 61093489.223 3324.0837918 368.31384115 1591.5395525 2.851819e+18 1.9374458978e-05 1.0 
-66785622.226 21517270.778 -28165331.536 -1621.5641502 507.64348126 -669.21184443 2.851819e+18 1.9374458978e-05 1.0 
-88395321.459 -9981692.8567 -52410415.495 -2236.8241967 -282.77174847 -1338.9617193 2.851819e+18 1.9374458978e-05 1.0 
64685540.592 -18976818.443 51345454.785 1599.2563609 -502.48573453 1263.2045911 2.851128e+18 1.9369764517e-05 1.0 
72053479.742 -1245507.1972 107458779.79 1862.9771763 -56.0596554 2775.7881198 2.851128e+18 1.9369764517e-05 1.0 
77393008.229 -7067362.7746 64728634.822 1969.0591139 -209.06043807 1642.458205 2.851128e+18 1.9369764517e-05 1.0 
114007926.25 9106363.5703 -100907617.19 2969.9908068 218.05015901 -2630.7688926 2.851128e+18 1.9369764517e-05 1.0 
90277050.826 -18766547.627 -63321313.864 2303.1428664 -508.52706092 -1610.7125189 2.851128e+18 1.9369764517e-05 1.0 
-135159871.36 13368418.067 -139658336.31 -3545.4665584 331.27534561 -3663.1830347 2.851128e+18 1.9369764517e-05 1.0 
-125889097.0 -16883606.374 -51294222.343 -3260.8571933 -465.53733682 -1325.7718492 2.851128e+18 1.9369764517e-05 1.0 
-93875580.932 -19589250.606 -109722860.57 -2439.4364355 -538.16705203 -2848.5620818 2.851128e+18 1.9369764517e-05 1.0 
-79148948.982 -22495744.096 -59151306.96 -2002.0006822 -604.37724917 -1491.6835942 2.851128e+18 1.9369764517e-05 1.0 
18023538.794 26084463.27 96076372.092 457.57452047 647.52494346 2429.404142 2.851007e+18 1.9368942477e-05 1.0 
-30507454.098 9828951.7623 110230012.61 -786.35296646 228.77266912 2819.4904892 2.851007e+18 1.9368942477e-05 1.0 
-72840572.243 39240532.016 54586582.381 -1835.1069035 991.12456022 1382.1347339 2.851007e+18 1.9368942477e-05 1.0 
79983029.008 15498125.098 75763622.03 2038.1655802 376.99629519 1938.3418121 2.851007e+18 1.9368942477e-05 1.0 
-52485633.348 -275661.40394 25259861.118 -1183.4575987 -39.827943577 566.34233483 2.851007e+18 1.9368942477e-05 1.0 
41944522.655 2512359.6108 -3546026.0404 786.04866396 0.00084191049153 -73.637947393 2.851007e+18 1.9368942477e-05 1.0 
116245822.74 -416594.32044 -12780309.324 2985.0097937 -35.607890922 -327.9330959 2.851007e+18 1.9368942477e-05 1.0 
-93861867.707 24871428.342 -62373273.648 -2408.0326347 622.61632838 -1589.2654497 2.851007e+18 1.9368942477e-05 1.0 
-94924864.516 6545894.4611 -83558001.432 -2449.4096428 146.52677358 -2153.9185217 2.851007e+18 1.9368942477e-05 1.0 
35355126.063 14655203.626 -69951277.958 853.6549208 339.88409706 -1719.9328396 2.851007e+18 1.9368942477e-05 1.0 
30338495.236 21236053.151 -80852461.102 758.85330448 513.46152958 -2010.1120607 2.851007e+18 1.9368942477e-05 1.0 
73780660.282 -14601632.031 -133168408.17 1919.2392627 -408.47395994 -3465.371924 2.850305e+18 1.9364173286e-05 1.0 
71133454.139 -29697980.896 -88562226.921 1820.1840031 -795.17408937 -2264.9376534 2.850305e+18 1.9364173286e-05 1.0 
-16950780.82 -19878748.709 -40146805.701 -342.06200613 -460.48495865 -805.13533303 2.850305e+18 1.9364173286e-05 1.0 
35027234.024 12246416.966 50718736.762 800.98238763 260.78750554 1179.7509685 2.850196e+18 1.9363432771e-05 1.0 
60524385.984 32990650.562 97614660.38 1551.755838 839.38191182 2510.0354635 2.850196e+18 1.9363432771e-05 1.0 
124139355.33 25271739.725 34545397.797 3207.5078587 636.77933213 888.27939538 2.850196e+18 1.9363432771e-05 1.0 
152245231.42 24990859.775 59631031.331 3975.38347 635.99640863 1555.5195448 2.850196e+18 1.9363432771e-05 1.0 
24386051.068 -13888283.321 -92606982.26 605.32575132 -384.55662205 -2334.9594287 2.850196e+18 1.9363432771e-05 1.0 
-33707839.506 -3923466.2837 -138915485.77 -879.99311723 -126.6919316 -3604.2517653 2.850196e+18 1.9363432771e-05 1.0 
-21772472.914 -30295033.04 69502712.173 -533.24086385 -784.00663128 1684.305691 2.848663e+18 1.9353017998e-05 1.0 
41659067.26 -18729284.533 107566506.65 1074.0080426 -511.35774244 2750.7469857 2.848663e+18 1.9353017998e-05 1.0 
66664110.556 -19505477.394 96378977.052 1706.784647 -530.79949902 2471.5653003 2.848663e+18 1.9353017998e-05 1.0 
94151602.237 -47872795.081 45792311.898 2403.8401647 -1274.2937071 1168.2665393 2.848663e+18 1.9353017998e-05 1.0 
-34660579.933 -2476534.3259 177999900.97 -908.21187188 -87.716769788 4662.3760263 2.848663e+18 1.9353017998e-05 1.0 
-65642081.936 -15381117.398 68644933.338 -1646.1963324 -416.81906781 1727.9922039 2.848663e+18 1.9353017998e-05 1.0 
33158687.235 10044333.034 115295110.97 854.45445955 240.83399991 2963.9882276 2.848663e+18 1.9353017998e-05 1.0 
-94907872.023 18119555.009 157612509.64 -2488.5667196 457.01216972 4129.223128 2.848663e+18 1.9353017998e-05 1.0 
-91199989.246 19068111.621 112076495.75 -2365.2272369 479.03725476 2912.8398229 2.848663e+18 1.9353017998e-05 1.0 
155420142.79 -6261458.5347 42997998.057 4051.2734318 -187.26914015 1122.6951786 2.848663e+18 1.9353017998e-05 1.0 
122491579.46 -28931671.291 -15520558.7 3153.6676396 -778.81848664 -408.54395314 2.848663e+18 1.9353017998e-05 1.0 
-44308891.984 11356514.209 117545317.42 -1144.2872491 274.92078965 3037.8378935 2.848663e+18 1.9353017998e-05 1.0 
-76935710.911 -20315014.913 54893190.859 -1930.3280666 -543.68181787 1376.6747006 2.848663e+18 1.9353017998e-05 1.0 
-48986604.182 -23566478.857 31261427.99 -1116.7451449 -588.69447305 716.6680544 2.848663e+18 1.9353017998e-05 1.0 
146985339.99 11202547.638 -80921952.998 3838.6819893 273.94239883 -2114.7030375 2.848663e+18 1.9353017998e-05 1.0 
139824070.09 -11611260.044 -93989200.886 3649.4755028 -329.72001058 -2460.9963452 2.848663e+18 1.9353017998e-05 1.0 
-228409798.23 17709332.53 34211688.093 -6015.1832667 447.53776538 900.94174193 2.848663e+18 1.9353017998e-05 1.0 
-84385154.184 -26580539.586 17847223.904 -2096.3541972 -700.75886452 447.51899138 2.848663e+18 1.9353017998e-05 1.0 
142560349.5 -10616070.173 -94583644.097 3721.657676 -303.31238501 -2472.8121446 2.848663e+18 1.9353017998e-05 1.0 
-68697527.754 17616766.486 -136215332.24 -1793.9625476 441.93802566 -3544.5187467 2.848663e+18 1.9353017998e-05 1.0 
-121475320.11 -17388749.165 -93661470.927 -3162.4401821 -481.13531716 -2438.3025707 2.848663e+18 1.9353017998e-05 1.0 
23429648.323 -13908021.864 -155791457.84 605.37981194 -388.52707716 -4064.2843742 2.848663e+18 1.9353017998e-05 1.0 
-9601268.8365 -13868323.473 -153732139.44 -244.67119519 -389.19387969 -4004.475074 2.848663e+18 1.9353017998e-05 1.0 
-9840746.8747 15985897.708 42465573.235 -227.17779087 309.4913572 849.52567332 2.848581e+18 1.9352460913e-05 1.0 
-195879.87354 8251782.4511 164589869.82 2.8217776158 194.12859826 4295.4645333 2.848581e+18 1.9352460913e-05 1.0 
-87164400.776 25679443.168 43702153.232 -2206.014593 638.53741664 1103.0656559 2.848581e+18 1.9352460913e-05 1.0 
100087951.96 -2048578.8413 146636748.19 2617.6483734 -78.219795903 3837.2242521 2.848581e+18 1.9352460913e-05 1.0 
-67310236.443 23909903.655 9465571.6722 -1612.5013353 566.47776 245.38289136 2.848581e+18 1.9352460913e-05 1.0 
92272180.499 35169307.834 72640902.158 2371.9918637 896.16841115 1874.0483251 2.848581e+18 1.9352460913e-05 1.0 
124356687.91 -9589330.7802 128586879.51 3253.5757766 -277.38015529 3367.6594841 2.848581e+18 1.9352460913e-05 1.0 
-118606597.07 -3910262.5024 41627683.037 -3061.437771 -125.07045791 1073.1436731 2.848581e+18 1.9352460913e-05 1.0 
42118391.541 3433148.7272 15327760.728 833.69433697 24.343470781 294.50459618 2.848581e+18 1.9352460913e-05 1.0 
110388007.12 13286825.784 108092117.34 2875.2651884 327.17344828 2816.8069191 2.848581e+18 1.9352460913e-05 1.0 
-92582800.404 27873128.906 -30624401.087 -2345.2829506 697.88909136 -777.91773486 2.848581e+18 1.9352460913e-05 1.0 
-121903612.94 294400.02092 -74515752.631 -3167.2544512 -15.517834814 -1930.6072252 2.848581e+18 1.9352460913e-05 1.0 
143517875.18 -4919632.4321 -20380693.779 3733.5891101 -152.94430254 -527.49542062 2.848581e+18 1.9352460913e-05 1.0 
-48344508.876 7620016.7213 -53339852.054 -1158.2703347 155.80166766 -1277.7243041 2.848581e+18 1.9352460913e-05 1.0 
64274041.855 21326339.686 -78621017.188 1634.9009592 527.95235044 -1990.1355628 2.848581e+18 1.9352460913e-05 1.0 
5211205.5883 26643569.153 -73209607.088 128.6919296 644.48283888 -1783.8405446 2.848581e+18 1.9352460913e-05 1.0 
39326786.87 16128091.474 -79651151.281 983.98257487 382.22872267 -1983.725389 2.848581e+18 1.9352460913e-05 1.0 
11966856.053 24303428.529 -93045698.706 298.14204042 598.33718108 -2341.9229056 2.848581e+18 1.9352460913e-05 1.0 
