#   x1                  x2                  x3                  v1                  v2                  v3                  mass                rel_mass            mat0_frac           mat1_frac           mat2_frac
   -1.0750410174e+04    1.6247902810e+03   -3.1134556374e+03   -3.0745689681e-01   -3.6759780872e-02   -2.3746718517e-01    1.8707493719e+21    9.9965045477e-01    8.1378531055e-01    1.8621468945e-01    0.0000000000e+00
   -3.9785222088e+05   -8.0028895689e+06   -4.2720510681e+06   -4.3778858106e+01   -1.9468038101e+02   -9.5528123287e+01    4.3620470000e+16    2.3308960210e-05    0.0000000000e+00    1.0000000000e+00    0.0000000000e+00
   -1.5436009179e+06   -9.1800517946e+05    7.8883191493e+04    8.3276669068e+01    2.3892896048e+02    1.2273367863e+01    4.3619150000e+16    2.3308254857e-05    0.0000000000e+00    1.0000000000e+00    0.0000000000e+00
   -1.4016512326e+06    2.3130088913e+06    8.3199572235e+06   -6.0076588085e+01    4.0176449876e+01    1.8968132671e+02    4.3615210000e+16    2.3306149485e-05    0.0000000000e+00    1.0000000000e+00    0.0000000000e+00
    5.5610387159e+06   -1.8197653170e+07   -7.1469555650e+05    1.4710192722e+02   -5.5461413400e+02   -2.2813732099e+01    4.3615210000e+16    2.3306149485e-05    0.0000000000e+00    1.0000000000e+00    0.0000000000e+00
   -1.4193972675e+06   -3.3543277988e+06   -1.8909732305e+06   -5.5249361535e+01    1.8217970328e+01    4.2198508563e+01    4.3615210000e+16    2.3306149485e-05    0.0000000000e+00    1.0000000000e+00    0.0000000000e+00
   -1.4233822585e+06   -6.4334857097e+06    1.0478433782e+06   -7.0188648208e+01   -1.0578893244e+02    5.4513069032e+00    4.3613900000e+16    2.3305449476e-05    0.0000000000e+00    1.0000000000e+00    0.0000000000e+00
    4.2080412872e+06   -1.4859762165e+07   -1.6967753243e+06    1.0072803757e+02   -4.4030525209e+02   -4.9280241017e+01    4.3611300000e+16    2.3304060144e-05    0.0000000000e+00    1.0000000000e+00    0.0000000000e+00
    3.9175998824e+05   -1.1386751828e+07    2.6359972690e+06   -1.9389113510e+01   -3.1192637592e+02    6.9560541385e+01    4.3605620000e+16    2.3301024989e-05    0.0000000000e+00    1.0000000000e+00    0.0000000000e+00
    1.5738788611e+06   -1.2078841084e+07    3.7390284084e+06    1.6825596363e+01   -3.4163416825e+02    1.0145614552e+02    4.3605490000e+16    2.3300955522e-05    0.0000000000e+00    1.0000000000e+00    0.0000000000e+00
    4.8487506279e+05   -1.2658181543e+07   -6.9713790037e+06   -1.2294483180e+01   -3.6987969524e+02   -1.9784274591e+02    4.3604850000e+16    2.3300613533e-05    0.0000000000e+00    1.0000000000e+00    0.0000000000e+00
   -1.7811092354e+06   -4.7410130383e+06    1.3214944693e+06   -7.1147573089e+01   -3.1664617962e+01   -1.0809429969e+01    4.3604070000e+16    2.3300196734e-05    0.0000000000e+00    1.0000000000e+00    0.0000000000e+00
   -2.4709550499e+06   -4.3790800575e+06    3.3732238681e+05   -7.7228646415e+01   -4.8882777458e+00    3.2378820170e+00    4.3604070000e+16    2.3300196734e-05    0.0000000000e+00    1.0000000000e+00    0.0000000000e+00
   -5.7124194175e+05   -8.1905834794e+06    6.2569348854e+06   -4.5561535736e+01   -2.1789302746e+02    1.5184226233e+02    4.3602290000e+16    2.3299245576e-05    0.0000000000e+00    1.0000000000e+00    0.0000000000e+00
    1.4790348464e+06   -1.3043016350e+07   -8.2440909140e+05    1.4487853457e+01   -3.7170308343e+02   -2.0012750517e+01    4.3602290000e+16    2.3299245576e-05    0.0000000000e+00    1.0000000000e+00    0.0000000000e+00
   -2.4200124489e+06   -4.7328881993e+06    4.2390995918e+05   -8.2292723719e+01   -2.2689664294e+01   -3.0487556993e+00    4.3601050000e+16    2.3298582971e-05    0.0000000000e+00    1.0000000000e+00    0.0000000000e+00
