#   x1                  x2                  x3                  v1                  v2                  v3                  mass                rel_mass            mat0_frac           mat1_frac           mat2_frac
   -3.7343365814e+07   -1.4547101999e+08   -1.5922701413e+04   -1.0628070321e+03   -3.7152549865e+03   -9.0113761714e-01    6.3884304196e+23    4.9713419594e-01    8.0416594837e-01    1.9583405163e-01    0.0000000000e+00
    3.7319185153e+07    1.4544969237e+08    3.6800053763e+04    1.0617599494e+03    3.7138411006e+03    8.4978626776e-01    6.3859801355e+23    4.9694351999e-01    8.0447450477e-01    1.9552549523e-01    0.0000000000e+00
   -4.7876239973e+05   -7.9064908835e+07    1.6363513043e+07   -1.5195466856e+02   -2.3958883770e+03    3.4540677413e+02    3.0586870000e+19    2.3802057822e-05    0.0000000000e+00    1.0000000000e+00    0.0000000000e+00
    1.3338651884e+07    8.0899930582e+07   -1.2530945496e+06    4.3825899695e+02    2.5255935051e+03   -6.1988823804e+01    3.0477210000e+19    2.3716722720e-05    0.0000000000e+00    1.0000000000e+00    0.0000000000e+00
    6.4296123516e+06    8.6529112391e+07    5.9056274854e+04    3.1165859451e+02    2.6823155005e+03    7.9126574073e+01    2.9974110000e+19    2.3325220899e-05    0.0000000000e+00    1.0000000000e+00    0.0000000000e+00
    7.9801019814e+06    9.6940001098e+07    7.7613659547e+06    4.1013253694e+02    3.0267270020e+03    3.3481354031e+01    2.9832810000e+19    2.3215264216e-05    0.0000000000e+00    1.0000000000e+00    0.0000000000e+00
   -8.7400595949e+06    1.5439209900e+07    1.0694533718e+07   -1.9229623720e+02    4.5142391536e+02    2.7114727961e+02    2.9727490000e+19    2.3133306411e-05    0.0000000000e+00    1.0000000000e+00    0.0000000000e+00
   -1.0016303529e+07   -7.6833635935e+07    1.0566349663e+07   -3.6088006977e+02   -2.3672646365e+03    2.3907906019e+02    2.9622730000e+19    2.3051784386e-05    0.0000000000e+00    1.0000000000e+00    0.0000000000e+00
   -2.8479474705e+05   -5.1928744630e+07    6.9511226649e+06   -5.5559044123e+01   -1.5571202413e+03    1.3590582757e+02    2.9553180000e+19    2.2997662042e-05    0.0000000000e+00    1.0000000000e+00    0.0000000000e+00
    7.8646500695e+06    3.7842433437e+07    7.5547691323e+06    2.3434606458e+02    1.1402587322e+03    2.2478473145e+02    2.9553180000e+19    2.2997662042e-05    0.0000000000e+00    1.0000000000e+00    0.0000000000e+00
    1.0878541110e+07    6.2124977196e+07    4.1867384657e+06    3.4709708488e+02    1.9037065807e+03    8.7521678502e+01    2.9518500000e+19    2.2970674796e-05    0.0000000000e+00    1.0000000000e+00    0.0000000000e+00
    3.1452313247e+06   -8.2290624094e+07    8.3334503869e+06   -9.2670054393e+01   -2.4932198385e+03    1.5878349112e+02    2.9518500000e+19    2.2970674796e-05    0.0000000000e+00    1.0000000000e+00    0.0000000000e+00
    3.2139152450e+06    3.1159287945e+06   -1.2728083271e+07    8.3120139752e+01    9.3288564990e+01   -2.3617612728e+02    2.9483870000e+19    2.2943726460e-05    0.0000000000e+00    1.0000000000e+00    0.0000000000e+00
    5.4125001381e+06    3.1496162826e+07   -1.8457073596e+06    1.7497910830e+02    9.4754997207e+02   -9.3265343259e+01    2.9414780000e+19    2.2889962078e-05    0.0000000000e+00    1.0000000000e+00    0.0000000000e+00
   -2.4710766099e+07   -1.3831496757e+08   -4.7539032843e+06   -1.8303674075e+03   -4.9960143890e+03    2.2425555007e+02    2.9345920000e+19    2.2836376676e-05    0.0000000000e+00    1.0000000000e+00    0.0000000000e+00
   -1.1866725280e+06    4.9952109983e+07   -7.3687524135e+06    4.7875623947e+01    1.5027244067e+03   -1.4863211164e+02    2.9208840000e+19    2.2729703908e-05    0.0000000000e+00    1.0000000000e+00    0.0000000000e+00
    2.7929088248e+07    1.4070285495e+08    2.4922571915e+06    2.2817046957e+03    5.4229978633e+03    3.0903609620e+02    2.9140620000e+19    2.2676616542e-05    0.0000000000e+00    1.0000000000e+00    0.0000000000e+00
    2.7675060702e+07    7.6126153201e+07   -7.6962073697e+06    6.9901216893e+02    2.3675244721e+03   -2.9235781014e+01    2.9140620000e+19    2.2676616542e-05    0.0000000000e+00    1.0000000000e+00    0.0000000000e+00
   -1.7893657160e+06    5.2333603499e+07   -8.9435585286e+06    3.9669733747e+01    1.5626758228e+03   -1.4139993375e+02    2.8937170000e+19    2.2518296038e-05    0.0000000000e+00    1.0000000000e+00    0.0000000000e+00
   -3.7814078562e+06   -6.1988430316e+07    5.9857046009e+06   -1.9419409528e+02   -1.8846318329e+03    1.7998329268e+02    2.8937170000e+19    2.2518296038e-05    0.0000000000e+00    1.0000000000e+00    0.0000000000e+00
    1.5916281923e+07    1.0136466396e+08    3.2242182382e+06    5.2955629627e+02    3.2629382052e+03   -4.3903415865e+01    2.8903430000e+19    2.2492040281e-05    0.0000000000e+00    1.0000000000e+00    0.0000000000e+00
    4.1573532305e+07    4.9994057739e+07   -1.4032766883e+07    1.0092054848e+03    1.5128597832e+03   -2.6307490390e+02    2.8869740000e+19    2.2465823433e-05    0.0000000000e+00    1.0000000000e+00    0.0000000000e+00
   -1.7767463693e+07   -9.4140310282e+07   -2.1956709782e+06   -5.4455974516e+02   -2.9985663878e+03    8.4640691268e+01    2.8869740000e+19    2.2465823433e-05    0.0000000000e+00    1.0000000000e+00    0.0000000000e+00
    1.0769661788e+07   -4.9848867400e+07   -2.6600866107e+07    2.0003026939e+02   -1.4570850266e+03   -5.4608410406e+02    2.8836090000e+19    2.2439637712e-05    0.0000000000e+00    1.0000000000e+00    0.0000000000e+00
   -7.7059682906e+06    7.4601145073e+07    1.7506247302e+06   -2.9625659556e+01    2.2413338641e+03   -1.5085649477e+00    2.8802500000e+19    2.2413498681e-05    0.0000000000e+00    1.0000000000e+00    0.0000000000e+00
    1.8640386372e+07    2.2899113085e+07    4.7805058429e+06    4.7497458893e+02    6.9612675715e+02    1.0897551239e+02    2.8802500000e+19    2.2413498681e-05    0.0000000000e+00    1.0000000000e+00    0.0000000000e+00
   -4.3806748998e+06   -4.4683992288e+07    6.7842319124e+06   -1.2684827858e+02   -1.3389633183e+03    1.2817018167e+02    2.8802500000e+19    2.2413498681e-05    0.0000000000e+00    1.0000000000e+00    0.0000000000e+00
    1.1813223070e+07    1.2629898201e+08   -2.8093459401e+06    9.2983796810e+02    4.0733173878e+03   -6.1347815323e+01    2.8802500000e+19    2.2413498681e-05    0.0000000000e+00    1.0000000000e+00    0.0000000000e+00
    2.5688747304e+07    2.9941056066e+06   -6.5905633438e+06    5.9186891131e+02    9.8640996113e+01   -1.6294343523e+02    2.8802500000e+19    2.2413498681e-05    0.0000000000e+00    1.0000000000e+00    0.0000000000e+00
    3.0810632136e+07    1.4616086272e+08   -1.9087301417e+06    3.6384430954e+03    5.1476645316e+03    4.3248561998e+02    2.8735440000e+19    2.2361314002e-05    0.0000000000e+00    1.0000000000e+00    0.0000000000e+00
    1.4384543077e+07   -7.2035902983e+07    3.2025925480e+05    1.9718301508e+02   -2.1360022937e+03   -6.0610002337e+01    2.8735440000e+19    2.2361314002e-05    0.0000000000e+00    1.0000000000e+00    0.0000000000e+00
    8.7559370290e+06    5.9172607101e+07    1.2289029218e+07    2.4939506537e+02    1.7809366743e+03    1.7227377441e+02    2.8735440000e+19    2.2361314002e-05    0.0000000000e+00    1.0000000000e+00    0.0000000000e+00
    1.6352995707e+07    1.3528080928e+08    4.5563415049e+06    1.4575852126e+03    4.4212363377e+03    8.4900897461e+01    2.8668570000e+19    2.2309277177e-05    0.0000000000e+00    1.0000000000e+00    0.0000000000e+00
    1.6487933193e+07   -6.0781649248e+07   -6.5677321063e+06    2.8469530538e+02   -1.7888179959e+03   -6.6688838929e+01    2.8668570000e+19    2.2309277177e-05    0.0000000000e+00    1.0000000000e+00    0.0000000000e+00
    1.3001365550e+07    6.4812003575e+07    5.5741897265e+06    3.5869092075e+02    1.9819841768e+03    4.7742550344e+01    2.8601870000e+19    2.2257372642e-05    0.0000000000e+00    1.0000000000e+00    0.0000000000e+00
    3.2691420895e+07    2.0651931557e+07    6.0063280519e+06    7.7399254825e+02    6.2502051806e+02    1.9259217125e+02    2.8601870000e+19    2.2257372642e-05    0.0000000000e+00    1.0000000000e+00    0.0000000000e+00
   -1.0774502966e+07   -7.3554926550e+07    5.4689450511e+06   -3.3047933333e+02   -2.2521498460e+03   -2.1096390812e+01    2.8535340000e+19    2.2205600398e-05    0.0000000000e+00    1.0000000000e+00    0.0000000000e+00
   -2.3803765664e+07   -1.2761042158e+08   -6.3826809964e+06   -1.0143425871e+03   -4.5714878491e+03   -3.2339445873e+01    2.8502140000e+19    2.2179764857e-05    0.0000000000e+00    1.0000000000e+00    0.0000000000e+00
   -1.4679796963e+07    6.2974984739e+07    6.4857157975e+06   -2.3154548742e+02    1.8684516900e+03    1.8248028460e+02    2.8502140000e+19    2.2179764857e-05    0.0000000000e+00    1.0000000000e+00    0.0000000000e+00
    5.1059102695e+06   -8.1756007554e+07    2.8430177918e+06   -6.9946255941e+01   -2.4608443181e+03   -6.2614723931e+01    2.8468980000e+19    2.2153960444e-05    0.0000000000e+00    1.0000000000e+00    0.0000000000e+00
    2.1753227888e+07    3.7831719635e+06   -1.4978766665e+07    5.0960290789e+02    1.1996137644e+02   -2.8951411492e+02    2.8468980000e+19    2.2153960444e-05    0.0000000000e+00    1.0000000000e+00    0.0000000000e+00
    2.2905781128e+07    1.2652578334e+08   -7.9245852892e+05    1.0738343571e+03    4.4978152542e+03    1.9320205343e+02    2.8435860000e+19    2.2128187158e-05    0.0000000000e+00    1.0000000000e+00    0.0000000000e+00
   -2.3275036785e+07   -1.6260692084e+07   -7.9786431736e+06   -5.5079310406e+02   -4.8701710637e+02   -1.9121181038e+02    2.8435860000e+19    2.2128187158e-05    0.0000000000e+00    1.0000000000e+00    0.0000000000e+00
   -6.0063626714e+06   -6.1087807712e+06    3.1543091663e+06   -1.4682568660e+02   -1.8460442083e+02    1.1222352624e+01    2.8402790000e+19    2.2102452780e-05    0.0000000000e+00    1.0000000000e+00    0.0000000000e+00
    2.0892227584e+07   -2.5832020901e+06    6.6973005013e+06    4.6769813052e+02   -7.3157186011e+01    1.3238964923e+02    2.8402790000e+19    2.2102452780e-05    0.0000000000e+00    1.0000000000e+00    0.0000000000e+00
   -4.4725398568e+06   -3.3772192711e+07    1.5486067688e+07   -1.2769782104e+02   -1.0014458502e+03    2.8657074660e+02    2.8402790000e+19    2.2102452780e-05    0.0000000000e+00    1.0000000000e+00    0.0000000000e+00
   -2.6169864172e+07   -1.4044541820e+07   -2.0871951983e+06   -6.2994278941e+02   -4.2787030124e+02   -6.0170829983e+01    2.8402790000e+19    2.2102452780e-05    0.0000000000e+00    1.0000000000e+00    0.0000000000e+00
   -1.4732063015e+07   -5.0738965747e+07    1.0644711234e+07   -3.8639590622e+02   -1.5327631071e+03    1.6647126562e+02    2.8402790000e+19    2.2102452780e-05    0.0000000000e+00    1.0000000000e+00    0.0000000000e+00
   -2.7456621349e+05    7.0404055361e+07    4.3902734868e+05    1.3264015746e+02    2.1328277183e+03   -8.4765826690e+01    2.8369750000e+19    2.2076741749e-05    0.0000000000e+00    1.0000000000e+00    0.0000000000e+00
    1.7848262196e+06    4.5995616510e+07    3.8024243415e+05    7.7912021214e+01    1.3727671052e+03   -1.1440878173e+02    2.8369750000e+19    2.2076741749e-05    0.0000000000e+00    1.0000000000e+00    0.0000000000e+00
    8.4366690540e+06    2.5797027576e+07   -2.2394773084e+06    2.1852215108e+02    7.7874948377e+02   -4.8912894539e+01    2.8336760000e+19    2.2051069626e-05    0.0000000000e+00    1.0000000000e+00    0.0000000000e+00
   -8.7573006977e+05    9.7832408284e+06    3.2673186789e+06    7.6833756816e+00    2.9924416658e+02    1.3727957847e+02    2.8336760000e+19    2.2051069626e-05    0.0000000000e+00    1.0000000000e+00    0.0000000000e+00
   -1.2808485859e+06    8.8354337550e+07   -1.4486144771e+06    1.7717848113e+02    2.6896740870e+03    9.2917498743e+01    2.8336760000e+19    2.2051069626e-05    0.0000000000e+00    1.0000000000e+00    0.0000000000e+00
   -1.6252259913e+07    7.3611779323e+06    4.9087159008e+06   -3.7031663246e+02    1.9511141234e+02    2.3345721523e+02    2.8336760000e+19    2.2051069626e-05    0.0000000000e+00    1.0000000000e+00    0.0000000000e+00
   -1.0017244914e+07    4.5161274842e+06    9.2021134171e+06   -2.4009481921e+02    1.2407883169e+02    1.3612505553e+02    2.8205160000e+19    2.1948661278e-05    0.0000000000e+00    1.0000000000e+00    0.0000000000e+00
    2.0971893225e+07    1.3030457832e+08    4.6847327849e+05    1.2686200847e+03    4.5896148650e+03   -3.5489189850e+01    2.8205160000e+19    2.1948661278e-05    0.0000000000e+00    1.0000000000e+00    0.0000000000e+00
    9.1974367133e+06    8.5090851948e+06   -2.6991073954e+07    2.2978531673e+02    2.5186337555e+02   -5.4625160880e+02    2.8205160000e+19    2.1948661278e-05    0.0000000000e+00    1.0000000000e+00    0.0000000000e+00
    1.1143555350e+07    7.9225560836e+07   -2.0293522264e+06    3.2687730301e+02    2.4494943801e+03   -6.6196281431e+01    2.8205160000e+19    2.1948661278e-05    0.0000000000e+00    1.0000000000e+00    0.0000000000e+00
    2.5171547329e+07    2.0742684877e+06    2.6763624734e+05    5.9477543896e+02    7.5489074986e+01   -5.3253424298e+00    2.8205160000e+19    2.1948661278e-05    0.0000000000e+00    1.0000000000e+00    0.0000000000e+00
   -4.6514353423e+06   -6.7462690501e+07   -1.6486229479e+07   -2.1450484413e+02   -2.0137770333e+03   -1.9740744146e+02    2.8205160000e+19    2.1948661278e-05    0.0000000000e+00    1.0000000000e+00    0.0000000000e+00
   -1.9329440001e+07    2.3717928443e+07    3.7443794857e+07   -4.4744364472e+02    6.7395728936e+02    7.9630740633e+02    2.8139590000e+19    2.1897636086e-05    0.0000000000e+00    1.0000000000e+00    0.0000000000e+00
   -2.2165866187e+07   -1.2662126767e+08   -8.6959854742e+04   -9.9632285535e+02   -4.4666432748e+03   -3.1042847019e+02    2.8139590000e+19    2.1897636086e-05    0.0000000000e+00    1.0000000000e+00    0.0000000000e+00
    1.8496160411e+07    5.9258679984e+07   -6.8454876047e+06    4.8299451496e+02    1.8110619083e+03   -1.9751246261e+02    2.8139590000e+19    2.1897636086e-05    0.0000000000e+00    1.0000000000e+00    0.0000000000e+00
   -8.4472464560e+06    3.1450008344e+06   -8.4205686013e+06   -1.6540211191e+02    1.0119839425e+02   -1.4842803478e+02    2.8139590000e+19    2.1897636086e-05    0.0000000000e+00    1.0000000000e+00    0.0000000000e+00
   -1.1216123315e+07    7.1670581873e+07   -2.8657516823e+06   -1.2080133880e+02    2.1361573528e+03   -1.1439391532e+01    2.8139590000e+19    2.1897636086e-05    0.0000000000e+00    1.0000000000e+00    0.0000000000e+00
    2.6158535839e+07   -4.2950916733e+07   -1.0283823078e+07    5.5311122795e+02   -1.2494268340e+03   -2.9192478662e+02    2.8139590000e+19    2.1897636086e-05    0.0000000000e+00    1.0000000000e+00    0.0000000000e+00
    1.7734153374e+07    8.4178891192e+07    8.3419800172e+06    4.9776122455e+02    2.6114510120e+03   -2.3214393713e+00    2.8139590000e+19    2.1897636086e-05    0.0000000000e+00    1.0000000000e+00    0.0000000000e+00
   -7.8261333237e+06    1.4592593719e+06   -2.0042816055e+07   -1.7804581696e+02    3.8729754253e+01   -3.6599399115e+02    2.8106860000e+19    2.1872166289e-05    0.0000000000e+00    1.0000000000e+00    0.0000000000e+00
   -1.5842149415e+05    9.1798291491e+07   -1.7938521674e+07    1.8742111398e+02    2.7138977595e+03   -1.2070220125e+02    2.8106860000e+19    2.1872166289e-05    0.0000000000e+00    1.0000000000e+00    0.0000000000e+00
    1.6126011215e+07   -2.1992677768e+07   -3.7214517439e+07    3.6001751372e+02   -6.3120523484e+02   -7.7927707385e+02    2.8106860000e+19    2.1872166289e-05    0.0000000000e+00    1.0000000000e+00    0.0000000000e+00
   -2.7461284518e+07   -1.4455233831e+08    4.9051595356e+06   -2.8557906986e+03   -4.7532968502e+03    1.9852392632e+02    2.8106860000e+19    2.1872166289e-05    0.0000000000e+00    1.0000000000e+00    0.0000000000e+00
   -1.7737245307e+07   -1.2855859415e+08   -1.9099892820e+06   -1.1825131344e+03   -4.3379939527e+03    2.0275178743e+02    2.8074160000e+19    2.1846719838e-05    0.0000000000e+00    1.0000000000e+00    0.0000000000e+00
    1.3782234154e+07    3.6502585681e+06    6.7531035342e+07    3.4298671642e+02    1.0473001274e+02    1.5492018973e+03    2.8008880000e+19    2.1795920317e-05    0.0000000000e+00    1.0000000000e+00    0.0000000000e+00
   -2.3719165394e+07   -1.1090618198e+08   -2.5396574742e+04   -6.6734470896e+02   -3.7472388148e+03   -3.8925766958e+01    2.8008880000e+19    2.1795920317e-05    0.0000000000e+00    1.0000000000e+00    0.0000000000e+00
    5.3191290733e+06   -1.8589328413e+06   -4.4390988532e+07    1.3319822539e+02   -5.2819044990e+01   -9.5017216569e+02    2.8008880000e+19    2.1795920317e-05    0.0000000000e+00    1.0000000000e+00    0.0000000000e+00
    2.6995477629e+07    1.1509649953e+07    5.0933495712e+06    6.4658114477e+02    3.5432859339e+02    7.3450889335e+01    2.7976290000e+19    2.1770559466e-05    0.0000000000e+00    1.0000000000e+00    0.0000000000e+00
    2.9161101309e+07    4.0978437035e+07    4.1737011953e+07    7.1953538161e+02    1.1807313135e+03    8.3567278379e+02    2.7943740000e+19    2.1745229742e-05    0.0000000000e+00    1.0000000000e+00    0.0000000000e+00
   -1.4147498921e+07    6.5145622150e+06   -1.9053818620e+06   -3.0543128042e+02    1.9482125418e+02   -9.1360882269e+01    2.7943740000e+19    2.1745229742e-05    0.0000000000e+00    1.0000000000e+00    0.0000000000e+00
    1.3728515040e+07   -4.2705902248e+07    2.9969287684e+07    2.6588910246e+02   -1.2382703070e+03    6.0425243521e+02    2.7943740000e+19    2.1745229742e-05    0.0000000000e+00    1.0000000000e+00    0.0000000000e+00
   -1.3142002103e+07   -1.2085993575e+08   -6.9913426620e+06   -8.7890376121e+02   -3.9356198966e+03   -2.9035939916e+02    2.7943740000e+19    2.1745229742e-05    0.0000000000e+00    1.0000000000e+00    0.0000000000e+00
    2.9055265496e+07    5.6360966172e+07    8.3082040209e+05    6.6982837988e+02    1.7151166759e+03   -7.6330347259e+01    2.7943740000e+19    2.1745229742e-05    0.0000000000e+00    1.0000000000e+00    0.0000000000e+00
    2.6707555561e+07    1.4063628425e+08    5.1045565744e+06    1.9344808092e+03    5.3199034025e+03   -1.9257024412e+02    2.7943740000e+19    2.1745229742e-05    0.0000000000e+00    1.0000000000e+00    0.0000000000e+00
   -2.0653628735e+07   -6.8467879165e+07   -9.5253497324e+06   -5.0590970712e+02   -2.1062659127e+03   -1.8939317532e+02    2.7911220000e+19    2.1719923363e-05    0.0000000000e+00    1.0000000000e+00    0.0000000000e+00
    1.3460824353e+07   -4.9035545930e+07   -6.9545829743e+06    2.3823307481e+02   -1.4325544390e+03   -1.0705944722e+01    2.7911220000e+19    2.1719923363e-05    0.0000000000e+00    1.0000000000e+00    0.0000000000e+00
   -2.1656731949e+07   -1.2437814284e+08    3.8737455073e+06   -1.0736070486e+03   -4.3037567452e+03    3.5839648709e+02    2.7911220000e+19    2.1719923363e-05    0.0000000000e+00    1.0000000000e+00    0.0000000000e+00
   -9.5610505729e+06   -3.9843546761e+07    2.3616771175e+07   -2.4809133456e+02   -1.1733860912e+03    4.3658275345e+02    2.7878730000e+19    2.1694640330e-05    0.0000000000e+00    1.0000000000e+00    0.0000000000e+00
   -2.7029888300e+07    3.7932501927e+06    1.0293486117e+07   -6.3111960795e+02    1.0055912168e+02    1.4271432660e+02    2.7878730000e+19    2.1694640330e-05    0.0000000000e+00    1.0000000000e+00    0.0000000000e+00
   -1.8374552068e+07   -1.3340140826e+08   -7.9660659685e+06   -1.4129105627e+03   -4.4391581676e+03   -2.5921225901e+02    2.7878730000e+19    2.1694640330e-05    0.0000000000e+00    1.0000000000e+00    0.0000000000e+00
    2.2522359264e+07    1.4011864693e+08    1.8205768347e+05    2.0389743016e+03    4.8065913953e+03   -8.5035128461e+01    2.7813860000e+19    2.1644159862e-05    0.0000000000e+00    1.0000000000e+00    0.0000000000e+00
   -4.6978009743e+06    1.1119799987e+07   -3.6404153513e+07   -9.9947851465e+01    3.1815054678e+02   -7.6943974019e+02    2.7813860000e+19    2.1644159862e-05    0.0000000000e+00    1.0000000000e+00    0.0000000000e+00
   -2.3871946433e+07    4.5304675360e+07   -1.4625576457e+07   -5.0682792659e+02    1.3090338503e+03   -2.1350715150e+02    2.7813860000e+19    2.1644159862e-05    0.0000000000e+00    1.0000000000e+00    0.0000000000e+00
    2.0894917813e+07    1.3881227295e+08   -3.7014726010e+06    1.6925455807e+03    4.3582283411e+03    9.0282461929e+02    2.7813860000e+19    2.1644159862e-05    0.0000000000e+00    1.0000000000e+00    0.0000000000e+00
    3.7154052183e+07    1.5078243600e+08   -4.7644042947e+05    3.2895435411e+03    3.8089242356e+03    3.6474899639e+02    2.7813860000e+19    2.1644159862e-05    0.0000000000e+00    1.0000000000e+00    0.0000000000e+00
   -2.0843236750e+07   -1.2361020102e+08    7.5982110907e+06   -1.0142434269e+03   -4.2511184904e+03    2.3005483633e+02    2.7813860000e+19    2.1644159862e-05    0.0000000000e+00    1.0000000000e+00    0.0000000000e+00
   -3.1333355278e+07   -8.0478053731e+07   -8.3303375656e+07   -7.9618494359e+02   -2.1781949686e+03   -1.8423377524e+03    2.7813860000e+19    2.1644159862e-05    0.0000000000e+00    1.0000000000e+00    0.0000000000e+00
    1.1424008547e+07    6.6414690655e+07    5.4252856711e+07    3.2159785096e+02    1.8648315714e+03    1.0899546699e+03    2.7684500000e+19    2.1543494636e-05    0.0000000000e+00    1.0000000000e+00    0.0000000000e+00
   -2.1595462255e+07   -7.8916012978e+07    1.1776671107e+07   -5.5493702617e+02   -2.4321280328e+03    9.4503668311e+01    2.7684500000e+19    2.1543494636e-05    0.0000000000e+00    1.0000000000e+00    0.0000000000e+00
   -1.8814512846e+07    3.6998742158e+07    2.9365805535e+06   -3.7321571547e+02    1.0867645717e+03    3.1492593234e+00    2.7684500000e+19    2.1543494636e-05    0.0000000000e+00    1.0000000000e+00    0.0000000000e+00
    2.1651699446e+07    1.2877542331e+07    2.2611181488e+07    5.1896437420e+02    3.8265283601e+02    4.0788177653e+02    2.7684500000e+19    2.1543494636e-05    0.0000000000e+00    1.0000000000e+00    0.0000000000e+00
    2.8184290199e+07    1.8052880720e+07   -1.3077689252e+07    6.5531707599e+02    5.3656660876e+02   -2.3242180604e+02    2.7684500000e+19    2.1543494636e-05    0.0000000000e+00    1.0000000000e+00    0.0000000000e+00
   -1.1085959152e+07   -1.5180831386e+07    3.5180670323e+07   -2.8157811393e+02   -4.4034146657e+02    7.1138136711e+02    2.7652230000e+19    2.1518382801e-05    0.0000000000e+00    1.0000000000e+00    0.0000000000e+00
   -1.0332290948e+07   -1.1252954202e+08   -1.4259259508e+07   -5.4466579518e+02   -3.4919056095e+03    5.5632763395e+01    2.7652230000e+19    2.1518382801e-05    0.0000000000e+00    1.0000000000e+00    0.0000000000e+00
    3.1123439700e+07    6.9087837659e+07   -1.0827373597e+06    7.1633231458e+02    2.1288010740e+03   -8.4218145401e+01    2.7652230000e+19    2.1518382801e-05    0.0000000000e+00    1.0000000000e+00    0.0000000000e+00
    2.4389825325e+07    1.1777243486e+08    5.1662639782e+06    7.7375198030e+02    4.0738586745e+03    2.3717961203e+02    2.7652230000e+19    2.1518382801e-05    0.0000000000e+00    1.0000000000e+00    0.0000000000e+00
    5.4929675254e+06   -1.1532609892e+08   -5.5657155091e+07   -2.3136014561e+01   -3.1111815908e+03   -9.8869779336e+02    2.7652230000e+19    2.1518382801e-05    0.0000000000e+00    1.0000000000e+00    0.0000000000e+00
    1.7765540021e+07    1.3078640479e+08   -5.4797686109e+06    1.3417946809e+03    4.4081443708e+03   -1.7926874509e+02    2.7620000000e+19    2.1493302095e-05    0.0000000000e+00    1.0000000000e+00    0.0000000000e+00
   -7.0976642939e+06   -1.0028282592e+08   -8.9187932273e+05   -4.1713243483e+02   -3.1438077216e+03   -1.6720298724e+02    2.7620000000e+19    2.1493302095e-05    0.0000000000e+00    1.0000000000e+00    0.0000000000e+00
   -3.5500588862e+06    1.1261602454e+08   -6.5296399312e+06    3.4427571374e+02    3.4168057999e+03   -7.8487744497e+01    2.7620000000e+19    2.1493302095e-05    0.0000000000e+00    1.0000000000e+00    0.0000000000e+00
    1.4662865617e+07    1.0221643538e+06    1.9153650523e+07    3.4517812654e+02    3.6911552541e+01    3.9057952846e+02    2.7620000000e+19    2.1493302095e-05    0.0000000000e+00    1.0000000000e+00    0.0000000000e+00
   -2.0971645257e+07   -1.1201520292e+08   -5.7680828575e+05   -6.8096306318e+02   -3.7567061548e+03    1.1405145573e+02    2.7620000000e+19    2.1493302095e-05    0.0000000000e+00    1.0000000000e+00    0.0000000000e+00
   -1.9408244274e+07   -3.2310793157e+07   -4.5115632039e+07   -4.7892710491e+02   -9.2617641816e+02   -9.4663017491e+02    2.7620000000e+19    2.1493302095e-05    0.0000000000e+00    1.0000000000e+00    0.0000000000e+00
    1.3779827194e+07   -4.5592869920e+07    4.6793485089e+07    2.8868052012e+02   -1.2843167535e+03    9.7925363094e+02    2.7620000000e+19    2.1493302095e-05    0.0000000000e+00    1.0000000000e+00    0.0000000000e+00
    2.9481831898e+07    1.8644345854e+07   -3.9055283348e+07    7.1134468453e+02    5.4081160355e+02   -8.2282311067e+02    2.7620000000e+19    2.1493302095e-05    0.0000000000e+00    1.0000000000e+00    0.0000000000e+00
    1.0521558849e+07   -1.0419658771e+08   -7.5157575233e+06   -6.6457886369e+01   -3.0615556442e+03    7.9121204030e+01    2.7620000000e+19    2.1493302095e-05    0.0000000000e+00    1.0000000000e+00    0.0000000000e+00
   -2.2875092596e+06    6.7321446961e+07   -2.6284904905e+05    8.7461648305e+01    2.0335765926e+03    9.0628409070e+01    2.7587800000e+19    2.1468244733e-05    0.0000000000e+00    1.0000000000e+00    0.0000000000e+00
    2.0646271661e+07    5.9558527156e+07   -2.2320461350e+06    5.2496664807e+02    1.8300197512e+03   -4.1957907787e+01    2.7587800000e+19    2.1468244733e-05    0.0000000000e+00    1.0000000000e+00    0.0000000000e+00
   -7.4966503847e+06   -1.2882324024e+08   -1.9898539840e+06   -9.3190044018e+02   -3.8914724633e+03    4.2107357951e+02    2.7587800000e+19    2.1468244733e-05    0.0000000000e+00    1.0000000000e+00    0.0000000000e+00
   -2.2035093565e+07   -5.2629035379e+07    9.9009074654e+06   -5.3783160636e+02   -1.5793273014e+03    6.4429281679e+01    2.7555620000e+19    2.1443202935e-05    0.0000000000e+00    1.0000000000e+00    0.0000000000e+00
   -4.5328909270e+06   -4.0500438808e+07    3.5747753065e+07   -1.3321865831e+02   -1.1693724874e+03    7.1990251395e+02    2.7555620000e+19    2.1443202935e-05    0.0000000000e+00    1.0000000000e+00    0.0000000000e+00
    2.2149959751e+07    1.4391672583e+08    4.3419298372e+06    2.2239096096e+03    4.5886639313e+03   -1.4605044682e+02    2.7555620000e+19    2.1443202935e-05    0.0000000000e+00    1.0000000000e+00    0.0000000000e+00
    2.5918278296e+07   -6.0081088226e+07    2.7950107483e+06    5.0940402816e+02   -1.7415603783e+03   -2.6644330207e+01    2.7555620000e+19    2.1443202935e-05    0.0000000000e+00    1.0000000000e+00    0.0000000000e+00
   -5.5869447350e+06   -1.1023081988e+08    1.0596368726e+07   -4.8894157224e+02   -3.3593716895e+03   -1.3449114085e+02    2.7555620000e+19    2.1443202935e-05    0.0000000000e+00    1.0000000000e+00    0.0000000000e+00
   -1.5473010891e+07   -8.9411028018e+07    6.3615885671e+07   -4.3199872573e+02   -2.4656334791e+03    1.2662124746e+03    2.7555620000e+19    2.1443202935e-05    0.0000000000e+00    1.0000000000e+00    0.0000000000e+00
   -2.2744741915e+07   -1.3427130695e+08    5.2360341420e+06   -1.3637396110e+03   -4.8418039677e+03    1.0796278812e+02    2.7491370000e+19    2.1393204939e-05    0.0000000000e+00    1.0000000000e+00    0.0000000000e+00
   -1.5420499549e+07    6.3793195339e+06    2.3602089186e+06   -3.2071934977e+02    2.0107590389e+02    9.1381591126e+01    2.7427220000e+19    2.1343284760e-05    0.0000000000e+00    1.0000000000e+00    0.0000000000e+00
    3.9889239016e+06   -1.5435475994e+06   -5.5484958031e+07    9.9510055871e+01   -3.6433775054e+01   -1.2350076113e+03    2.7427220000e+19    2.1343284760e-05    0.0000000000e+00    1.0000000000e+00    0.0000000000e+00
   -2.3367618523e+07   -9.4407741712e+07   -1.3150340981e+07   -6.3217211548e+02   -2.9451962838e+03    1.2974770954e+01    2.7427220000e+19    2.1343284760e-05    0.0000000000e+00    1.0000000000e+00    0.0000000000e+00
    2.8077812677e+07    5.8944256596e+07    9.0342326984e+05    6.5672368276e+02    1.7980196469e+03    1.1136924512e+01    2.7427220000e+19    2.1343284760e-05    0.0000000000e+00    1.0000000000e+00    0.0000000000e+00
   -2.3238092645e+07   -3.5127423232e+07   -2.7313279970e+07   -5.8330096414e+02   -1.0408022754e+03   -5.0712420581e+02    2.7427220000e+19    2.1343284760e-05    0.0000000000e+00    1.0000000000e+00    0.0000000000e+00
   -4.1587802216e+07   -1.9428150556e+07    5.8589302328e+07   -1.0143782732e+03   -5.4558294676e+02    1.2992221342e+03    2.7363180000e+19    2.1293450181e-05    0.0000000000e+00    1.0000000000e+00    0.0000000000e+00
   -3.9652221313e+07   -1.3408990335e+07    1.8718167297e+07   -9.3825064861e+02   -3.9611804069e+02    3.3219931732e+02    2.7363180000e+19    2.1293450181e-05    0.0000000000e+00    1.0000000000e+00    0.0000000000e+00
    2.5792470303e+07   -3.0777707595e+07   -8.1140941225e+07    6.2018068990e+02   -8.3298421063e+02   -1.8612332507e+03    2.7363180000e+19    2.1293450181e-05    0.0000000000e+00    1.0000000000e+00    0.0000000000e+00
    1.4280690459e+07    5.2916765779e+07   -4.9569182697e+07    3.8279078705e+02    1.5074645919e+03   -1.0071906986e+03    2.7363180000e+19    2.1293450181e-05    0.0000000000e+00    1.0000000000e+00    0.0000000000e+00
    2.7300801898e+07   -5.1242974876e+05    1.2627262300e+07    6.2467125045e+02   -8.1488130069e+00    2.1047746386e+02    2.7363180000e+19    2.1293450181e-05    0.0000000000e+00    1.0000000000e+00    0.0000000000e+00
    1.9860570510e+07    9.6933967263e+07    1.8216091757e+07    5.7545015050e+02    2.9848353942e+03    7.3141592014e+01    2.7363180000e+19    2.1293450181e-05    0.0000000000e+00    1.0000000000e+00    0.0000000000e+00
   -2.5865292799e+07   -1.3056840892e+08    1.1942660899e+07   -1.0254227485e+03   -4.1791358197e+03   -8.2284697201e+02    2.7363180000e+19    2.1293450181e-05    0.0000000000e+00    1.0000000000e+00    0.0000000000e+00
   -3.8411477258e+06   -7.0247103799e+06   -1.0225563700e+07   -8.9829978514e+01   -2.0533792228e+02   -1.6108326126e+02    2.7363180000e+19    2.1293450181e-05    0.0000000000e+00    1.0000000000e+00    0.0000000000e+00
   -1.7439249574e+06    8.5271166988e+07   -2.7889098735e+07    8.3845939488e+01    2.5027843473e+03   -4.3014323198e+02    2.7331200000e+19    2.1268564019e-05    0.0000000000e+00    1.0000000000e+00    0.0000000000e+00
   -3.6530562047e+07   -3.3088782555e+07   -2.6598727875e+07   -8.7618463986e+02   -9.7139650449e+02   -4.9737364394e+02    2.7331200000e+19    2.1268564019e-05    0.0000000000e+00    1.0000000000e+00    0.0000000000e+00
    4.1427557681e+05    1.0390724460e+08   -6.1764780141e+06    3.3282769432e+02    3.1470187133e+03    1.5515449780e+02    2.7331200000e+19    2.1268564019e-05    0.0000000000e+00    1.0000000000e+00    0.0000000000e+00
    2.6923041566e+07    7.1343127264e+06    8.2641715225e+06    6.2539613558e+02    2.1493495328e+02    6.7320032588e+01    2.7331200000e+19    2.1268564019e-05    0.0000000000e+00    1.0000000000e+00    0.0000000000e+00
    1.4780867574e+07    8.8426548766e+07   -6.3538518713e+05    4.0665301131e+02    2.7796082781e+03   -1.1976630462e+01    2.7331200000e+19    2.1268564019e-05    0.0000000000e+00    1.0000000000e+00    0.0000000000e+00
   -5.4225812913e+06   -4.1448473682e+07   -6.8870119925e+07   -1.5684191017e+02   -1.1528800689e+03   -1.5325534659e+03    2.7331200000e+19    2.1268564019e-05    0.0000000000e+00    1.0000000000e+00    0.0000000000e+00
   -1.8044343945e+07   -6.2665366110e+07    4.1242702844e+07   -4.7011248494e+02   -1.8171631356e+03    7.9974507993e+02    2.7299250000e+19    2.1243701202e-05    0.0000000000e+00    1.0000000000e+00    0.0000000000e+00
   -3.1050926512e+07   -1.2622395931e+08    1.2599120940e+06   -7.6196964753e+02   -4.6967569347e+03   -3.0584700627e+02    2.7299250000e+19    2.1243701202e-05    0.0000000000e+00    1.0000000000e+00    0.0000000000e+00
    3.1735743101e+07    7.5334574207e+07    5.2458906866e+07    7.8369632447e+02    2.1228622609e+03    1.0004163556e+03    2.7267320000e+19    2.1218853949e-05    0.0000000000e+00    1.0000000000e+00    0.0000000000e+00
   -2.0839988409e+07    2.5384218807e+07    8.4594026144e+06   -4.3991166885e+02    7.3958435600e+02    1.1506714805e+02    2.7267320000e+19    2.1218853949e-05    0.0000000000e+00    1.0000000000e+00    0.0000000000e+00
    2.3535322974e+07    4.2291522905e+07    2.5014921233e+07    5.6333430365e+02    1.2401780470e+03    4.5693650023e+02    2.7267320000e+19    2.1218853949e-05    0.0000000000e+00    1.0000000000e+00    0.0000000000e+00
    1.7470876092e+07    1.3410694199e+08    5.8553821052e+06    1.3067933752e+03    4.1649545572e+03   -7.1465693106e+02    2.7235420000e+19    2.1194030041e-05    0.0000000000e+00    1.0000000000e+00    0.0000000000e+00
   -3.2083147290e+07    1.4266496163e+07    2.5001333463e+07   -7.4884417893e+02    3.9852138476e+02    4.9171575012e+02    2.7235420000e+19    2.1194030041e-05    0.0000000000e+00    1.0000000000e+00    0.0000000000e+00
    2.2945800414e+07   -4.1060666145e+07    1.9515946979e+07    4.8489993005e+02   -1.1784745023e+03    3.1451577792e+02    2.7235420000e+19    2.1194030041e-05    0.0000000000e+00    1.0000000000e+00    0.0000000000e+00
   -1.1574570613e+07   -1.3009328331e+08    6.1143743562e+06   -1.0882068798e+03   -4.1561166377e+03    2.7403497190e+01    2.7235420000e+19    2.1194030041e-05    0.0000000000e+00    1.0000000000e+00    0.0000000000e+00
    1.9903409854e+07    4.2890877667e+07   -3.7980802240e+06    4.4269247674e+02    1.2931699250e+03   -4.1626036519e+01    2.7235420000e+19    2.1194030041e-05    0.0000000000e+00    1.0000000000e+00    0.0000000000e+00
   -4.3815739038e+07   -3.4256230791e+07    1.6549859952e+06   -1.0182781861e+03   -1.0174300159e+03    1.0865861596e+02    2.7171700000e+19    2.1144444479e-05    0.0000000000e+00    1.0000000000e+00    0.0000000000e+00
   -6.3539827765e+06    4.8638583949e+07   -1.2819846243e+08   -1.5236483752e+02    1.2802920819e+03   -3.0930540204e+03    2.7171700000e+19    2.1144444479e-05    0.0000000000e+00    1.0000000000e+00    0.0000000000e+00
   -1.1263920424e+07    2.1209882713e+07   -4.8922313418e+07   -2.5477643274e+02    5.8741448746e+02   -1.0347938729e+03    2.7171700000e+19    2.1144444479e-05    0.0000000000e+00    1.0000000000e+00    0.0000000000e+00
    2.6576847028e+07   -2.4817322696e+07   -8.4882052999e+06    5.8960030207e+02   -7.1633363274e+02   -1.1580615763e+02    2.7171700000e+19    2.1144444479e-05    0.0000000000e+00    1.0000000000e+00    0.0000000000e+00
    1.7889261461e+07   -7.0115116208e+07    5.9471605901e+06    2.9001982924e+02   -2.0400444680e+03   -4.0094113754e+01    2.7139870000e+19    2.1119675044e-05    0.0000000000e+00    1.0000000000e+00    0.0000000000e+00
   -9.5749652586e+06    8.0544297570e+07    8.7862291300e+06   -3.1406027401e+01    2.4134058682e+03    2.6399933302e+02    2.7108070000e+19    2.1094928954e-05    0.0000000000e+00    1.0000000000e+00    0.0000000000e+00
   -2.8546923334e+07    9.3629823881e+07    2.9504562057e+07   -5.1371494455e+02    2.6082974781e+03    4.6800799015e+02    2.7044530000e+19    2.1045483465e-05    0.0000000000e+00    1.0000000000e+00    0.0000000000e+00
   -4.5045386467e+06    9.0618304275e+07    1.1316605638e+07    1.0612182233e+02    2.6972872023e+03    1.7825099666e+01    2.7044530000e+19    2.1045483465e-05    0.0000000000e+00    1.0000000000e+00    0.0000000000e+00
    3.9223711189e+07    7.4647732082e+07    5.2413920953e+07    9.4969123656e+02    2.1071599924e+03    1.0274463402e+03    2.7044530000e+19    2.1045483465e-05    0.0000000000e+00    1.0000000000e+00    0.0000000000e+00
   -2.8872963265e+07   -9.2030409313e+07   -5.0994240465e+06   -6.3755182817e+02   -2.9356066166e+03   -7.4029031749e+01    2.7044530000e+19    2.1045483465e-05    0.0000000000e+00    1.0000000000e+00    0.0000000000e+00
    1.9989156062e+06    1.1265175281e+08   -3.2838689264e+06    4.8896781971e+02    3.4950366105e+03   -6.3520014754e+01    2.7044530000e+19    2.1045483465e-05    0.0000000000e+00    1.0000000000e+00    0.0000000000e+00
   -4.3686721067e+07    7.5286666077e+06   -1.6163605453e+07   -1.0257318425e+03    2.0357744188e+02   -2.8094471874e+02    2.7044530000e+19    2.1045483465e-05    0.0000000000e+00    1.0000000000e+00    0.0000000000e+00
    4.4066378069e+06    1.9521213154e+07   -6.6058882330e+07    1.1896380245e+02    5.4442666925e+02   -1.4996955536e+03    2.7044530000e+19    2.1045483465e-05    0.0000000000e+00    1.0000000000e+00    0.0000000000e+00
   -3.5405293043e+07   -6.3539327692e+07   -5.0388011487e+07   -8.6291814189e+02   -1.8028025647e+03   -1.0098156436e+03    2.7044530000e+19    2.1045483465e-05    0.0000000000e+00    1.0000000000e+00    0.0000000000e+00
   -3.2563810996e+07    6.0377575283e+07   -2.8102731322e+07   -6.9945122537e+02    1.7110074071e+03   -5.3139997025e+02    2.7044530000e+19    2.1045483465e-05    0.0000000000e+00    1.0000000000e+00    0.0000000000e+00
    1.0454433590e+07    1.3600218668e+08    5.7479294583e+06    1.2521909436e+03    4.1860358423e+03    2.7463617331e+02    2.7044530000e+19    2.1045483465e-05    0.0000000000e+00    1.0000000000e+00    0.0000000000e+00
   -1.9199190315e+06   -1.2645622926e+08    4.9777776455e+06   -6.7692157623e+02   -3.7184441221e+03   -3.4336872206e+02    2.7044530000e+19    2.1045483465e-05    0.0000000000e+00    1.0000000000e+00    0.0000000000e+00
    2.6476620511e+07   -5.2822769237e+07    2.1442772207e+06    5.3886562977e+02   -1.5337179733e+03   -5.7373961803e+01    2.7044530000e+19    2.1045483465e-05    0.0000000000e+00    1.0000000000e+00    0.0000000000e+00
    1.8426804025e+07   -8.5312958998e+07   -5.3977978950e+06    2.3439942887e+02   -2.5169378118e+03   -9.4438072698e+01    2.7044530000e+19    2.1045483465e-05    0.0000000000e+00    1.0000000000e+00    0.0000000000e+00
    3.0981270943e+07    1.4505647189e+08    6.3829723226e+05    3.2861010207e+03    5.8890376995e+03   -3.2542536461e+02    2.7044530000e+19    2.1045483465e-05    0.0000000000e+00    1.0000000000e+00    0.0000000000e+00
    8.2529852207e+06   -2.1480542807e+07    6.7584351463e+06    1.7515772619e+02   -6.2848743760e+02    6.0169864388e+01    2.7044530000e+19    2.1045483465e-05    0.0000000000e+00    1.0000000000e+00    0.0000000000e+00
    2.6937511907e+07   -2.5325201388e+07   -1.7725499761e+07    6.0479603734e+02   -7.2292772981e+02   -2.9735563413e+02    2.7044530000e+19    2.1045483465e-05    0.0000000000e+00    1.0000000000e+00    0.0000000000e+00
    4.3402434930e+07    5.0450785485e+07   -5.4276604497e+07    1.0488613611e+03    1.4166567792e+03   -1.1474026586e+03    2.7044530000e+19    2.1045483465e-05    0.0000000000e+00    1.0000000000e+00    0.0000000000e+00
    2.7315361214e+07    3.7854060310e+07   -4.0513073482e+07    6.7069803937e+02    1.0941799442e+03   -8.1622844832e+02    2.7044530000e+19    2.1045483465e-05    0.0000000000e+00    1.0000000000e+00    0.0000000000e+00
    4.0716563445e+07    8.2829936183e+07   -6.7313407584e+07    9.9474367189e+02    2.2809605962e+03   -1.3935481601e+03    2.7044530000e+19    2.1045483465e-05    0.0000000000e+00    1.0000000000e+00    0.0000000000e+00
   -9.3803913114e+06   -5.7463377088e+06    6.8995476713e+07   -2.2586377598e+02   -1.5643889865e+02    1.5571876076e+03    2.6981090000e+19    2.0996115793e-05    0.0000000000e+00    1.0000000000e+00    0.0000000000e+00
   -4.1314819805e+07   -6.4174328015e+07    3.1587383789e+07   -9.5607116950e+02   -1.8728429230e+03    5.8235036081e+02    2.6981090000e+19    2.0996115793e-05    0.0000000000e+00    1.0000000000e+00    0.0000000000e+00
   -1.0113095297e+07    9.1637160929e+07   -7.9436671586e+04    1.2210732560e+01    2.7420424917e+03   -1.0198130170e+02    2.6981090000e+19    2.0996115793e-05    0.0000000000e+00    1.0000000000e+00    0.0000000000e+00
   -1.6033647559e+06    3.7257178235e+07    6.4437762844e+07   -1.5574996400e+01    1.0341210713e+03    1.4344635655e+03    2.6981090000e+19    2.0996115793e-05    0.0000000000e+00    1.0000000000e+00    0.0000000000e+00
   -2.2915538280e+07   -1.1443482337e+08   -1.7681762979e+06   -6.6206955922e+02   -3.8921365971e+03   -8.4026748616e+01    2.6981090000e+19    2.0996115793e-05    0.0000000000e+00    1.0000000000e+00    0.0000000000e+00
    2.0930803892e+07    1.0091084803e+08    6.5947667676e+06    5.7321626816e+02    3.2308002033e+03   -1.1499596570e+02    2.6981090000e+19    2.0996115793e-05    0.0000000000e+00    1.0000000000e+00    0.0000000000e+00
    3.3012205275e+07    3.3692219152e+07    7.3279748929e+06    7.7003058496e+02    1.0123769978e+03    1.3841561832e+02    2.6981090000e+19    2.0996115793e-05    0.0000000000e+00    1.0000000000e+00    0.0000000000e+00
    1.8675338083e+07    4.3903858136e+07   -5.1026584070e+06    4.4173048380e+02    1.3175726602e+03   -1.5139075268e+02    2.6981090000e+19    2.0996115793e-05    0.0000000000e+00    1.0000000000e+00    0.0000000000e+00
    2.6687355136e+07    1.4151647432e+08   -4.6893347721e+06    2.3620033386e+03    5.0882709874e+03   -2.6872928149e+02    2.6981090000e+19    2.0996115793e-05    0.0000000000e+00    1.0000000000e+00    0.0000000000e+00
    9.2523870305e+06    1.0709508318e+07    5.6913779740e+07    2.3066212784e+02    3.1085569433e+02    1.2845764452e+03    2.6949400000e+19    2.0971455303e-05    0.0000000000e+00    1.0000000000e+00    0.0000000000e+00
    3.1511022423e+07   -6.1936497125e+07    9.9385685691e+06    6.4462195590e+02   -1.7863137922e+03    1.7443638362e+02    2.6917730000e+19    2.0946810376e-05    0.0000000000e+00    1.0000000000e+00    0.0000000000e+00
    2.7684790709e+07   -4.1681093599e+06    8.0826455141e+06    6.2044642989e+02   -1.1511829614e+02    1.3952350816e+02    2.6917730000e+19    2.0946810376e-05    0.0000000000e+00    1.0000000000e+00    0.0000000000e+00
   -2.2293625471e+07    1.1415882347e+06   -3.3846407883e+06   -4.8901563181e+02    3.2598025960e+01   -3.1322985788e+01    2.6886090000e+19    2.0922188795e-05    0.0000000000e+00    1.0000000000e+00    0.0000000000e+00
   -1.6971272914e+07    1.0309333944e+08    3.4088258772e+07   -2.0172990605e+02    2.8713953243e+03    5.0275646960e+02    2.6854460000e+19    2.0897574995e-05    0.0000000000e+00    1.0000000000e+00    0.0000000000e+00
   -1.4422623257e+07    9.0077723158e+07    3.7534370326e+06   -1.1526795977e+02    2.6449463885e+03   -1.1483608454e+02    2.6854460000e+19    2.0897574995e-05    0.0000000000e+00    1.0000000000e+00    0.0000000000e+00
   -9.0884197707e+06    1.6218371081e+07    2.5850579219e+07   -2.1126737307e+02    4.6056464521e+02    5.0861824676e+02    2.6854460000e+19    2.0897574995e-05    0.0000000000e+00    1.0000000000e+00    0.0000000000e+00
   -1.9206003157e+07   -1.3210072082e+08    2.8836962851e+06   -1.1574123810e+03   -4.6165760977e+03   -6.0313227579e+01    2.6854460000e+19    2.0897574995e-05    0.0000000000e+00    1.0000000000e+00    0.0000000000e+00
    7.5172984680e+06   -1.1116479861e+08   -1.0791348007e+06   -2.3319827973e+02   -3.3121365977e+03   -2.2995890567e+02    2.6854460000e+19    2.0897574995e-05    0.0000000000e+00    1.0000000000e+00    0.0000000000e+00
    4.3811817903e+07   -7.8400095903e+07    4.7105554840e+07    9.7934541085e+02   -2.1377221520e+03    9.6416310815e+02    2.6854460000e+19    2.0897574995e-05    0.0000000000e+00    1.0000000000e+00    0.0000000000e+00
    1.9068106160e+07   -1.5810566785e+07    7.5157705966e+06    4.1473713506e+02   -4.5918824191e+02    6.6231860880e+01    2.6854460000e+19    2.0897574995e-05    0.0000000000e+00    1.0000000000e+00    0.0000000000e+00
    2.0578726260e+07   -9.7626050364e+07   -8.1178776587e+06    2.3173890653e+02   -2.8347556919e+03   -2.4066903214e+01    2.6854460000e+19    2.0897574995e-05    0.0000000000e+00    1.0000000000e+00    0.0000000000e+00
    2.8538201841e+07    8.0211749558e+07    3.3345406911e+06    6.4409584415e+02    2.4952898353e+03    2.3758389505e+02    2.6854460000e+19    2.0897574995e-05    0.0000000000e+00    1.0000000000e+00    0.0000000000e+00
    3.9750039557e+07   -4.5129130661e+07   -2.7571001309e+07    9.0486506160e+02   -1.2639902255e+03   -5.1885274182e+02    2.6854460000e+19    2.0897574995e-05    0.0000000000e+00    1.0000000000e+00    0.0000000000e+00
    2.7881345587e+07    1.1471080054e+08    7.3592898048e+07    7.0484250039e+02    3.0496838808e+03    1.4488795629e+03    2.6822860000e+19    2.0872984541e-05    0.0000000000e+00    1.0000000000e+00    0.0000000000e+00
   -3.0281733953e+07   -7.2935565624e+07   -2.3376221037e+06   -6.7439453247e+02   -2.2525075549e+03   -1.1349065512e+02    2.6822860000e+19    2.0872984541e-05    0.0000000000e+00    1.0000000000e+00    0.0000000000e+00
   -5.9403496293e+06    1.0892055142e+08   -1.4824983605e+07    1.9762808984e+02    3.1674976741e+03    1.0914469112e+01    2.6822860000e+19    2.0872984541e-05    0.0000000000e+00    1.0000000000e+00    0.0000000000e+00
    1.6864566793e+05    1.0754332964e+08   -5.6483786727e+06    3.9024873774e+02    3.3157802347e+03   -1.0869559994e+02    2.6791270000e+19    2.0848401868e-05    0.0000000000e+00    1.0000000000e+00    0.0000000000e+00
   -2.5132828262e+07   -5.2900853749e+07   -2.2967441191e+07   -5.9580769287e+02   -1.5643854284e+03   -4.0999105036e+02    2.6791270000e+19    2.0848401868e-05    0.0000000000e+00    1.0000000000e+00    0.0000000000e+00
   -2.5943841249e+07    4.2396873021e+06   -1.3033664381e+07   -5.9188299884e+02    1.2044507407e+02   -2.1423041883e+02    2.6791270000e+19    2.0848401868e-05    0.0000000000e+00    1.0000000000e+00    0.0000000000e+00
    2.7978116790e+07    1.1645363399e+08   -4.0113940281e+07    7.2917376126e+02    3.2842872591e+03   -3.7542801081e+02    2.6791270000e+19    2.0848401868e-05    0.0000000000e+00    1.0000000000e+00    0.0000000000e+00
   -2.7754688341e+07    6.0631170671e+07   -4.2291660186e+07   -5.9893861618e+02    1.6886560899e+03   -8.4483982806e+02    2.6791270000e+19    2.0848401868e-05    0.0000000000e+00    1.0000000000e+00    0.0000000000e+00
   -3.2669509369e+07   -6.5905757330e+07    7.7289264911e+07   -8.2964231550e+02   -1.8141833970e+03    1.7226358583e+03    2.6791270000e+19    2.0848401868e-05    0.0000000000e+00    1.0000000000e+00    0.0000000000e+00
    4.0093962730e+07    5.1939237522e+07   -2.5264137310e+07    9.4551407420e+02    1.5292091151e+03   -4.6289485142e+02    2.6791270000e+19    2.0848401868e-05    0.0000000000e+00    1.0000000000e+00    0.0000000000e+00
    3.2265346354e+07    1.3489044915e+08   -1.0031128292e+06    9.6371066740e+02    5.4749514506e+03    8.8896311204e+02    2.6791270000e+19    2.0848401868e-05    0.0000000000e+00    1.0000000000e+00    0.0000000000e+00
    3.5947654182e+06   -1.1445140134e+08    1.5530172215e+06   -3.7539175383e+02   -3.4259997611e+03    2.8980735711e+02    2.6791270000e+19    2.0848401868e-05    0.0000000000e+00    1.0000000000e+00    0.0000000000e+00
    1.3019712467e+07   -8.9681931524e+07   -2.4944968157e+07    1.2932423159e+02   -2.5789240327e+03   -3.3329483951e+02    2.6791270000e+19    2.0848401868e-05    0.0000000000e+00    1.0000000000e+00    0.0000000000e+00
    5.2846470267e+07    3.7254577968e+07   -7.8893234124e+07    1.3003139653e+03    1.0213125911e+03   -1.7986830761e+03    2.6791270000e+19    2.0848401868e-05    0.0000000000e+00    1.0000000000e+00    0.0000000000e+00
   -3.8653527543e+07   -1.1127769624e+08   -1.0299048518e+08   -9.6800248314e+02   -2.9114525481e+03   -2.3295010338e+03    2.6791270000e+19    2.0848401868e-05    0.0000000000e+00    1.0000000000e+00    0.0000000000e+00
    6.8877942810e+05    8.8007551584e+07    7.6902763177e+06    2.3852186099e+02    2.6962525762e+03    1.6139908960e+02    2.6759710000e+19    2.0823842541e-05    0.0000000000e+00    1.0000000000e+00    0.0000000000e+00
   -1.2178920665e+07    4.3030497728e+07    1.0556237469e+08   -2.8911693506e+02    1.1531282357e+03    2.5156302443e+03    2.6728160000e+19    2.0799290996e-05    0.0000000000e+00    1.0000000000e+00    0.0000000000e+00
    2.2184567996e+07    1.4167236966e+08   -5.2061532390e+05    2.1547403032e+03    4.6999760306e+03   -1.7480060953e+02    2.6728160000e+19    2.0799290996e-05    0.0000000000e+00    1.0000000000e+00    0.0000000000e+00
    1.5571005089e+07    8.1250281130e+07    1.1771410656e+08    4.0404165175e+02    2.1322403669e+03    2.7729025652e+03    2.6665130000e+19    2.0750242378e-05    0.0000000000e+00    1.0000000000e+00    0.0000000000e+00
   -3.5523431260e+07    1.7901599730e+07    9.7916599679e+06   -8.1577572532e+02    5.0716865334e+02    1.3765141935e+02    2.6665130000e+19    2.0750242378e-05    0.0000000000e+00    1.0000000000e+00    0.0000000000e+00
   -2.1476483133e+07    5.5614604149e+07    1.3028063526e+07   -4.0603435821e+02    1.6301099551e+03    3.3488392706e+02    2.6665130000e+19    2.0750242378e-05    0.0000000000e+00    1.0000000000e+00    0.0000000000e+00
    2.2631805223e+07    1.0525682786e+08   -7.1406542687e+06    6.7391739433e+02    3.4084090056e+03    1.6200077591e+02    2.6665130000e+19    2.0750242378e-05    0.0000000000e+00    1.0000000000e+00    0.0000000000e+00
   -3.6332469568e+07   -4.0011993276e+07   -1.5735874274e+07   -8.4526255268e+02   -1.1798776449e+03   -2.3382159243e+02    2.6665130000e+19    2.0750242378e-05    0.0000000000e+00    1.0000000000e+00    0.0000000000e+00
   -2.5459644668e+07    4.2628605415e+07   -3.5453778475e+07   -5.6175929624e+02    1.2066899780e+03   -7.0216458883e+02    2.6665130000e+19    2.0750242378e-05    0.0000000000e+00    1.0000000000e+00    0.0000000000e+00
    3.9605242537e+07    3.8586858608e+07    2.1280621057e+07    9.2774984889e+02    1.1275089155e+03    3.5838643010e+02    2.6665130000e+19    2.0750242378e-05    0.0000000000e+00    1.0000000000e+00    0.0000000000e+00
   -5.9801365085e+06   -8.0964090370e+07    9.5765791910e+07   -1.8302403970e+02   -2.1649579738e+03    2.1766164001e+03    2.6665130000e+19    2.0750242378e-05    0.0000000000e+00    1.0000000000e+00    0.0000000000e+00
    3.0290574428e+06    7.0724622518e+07    3.5216558829e+07    1.5580814045e+02    2.0601137361e+03    6.4670457323e+02    2.6665130000e+19    2.0750242378e-05    0.0000000000e+00    1.0000000000e+00    0.0000000000e+00
    1.5346765905e+07    3.7696214867e+07   -9.2144241176e+07    3.8937872783e+02    1.0136366853e+03   -2.1439348029e+03    2.6665130000e+19    2.0750242378e-05    0.0000000000e+00    1.0000000000e+00    0.0000000000e+00
    6.6536466950e+06   -9.7292597545e+07    6.1085836836e+06   -1.3526570033e+02   -2.9410469839e+03    1.8304463146e+02    2.6602170000e+19    2.0701248232e-05    0.0000000000e+00    1.0000000000e+00    0.0000000000e+00
    2.7350590253e+07    2.1063740838e+07    4.3636034427e+05    6.2491858422e+02    6.2831592455e+02    7.6974202391e+01    2.6602170000e+19    2.0701248232e-05    0.0000000000e+00    1.0000000000e+00    0.0000000000e+00
   -3.8872268002e+07   -7.2347282926e+07    3.5012921189e+07   -9.1426638233e+02   -2.1033977428e+03    5.8775011709e+02    2.6570710000e+19    2.0676766723e-05    0.0000000000e+00    1.0000000000e+00    0.0000000000e+00
   -3.2275721387e+07   -6.7859865073e+07    1.6801394056e+07   -7.6295330363e+02   -2.0387076871e+03    1.8356661430e+02    2.6570710000e+19    2.0676766723e-05    0.0000000000e+00    1.0000000000e+00    0.0000000000e+00
   -2.3900178051e+07   -1.6034257520e+07    3.2083368121e+06   -5.3795601712e+02   -4.7413461708e+02    7.2224330539e+01    2.6570710000e+19    2.0676766723e-05    0.0000000000e+00    1.0000000000e+00    0.0000000000e+00
   -1.9845629420e+07   -8.5340859182e+07   -2.1576583273e+06   -4.7628128508e+02   -2.6775316534e+03    9.0652463310e+00    2.6570710000e+19    2.0676766723e-05    0.0000000000e+00    1.0000000000e+00    0.0000000000e+00
    4.4008139942e+07   -4.4235085272e+06    5.6367881335e+07    1.0573020062e+03   -1.1689849295e+02    1.2431754455e+03    2.6570710000e+19    2.0676766723e-05    0.0000000000e+00    1.0000000000e+00    0.0000000000e+00
   -1.6620824421e+07   -9.8418580512e+07    6.4092880188e+07   -4.5795772941e+02   -2.6835668247e+03    1.2284008746e+03    2.6570710000e+19    2.0676766723e-05    0.0000000000e+00    1.0000000000e+00    0.0000000000e+00
    3.4379037620e+07   -2.0300828575e+06   -2.0805812917e+07    8.1146101841e+02   -5.2872782718e+01   -3.8814111114e+02    2.6570710000e+19    2.0676766723e-05    0.0000000000e+00    1.0000000000e+00    0.0000000000e+00
    3.6559600767e+07   -7.3671507553e+07   -7.0963233723e+06    7.5203465925e+02   -2.0897269898e+03   -1.1933146646e+01    2.6570710000e+19    2.0676766723e-05    0.0000000000e+00    1.0000000000e+00    0.0000000000e+00
   -2.4015615195e+07   -7.2869072328e+07    2.3317242545e+06   -5.5343553229e+02   -2.2462932112e+03    1.7305397997e+02    2.6539270000e+19    2.0652300778e-05    0.0000000000e+00    1.0000000000e+00    0.0000000000e+00
    8.8188461849e+06   -1.1109026395e+08   -1.9696939259e+07   -1.1916642697e+02   -3.1655817737e+03   -8.3574021767e+01    2.6539270000e+19    2.0652300778e-05    0.0000000000e+00    1.0000000000e+00    0.0000000000e+00
   -1.9660096199e+07    9.9356647621e+07    6.8962520097e+07   -3.9416580317e+02    2.6609794077e+03    1.4390974090e+03    2.6476450000e+19    2.0603415577e-05    0.0000000000e+00    1.0000000000e+00    0.0000000000e+00
   -1.1316536255e+07    8.1752832936e+07    3.5987314900e+06   -7.5938711561e+01    2.4221547239e+03   -9.3165132925e+01    2.6476450000e+19    2.0603415577e-05    0.0000000000e+00    1.0000000000e+00    0.0000000000e+00
    8.3973002345e+06    1.1799609376e+08   -7.3077780155e+06    7.3403197694e+02    3.7479378941e+03   -2.3700157994e+02    2.6476450000e+19    2.0603415577e-05    0.0000000000e+00    1.0000000000e+00    0.0000000000e+00
    2.1396116146e+07    1.1206669490e+08   -3.5800799843e+06    7.5513488181e+02    3.6938227730e+03    2.9287468803e+02    2.6476450000e+19    2.0603415577e-05    0.0000000000e+00    1.0000000000e+00    0.0000000000e+00
   -4.2972932927e+07   -1.9050078827e+07   -2.7323880456e+07   -1.0182266081e+03   -5.5480792783e+02   -5.1865319915e+02    2.6476450000e+19    2.0603415577e-05    0.0000000000e+00    1.0000000000e+00    0.0000000000e+00
    2.5221005202e+07   -2.5507175910e+07    2.1616058624e+06    5.4571261023e+02   -7.3490446163e+02   -8.5895932522e+01    2.6476450000e+19    2.0603415577e-05    0.0000000000e+00    1.0000000000e+00    0.0000000000e+00
    3.5785751591e+07   -5.7968022460e+07    4.3439952293e+07    8.0125959028e+02   -1.6159971089e+03    9.0118973566e+02    2.6476450000e+19    2.0603415577e-05    0.0000000000e+00    1.0000000000e+00    0.0000000000e+00
    4.2883532472e+07    3.2299398255e+07    1.3268920927e+07    1.0066349924e+03    9.5359769651e+02    1.9550842581e+02    2.6476450000e+19    2.0603415577e-05    0.0000000000e+00    1.0000000000e+00    0.0000000000e+00
    3.6199570870e+07   -5.4889396068e+06   -1.9452622319e+07    8.3426655072e+02   -1.4596246516e+02   -3.3707824852e+02    2.6476450000e+19    2.0603415577e-05    0.0000000000e+00    1.0000000000e+00    0.0000000000e+00
    2.3569786077e+07    1.2859051193e+08   -3.5072506919e+06    1.1327219519e+03    4.4482051132e+03    6.2442710961e+02    2.6476450000e+19    2.0603415577e-05    0.0000000000e+00    1.0000000000e+00    0.0000000000e+00
    1.7199473978e+07   -5.0616643693e+07    1.3120014748e+07    3.1840002300e+02   -1.4933743570e+03    3.7753813837e+02    2.6445060000e+19    2.0578988540e-05    0.0000000000e+00    1.0000000000e+00    0.0000000000e+00
    3.9096745175e+07    1.2359284086e+08    4.7212443106e+07    8.9117040659e+02    3.3595692532e+03    5.5306081473e+02    2.6413690000e+19    2.0554577067e-05    0.0000000000e+00    1.0000000000e+00    0.0000000000e+00
    2.2725249940e+06    1.2408284184e+07    1.2557582540e+08    6.1122759931e+01    3.2983882989e+02    3.0423880774e+03    2.6413690000e+19    2.0554577067e-05    0.0000000000e+00    1.0000000000e+00    0.0000000000e+00
   -2.9188795700e+07    1.3373103403e+07    7.4471876924e+06   -6.5737848688e+02    3.8499550402e+02    1.0794907735e+02    2.6413690000e+19    2.0554577067e-05    0.0000000000e+00    1.0000000000e+00    0.0000000000e+00
   -1.0948133672e+07    3.6147465733e+07   -6.3589667538e+06   -1.7725024335e+02    1.0761160311e+03   -1.7793971733e+02    2.6413690000e+19    2.0554577067e-05    0.0000000000e+00    1.0000000000e+00    0.0000000000e+00
    2.7861139569e+07    7.3246044328e+07    8.5948783603e+06    6.2710149934e+02    2.2327003553e+03    3.1295706009e+01    2.6413690000e+19    2.0554577067e-05    0.0000000000e+00    1.0000000000e+00    0.0000000000e+00
   -4.1044856760e+07    7.4531931456e+06    7.1519608227e+06   -9.6270398532e+02    2.0380575342e+02    1.2885323235e+02    2.6350990000e+19    2.0505785248e-05    0.0000000000e+00    1.0000000000e+00    0.0000000000e+00
   -3.0536688394e+07    8.2559127474e+06   -1.4278156277e+07   -6.9003921040e+02    2.3555083921e+02   -2.6847178501e+02    2.6350990000e+19    2.0505785248e-05    0.0000000000e+00    1.0000000000e+00    0.0000000000e+00
    1.5932240815e+07   -1.1196432555e+07    5.5932868440e+07    3.7455736173e+02   -3.0656839582e+02    1.2208750559e+03    2.6350990000e+19    2.0505785248e-05    0.0000000000e+00    1.0000000000e+00    0.0000000000e+00
   -1.9724966654e+06   -1.2436395984e+08    5.0973377129e+06   -6.8384826408e+02   -3.8109949331e+03    1.6075340117e+02    2.6350990000e+19    2.0505785248e-05    0.0000000000e+00    1.0000000000e+00    0.0000000000e+00
    2.8262348584e+07    2.9997227446e+07    4.6028008941e+06    6.4460918405e+02    8.9307417293e+02    1.9432737192e+02    2.6350990000e+19    2.0505785248e-05    0.0000000000e+00    1.0000000000e+00    0.0000000000e+00
   -3.9329902367e+07   -1.1149325585e+07    6.9953037168e+07   -9.5625292053e+02   -3.0723704295e+02    1.5804747740e+03    2.6288350000e+19    2.0457040120e-05    0.0000000000e+00    1.0000000000e+00    0.0000000000e+00
   -4.2111218824e+07   -2.8334005386e+07    1.9317181583e+07   -9.8746647457e+02   -8.2828220535e+02    3.3731875172e+02    2.6288350000e+19    2.0457040120e-05    0.0000000000e+00    1.0000000000e+00    0.0000000000e+00
   -2.7986021457e+07   -1.4424785553e+07   -1.4744098557e+07   -6.4012136399e+02   -4.2830553120e+02   -3.3115623182e+02    2.6288350000e+19    2.0457040120e-05    0.0000000000e+00    1.0000000000e+00    0.0000000000e+00
   -4.1656222450e+07   -1.0876623784e+08   -2.7137970930e+06   -7.2440075800e+02   -3.5495852966e+03    2.2175547748e+02    2.6288350000e+19    2.0457040120e-05    0.0000000000e+00    1.0000000000e+00    0.0000000000e+00
   -2.5688144334e+07   -2.0782707085e+07   -1.1657600096e+08   -6.4808582820e+02   -5.5051304015e+02   -2.7990790938e+03    2.6288350000e+19    2.0457040120e-05    0.0000000000e+00    1.0000000000e+00    0.0000000000e+00
   -6.5670298920e+05   -3.7075069910e+07    2.9184531011e+07   -4.8360537438e+01   -1.0849978723e+03    5.8559631189e+02    2.6288350000e+19    2.0457040120e-05    0.0000000000e+00    1.0000000000e+00    0.0000000000e+00
    1.8518037449e+07    1.1310660649e+07   -1.6928942936e+07    4.3514210043e+02    3.3612039388e+02   -2.9291098661e+02    2.6288350000e+19    2.0457040120e-05    0.0000000000e+00    1.0000000000e+00    0.0000000000e+00
   -1.9437940749e+07   -3.8469979739e+07   -2.5931034178e+07   -4.7857694765e+02   -1.1303139791e+03   -4.9099266502e+02    2.6288350000e+19    2.0457040120e-05    0.0000000000e+00    1.0000000000e+00    0.0000000000e+00
   -5.8250128218e+07   -7.2303236138e+07    5.0628286782e+07   -1.3684676588e+03   -2.0112402179e+03    1.0220285774e+03    2.6225770000e+19    2.0408341683e-05    0.0000000000e+00    1.0000000000e+00    0.0000000000e+00
   -2.3504921891e+07   -5.5657036780e+07   -1.8997105982e+06   -5.8271143567e+02   -1.6962943312e+03    7.3931819824e+01    2.6225770000e+19    2.0408341683e-05    0.0000000000e+00    1.0000000000e+00    0.0000000000e+00
   -3.1227344863e+06    1.0543064298e+08   -9.4875046169e+05    2.8954240793e+02    3.2090314946e+03    1.2366389260e+02    2.6225770000e+19    2.0408341683e-05    0.0000000000e+00    1.0000000000e+00    0.0000000000e+00
   -2.6229973735e+07    5.7723550355e+07   -1.4356131116e+07   -5.3626103721e+02    1.6468265249e+03   -1.6254809234e+02    2.6225770000e+19    2.0408341683e-05    0.0000000000e+00    1.0000000000e+00    0.0000000000e+00
    1.8351539512e+07   -5.0905232372e+07    8.0671438766e+06    3.3043402901e+02   -1.4957932994e+03    1.0877919018e+02    2.6225770000e+19    2.0408341683e-05    0.0000000000e+00    1.0000000000e+00    0.0000000000e+00
    3.5101901546e+07    1.3057188764e+08    2.5895797844e+07    7.8412613474e+02    3.7743050226e+03   -3.7430624332e+02    2.6225770000e+19    2.0408341683e-05    0.0000000000e+00    1.0000000000e+00    0.0000000000e+00
    4.1556174697e+07    6.5507641418e+07   -5.2950662997e+06    9.1729113068e+02    1.9704348106e+03    1.1553012181e+01    2.6225770000e+19    2.0408341683e-05    0.0000000000e+00    1.0000000000e+00    0.0000000000e+00
    9.8792913291e+06   -8.9387401534e+07   -9.8472410038e+06    1.4783650206e+01   -2.6321437464e+03    4.2679012230e+00    2.6225770000e+19    2.0408341683e-05    0.0000000000e+00    1.0000000000e+00    0.0000000000e+00
    8.8827240561e+06   -4.8792120416e+07   -1.5376852186e+08    2.1432548133e+02   -1.2785706216e+03   -3.7670335858e+03    2.6225770000e+19    2.0408341683e-05    0.0000000000e+00    1.0000000000e+00    0.0000000000e+00
