x1	x2	x3	v1	v2	v3	mass	rel_mass	water_fraction
-9511582.411516635 -121384155.14852138 -24117.28382747353 -283.4391780908806 -3018.77861540668 -0.6497154647747513 7.288899300700002e+22 0.4953730174497682 0.1925690315042237 
9510809.175450461 121434785.96933496 -6098.583585291949 283.3333616733935 3020.365707946772 -0.04026221406494814 7.283779017700001e+22 0.49502502937209697 0.19200143121877059 
-18482078.301 49403535.643 -13559416.27 -442.01529096 1307.5615843 -297.40287875 6.762559e+18 4.596015282e-05 1.0 
12943279.694 -97187192.327 -1839248.0996 192.43740998 -2661.6713009 -31.923193387 6.76164e+18 4.5953907051e-05 1.0 
-22432033.52 13432533.677 30853462.715 -547.28323798 360.7438622 727.52577079 6.712763e+18 4.5621725936e-05 1.0 
-12627941.320851678 91639994.69277358 291983.845889219 -222.3988482394056 2499.984368435667 -11.749275353167189 6.885301e+18 4.6794340156e-05 1.0 
15912298.234 -72299707.413 3542945.801 359.46379133 -1936.0639518 83.604693487 3.459751e+18 2.3513389632e-05 1.0 
-6646750.847 -91119615.397 -12682875.749 -149.55896571 -2493.7111966 -198.80642676 3.457383e+18 2.3497296073e-05 1.0 
10041391.152 66610197.242 7950720.7753 235.66337506 1784.3046241 195.64164066 3.450358e+18 2.3449552302e-05 1.0 
-9764503.902 43341866.528 7457239.8466 -234.03791672 1144.5032699 188.76355254 3.450358e+18 2.3449552302e-05 1.0 
-9064276.8433 86514649.362 -2019780.8225 -171.93382702 2359.7615233 -39.442898949 3.449199e+18 2.3441675429e-05 1.0 
-414781.01014 73051351.707 16250486.313 -5.1522166276 1951.1714584 339.14920304 3.44574e+18 2.3418167143e-05 1.0 
-8683911.3795 82269835.307 129954.00827 -175.64642772 2235.0156377 -5.8429513847 3.44574e+18 2.3418167143e-05 1.0 
-16378333.18 78064848.114 -7024445.1097 -360.31835396 2092.1977891 -137.69284638 3.443449e+18 2.3402596897e-05 1.0 
18004515.475 -89110461.389 4699995.5377 364.01147029 -2401.7332588 69.052202433 3.438904e+18 2.3371707866e-05 1.0 
6934663.4408 65792190.465 13717020.204 163.31892982 1756.6520333 310.09460217 3.435527e+18 2.3348756874e-05 1.0 
14213812.24 -80493292.043 -2705924.2232 299.48149619 -2172.5320859 -54.936648443 3.432176e+18 2.3325982585e-05 1.0 
9509970.9356 -79752878.165 -9341897.3054 198.12179604 -2147.8339357 -174.12416257 3.431065e+18 2.3318431933e-05 1.0 
-17621345.919 79574206.766 -5285121.0635 -379.21145928 2128.4996864 -98.120723239 3.429956e+18 2.3310894874e-05 1.0 
-8218716.8511 82148891.076 -21598941.873 -171.85493795 2191.3758482 -454.73670848 3.427747e+18 2.3295881921e-05 1.0 
-5266650.7436 67829883.834 21646527.354 -122.20807071 1792.8920331 467.99404705 3.42555e+18 2.3280950524e-05 1.0 
22983511.325 10152873.511 325731.07201 569.37983556 266.6141164 26.318360139 3.421186e+18 2.3251291617e-05 1.0 
-22157795.721 63874228.07 -20049265.73 -520.47402991 1681.7013366 -448.76456111 3.421186e+18 2.3251291617e-05 1.0 
6666536.665 57701465.652 -29769057.261 162.71063467 1514.6136086 -679.4528278 3.420102e+18 2.3243924464e-05 1.0 
29359184.052 58008357.103 18478632.821 705.55610709 1522.8032877 427.55865402 3.419021e+18 2.32365777e-05 1.0 
4907713.5773 -74207683.182 -3007935.1384 101.8418304 -2004.2970793 -66.307666891 3.419021e+18 2.32365777e-05 1.0 
12845443.675 -77358433.843 -21722562.31 285.45066452 -2045.4268004 -450.73173348 3.419021e+18 2.32365777e-05 1.0 
6161366.1019 58489188.944 -14015191.294 148.42026607 1551.5682152 -300.98690048 3.416865e+18 2.322192495e-05 1.0 
-15413197.509 39422537.737 -20748560.835 -373.68187345 1035.6450575 -475.04475132 3.416865e+18 2.322192495e-05 1.0 
-17727153.597 77707210.789 -4794975.6759 -386.5305028 2086.3181208 -92.031212493 3.410459e+18 2.3178388067e-05 1.0 
13112893.104 -55347781.284 -10354601.149 310.15070889 -1471.1807714 -237.59902354 3.410459e+18 2.3178388067e-05 1.0 
12752758.458 -85224585.403 -9950160.0784 255.88851574 -2293.3613073 -169.12157997 3.410459e+18 2.3178388067e-05 1.0 
7220620.3975 -93562673.877 -4204120.6756 101.45526113 -2573.392486 -26.637587939 3.410459e+18 2.3178388067e-05 1.0 
21932564.011 -62785689.765 9648648.9685 509.31721134 -1667.5007182 216.3833905 3.4094e+18 2.3171190821e-05 1.0 
-20572267.833 -89220222.006 -4733963.3962 -414.65530109 -2420.2471838 -56.990659731 3.408344e+18 2.3164013963e-05 1.0 
-21057384.413 59380575.014 -16664622.071 -498.58076248 1566.7755121 -371.02126905 3.408344e+18 2.3164013963e-05 1.0 
14614071.218 -73186311.969 21887243.945 331.80035327 -1931.1618779 463.18771306 3.408344e+18 2.3164013963e-05 1.0 
-3444049.9471 -89636997.929 -3246386.9842 -88.832161005 -2485.0239322 -30.347361311 3.408344e+18 2.3164013963e-05 1.0 
-16603418.146 95129329.157 10168778.076 -306.14792878 2539.2503897 132.93035 3.40729e+18 2.3156850698e-05 1.0 
-19378153.392 50331220.178 -15189983.756 -461.79656286 1324.5325216 -328.90103631 3.40729e+18 2.3156850698e-05 1.0 
11586094.536 69180439.578 30270555.088 274.24639723 1810.1428088 667.61992173 3.406238e+18 2.3149701026e-05 1.0 
-3137503.0328 57155862.015 5221913.0052 -70.941897124 1524.4904937 111.42882854 3.406238e+18 2.3149701026e-05 1.0 
-4391669.2769 54551535.864 4890944.5007 -95.50652785 1459.7858366 109.45328952 3.406238e+18 2.3149701026e-05 1.0 
11590608.893 -60418697.798 11134521.701 270.39089724 -1609.0947072 245.37529433 3.406238e+18 2.3149701026e-05 1.0 
619679.46307 -59863831.276 -3892904.6838 2.7784104541 -1607.3500689 -96.474162753 3.406238e+18 2.3149701026e-05 1.0 
13635295.654 -91524059.66 -13102043.742 261.80279953 -2449.0045425 -209.85675018 3.406238e+18 2.3149701026e-05 1.0 
20727238.624 -76918357.286 4291804.6235 457.20974037 -2058.9537963 75.966181695 3.404141e+18 2.3135449255e-05 1.0 
14095069.551 -46682034.007 14062756.979 335.21081685 -1236.0986134 313.70430021 3.404141e+18 2.3135449255e-05 1.0 
20195155.282 -48219684.074 -19121016.865 483.80443138 -1271.3918987 -434.17436806 3.402054e+18 2.3121265447e-05 1.0 
11861917.713 47613753.336 25083763.438 289.36995107 1252.9824511 590.52898317 3.399976e+18 2.3107142806e-05 1.0 
-19054758.696 -19545791.788 -7957870.4854 -459.83823281 -503.57405529 -201.60451506 3.399976e+18 2.3107142806e-05 1.0 
2855646.8526 -77538630.907 13046191.798 56.14303509 -2088.9008214 266.64721392 3.399976e+18 2.3107142806e-05 1.0 
4533782.5349 -42566815.897 1538957.9318 104.77770061 -1133.1072892 44.737162941 3.399976e+18 2.3107142806e-05 1.0 
-22099072.494 25666509.579 27769236.34 -537.76774743 675.63378938 656.95719084 3.397907e+18 2.309308133e-05 1.0 
-11851663.001 30280316.886 2825548.3557 -284.64759615 803.4905214 52.757756777 3.396876e+18 2.308607438e-05 1.0 
13839085.056 87998430.115 12928403.526 293.01342162 2387.96875 230.92177856 3.396876e+18 2.308607438e-05 1.0 
22433357.17 17793807.41 -1709144.1163 542.75618396 456.0263345 -37.199304903 3.396876e+18 2.308607438e-05 1.0 
23719196.05 -73172628.837 16809641.64 539.77286631 -1932.8845757 358.4696496 3.395847e+18 2.3079081021e-05 1.0 
18521642.644 -62755738.848 1078165.2761 426.62753024 -1672.9029267 52.250014783 3.395847e+18 2.3079081021e-05 1.0 
-2531214.9769 45167015.23 25959679.736 -58.628819265 1187.0553023 598.40402495 3.394821e+18 2.3072108052e-05 1.0 
-18971517.236 6063550.4921 14548287.686 -460.4411603 165.96477451 337.74756707 3.394821e+18 2.3072108052e-05 1.0 
-8734939.4545 11553211.699 -13646919.331 -213.46109111 306.89339789 -318.53856922 3.394821e+18 2.3072108052e-05 1.0 
-10761173.553 46632286.368 21117684.094 -255.83123137 1231.2653611 492.87846151 3.393796e+18 2.3065141879e-05 1.0 
-28777571.041 10125071.316 11311451.709 -706.07960999 273.09428797 265.08457079 3.393796e+18 2.3065141879e-05 1.0 
-6707624.4519 -2416961.1351 -25740087.467 -155.31929971 -53.914993779 -635.82730024 3.393796e+18 2.3065141879e-05 1.0 
-8138611.7033 -56503496.516 -8563404.3419 -184.90834676 -1496.408775 -192.22463524 3.393796e+18 2.3065141879e-05 1.0 
-11514933.483 -76903705.348 6482001.5251 -257.89180613 -2080.3732576 126.42765771 3.393796e+18 2.3065141879e-05 1.0 
-11187148.265 -86766300.99 13175733.987 -236.76699284 -2354.0528405 239.00497167 3.393796e+18 2.3065141879e-05 1.0 
20276389.958768193 -71888467.26183514 15784746.710963454 462.7680924035667 -1903.2299117442972 325.6036877026047 6.739703e+18 4.5804817354000004e-05 1.0 
-348142.23502 64542399.436 1054940.7188 -1.8768665659 1729.897108 41.181369203 3.391754e+18 2.3051263903e-05 1.0 
-22754862.425 15116534.936 -25112453.656 -554.99802975 402.02382641 -601.89252621 3.391754e+18 2.3051263903e-05 1.0 
-9232017.1981 -76329215.399 -20995223.704 -213.76363415 -2031.1595276 -436.55535197 3.391754e+18 2.3051263903e-05 1.0 
-17877094.319 57472433.893 -12331141.517 -421.39436069 1521.9567912 -267.81933508 3.38972e+18 2.3037440297e-05 1.0 
22844661.681 20255043.886 -33874808.382 560.42109874 517.51618452 -814.31078413 3.38972e+18 2.3037440297e-05 1.0 
5400223.0677 44574593.062 24317074.522 132.30795295 1168.4168574 563.05480384 3.387695e+18 2.3023677857e-05 1.0 
-51998864.83 -11166710.78 -3296039.1752 -1278.9345888 -274.80585455 -82.816057858 3.387695e+18 2.3023677857e-05 1.0 
1595416.6422 34462425.34 4081119.6603 41.571747957 909.9440527 99.395820979 3.387695e+18 2.3023677857e-05 1.0 
-34096689.578 -48591652.903 3945978.9948 -819.09710267 -1262.8503538 103.66902115 3.387695e+18 2.3023677857e-05 1.0 
-3916103.5654 94583210.086 -13891626.217 -39.520593111 2568.1195057 -197.46011385 3.387695e+18 2.3023677857e-05 1.0 
-5514725.6042 -28457695.784 12276003.453 -138.51004857 -750.57006397 290.75652285 3.387695e+18 2.3023677857e-05 1.0 
-5838297.433 -57416481.198 -5264173.9486 -141.69257799 -1532.5156825 -133.68022488 3.387695e+18 2.3023677857e-05 1.0 
-27841119.577 -83774596.739 -30266648.624 -637.3915304 -2173.9386719 -655.82283679 3.387695e+18 2.3023677857e-05 1.0 
31295125.016 -48946319.012 -38158475.895 761.2664871 -1267.1644636 -886.77847277 3.387695e+18 2.3023677857e-05 1.0 
-39103322.391 17657513.139 21882369.288 -958.30589183 470.0618465 522.64760813 3.385678e+18 2.3009969788e-05 1.0 
18453268.355 90199939.144 988124.86884 370.95199537 2474.5587569 0.19513792386 3.385678e+18 2.3009969788e-05 1.0 
-25059985.984 79492019.168 -3955586.6963 -551.64536066 2112.9474089 -65.950668325 3.385678e+18 2.3009969788e-05 1.0 
10825270.888 -75956535.087 20988105.053 243.10622938 -2017.2556231 445.6827765 3.385678e+18 2.3009969788e-05 1.0 
36963612.006 1508828.5159 -18906700.154 906.15711201 27.673044333 -451.37438801 3.385678e+18 2.3009969788e-05 1.0 
19690521.138 26838731.308 -7303360.9305 474.55557763 696.3452576 -165.79515095 3.385678e+18 2.3009969788e-05 1.0 
2613579.2264 7750842.9097 34625386.39 67.280450987 206.63728878 824.403661 3.384672e+18 2.3003132744e-05 1.0 
-31624372.443 -390823.42759 9780425.1971 -773.82288496 1.7325596815 233.40471415 3.384672e+18 2.3003132744e-05 1.0 
-16231335.431 -42930385.614 -35454529.626 -392.815103 -1109.4242748 -820.86215971 3.384672e+18 2.3003132744e-05 1.0 
-28526117.138 45083366.527 -25766339.567 -690.00211525 1178.2544543 -589.42649397 3.384672e+18 2.3003132744e-05 1.0 
-7664605.4107 65997204.071 -30299886.399 -172.83725816 1717.9675206 -656.68032225 3.384672e+18 2.3003132744e-05 1.0 
13068590.804 -77568600.102 9102821.0133 285.71687796 -2081.584986 171.78965555 3.384672e+18 2.3003132744e-05 1.0 
19684205.165 -85514813.709 -4577463.7242 408.42726347 -2297.72413 -84.100720526 3.384672e+18 2.3003132744e-05 1.0 
26402994.508 -52316021.287 -23986401.918 633.6067601 -1369.7267161 -541.39175325 3.384672e+18 2.3003132744e-05 1.0 
-25005684.097 -5471132.8016 -8450815.7799 -606.87312049 -131.20793963 -192.60007537 3.382668e+18 2.2989513026e-05 1.0 
-4379935.3726 42068684.929 51054844.955 -110.42846891 1082.3526249 1208.2912568 3.381668e+18 2.298271676e-05 1.0 
-24411392.259 68790293.376 -4265015.7869 -559.51498655 1833.2469438 -105.94251501 3.381668e+18 2.298271676e-05 1.0 
-793208.66861 66425347.983 -28309518.603 -21.694304948 1738.6322897 -625.36933048 3.381668e+18 2.298271676e-05 1.0 
35598678.004 38578085.306 19339835.289 859.2749863 989.69239182 462.5883455 3.381668e+18 2.298271676e-05 1.0 
28817416.035 -9410669.8356 -57834148.764 712.28960181 -244.82158546 -1393.7798374 3.381668e+18 2.298271676e-05 1.0 
6028170.0615 -91091775.655 -12066552.506 90.899637568 -2456.8729547 -156.61225188 3.381668e+18 2.298271676e-05 1.0 
20292833.4 -78777201.874 3994441.1782 441.08675675 -2103.7110663 62.925433029 3.380671e+18 2.2975940882e-05 1.0 
13333056.701 60333977.194 62233413.615 326.01866833 1533.9439922 1467.2209394 3.379676e+18 2.2969178597e-05 1.0 
19520398.997 -69621820.484 13405937.632 447.41293504 -1848.060245 277.30395428 3.379676e+18 2.2969178597e-05 1.0 
21414150.829 -78651301.919 11902696.549 475.3259567 -2085.0443659 222.76302801 3.379676e+18 2.2969178597e-05 1.0 
30475802.206 -18022.139362 10992135.438 742.14540028 -13.387251444 249.94932775 3.379676e+18 2.2969178597e-05 1.0 
20629419.831 -20344564.936 -30861858.441 500.32080572 -540.013018 -729.61778082 3.379676e+18 2.2969178597e-05 1.0 
28171118.681 76639366.624 44967793.096 673.95310164 1965.2166727 1032.1816477 3.378682e+18 2.2962423108e-05 1.0 
-23123658.03099163 77175983.96713236 -3843599.4735344914 -513.5805957934133 2059.0266732665996 -73.16125237619363 6.726546e+18 4.5715398877e-05 1.0 
6820601.5393 74605165.315 -48343899.79 160.0328579 1916.858327 -1113.1525602 3.378682e+18 2.2962423108e-05 1.0 
20554689.025 74920049.273 -9255882.9178 450.87773094 1990.5592967 -209.45127527 3.378682e+18 2.2962423108e-05 1.0 
8942885.9723 -56009493.982 -57230734.816 214.59031241 -1439.6264293 -1354.1333483 3.378682e+18 2.2962423108e-05 1.0 
-8911517.53 35915425.093 39085397.27 -214.47032328 937.79227003 922.20194166 3.377691e+18 2.2955688008e-05 1.0 
-29445675.006 17155129.131 49734988.548 -725.67017924 449.79042561 1198.4367505 3.377691e+18 2.2955688008e-05 1.0 
658184.27326 107658573.94 41989574.423 24.176303844 2726.81469 857.14394371 3.375714e+18 2.2942251789e-05 1.0 
-38516247.396 -37728791.603 -4059430.9322 -929.85239179 -970.34961454 -89.342649337 3.375714e+18 2.2942251789e-05 1.0 
-11565627.275 -82711905.271 -32822058.812 -266.36632882 -2155.1644546 -693.98489239 3.375714e+18 2.2942251789e-05 1.0 
-28576039.605 24982472.4 -28631838.847 -697.88457007 656.01964158 -666.03373715 3.375714e+18 2.2942251789e-05 1.0 
35545081.179 18553261.876 -94552629.21 882.88477903 469.17732375 -2304.5945687 3.375714e+18 2.2942251789e-05 1.0 
21599101.327 -94898970.444 40990262.02 491.79983691 -2428.5604751 889.28223493 3.375714e+18 2.2942251789e-05 1.0 
12490078.362 -106820982.53 19086820.518 186.00893456 -2777.2992521 247.51736026 3.375714e+18 2.2942251789e-05 1.0 
11995734.73 -39265992.914 5384004.0351 283.14469149 -1045.804625 122.20868137 3.375714e+18 2.2942251789e-05 1.0 
201286.22034 -17365920.937 -47373415.63 3.6153480006 -449.42885752 -1131.482668 3.375714e+18 2.2942251789e-05 1.0 
-10853280.246 -92328194.968 -53779582.645 -260.56111274 -2342.8757667 -1211.3127842 3.375714e+18 2.2942251789e-05 1.0 
5443113.349 35155766.005 86711553.992 134.41458664 888.04947223 2098.4244024 3.371783e+18 2.2915535666e-05 1.0 
-20598154.548 -65537724.9 33165862.752 -487.75424535 -1694.8551303 738.34468309 3.371783e+18 2.2915535666e-05 1.0 
-41607533.076 20307638.073 32510104.174 -1021.2559505 536.13071199 774.09636831 3.371783e+18 2.2915535666e-05 1.0 
-27817651.532 65996447.871 7336152.5505 -646.81079943 1747.0693331 151.97893114 3.371783e+18 2.2915535666e-05 1.0 
36374230.522 -7644703.7882 26481691.469 889.90792595 -211.7936634 624.27590356 3.371783e+18 2.2915535666e-05 1.0 
16009411.311 18495653.246 46662699.564 391.3973686 471.51298024 1112.6733155 3.371783e+18 2.2915535666e-05 1.0 
-10782716.694 -99946463.416 41730781.12 -249.89471176 -2552.5486516 870.49045597 3.371783e+18 2.2915535666e-05 1.0 
27899624.333 -33815598.279 -15574820.672 675.89182728 -893.63746379 -356.17699495 3.371783e+18 2.2915535666e-05 1.0 
-22974377.394 30145905.316 41197185.002 -562.46113882 782.37701787 971.47037528 3.370805e+18 2.2908888917e-05 1.0 
-41248878.37 6247465.6955 20461579.695 -1011.6019721 176.74264949 491.17141477 3.370805e+18 2.2908888917e-05 1.0 
-30557782.533 -40317019.585 -36073235.49 -743.80669388 -1034.4356939 -857.61969714 3.370805e+18 2.2908888917e-05 1.0 
18575631.28 -59682316.605 9032636.6389 434.65286965 -1588.8076314 198.84487382 3.370805e+18 2.2908888917e-05 1.0 
23868614.677 83876262.607 18277444.44 521.12575565 2211.9609466 363.06541442 3.370805e+18 2.2908888917e-05 1.0 
57906751.826 -1262762.4028 -39621398.631 1428.9972442 -44.508214001 -953.23855451 3.370805e+18 2.2908888917e-05 1.0 
1461523.7807 -70153960.127 -23551270.575 25.55702556 -1863.9659943 -511.04394402 3.370805e+18 2.2908888917e-05 1.0 
7993666.1552 -97902812.897 -17613693.466 119.65048108 -2599.1608037 -244.58136833 3.370805e+18 2.2908888917e-05 1.0 
-34380064.62 -73994674.293 37819963.075 -814.34931958 -1890.213998 857.88633878 3.369829e+18 2.2902255761e-05 1.0 
-51094601.725 -17698630.315 5972668.7988 -1253.6844179 -443.19541958 141.1890942 3.369829e+18 2.2902255761e-05 1.0 
19885307.93 113287655.36 30149944.034 406.6370531 2856.5901186 515.20901535 3.369829e+18 2.2902255761e-05 1.0 
-19666691.826 -62980736.843 26711309.911 -464.99484789 -1645.6871684 603.14076032 3.369829e+18 2.2902255761e-05 1.0 
-47154292.534 -14166439.175 -1549537.2938 -1157.8225052 -352.88884724 -36.599336956 3.369829e+18 2.2902255761e-05 1.0 
-9702643.1571 -3646727.4401 27468072.36 -238.27376262 -92.55619998 654.65367556 3.369829e+18 2.2902255761e-05 1.0 
-32667406.5 50886164.806 -5935464.9619 -782.03281602 1344.6674646 -133.46728284 3.369829e+18 2.2902255761e-05 1.0 
-7860766.8418 -62546996.626 -53993946.042 -191.99457214 -1600.4777106 -1263.0991204 3.369829e+18 2.2902255761e-05 1.0 
-23541011.168 -26777157.723 -80581193.159 -581.07837308 -675.24620341 -1954.8498362 3.369829e+18 2.2902255761e-05 1.0 
27712380.936 -57634407.28 27889853.728 662.26407002 -1496.5376775 619.42952586 3.369829e+18 2.2902255761e-05 1.0 
38474911.044 84525509.789 16764593.857 872.51238302 2196.6954331 357.01759921 3.369829e+18 2.2902255761e-05 1.0 
26095872.652 13876012.331 17225627.045 632.06693268 348.11654024 425.26019635 3.369829e+18 2.2902255761e-05 1.0 
42371945.314 31403121.402 -14722988.525 1033.8332532 801.29891334 -354.64616919 3.369829e+18 2.2902255761e-05 1.0 
35502162.092 -57713519.112 -27347440.263 852.66346618 -1504.4291401 -624.40036896 3.369829e+18 2.2902255761e-05 1.0 
-19147020.337 -9002398.7104 -55043160.099 -471.80866245 -226.00019173 -1318.3623092 3.369829e+18 2.2902255761e-05 1.0 
-61281054.903 -75454552.911 -29371416.056 -1475.5363712 -1905.56475 -683.01323267 3.368855e+18 2.2895636198e-05 1.0 
26936899.245 63631692.678 -2326425.4275 626.47161238 1675.268366 -19.869783273 3.368855e+18 2.2895636198e-05 1.0 
-36520784.0 17233553.327 54356079.655 -898.94028537 449.28952233 1302.3165654 3.367882e+18 2.288902343e-05 1.0 
-28100141.153 34881721.123 28775135.572 -683.86103984 912.58917313 668.34766833 3.367882e+18 2.288902343e-05 1.0 
-36280020.003 -44619025.969 -1596389.2141 -867.04055754 -1147.975124 -17.816010151 3.367882e+18 2.288902343e-05 1.0 
5960930.055 -92981175.415 10950603.44 78.33298349 -2516.1875859 118.3414602 3.367882e+18 2.288902343e-05 1.0 
983841.68318 -81792504.117 62578492.565 19.631693964 -2076.7915104 1454.3132796 3.367882e+18 2.288902343e-05 1.0 
70651056.797 25818112.269 -30275174.625 1746.3886927 646.75039952 -732.25678177 3.367882e+18 2.288902343e-05 1.0 
12880496.242 106225692.36 96597951.681 316.27803978 2642.0399339 2320.7447807 3.365943e+18 2.287584547e-05 1.0 
-8176817.8406 -19370119.03 -24176761.627 -194.71210538 -501.39443579 -584.57121208 3.365943e+18 2.287584547e-05 1.0 
-22664121.93 68010080.873 -9800077.5334 -521.73467353 1805.6721737 -199.1928549 3.365943e+18 2.287584547e-05 1.0 
47515399.344 -34325017.007 24898737.757 1163.0623362 -901.17562026 589.53883066 3.365943e+18 2.287584547e-05 1.0 
-63002100.022 -140589420.38 13786578.586 -1476.4283693 -3443.7680311 299.81708989 3.365943e+18 2.287584547e-05 1.0 
-2927377.1576 100191375.38 50975903.764 -67.306577692 2544.6677769 1134.4977612 3.36401e+18 2.2862708287e-05 1.0 
-10017396.936 9262252.2195 -70412566.271 -246.0045415 241.1967232 -1699.7791625 3.36401e+18 2.2862708287e-05 1.0 
-26013542.588 -40450425.989 -72680909.282 -639.48069389 -1019.583724 -1750.109383 3.36401e+18 2.2862708287e-05 1.0 
14811425.027 -88329700.616 -2272064.6843 280.31242515 -2397.4468197 -51.182173349 3.36401e+18 2.2862708287e-05 1.0 
60141746.334 21610016.46 -18164484.203 1474.2034112 533.56349424 -438.03510048 3.36401e+18 2.2862708287e-05 1.0 
-5010.2188122 -72242578.764 -12104427.133 -7.0297416665 -1934.3123165 -219.68155637 3.36401e+18 2.2862708287e-05 1.0 
-17104338.111 -94345928.691 -41773954.275 -389.909385 -2405.6188098 -895.92681053 3.36401e+18 2.2862708287e-05 1.0 
-24373592.085 -17826296.015 55658429.759 -601.64373808 -448.57784349 1329.1579023 3.362085e+18 2.2849625474e-05 1.0 
-20923711.223 7775058.0199 -82032509.481 -518.52167199 197.52579149 -1981.2461763 3.362085e+18 2.2849625474e-05 1.0 
-22551487.986 64781578.596 -53514732.668 -543.66016807 1654.7774094 -1244.2207727 3.362085e+18 2.2849625474e-05 1.0 
28652035.969 -64234999.791 19797689.127 673.81485774 -1690.408654 443.07396849 3.362085e+18 2.2849625474e-05 1.0 
30825446.624 36587912.295 65645728.853 759.85010977 925.95930364 1577.0669039 3.362085e+18 2.2849625474e-05 1.0 
-11444699.696 -78198126.893 94403029.214 -282.3975538 -1958.3324893 2272.0610962 3.362085e+18 2.2849625474e-05 1.0 
1981884.5834 44897861.773 -3093715.1484 43.559694242 1184.5489429 -54.75932413 3.362085e+18 2.2849625474e-05 1.0 
-6898902.9581 15022420.82 -35441709.79 -169.66642298 390.0334752 -839.24242939 3.361125e+18 2.2843101058e-05 1.0 
-53013329.805 -6606602.6085 -31750000.033 -1305.5536302 -158.60879572 -747.91157951 3.361125e+18 2.2843101058e-05 1.0 
13350784.192 58189882.271 -40540011.38 323.96168742 1496.3476576 -923.53311534 3.361125e+18 2.2843101058e-05 1.0 
22506958.849 -45744110.983 11431305.77 536.27608008 -1208.5307034 236.48840673 3.361125e+18 2.2843101058e-05 1.0 
41938356.87 -41694989.485 4764782.2233 1019.1950368 -1098.1063696 114.09207734 3.361125e+18 2.2843101058e-05 1.0 
26593973.134 32351350.782 -61772616.889 651.80825207 815.26168366 -1484.6169094 3.361125e+18 2.2843101058e-05 1.0 
-68188223.924 -116349814.69 -8817440.4779 -1601.1064646 -2891.7018268 -193.85672835 3.361125e+18 2.2843101058e-05 1.0 
45801116.391 -5113179.6816 -106990046.31 1136.6316645 -132.31624511 -2616.4061409 3.361125e+18 2.2843101058e-05 1.0 
-18667771.423 -89637251.242 34099317.478 -421.97045024 -2314.8755283 706.96238431 3.360167e+18 2.2836590235e-05 1.0 
-34320382.508 9314656.4878 16880917.774 -839.23216525 255.15117249 395.12453394 3.360167e+18 2.2836590235e-05 1.0 
8505292.191 129966573.89 -42203226.71 196.30260402 3196.6754041 -849.29386526 3.360167e+18 2.2836590235e-05 1.0 
-15390092.822 103397318.18 -29074123.199 -305.09209622 2659.6147758 -537.85834565 3.360167e+18 2.2836590235e-05 1.0 
20518156.77 78904629.879 16713777.545 453.48191846 2080.4288735 319.16884693 3.360167e+18 2.2836590235e-05 1.0 
2645750.1163 22813896.176 2707067.0612 57.776398875 595.05126796 65.312048011 3.360167e+18 2.2836590235e-05 1.0 
-4926684.9848 -113614307.94 -44933354.913 -117.05563355 -2838.7521242 -924.21872983 3.360167e+18 2.2836590235e-05 1.0 
-12607652.033 55875881.139 81426324.198 -309.32044965 1408.2829081 1952.060149 3.359211e+18 2.2830093004e-05 1.0 
-27453627.518 77742856.279 1855677.1689 -615.97303854 2063.258943 9.0533202673 3.359211e+18 2.2830093004e-05 1.0 
28502130.156 -29494353.133 29446681.551 693.36110462 -776.65569496 689.77605748 3.359211e+18 2.2830093004e-05 1.0 
-24349655.118 63156381.185 65542682.855 -591.59063456 1602.3555991 1550.9848111 3.358256e+18 2.282360257e-05 1.0 
-16431181.382 84620994.347 8092847.2938 -337.08629437 2269.4266734 123.69561705 3.358256e+18 2.282360257e-05 1.0 
-68366751.886 -31007353.797 299856.84521 -1680.0751826 -777.14332199 16.728179576 3.358256e+18 2.282360257e-05 1.0 
34607009.711 -45536767.471 40892021.275 842.5324422 -1182.2325443 957.45621897 3.358256e+18 2.282360257e-05 1.0 
26290892.036 -68181301.244 -6117133.1408 604.7468838 -1811.5807121 -131.33881457 3.358256e+18 2.282360257e-05 1.0 
10076543.836 90324017.896 23231019.894 212.33036629 2406.0556617 450.82575513 3.356351e+18 2.2810655682e-05 1.0 
-51560864.736 31411818.829 -18118417.341 -1262.3667628 826.5840966 -429.29893185 3.356351e+18 2.2810655682e-05 1.0 
-41717611.117 -61468782.283 -27064153.164 -993.29111875 -1567.0408275 -612.58458347 3.356351e+18 2.2810655682e-05 1.0 
-8073859.8649 -100947435.06 -29522151.558 -170.72458757 -2605.8544559 -520.95426238 3.356351e+18 2.2810655682e-05 1.0 
13416324.916 -15745238.48 -115912981.13 331.80363418 -396.66290665 -2833.8040037 3.356351e+18 2.2810655682e-05 1.0 
-20191635.15 52549288.811 -50224854.951 -488.79191443 1349.8583488 -1171.6111478 3.356351e+18 2.2810655682e-05 1.0 
49117033.297 85439158.766 -9591800.0807 1123.1731679 2176.6853215 -199.54115177 3.356351e+18 2.2810655682e-05 1.0 
38287232.414 -72095310.193 -13533172.201 900.98968541 -1887.8510516 -290.3872149 3.356351e+18 2.2810655682e-05 1.0 
-3154327.2163 -2786003.2973 -28576872.304 -80.951361158 -74.562174127 -684.32254995 3.356351e+18 2.2810655682e-05 1.0 
-12843777.092 -98266347.993 -40600159.928 -295.94280015 -2504.4965988 -839.38438031 3.356351e+18 2.2810655682e-05 1.0 
-66748107.856 -86466581.517 3000154.2894 -1586.0481246 -2175.8702564 66.698770356 3.355402e+18 2.2804206025e-05 1.0 
19398562.79 -90726173.918 8465858.344 386.59155079 -2415.6917524 107.07079976 3.355402e+18 2.2804206025e-05 1.0 
40929090.972 24292653.17 -33334978.591 1001.3382897 611.11474309 -795.44599209 3.354454e+18 2.2797763164e-05 1.0 
-16960532.151 98929187.953 16846892.958 -315.04906217 2604.2031941 257.24427452 3.352563e+18 2.2784911425e-05 1.0 
-20899288.371 89887900.823 15974507.078 -438.60681365 2370.5503475 279.88048682 3.352563e+18 2.2784911425e-05 1.0 
-6072819.269 -9175214.4519 52565378.412 -149.14266511 -237.91287634 1251.7410461 3.352563e+18 2.2784911425e-05 1.0 
-45190124.684 11581882.447 -6948944.8778 -1105.5250712 316.89294813 -173.80764386 3.352563e+18 2.2784911425e-05 1.0 
42293832.293 70690396.905 -61053062.663 1031.203994 1781.9672561 -1459.8200055 3.352563e+18 2.2784911425e-05 1.0 
-23411848.784 55436856.99 -6073884.5384 -549.87852017 1467.9614841 -108.95643769 3.352563e+18 2.2784911425e-05 1.0 
19833979.548 5999986.5299 -52765215.143 489.83936161 154.75496428 -1254.1348071 3.352563e+18 2.2784911425e-05 1.0 
-39468916.437 -29653657.492 -40122147.571 -965.4752057 -750.75947446 -941.97914727 3.352563e+18 2.2784911425e-05 1.0 
-26442692.597 67948699.011 -31446792.379 -622.26330627 1772.6719012 -707.3214133 3.352563e+18 2.2784911425e-05 1.0 
19586488.052 -77151550.248 45335200.958 461.06617846 -1979.9691851 1023.7525936 3.352563e+18 2.2784911425e-05 1.0 
34995973.89 19394063.14 4791503.1269 848.86066076 490.01385384 114.53140922 3.352563e+18 2.2784911425e-05 1.0 
37663887.134 78997147.992 6109323.8251 845.16801866 2050.2811986 129.01765182 3.352563e+18 2.2784911425e-05 1.0 
51934808.124 -20939598.337 -8147012.7724 1273.2421088 -556.11400216 -197.27332172 3.352563e+18 2.2784911425e-05 1.0 
52931183.813 -7326884.7409 -2880382.3284 1299.8595735 -204.68269083 -60.040560444 3.352563e+18 2.2784911425e-05 1.0 
30305337.44 93449851.742 -38404709.708 693.65649825 2374.4904361 -828.80184813 3.352563e+18 2.2784911425e-05 1.0 
29503686.277 -68682697.744 -22352111.542 691.2855725 -1797.7250847 -486.52632032 3.352563e+18 2.2784911425e-05 1.0 
40979602.708 -6113518.3284 -66365841.071 1009.6670335 -167.11693789 -1601.5590923 3.352563e+18 2.2784911425e-05 1.0 
42025446.056 58922505.8 -96758666.721 1040.0190794 1469.4188631 -2353.1729459 3.352563e+18 2.2784911425e-05 1.0 
30635211.23 10285072.717 -40123651.929 754.92062355 257.88647251 -949.68545857 3.352563e+18 2.2784911425e-05 1.0 
25377337.992 23364483.724 -77313227.45 625.81393217 584.55811816 -1866.1691861 3.352563e+18 2.2784911425e-05 1.0 
-769404.94763 112612463.42 62083347.196 -14.49405845 2802.1454207 1406.127448 3.350678e+18 2.2772100462e-05 1.0 
-27673737.368 -17278222.955 74501635.246 -682.67955924 -432.94019484 1797.0403466 3.350678e+18 2.2772100462e-05 1.0 
-4756621.2025 81226731.747 73642076.309 -114.73151307 2046.7152259 1743.5692253 3.350678e+18 2.2772100462e-05 1.0 
-18103968.409 -10297016.309 93657996.857 -448.10829113 -257.63984304 2285.717643 3.350678e+18 2.2772100462e-05 1.0 
-43955200.338 10279802.518 13711247.207 -1076.1236149 283.19662552 328.09317713 3.350678e+18 2.2772100462e-05 1.0 
-54512354.835 16346544.567 8441769.4806 -1338.1239082 437.21671469 199.146073 3.350678e+18 2.2772100462e-05 1.0 
56681042.78 12659397.584 27485523.149 1394.698057 310.39033199 652.09411474 3.350678e+18 2.2772100462e-05 1.0 
31530252.248 55265699.37 53286382.33 765.83792534 1397.0080255 1259.6895499 3.350678e+18 2.2772100462e-05 1.0 
-8567772.9547 -103907674.11 77587986.665 -207.668857 -2590.8882898 1825.2511782 3.350678e+18 2.2772100462e-05 1.0 
17366828.373 -94004043.71 2431851.2825 313.333733 -2541.9525428 35.062931239 3.350678e+18 2.2772100462e-05 1.0 
25353554.608 -60984166.721 20096437.441 597.07672827 -1614.2772482 470.7795493 3.350678e+18 2.2772100462e-05 1.0 
61237227.08 36886148.2 25249490.258 1498.1757464 924.41197816 607.17744775 3.350678e+18 2.2772100462e-05 1.0 
62475080.065 89780484.5 7943190.6239 1468.9530968 2255.5720785 163.92186701 3.350678e+18 2.2772100462e-05 1.0 
11902226.684 66711434.533 71081784.53 288.50088457 1683.8839358 1694.9104204 3.350678e+18 2.2772100462e-05 1.0 
-23734564.286 -131681416.37 50764479.444 -550.78464754 -3236.2330292 1116.703694 3.350678e+18 2.2772100462e-05 1.0 
-38300195.183 -16120949.151 766739.37299 -932.42510514 -402.70918089 15.233959347 3.349739e+18 2.2765718768e-05 1.0 
18729873.35409484 -90800012.95101671 4038366.4253520407 359.024524489076 -2443.109311394809 54.41417117886677 6.677352e+18 4.5381063345e-05 1.0 
15052284.368 -66680331.736 11631221.655 340.33003213 -1781.7248723 253.50824367 3.348801e+18 2.275934387e-05 1.0 
51764517.955 103851721.61 18078428.84 1171.4655761 2617.7662477 384.15875342 3.347864e+18 2.2752975769e-05 1.0 
-48270744.079 -79798294.077 -1825339.351 -1114.5496071 -2045.6645179 -48.67151017 3.347864e+18 2.2752975769e-05 1.0 
-45582692.199 -64406806.257 -4939404.7208 -1076.3805384 -1654.4538092 -96.663524784 3.347864e+18 2.2752975769e-05 1.0 
44302885.386 62033291.536 -18785045.99 1052.4064356 1585.4450327 -425.25416086 3.347864e+18 2.2752975769e-05 1.0 
7092212.7738 -106400059.16 -62198532.036 163.86668029 -2665.6615265 -1417.13229 3.347864e+18 2.2752975769e-05 1.0 
-21754628.18 82507731.644 33993460.499 -498.0827519 2131.7428067 728.13685175 3.346929e+18 2.2746621259e-05 1.0 
-33420282.377 75504510.972 22598168.493 -780.30352598 1966.6905823 481.83836476 3.346929e+18 2.2746621259e-05 1.0 
3057532.054 41586721.607 51986468.572 77.191085388 1063.7950021 1229.94679 3.346929e+18 2.2746621259e-05 1.0 
2624582.362 62161944.667 34791850.582 63.249210207 1624.3691571 792.28583123 3.346929e+18 2.2746621259e-05 1.0 
-29545616.089 -23260802.263 4643512.5791 -714.09116633 -592.71718102 115.95558018 3.346929e+18 2.2746621259e-05 1.0 
-47367625.13 22160274.221 -397408.63738 -1160.1476811 589.12464482 -5.87527174 3.346929e+18 2.2746621259e-05 1.0 
24557464.58 -66012613.172 57465447.659 594.20830576 -1686.5944237 1349.0032629 3.346929e+18 2.2746621259e-05 1.0 
44742852.743 81370202.747 22390394.356 1042.9897617 2080.7864304 483.79604787 3.346929e+18 2.2746621259e-05 1.0 
45944126.533 65466804.37 -2080772.0338 1076.6439746 1674.1734273 -48.570925564 3.346929e+18 2.2746621259e-05 1.0 
44958990.712 118209011.05 -1590129.7783 913.10419065 2927.8134636 -32.659242365 3.346929e+18 2.2746621259e-05 1.0 
-63286151.212 -138535165.69 42312137.484 -1517.9417672 -3408.9279914 979.23141537 3.346929e+18 2.2746621259e-05 1.0 
44881477.298 15446022.44 -21605455.011 1096.9294396 384.55716565 -495.31268189 3.346929e+18 2.2746621259e-05 1.0 
36963287.18 -49186303.688 -35012933.629 897.60890828 -1274.2988005 -808.66873907 3.346929e+18 2.2746621259e-05 1.0 
34738639.186 71639439.421 103555567.89 859.24552252 1792.7469218 2514.533159 3.345996e+18 2.2740280343e-05 1.0 
-36202653.999 25884097.693 14371692.789 -880.1133541 687.24071688 337.40862438 3.345996e+18 2.2740280343e-05 1.0 
-48441845.473 -95840097.771 -17584741.996 -1096.3388896 -2440.0562329 -385.5497366 3.345996e+18 2.2740280343e-05 1.0 
-34130285.408 -90601942.792 -9027939.2722 -717.96475845 -2360.4969353 -158.21700867 3.345996e+18 2.2740280343e-05 1.0 
20411308.648 126738241.89 -33012940.367 428.77161605 3109.3870109 -593.12553186 3.345996e+18 2.2740280343e-05 1.0 
-21124576.255 73147480.353 -31933230.423 -489.75711417 1896.655303 -692.33968082 3.345996e+18 2.2740280343e-05 1.0 
51840087.579 38725930.014 37379800.225 1267.1262172 974.8546194 893.52344308 3.345996e+18 2.2740280343e-05 1.0 
-1413993.2947 -111248089.11 -72353231.268 -35.241130059 -2774.3410028 -1682.1880999 3.345996e+18 2.2740280343e-05 1.0 
-60437035.349 -82400242.703 34015889.738 -1449.3667983 -2071.1167324 785.38905588 3.345064e+18 2.2733946223e-05 1.0 
43133092.104 126905559.24 1192600.19 862.96011544 3074.5813695 12.096172484 3.345064e+18 2.2733946223e-05 1.0 
33972034.034 -5028680.632 -6795765.0008 834.25262994 -140.3871359 -149.73307702 3.345064e+18 2.2733946223e-05 1.0 
-40189402.434 -77118655.024 -72015377.608 -982.08610379 -1939.1207572 -1730.6441103 3.345064e+18 2.2733946223e-05 1.0 
-47177994.931 -84711488.022 -38608137.885 -1115.0391636 -2134.3537621 -879.27352414 3.345064e+18 2.2733946223e-05 1.0 
-20687848.911 53236779.654 -7131783.5466 -489.16620122 1413.9830048 -138.60685531 3.345064e+18 2.2733946223e-05 1.0 
-21915073.702 90644058.319 -6645247.246 -446.46443401 2420.5716865 -98.679571548 3.345064e+18 2.2733946223e-05 1.0 
41405521.318 132264499.85 -14953280.512 865.33548029 3216.5319254 -257.37544796 3.345064e+18 2.2733946223e-05 1.0 
-7509750.4902 29628302.75 -109745805.35 -185.67357973 741.2287842 -2675.6416124 3.345064e+18 2.2733946223e-05 1.0 
-28458781.626 54057311.534 -50696620.513 -689.1033125 1388.4524799 -1185.6674847 3.345064e+18 2.2733946223e-05 1.0 
46089676.666 3994874.3998 -4916054.2966 1127.302023 86.86169477 -129.16577549 3.345064e+18 2.2733946223e-05 1.0 
15539262.752 12047038.193 82901695.379 384.32359321 301.2309348 2014.8834987 3.345064e+18 2.2733946223e-05 1.0 
34432755.341 16995515.332 -23950144.021 839.99441795 428.18813998 -559.21279107 3.345064e+18 2.2733946223e-05 1.0 
50476928.818 29904094.63 -44718902.268 1237.4111432 745.58167103 -1068.3365923 3.345064e+18 2.2733946223e-05 1.0 
35392268.524 94628040.697 -39165297.007 814.68674999 2388.5612217 -857.11020159 3.345064e+18 2.2733946223e-05 1.0 
-14389174.266 2020497.3096 -11744383.749 -354.14282163 56.108863843 -283.11224001 3.345064e+18 2.2733946223e-05 1.0 
-54215748.476 -137569122.19 -963560.05861 -1220.1990708 -3342.9404269 -28.16243602 3.345064e+18 2.2733946223e-05 1.0 
38333403.499 -51893028.816 -36356706.754 925.27784111 -1337.9696555 -833.18800775 3.345064e+18 2.2733946223e-05 1.0 
40700431.916 20011121.716 -84379280.816 1005.2278687 500.14439987 -2042.2473339 3.345064e+18 2.2733946223e-05 1.0 
11988414.36 -72459973.064 -122977980.61 294.03728606 -1814.4816596 -3002.4848987 3.345064e+18 2.2733946223e-05 1.0 
-73953849.555 -91938638.051 20771778.25 -1782.5216666 -2306.5502681 490.69487431 3.344134e+18 2.2727625695e-05 1.0 
54199307.916 31158388.612 18048069.777 1322.8076037 785.26976097 446.71553369 3.344134e+18 2.2727625695e-05 1.0 
-10722808.893 -43761538.198 31701465.483 -260.81261923 -1138.3082762 728.01801697 3.344134e+18 2.2727625695e-05 1.0 
-7677614.8782 20143261.424 100871942.23 -189.42301338 510.99922006 2460.2179537 3.343205e+18 2.2721311963e-05 1.0 
-40757431.113 3042115.7438 11062916.393 -995.86461064 96.481966008 256.02638607 3.343205e+18 2.2721311963e-05 1.0 
57923661.352 1808893.9591 5194840.9316 1424.3277328 30.25346227 109.69485248 3.343205e+18 2.2721311963e-05 1.0 
-20520239.492 -112447350.14 49465242.552 -473.34840664 -2801.7055767 1070.6194137 3.343205e+18 2.2721311963e-05 1.0 
-16399895.202 62191427.194 101482218.9 -403.53046135 1560.4679678 2456.826946 3.341352e+18 2.2708718482e-05 1.0 
-26400925.935 -16124040.175 55903009.406 -644.74150381 -400.05679081 1333.5267772 3.341352e+18 2.2708718482e-05 1.0 
-26660118.722 63543740.446 19820106.466 -626.62518833 1673.4110443 436.20919401 3.341352e+18 2.2708718482e-05 1.0 
-56392567.152 -120050705.18 28741580.65 -1308.1591081 -2969.6832434 645.26162715 3.341352e+18 2.2708718482e-05 1.0 
256355.70583 44782946.533 -41957745.75 4.245973006 1156.8486421 -984.44573578 3.341352e+18 2.2708718482e-05 1.0 
-40925672.439 9288401.5727 -41370716.358 -1004.066823 251.85389013 -983.78966028 3.341352e+18 2.2708718482e-05 1.0 
-5318462.4702 92206274.193 -21468868.192 -94.741621967 2433.0657511 -363.5362889 3.341352e+18 2.2708718482e-05 1.0 
-27716519.065 54898901.175 -32695570.683 -663.07257412 1429.0812603 -742.9131557 3.341352e+18 2.2708718482e-05 1.0 
35880977.35 2527747.7171 34838992.153 877.771653 50.989128103 818.80385851 3.341352e+18 2.2708718482e-05 1.0 
20091718.92 -40600205.665 87371134.158 493.37397605 -1027.8418249 2108.9839065 3.341352e+18 2.2708718482e-05 1.0 
17010524.816 -40466880.409 29870549.426 412.64193577 -1059.0746078 686.34140201 3.341352e+18 2.2708718482e-05 1.0 
38489088.333 65838512.299 -12200782.142 898.61710864 1700.2951748 -273.44047972 3.341352e+18 2.2708718482e-05 1.0 
21006877.699 78288334.587 -72543752.84 510.88824462 1965.9565261 -1723.9125346 3.341352e+18 2.2708718482e-05 1.0 
-59182683.546 -150073861.83 1805366.7479 -1382.9660745 -3659.8255648 51.841833016 3.341352e+18 2.2708718482e-05 1.0 
451335.41697 49598828.428 -80875486.493 11.398431493 1248.6872189 -1942.8061734 3.341352e+18 2.2708718482e-05 1.0 
-62861478.251 -114353874.34 -21928757.443 -1470.0670842 -2835.9750082 -494.77491982 3.339506e+18 2.2696172574e-05 1.0 
-1313116.6032 102553769.94 -61680277.591 -28.159587723 2571.2966568 -1401.1589278 3.339506e+18 2.2696172574e-05 1.0 
-10354745.804 104797437.54 -55321011.502 -236.70600192 2634.4655969 -1233.2013841 3.339506e+18 2.2696172574e-05 1.0 
30362175.026 -59876091.126 -6176669.4992 714.93360612 -1585.4187886 -129.38696676 3.339506e+18 2.2696172574e-05 1.0 
-30150868.797 -26296183.61 53609483.357 -737.34231817 -659.65920203 1271.9867722 3.338585e+18 2.2689913212e-05 1.0 
-34814860.612 3904252.7214 55052599.436 -854.6904355 113.77463405 1319.616499 3.338585e+18 2.2689913212e-05 1.0 
20352202.084 92253432.267 77467331.443 495.89123102 2307.4276689 1833.3053376 3.338585e+18 2.2689913212e-05 1.0 
-24460468.319 75941615.712 -3825057.2249 -536.22990114 2027.2904183 -91.767910634 3.338585e+18 2.2689913212e-05 1.0 
15541834.903 78311183.902 23870911.944 350.94019587 2064.0263508 499.26506129 3.338585e+18 2.2689913212e-05 1.0 
-48072879.017 14906963.453 -10089844.081 -1174.1262531 404.56208317 -236.41360476 3.338585e+18 2.2689913212e-05 1.0 
40545440.806 133881619.45 -2909845.4281 810.53858827 3204.5206782 -60.257880373 3.338585e+18 2.2689913212e-05 1.0 
-7404007.8287 120821690.51 -29637029.455 -108.34017063 2997.113524 -475.62817328 3.338585e+18 2.2689913212e-05 1.0 
57334387.963 36973887.106 95716041.464 1417.9922122 918.06508087 2329.9933686 3.338585e+18 2.2689913212e-05 1.0 
9146882.622 -60164149.252 94644414.89 223.5767724 -1513.3750569 2283.8762059 3.338585e+18 2.2689913212e-05 1.0 
40608025.085 60144534.026 -11819749.37 958.33007747 1547.6451903 -286.81495842 3.338585e+18 2.2689913212e-05 1.0 
48768798.12 97332753.573 -19907016.832 1098.960862 2455.0571338 -434.15816548 3.338585e+18 2.2689913212e-05 1.0 
24614841.791 -50528243.787 -28494995.38 588.71110207 -1325.8086734 -653.35690236 3.338585e+18 2.2689913212e-05 1.0 
-18121557.959 31422138.962 4503260.7951 -440.22537788 833.1870796 111.55147874 3.337665e+18 2.2683660647e-05 1.0 
-50898566.245 11048186.192 -40323534.635 -1252.1303646 300.84940898 -974.3106891 3.337665e+18 2.2683660647e-05 1.0 
44746326.017 107129812.16 -10497292.454 945.8206894 2696.9684343 -186.76916948 3.337665e+18 2.2683660647e-05 1.0 
38488048.65 -50935273.268 -61276291.54 938.03308402 -1296.3448279 -1450.7321314 3.337665e+18 2.2683660647e-05 1.0 
-15847283.186 61007936.213 68778598.315 -384.27920914 1547.1819074 1627.7710918 3.335831e+18 2.2671196294e-05 1.0 
-25615653.271 72164385.858 8337715.911 -585.92729232 1908.5235836 142.58180779 3.335831e+18 2.2671196294e-05 1.0 
-7639749.78 108340818.19 65152476.769 -176.87960513 2703.7783196 1491.8086267 3.335831e+18 2.2671196294e-05 1.0 
-56022295.1 -72458130.941 17443667.634 -1336.8382553 -1841.733119 399.39062799 3.335831e+18 2.2671196294e-05 1.0 
-57158667.028 -52523947.571 -11376739.538 -1384.2559529 -1333.9456675 -261.47368503 3.335831e+18 2.2671196294e-05 1.0 
44493672.084 132016701.41 -5448642.0137 924.81763093 3188.5867467 -98.3897507 3.335831e+18 2.2671196294e-05 1.0 
-12042321.458 23168926.533 -61941397.625 -296.6428733 590.18537501 -1485.9985758 3.335831e+18 2.2671196294e-05 1.0 
-33080380.552 12790385.028 -40633509.361 -808.61542062 342.27860041 -959.65945523 3.335831e+18 2.2671196294e-05 1.0 
25361075.668 -89120459.789 30241401.97 569.63977386 -2302.7030545 629.60296823 3.335831e+18 2.2671196294e-05 1.0 
27545604.001 -52067847.708 26498184.463 658.16120112 -1363.3152636 596.72887596 3.335831e+18 2.2671196294e-05 1.0 
34228779.014 -48549327.913 39943291.582 829.51358678 -1255.8922412 927.4322353 3.335831e+18 2.2671196294e-05 1.0 
24410096.077 -24458255.953 36912417.032 592.94965778 -647.09063564 874.67165797 3.335831e+18 2.2671196294e-05 1.0 
39171791.219 -26860738.868 -39327436.991 956.78479697 -703.41193607 -927.31554574 3.335831e+18 2.2671196294e-05 1.0 
6959360.7399 60586619.798 -83951622.458 171.10918756 1520.0851599 -2022.824872 3.335831e+18 2.2671196294e-05 1.0 
-72952006.791 -116454378.31 -62694297.27 -1782.5292756 -2880.2311414 -1506.55882 3.335831e+18 2.2671196294e-05 1.0 
37184392.685 73267678.991 61851255.488 901.76828107 1838.1655008 1458.4420948 3.334916e+18 2.2664977711e-05 1.0 
22622281.029 78241786.258 108148719.95 558.47518164 1952.1088005 2622.0316887 3.334002e+18 2.2658765923e-05 1.0 
-22061634.147 8491223.4438 106693375.71 -546.75855668 217.13942591 2602.9873814 3.334002e+18 2.2658765923e-05 1.0 
-36698131.811 19346300.031 27817302.908 -895.84730638 516.47389826 657.64272887 3.334002e+18 2.2658765923e-05 1.0 
-27469791.278 63332541.038 9576114.3863 -641.47787505 1678.8764665 199.89417217 3.334002e+18 2.2658765923e-05 1.0 
7313211.4588 123169154.79 61878408.318 174.85039824 3044.4622549 1400.1025168 3.334002e+18 2.2658765923e-05 1.0 
-40029673.024 -84636815.489 45551695.133 -951.04172442 -2140.0523616 1042.3337143 3.334002e+18 2.2658765923e-05 1.0 
-33181464.681 -85423219.53 23409123.028 -736.17949475 -2201.8035236 503.79843333 3.334002e+18 2.2658765923e-05 1.0 
-15165162.701 96030098.02 652243.22488 -246.02958864 2616.0278236 2.1078430208 3.334002e+18 2.2658765923e-05 1.0 
6840012.9955 106183907.84 -60812101.964 162.1392128 2652.9537953 -1374.0673248 3.334002e+18 2.2658765923e-05 1.0 
-31278407.983 86929439.777 -54776682.085 -746.81653624 2199.0188383 -1256.5016237 3.334002e+18 2.2658765923e-05 1.0 
39486488.456 18664584.852 38542861.089 967.41603886 462.782272 921.35781356 3.334002e+18 2.2658765923e-05 1.0 
26106646.792 73681808.521 34500570.724 608.6622445 1890.6907371 763.97578685 3.334002e+18 2.2658765923e-05 1.0 
-5285122.7849 -116158725.87 69045916.337 -126.72845641 -2882.6951394 1594.4401931 3.334002e+18 2.2658765923e-05 1.0 
38578766.113 37836439.424 657791.06899 927.02042465 965.30938383 3.0438347436 3.334002e+18 2.2658765923e-05 1.0 
-15608048.365 -93936099.057 62556253.486 -376.65900296 -2364.7136297 1441.8217778 3.334002e+18 2.2658765923e-05 1.0 
24224463.057 26556584.282 -5441895.5238 577.33458713 679.98531086 -113.66059922 3.334002e+18 2.2658765923e-05 1.0 
11315894.604 99952779.052 72867355.254 273.03972375 2488.0532672 1701.6859545 3.332179e+18 2.2646376329e-05 1.0 
-36629182.275 -100285748.52 31235752.134 -816.82331654 -2532.7650947 653.7388947 3.332179e+18 2.2646376329e-05 1.0 
-16307159.819 97688113.264 -90652.331338 -259.56958867 2649.6667852 -26.489859905 3.332179e+18 2.2646376329e-05 1.0 
-25617380.513 81723376.239 -10163078.599 -565.13214164 2171.8669197 -201.79835791 3.332179e+18 2.2646376329e-05 1.0 
54133776.314 23494808.591 33187453.664 1328.3933366 583.98021661 798.68992676 3.332179e+18 2.2646376329e-05 1.0 
47667902.394 25785906.058 53873071.475 1171.6996583 644.70919723 1281.6316715 3.332179e+18 2.2646376329e-05 1.0 
31505099.185 -43216366.437 -15577973.977 757.66704881 -1141.4960941 -354.43037516 3.332179e+18 2.2646376329e-05 1.0 
45996345.1 56103269.354 -33176604.241 1106.3022772 1417.7685869 -775.87088807 3.332179e+18 2.2646376329e-05 1.0 
25190531.478 -85254901.975 -30556435.933 569.91752096 -2205.1895326 -642.13337405 3.332179e+18 2.2646376329e-05 1.0 
-36407382.085 -20186907.738 86395307.745 -897.44775905 -499.08563811 2092.9364896 3.330362e+18 2.2634027513e-05 1.0 
-28223720.629 22697972.361 27457075.433 -686.91290146 601.44289431 638.18481281 3.330362e+18 2.2634027513e-05 1.0 
-67783924.583 -66171302.593 26699113.098 -1648.8420614 -1669.7457154 626.91850502 3.330362e+18 2.2634027513e-05 1.0 
23558935.936 114205408.77 41222565.012 527.25252549 2846.5460793 848.18038837 3.330362e+18 2.2634027513e-05 1.0 
-43580521.886 -98708541.512 -10801598.664 -936.68104966 -2519.9504086 -229.46270717 3.330362e+18 2.2634027513e-05 1.0 
-23267797.752 75314216.022 -2677472.7008 -519.89541209 2016.4253931 -61.365966661 3.330362e+18 2.2634027513e-05 1.0 
-59529384.073 -82524460.671 -58495842.26 -1451.2388999 -2065.0362617 -1388.8860456 3.330362e+18 2.2634027513e-05 1.0 
862367.50448 -27609907.331 -78359904.819 20.696501345 -695.63195918 -1886.340758 3.330362e+18 2.2634027513e-05 1.0 
-34692475.475 -39092812.825 -68399446.588 -850.86210212 -979.57435521 -1637.525211 3.330362e+18 2.2634027513e-05 1.0 
38507951.494 53168865.839 54190273.191 938.59629187 1342.7192617 1279.1867621 3.330362e+18 2.2634027513e-05 1.0 
732563.82676 -106409089.92 61154370.27 14.524600148 -2664.908873 1384.5987381 3.330362e+18 2.2634027513e-05 1.0 
-12843134.75 -26205231.398 52037467.081 -319.55865763 -668.30440919 1238.4469117 3.330362e+18 2.2634027513e-05 1.0 
42779867.312 54304142.224 -8607031.846 1017.7242614 1391.5029056 -197.38654377 3.330362e+18 2.2634027513e-05 1.0 
-3663307.7498 -67136221.437 55699460.446 -88.296363261 -1716.5453386 1302.6612775 3.330362e+18 2.2634027513e-05 1.0 
15214370.623 50090931.354 30611133.219 363.72331899 1303.2984014 713.89162396 3.330362e+18 2.2634027513e-05 1.0 
-7591075.3809 -74255102.936 -24775559.115 -174.97049053 -1959.6433938 -521.86877053 3.330362e+18 2.2634027513e-05 1.0 
6224592.8877 46529443.816 -64187397.004 151.48651056 1185.567231 -1529.4272746 3.330362e+18 2.2634027513e-05 1.0 
-52317656.295 -55835313.206 89625832.581 -1291.3436235 -1386.2147563 2180.7449507 3.328551e+18 2.2621719475e-05 1.0 
51265801.321 126470081.76 13101880.321 1128.0395685 3101.2044371 276.5983201 3.328551e+18 2.2621719475e-05 1.0 
-14268626.761 -79209624.402 -20050359.917 -309.237567 -2100.0295897 -414.7650521 3.328551e+18 2.2621719475e-05 1.0 
-24230301.42 -86323213.854 -10742044.507 -497.60447787 -2278.9473528 -173.00220099 3.328551e+18 2.2621719475e-05 1.0 
-28565703.799 56790181.989 -44606965.856 -688.36743422 1464.8162745 -1034.0468713 3.328551e+18 2.2621719475e-05 1.0 
32477351.336 115182205.17 52784640.619 763.9018248 2864.1832255 1180.9968434 3.328551e+18 2.2621719475e-05 1.0 
36235461.267 35378573.797 -10376335.478 875.01017044 902.39539535 -222.00507452 3.328551e+18 2.2621719475e-05 1.0 
23947510.085 -59849577.758 -37126899.151 570.49364563 -1553.6518193 -845.5355274 3.328551e+18 2.2621719475e-05 1.0 
21571570.954 9187197.4747 -143239839.25 534.77204791 225.16989959 -3517.669634 3.328551e+18 2.2621719475e-05 1.0 
