#   x1                  x2                  x3                  v1                  v2                  v3                  mass                rel_mass            mat0_frac           mat1_frac           mat2_frac
   -1.7497174585e+04    7.1203567352e+04   -3.2849920447e+04   -1.5239544997e+00    4.6833295063e+00   -2.5506199016e+00    1.4600203955e+23    9.9948542725e-01    8.0930072600e-01    1.9069927400e-01    0.0000000000e+00
    3.3160218691e+07    1.3951211623e+06   -1.8600005914e+07    7.2688171571e+02   -7.8647917307e+01   -4.1937761964e+02    6.5488700000e+18    4.4831566396e-05    0.0000000000e+00    1.0000000000e+00    0.0000000000e+00
    1.3823607725e+07   -1.2234404716e+06   -1.3612252378e+07   -2.9750890660e+01   -1.8388097103e+02    1.6265735995e+01    3.2924210000e+18    2.2538909868e-05    0.0000000000e+00    1.0000000000e+00    0.0000000000e+00
   -2.9107170281e+07   -1.9136599900e+06   -4.0027655370e+06   -4.6655791731e+02   -1.7120894272e+02   -6.1316927420e+01    3.2905550000e+18    2.2526135801e-05    0.0000000000e+00    1.0000000000e+00    0.0000000000e+00
   -4.0344418406e+07    2.9395543295e+06    5.6606880997e+06   -9.4145428250e+02   -3.7041979712e+01    1.2800046718e+02    3.2868370000e+18    2.2500683507e-05    0.0000000000e+00    1.0000000000e+00    0.0000000000e+00
   -2.1423829462e+07   -4.4465625057e+06    3.4539505659e+06   -9.3453558039e+01   -2.0846653623e+02    2.4888426874e+01    3.2868370000e+18    2.2500683507e-05    0.0000000000e+00    1.0000000000e+00    0.0000000000e+00
   -7.8856903054e+06   -3.8089194648e+06   -1.2268145106e+07    1.9355924007e+02   -1.6827248754e+02    2.8112370339e+02    3.2868370000e+18    2.2500683507e-05    0.0000000000e+00    1.0000000000e+00    0.0000000000e+00
   -1.0133756272e+07   -3.8081464715e+06   -5.1998860390e+06    5.2507730570e+02   -1.2032689781e+02    2.6990627397e+02    3.2849840000e+18    2.2487998434e-05    0.0000000000e+00    1.0000000000e+00    0.0000000000e+00
   -2.8544981368e+07    1.5579953041e+06   -7.1943452251e+06   -4.6820394771e+02   -1.0335657905e+02   -1.1373879995e+02    3.2831350000e+18    2.2475340744e-05    0.0000000000e+00    1.0000000000e+00    0.0000000000e+00
   -2.0333354866e+07   -5.4255506708e+06   -1.3447010536e+06   -2.8921719127e+01   -2.1483272436e+02   -9.3113089655e+00    3.2785310000e+18    2.2443823165e-05    0.0000000000e+00    1.0000000000e+00    0.0000000000e+00
    8.2054858294e+06   -2.7665279919e+06   -1.0341912561e+07   -2.8411700770e+02   -1.7803354936e+02    3.5134394524e+02    3.2766960000e+18    2.2431261314e-05    0.0000000000e+00    1.0000000000e+00    0.0000000000e+00
    2.9269824754e+07    2.4194059250e+05   -1.6181856737e+07    5.7213413883e+02   -1.2040888377e+02   -3.1516368080e+02    3.2757800000e+18    2.2424990658e-05    0.0000000000e+00    1.0000000000e+00    0.0000000000e+00
   -4.2868689113e+07    1.9700230854e+06   -1.0818500875e+07   -1.0491384404e+03   -5.4166890791e+01   -2.5588136911e+02    3.2721250000e+18    2.2399969643e-05    0.0000000000e+00    1.0000000000e+00    0.0000000000e+00
   -6.6007913042e+06    6.9462271265e+06   -3.9015636043e+07   -1.5373348136e+02    6.2056932586e+01   -9.0401631240e+02    3.2675790000e+18    2.2368849113e-05    0.0000000000e+00    1.0000000000e+00    0.0000000000e+00
   -7.6811467535e+06   -4.0830962561e+06   -2.0453024742e+07   -2.2888283906e+01   -2.0920208426e+02   -1.0118885519e+02    3.2648620000e+18    2.2350249360e-05    0.0000000000e+00    1.0000000000e+00    0.0000000000e+00
   -3.9593221746e+07   -4.1907212432e+06    3.4207027417e+07   -1.0351255496e+03   -2.1290318246e+02    8.9942258133e+02    3.2549710000e+18    2.2282538591e-05    0.0000000000e+00    1.0000000000e+00    0.0000000000e+00
   -5.0853668767e+06   -4.4974973713e+06    2.6812329867e+07   -7.0492326878e+01   -2.2164728137e+02    3.6641036743e+02    3.2514010000e+18    2.2258099460e-05    0.0000000000e+00    1.0000000000e+00    0.0000000000e+00
   -1.7928612496e+07   -2.5596067680e+06   -1.8327164628e+07   -2.0398657810e+02   -1.8955332578e+02   -2.1217411147e+02    3.2460710000e+18    2.2221611906e-05    0.0000000000e+00    1.0000000000e+00    0.0000000000e+00
   -2.2722477518e+07    6.5714163784e+06    4.6291065298e+07   -5.9928314730e+02    8.3620251176e+01    1.2170089893e+03    3.2443020000e+18    2.2209501872e-05    0.0000000000e+00    1.0000000000e+00    0.0000000000e+00
    1.7785794145e+07   -4.4012178272e+06    5.9486881665e+06   -6.6410817849e+01   -2.0067298210e+02   -1.4724259569e+01    3.2443020000e+18    2.2209501872e-05    0.0000000000e+00    1.0000000000e+00    0.0000000000e+00
    1.7563130622e+07   -1.3590180326e+06    3.3997563354e+07    3.8877630606e+02   -1.4873426172e+02    7.4924276458e+02    3.2434180000e+18    2.2203450277e-05    0.0000000000e+00    1.0000000000e+00    0.0000000000e+00
    8.0380549287e+06   -3.1552917345e+06    2.9179351074e+07    1.3563048141e+02   -1.9672828142e+02    4.9112968251e+02    3.2434180000e+18    2.2203450277e-05    0.0000000000e+00    1.0000000000e+00    0.0000000000e+00
    1.2554494809e+07   -4.7438611876e+06    1.5582660363e+07   -1.9593846160e+00   -2.1074461152e+02    8.6729228622e+00    3.2434180000e+18    2.2203450277e-05    0.0000000000e+00    1.0000000000e+00    0.0000000000e+00
