x1	x2	x3	v1	v2	v3	mass	rel_mass	water_fraction
4294.271548993994 -91040.53344019559 -13649.006158645007 -0.012090419400515789 -2.847350049731743 -0.29162682751079977 1.8388580679299988e+21 0.9826090717766831 0.1724504199598607 
3009497.3705 -2808534.3031 8883362.3727 50.337321242 -70.569204185 140.90798764 1.285372e+17 6.8684919724e-05 0.0 
6599607.5901 -3340271.6215 9523329.7625 128.74539769 -87.064909748 178.24048718 1.284094e+17 6.8616628733e-05 0.0 
-9995892.7786 -4224789.1262 -3279554.9557 -180.19519554 -101.34098366 -57.332814724 1.283985e+17 6.8610804227e-05 0.0 
18384136.751 -656883.61939 2755093.9686 411.72658411 -30.792287912 58.783887452 1.283958e+17 6.860936146e-05 0.0 
-1208221.9489 -2270452.6068 -12036056.719 -18.91769139 -66.485542409 -232.99886221 1.283958e+17 6.860936146e-05 0.0 
10366279.641 -2318730.3876 777103.0027 180.53978646 -63.585005948 14.480452486 8.746705e+16 4.6738744175e-05 1.0 
6416012.0946 -2777386.0666 -6654014.1956 99.649259595 -70.74082877 -105.24019255 8.742621e+16 4.6716920982e-05 1.0 
-8312955.5114 1629156.1083 -17750915.311 -187.23624039 23.888451983 -400.78259903 8.739748e+16 4.6701568868e-05 1.0 
-7044480.8559 -3406801.4229 -8735967.71 -130.28503753 -85.970006007 -163.92101537 8.737124e+16 4.6687547306e-05 1.0 
-7293387.365716285 -3369753.9030831717 -9242752.16363994 -137.80280399347026 -86.7168890693345 -175.05162938560628 1.3099829e+17 7.0000023593e-05 1.0 
-13025558.045 -2811055.6932 11376774.396 -286.62815197 -77.598820679 248.89974108 4.373642e+16 2.3370919055e-05 1.0 
13155607.019 -1626370.8298 -7109838.3578 276.72952565 -51.556415503 -149.62774203 4.373556e+16 2.3370459506e-05 1.0 
-6190632.9842 -2631032.0243 11220490.967 -120.76717782 -71.8262278 224.00503762 4.373215e+16 2.3368637345e-05 1.0 
-13645782.475 -2126534.4532 2112069.9209 -278.79517396 -62.516966367 43.492151067 4.373045e+16 2.3367728936e-05 1.0 
-20487432.232 -1414608.1097 -714955.34063 -465.10437386 -46.267598056 -15.488918364 4.373045e+16 2.3367728936e-05 1.0 
-9653385.0758 -991743.49222 15837329.899 -214.67171879 -37.261146558 353.97431159 4.372876e+16 2.336682587e-05 1.0 
15664432.805 118963.73892 -94958.787118 335.11303935 -12.210411589 -2.1857099925 4.372876e+16 2.336682587e-05 1.0 
15694265.235 -442778.30222 -5205561.7196 341.41902096 -25.531154461 -111.48960342 4.372792e+16 2.3366377009e-05 1.0 
-19391254.256 -3048450.2988 371144.66858 -436.32410156 -84.12854628 9.8359987808 4.372792e+16 2.3366377009e-05 1.0 
-18774866.915 -2053432.6942 891820.75627 -419.35983174 -60.570351498 20.962279341 4.372792e+16 2.3366377009e-05 1.0 
7660393.2588 -2670448.7988 -9108339.6288 148.37135965 -72.333654947 -172.38420693 4.372624e+16 2.3365479287e-05 1.0 
-3189178.4375 -2666802.6872 11742566.18 -61.416338652 -73.214925075 227.09385392 4.37229e+16 2.336369453e-05 1.0 
-12728806.631 -1906020.5963 -5943342.1919 -262.01905958 -57.605416149 -122.58479964 4.372207e+16 2.3363251013e-05 1.0 
-14559918.331 -1974949.4047 -6702137.4932 -312.59684933 -58.7341411 -145.7757813 4.372207e+16 2.3363251013e-05 1.0 
12821754.946 -1368085.953 1827457.5836 255.00244703 -45.461829255 36.855855152 4.372041e+16 2.3362363978e-05 1.0 
-19451774.912 -1077967.8947 7454355.5186 -442.7691574 -38.62878167 170.04292941 4.372041e+16 2.3362363978e-05 1.0 
-21133916.209 306765.2916 6188488.7697 -484.92079405 -5.7779698 142.42048764 4.372041e+16 2.3362363978e-05 1.0 
-12923159.785 -2311271.599 1543675.0035 -257.80367721 -65.349162343 33.435220065 4.372041e+16 2.3362363978e-05 1.0 
-15864388.218310816 -2008465.2936069753 -6673176.245859125 -347.1924375527481 -59.675224431943306 -146.7592895782389 8.738083e+16 4.6692671801999995e-05 1.0 
-10389508.495 -2665834.4471 1050936.5925 -181.50804088 -68.636024652 20.763988864 4.372041e+16 2.3362363978e-05 1.0 
-6051844.018 -3522247.618 -6720768.6401 -95.88074072 -82.652165067 -103.91575741 4.372041e+16 2.3362363978e-05 1.0 
-13104513.043 -2934308.7199 6790671.0289 -274.98806388 -80.131171999 141.64269124 4.371877e+16 2.3361487631e-05 1.0 
17996008.481 72929.387474 -2305363.7131 400.14319585 -12.843619728 -51.637885735 4.371877e+16 2.3361487631e-05 1.0 
-6587505.9027 1235433.5079 -19367695.338 -148.71139096 15.238222722 -440.72854141 4.371877e+16 2.3361487631e-05 1.0 
-1299192.7347569836 -1745689.4041925261 -13823548.04311642 -27.173572553345434 -54.54511339787673 -282.8142021582004 8.740129e+16 4.6703604773e-05 1.0 
-10153195.649 -1446757.7501 10787313.503 -215.4691744 -47.686024514 225.78094947 4.371712e+16 2.3360605939e-05 1.0 
-20919419.62 -54623.688386 -8456092.139 -482.59888505 -14.965530699 -193.63353109 4.371712e+16 2.3360605939e-05 1.0 
-8939638.8708 -2336145.8776 14619692.943 -195.9256483 -67.439905184 320.98786505 4.37163e+16 2.3360167766e-05 1.0 
-10144906.042 -3045570.1099 4070222.7254 -185.03666984 -78.56359044 72.616810436 4.37163e+16 2.3360167766e-05 1.0 
-11470267.418 -2864197.422 5487733.4956 -226.72840824 -76.423958449 108.80625434 4.37163e+16 2.3360167766e-05 1.0 
12016250.789 -1921419.6441 -3374078.9676 234.7823232 -58.220220398 -65.27936692 4.37163e+16 2.3360167766e-05 1.0 
17009589.692 -2301269.3476 18151696.532 395.8472036 -66.896932374 423.09167743 4.371549e+16 2.3359734935e-05 1.0 
22677587.804 2423304.2767 14582409.707 533.46172922 45.591873004 343.02794966 4.371549e+16 2.3359734935e-05 1.0 
-22280677.601 -179131.44212 9130863.4387 -517.14053612 -17.353030972 212.62028555 4.371549e+16 2.3359734935e-05 1.0 
-15404823.536 -1887058.5233 4187315.8238 -330.49905614 -56.475652437 89.796468132 4.371549e+16 2.3359734935e-05 1.0 
10561172.934 -1991137.1353 -4519563.0753 196.97027858 -58.972510434 -84.302111767 4.371549e+16 2.3359734935e-05 1.0 
2174488.3507 -731384.22488 -17223414.845 46.208167899 -31.312009271 -378.82102649 4.371467e+16 2.3359296762e-05 1.0 
3371947.908 -2621091.0428 11680195.499 63.751414973 -72.598961217 224.40423875 4.371386e+16 2.3358863931e-05 1.0 
18146569.35 -2388427.0944 12662069.764 416.99333744 -68.984036744 290.93891349 4.371386e+16 2.3358863931e-05 1.0 
-18036512.514 -506242.84305 -8451673.4954 -408.56705996 -25.701264319 -189.83412718 4.371386e+16 2.3358863931e-05 1.0 
4336537.0369 -1458914.0903 -14126930.658 90.363709903 -47.508593675 -296.15483044 4.371386e+16 2.3358863931e-05 1.0 
14111564.618505074 -1283291.354376601 -3496996.5314120497 293.5971704622524 -43.97824383504901 -73.9532838496498 8.737409e+16 4.6689070226999996e-05 1.0 
-6528522.6395 -30043.232248 18741031.621 -149.19344138 -15.305350739 423.86828745 4.371062e+16 2.335713261e-05 1.0 
14634599.742 -1794246.3219 3461562.9403 308.72568543 -55.725914989 72.561820384 4.371062e+16 2.335713261e-05 1.0 
-13169197.28 -1598639.033 6959892.7409 -277.85533187 -51.725825761 145.55711774 4.370901e+16 2.3356272294e-05 1.0 
11924733.282 -2538143.8497 -3197959.0609 231.84293612 -70.038720101 -62.820100686 4.370901e+16 2.3356272294e-05 1.0 
-10106868.147 -1593606.6425 13483366.304 -219.27716706 -50.314704599 294.8273141 4.37082e+16 2.3355839463e-05 1.0 
-11671892.827 -3817563.1086 -4416837.0245 -229.08897645 -97.967064823 -87.936208726 4.37082e+16 2.3355839463e-05 1.0 
2887396.8118 -2934524.7539 10874352.422 50.564572926 -75.955132545 201.35729125 4.37074e+16 2.3355411977e-05 1.0 
26008019.455 2536372.4521 -384982.91088 609.20340579 47.656953165 -7.0409759289 4.37074e+16 2.3355411977e-05 1.0 
-17683637.819 -2165062.5282 -10830539.53 -402.64210594 -64.156398727 -245.31716533 4.37074e+16 2.3355411977e-05 1.0 
-5967378.0916 1882524.7979 21912428.407 -139.49259449 30.789255706 505.81423593 4.37058e+16 2.3354557003e-05 1.0 
24894371.965 1917128.1354 11703463.983 586.2351569 33.470548479 275.18913787 4.37058e+16 2.3354557003e-05 1.0 
-12363412.407 -627216.48594 17092304.884 -281.61754257 -28.20776629 389.81590163 4.37058e+16 2.3354557003e-05 1.0 
-7356565.8728 -3855175.5792 -10224571.974 -146.96674838 -96.443952721 -201.48422078 4.37058e+16 2.3354557003e-05 1.0 
3666327.3723 487642.25977 -20716019.291 83.05953733 -2.3431591872 -472.50303521 4.370421e+16 2.3353707374e-05 1.0 
8014749.6835 -3060214.8125 10317771.472 159.29302815 -81.28081327 207.12109073 4.370263e+16 2.3352863088e-05 1.0 
7096688.7741 -3027149.7936 6313775.1991 114.37387636 -74.914369689 102.94778794 4.369947e+16 2.3351174515e-05 1.0 
15143325.639 -2143743.2688 4011251.7971 323.94849357 -62.957053493 84.606927654 4.369947e+16 2.3351174515e-05 1.0 
-4955824.7049 -1648190.496 11499969.74 -97.99292277 -51.995036887 224.51787308 4.369869e+16 2.3350757716e-05 1.0 
-8188337.877 -3518755.7961 14439283.179 -177.79289075 -93.65292548 314.10229688 4.369869e+16 2.3350757716e-05 1.0 
7064394.661 -2719922.6856 -6349293.4832 112.3985796 -69.071789208 -102.95769225 4.369869e+16 2.3350757716e-05 1.0 
2093830.5386 -1728572.8437 9865027.5722 36.654268439 -52.490314183 166.47516825 4.36979e+16 2.3350335573e-05 1.0 
26058261.34 1272386.8147 -592812.64141 610.43253489 18.155186152 -13.555003861 4.36979e+16 2.3350335573e-05 1.0 
2804483.0454 555410.37253 -20829369.191 63.685814419 -0.55114003262 -475.80047941 4.36979e+16 2.3350335573e-05 1.0 
-18755864.702 51335.044841 9554865.1284 -429.29813015 -13.43625032 216.43104353 4.369712e+16 2.3349918773e-05 1.0 
2039836.0271 -2156006.3938 -11996059.287 37.870146368 -61.709727756 -231.63785957 4.369712e+16 2.3349918773e-05 1.0 
25858150.474 2883510.1934 12628192.651 610.89736533 57.141171654 297.62988451 4.369634e+16 2.3349501974e-05 1.0 
17718943.809 -1466888.2109 5028226.5806 394.47754109 -47.889668426 111.27450684 4.369634e+16 2.3349501974e-05 1.0 
10977035.931 -3015726.1406 -9402681.6406 228.34190738 -81.884192717 -195.76925185 4.369634e+16 2.3349501974e-05 1.0 
-10055039.838 -3491000.5281 -9955844.4667 -206.91038904 -92.001931394 -207.08347423 4.369634e+16 2.3349501974e-05 1.0 
-20312988.93 1533815.5694 12872506.932 -471.9515871 23.319377915 298.58352669 4.369556e+16 2.3349085174e-05 1.0 
3227358.7094 -2586035.674 11225001.229 59.893594645 -70.312367158 212.00574945 4.369478e+16 2.3348668375e-05 1.0 
-23353388.852 2227404.1703 15362535.057 -551.02716668 40.335098247 361.71174979 4.369323e+16 2.334784012e-05 1.0 
-14719820.534 -1940977.851 7457031.6698 -319.55105245 -58.554081602 160.15906052 4.369323e+16 2.334784012e-05 1.0 
8577746.8592 -1694207.5467 -10898077.395 176.86546307 -52.876280333 -221.56609346 4.369323e+16 2.334784012e-05 1.0 
-10439828.983 -1402531.5828 16255278.782 -233.84757238 -46.38438849 364.94154314 4.369168e+16 2.3347011864e-05 1.0 
7795726.722 -3309439.5877 10617086.474 158.00810722 -86.554702218 212.09218342 4.369168e+16 2.3347011864e-05 1.0 
-2059787.2524 -3266382.4345 -9640515.4276 -34.729372256 -81.361065971 -161.31266056 4.369168e+16 2.3347011864e-05 1.0 
-32488812.19 5284788.1853 -5819480.4215 -774.61502404 115.55509522 -138.56274047 4.369014e+16 2.3346188952e-05 1.0 
-22910309.21 -245939.79029 -2909988.0762 -528.84161665 -19.008956993 -66.964744924 4.369014e+16 2.3346188952e-05 1.0 
-10687554.572 -2146429.5354 -12672766.889 -232.49331506 -64.04847499 -275.08118417 4.369014e+16 2.3346188952e-05 1.0 
2226540.1394 760210.42594 -21205321.087 51.312124907 4.159037578 -484.62118119 4.369014e+16 2.3346188952e-05 1.0 
17064827.957 570182.28633 22723487.339 402.78031269 1.0367272759 535.51120457 4.368938e+16 2.334578284e-05 1.0 
14502975.779 781992.90759 21840559.462 338.85577783 6.0203088435 512.59594036 4.368938e+16 2.334578284e-05 1.0 
10216522.687916087 -2727730.3655363084 -10400733.34578451 212.43040753940954 -75.31936175501717 -217.18169485088555 8.732734e+16 4.6664088976e-05 1.0 
-11992324.043 -3163266.953 -13934220.737 -265.83131495 -86.922560363 -310.60384971 4.368938e+16 2.334578284e-05 1.0 
13699388.393 578482.92101 -18039077.471 316.98497897 0.17548246511 -414.59949954 4.368861e+16 2.3345371384e-05 1.0 
-5464111.188 758344.06396 24481308.399 -127.82524047 5.2919439892 570.68042253 4.368708e+16 2.3344553816e-05 1.0 
7453622.8609 610795.35741 27117146.921 176.17346932 1.7104392675 638.79796782 4.368708e+16 2.3344553816e-05 1.0 
-7998457.231 -3866245.0758 17014920.059 -178.19705585 -103.29523929 380.4928593 4.368708e+16 2.3344553816e-05 1.0 
9391786.1571 -2146390.5418 1588570.1788 150.79166857 -58.155466547 24.275315219 4.368708e+16 2.3344553816e-05 1.0 
-5558729.5758 1297905.4804 24026876.528 -128.37273406 17.188021757 560.31221994 4.368708e+16 2.3344553816e-05 1.0 
5966185.4641 -553403.05138 19654918.321 136.02355693 -27.062624893 446.76236163 4.368708e+16 2.3344553816e-05 1.0 
16828769.76 -567305.87944 -6476112.8526 372.74414422 -27.490559855 -142.38874276 4.368708e+16 2.3344553816e-05 1.0 
9007771.3081 -2522874.2292 -3475741.1738 147.33755766 -65.531793324 -54.912255309 4.368708e+16 2.3344553816e-05 1.0 
-25373443.367 600709.12162 2036849.8429 -592.67865075 1.5677781524 46.315790063 4.368708e+16 2.3344553816e-05 1.0 
-5235477.0749 606052.11316 -18986976.894 -117.31730867 -0.20290042623 -428.80296304 4.368708e+16 2.3344553816e-05 1.0 
-25788137.119 1927285.0968 19294779.827 -614.36146819 34.037018845 458.71390552 4.368632e+16 2.3344147704e-05 1.0 
13487546.194 2007619.941 28218530.752 319.70177917 36.145957248 670.13391729 4.368555e+16 2.3343736248e-05 1.0 
-21014206.881 1202806.5614 19515282.555 -496.33113414 16.716816059 460.71020326 4.368555e+16 2.3343736248e-05 1.0 
14219473.104 50001.069813 20948084.211 331.86214048 -11.56608608 490.11306778 4.368555e+16 2.3343736248e-05 1.0 
13081421.307 -2201714.7006 -888931.90259 261.23446488 -62.782227696 -17.861756754 4.368555e+16 2.3343736248e-05 1.0 
-32730431.772 7216199.2691 -10686306.397 -782.57511406 162.12907801 -255.97528428 4.368555e+16 2.3343736248e-05 1.0 
-18979361.421 -579479.88786 -3030441.2541 -425.49799565 -26.709503547 -68.741733102 4.368555e+16 2.3343736248e-05 1.0 
7829290.9313 -2376047.6078 -9777546.6629 153.13113949 -68.046792403 -191.01130091 4.368555e+16 2.3343736248e-05 1.0 
7723977.1226 65800.309018 23503050.608 181.09579049 -11.711127687 547.22090899 4.368479e+16 2.3343330136e-05 1.0 
23455823.284 2126529.0372 14915033.587 552.96335324 38.456541236 350.28994461 4.368479e+16 2.3343330136e-05 1.0 
-26545271.724 1479474.1447 2078587.5252 -622.96717396 22.008693497 47.988218792 4.368479e+16 2.3343330136e-05 1.0 
-19354070.365 -2101982.3026 4002473.3531 -436.00766137 -62.619035019 90.636579081 4.368479e+16 2.3343330136e-05 1.0 
14483454.766 -2214818.9215 -8804423.5693 315.84555467 -65.120762682 -191.62709774 4.368479e+16 2.3343330136e-05 1.0 
34129403.129 8563637.2015 1520793.2513 816.51846906 194.93197205 36.330530922 4.368404e+16 2.3342929367e-05 1.0 
24150218.592 1262063.0705 -9325826.9945 565.18602888 16.998128564 -217.61757164 4.368252e+16 2.3342117142e-05 1.0 
-25927889.118 747224.20336 855856.03143 -606.24215131 4.8684646309 20.806932559 4.368252e+16 2.3342117142e-05 1.0 
-25435922.253 980115.6368 1183712.9595 -594.34345388 10.000287108 27.45020013 4.368252e+16 2.3342117142e-05 1.0 
-23522707.034 2710169.8964 22958650.522 -560.7951267 53.106233162 546.79407861 4.368101e+16 2.3341310261e-05 1.0 
25880794.858 2277514.9368 98904.684101 605.24445783 42.389184571 1.8887358367 4.368101e+16 2.3341310261e-05 1.0 
-6343304.6094 49315.509075 7367092.8771 -103.12960983 -18.787239035 122.26015081 4.368101e+16 2.3341310261e-05 1.0 
26675079.774 4390056.2502 -960279.3559 627.73886436 92.340234104 -21.707120176 4.368101e+16 2.3341310261e-05 1.0 
-19888836.237 -1287541.3618 -6448918.8022 -452.73366688 -43.753559541 -147.0566939 4.367951e+16 2.3340508724e-05 1.0 
14854781.24 5490247.2658 -31577183.976 355.32793296 120.79546009 -754.78701086 4.367951e+16 2.3340508724e-05 1.0 
5848801.0098 137180.05577 23994448.376 137.2233217 -9.7298142398 558.08200809 4.367876e+16 2.3340107955e-05 1.0 
20063391.573 3621242.524 22535221.984 475.16696815 74.863931271 534.57621016 4.367876e+16 2.3340107955e-05 1.0 
-5913407.3747 -444737.88655 19253197.622 -136.51072278 -24.41129123 436.31511329 4.367876e+16 2.3340107955e-05 1.0 
19953467.2 -843323.80114 5614240.2435 454.6412649 -33.934172538 126.77420332 4.367876e+16 2.3340107955e-05 1.0 
-19162669.93880765 -1512578.1490656217 -7221819.15021732 -435.03407296977514 -49.101356026497676 -163.5994750880768 8.735528e+16 4.6679018947e-05 1.0 
22059758.423 2516883.3298 16285220.846 519.07853178 47.570366448 382.6777604 4.367801e+16 2.3339707186e-05 1.0 
-6214722.2031 -202789.7948 19618759.623 -140.20214224 -18.816909008 445.20755388 4.367801e+16 2.3339707186e-05 1.0 
20377113.26 -863313.12833 6997667.4288 466.17449244 -33.312994753 160.2655747 4.367801e+16 2.3339707186e-05 1.0 
30758134.486 2622221.1262 14378898.021 734.28099559 50.27899695 342.65381382 4.367801e+16 2.3339707186e-05 1.0 
-29770920.027 1837269.7296 4677539.7966 -705.9394288 31.269065692 110.6194771 4.367801e+16 2.3339707186e-05 1.0 
-11829306.094 -2846136.7706 2348481.5988 -226.98491802 -75.714059831 45.35843753 4.367801e+16 2.3339707186e-05 1.0 
24634280.911 -352895.73896 -14591853.533 581.50690551 -21.146164532 -343.97844993 4.367801e+16 2.3339707186e-05 1.0 
-26601307.139 577380.18196 -419868.27519 -624.11983675 0.47155730727 -9.7738729095 4.367801e+16 2.3339707186e-05 1.0 
-18161841.578 -1674460.5369 1723036.6073 -402.86047181 -52.40874803 38.634139501 4.367801e+16 2.3339707186e-05 1.0 
12597794.085 -1411867.0856 -12617348.884 278.63234158 -47.58407798 -278.74677743 4.367801e+16 2.3339707186e-05 1.0 
-12352530.789 -2004874.9568 -15200855.032 -277.992513 -60.9652851 -341.43416335 4.367801e+16 2.3339707186e-05 1.0 
11644619.096 -28759.859851 19772687.441 268.34445458 -13.604584457 456.28952863 4.367726e+16 2.3339306418e-05 1.0 
7747347.7887 560502.94763 6588014.1586 133.8289807 -8.1937430084 112.83234754 4.367726e+16 2.3339306418e-05 1.0 
-25366660.314 1834697.5545 -8655292.5977 -595.55537501 30.541327111 -203.05497187 4.367726e+16 2.3339306418e-05 1.0 
-17833780.473 -773863.94568 -5397053.9748 -397.3611119 -31.649767128 -121.41850688 4.367726e+16 2.3339306418e-05 1.0 
-5834866.2774 404220.28467 -23672611.61 -137.19681595 -3.794890215 -550.4737817 4.367726e+16 2.3339306418e-05 1.0 
-3688708.7931 -1202630.1491 -16194811.88 -77.926588276 -41.761330128 -352.88735571 4.367652e+16 2.3338910992e-05 1.0 
2419064.756 7937668.3016 -24383141.766 56.12048094 177.21963732 -571.99766498 4.367652e+16 2.3338910992e-05 1.0 
11663160.913 -1129268.4739 -15815374.99 263.00533506 -40.780323968 -356.16161438 4.367652e+16 2.3338910992e-05 1.0 
-23038329.26 245455.70233 -11685428.865 -538.62600289 -7.2281346531 -272.62684406 4.367652e+16 2.3338910992e-05 1.0 
-11838695.321 -2772665.2887 -5582399.9233 -236.16643142 -74.668972274 -112.64997206 4.367652e+16 2.3338910992e-05 1.0 
6085699.2291 -2437480.3659 15306788.323 132.57897354 -69.739474025 330.96238154 4.367503e+16 2.3338114799e-05 1.0 
-24988308.567 10541839.088 35411107.893 -602.85709865 244.66003902 855.01734404 4.367503e+16 2.3338114799e-05 1.0 
-10579979.172 6949541.3637 -33013698.728 -251.64399304 155.53264639 -790.51269 4.367503e+16 2.3338114799e-05 1.0 
28557476.829 2147362.986 -10727567.304 677.1037052 38.756681756 -254.08107697 4.367355e+16 2.3337323948e-05 1.0 
10288730.804 13134298.74 -18051095.889 240.84526776 300.56037488 -420.13081726 4.367355e+16 2.3337323948e-05 1.0 
-4254338.4145 -1232394.2538 -17151577.045 -93.393750856 -42.994050507 -377.91601842 4.367355e+16 2.3337323948e-05 1.0 
-3321050.1368 -3210520.7118 13682924.793 -68.951183736 -85.72199162 281.87054249 4.367207e+16 2.3336533098e-05 1.0 
-16811241.0 1465744.4508 22410729.516 -396.62549172 22.493963047 527.94600903 4.367207e+16 2.3336533098e-05 1.0 
28916513.265 4202062.5974 509378.54095 683.4308011 88.301162031 11.357744958 4.367207e+16 2.3336533098e-05 1.0 
-8926049.1307 2751414.6149 -26445826.167 -209.65610817 52.643844853 -623.76037832 4.367207e+16 2.3336533098e-05 1.0 
-3041993.5388 -655316.70361 -21656044.256 -70.251866987 -29.104407097 -496.20603996 4.367207e+16 2.3336533098e-05 1.0 
-4782956.7911 -774309.02356 23110365.573 -112.3156435 -31.554332046 534.66840397 4.367133e+16 2.3336137673e-05 1.0 
-7914282.6289 2287968.6587 30801919.297 -187.99318938 42.173815824 732.44061034 4.367133e+16 2.3336137673e-05 1.0 
14162316.785 -1547115.2495 2225309.6738 293.12853809 -49.403619259 47.836602809 4.367133e+16 2.3336137673e-05 1.0 
-28022352.05 1786761.8222 9420354.5258 -662.85906586 30.317177582 222.82256826 4.367133e+16 2.3336137673e-05 1.0 
4035880.9527 -573634.84897 -15162018.293 85.55378072 -27.919838467 -323.75995825 4.367133e+16 2.3336137673e-05 1.0 
-25220238.256 290162.61094 -11846608.537 -593.93906169 -6.4685403513 -279.03913459 4.36706e+16 2.3335747591e-05 1.0 
-23674742.53 1974737.2674 -13905814.448 -557.27761337 34.111324022 -326.46774427 4.366986e+16 2.3335352166e-05 1.0 
5623539.3054 1747282.5912 -24280867.229 129.61112118 28.294165732 -566.07367127 4.366986e+16 2.3335352166e-05 1.0 
-29600724.148 1767198.8948 8409823.7717 -702.38733645 29.612058501 199.30958416 4.366913e+16 2.3334962085e-05 1.0 
-23845367.827 -246240.49902 8462213.7492 -555.6846267 -18.517148446 197.52334668 4.366913e+16 2.3334962085e-05 1.0 
-27901905.354 1426409.1778 -1469272.3615 -657.80534345 20.456221078 -34.125080912 4.366913e+16 2.3334962085e-05 1.0 
-19253276.818 -783165.3105 10357216.269 -441.00842675 -32.346066306 236.56801714 4.366766e+16 2.3334176578e-05 1.0 
-18358822.597 -976609.74405 9554434.0817 -417.53117354 -35.89296487 216.62876918 4.366766e+16 2.3334176578e-05 1.0 
15078381.759 -2106815.5473 -4052056.5696 321.19577212 -62.223346716 -85.800880934 4.366766e+16 2.3334176578e-05 1.0 
9698102.9344 -2403348.6444 -3082230.0664 165.07967569 -64.044755587 -52.40860629 4.366766e+16 2.3334176578e-05 1.0 
-21679921.221 -1467690.1548 -435001.90083 -496.71819544 -48.559452748 -10.444413316 4.366693e+16 2.3333786496e-05 1.0 
29931597.99 4016564.7934 -14710122.171 714.67027594 84.122425393 -350.18163622 4.366693e+16 2.3333786496e-05 1.0 
-8383646.1 -1989692.5445 -14621279.568 -182.20337825 -60.542757009 -318.65778055 4.366693e+16 2.3333786496e-05 1.0 
90721.592479 44363.131174 -21036782.778 2.5555549543 -12.641730418 -479.06312034 4.366693e+16 2.3333786496e-05 1.0 
18945536.661 1063887.2009 16023524.267 441.65131762 13.109556495 372.41537592 4.366621e+16 2.3333401758e-05 1.0 
20511250.89 -105206.23089 5171101.0001 468.51024591 -16.88485481 118.70934089 4.366621e+16 2.3333401758e-05 1.0 
10538983.84 13272876.92 -38669023.896 253.32246344 310.2538398 -931.14527376 4.366621e+16 2.3333401758e-05 1.0 
8616878.3884 -3323401.4571 3797324.3525 138.46330007 -80.427658267 61.891771415 4.366475e+16 2.3332621595e-05 1.0 
-6736494.4118 28115.697821 28452925.033 -159.46384173 -12.146532654 671.90208548 4.366475e+16 2.3332621595e-05 1.0 
24845013.795 969336.13437 9601174.4588 582.79098205 10.100052673 224.5277489 4.366475e+16 2.3332621595e-05 1.0 
15250233.21 -1682783.6011 2723604.9418 323.97356879 -52.963579816 58.369106773 4.366475e+16 2.3332621595e-05 1.0 
-3305735.1432 1252370.2845 -26722073.856 -77.215676504 17.076144285 -626.95733447 4.366475e+16 2.3332621595e-05 1.0 
4865253.7046 -516854.26583 -20624020.706 110.56575035 -25.93484617 -470.15363278 4.366475e+16 2.3332621595e-05 1.0 
-32692767.099 7001547.8248 19617702.033 -784.51003468 157.39988386 470.9159156 4.36633e+16 2.3331846776e-05 1.0 
-17271023.07 -1552153.2403 9087004.8187 -387.86958139 -49.440065719 205.16664642 4.36633e+16 2.3331846776e-05 1.0 
28163399.035 4335689.6215 -7509392.1006 666.06365505 91.109993719 -177.33925407 4.36633e+16 2.3331846776e-05 1.0 
-22089543.569 -388872.33332 -7417811.3033 -511.27694297 -23.148434514 -171.03751409 4.36633e+16 2.3331846776e-05 1.0 
15504112.432 1045252.2008 -21132826.984 363.51981156 11.189600098 -495.07603828 4.36633e+16 2.3331846776e-05 1.0 
-31268496.439 1747673.7845 12554519.962 -745.87243807 29.303886336 299.51381587 4.366258e+16 2.3331462038e-05 1.0 
-20188502.146 -1449704.7264 6847203.7571 -459.93572413 -46.468046878 156.46609045 4.366258e+16 2.3331462038e-05 1.0 
-11284601.933 1578062.1445 -24782830.179 -264.43209042 24.600118066 -582.67400119 4.366258e+16 2.3331462038e-05 1.0 
2418177.1295998185 -3231875.5563956355 10276036.703915294 43.30961811810265 -80.76199900148475 181.80097881988556 8.731301e+16 4.6656431622000004e-05 1.0 
10090927.061 -3178169.7616 14334451.691 220.81379101 -86.218947911 315.9024442 4.366114e+16 2.3330692562e-05 1.0 
25627726.689 2598867.8912 163501.51167 601.04272646 48.196120579 2.6618182681 4.366114e+16 2.3330692562e-05 1.0 
10068490.701 -1197847.2455 28494216.808 237.66011012 -41.094229526 674.76984313 4.366042e+16 2.3330307824e-05 1.0 
8123953.2028 1115850.0374 30495090.236 192.50226579 13.616329459 724.88825989 4.366042e+16 2.3330307824e-05 1.0 
25192574.623 6801614.9792 28308438.405 604.43172387 152.6962103 679.31262578 4.366042e+16 2.3330307824e-05 1.0 
17526488.61 8353303.5661 40373977.704 422.66771245 191.20955338 974.36796973 4.366042e+16 2.3330307824e-05 1.0 
26740143.498 3247580.0547 -11020906.925 632.91454491 64.688512915 -260.1156169 4.366042e+16 2.3330307824e-05 1.0 
-21963429.633 -214791.463 -10908358.347 -510.951922 -17.824603521 -252.5359383 4.366042e+16 2.3330307824e-05 1.0 
-500753.44283 -2773552.5537 14404059.775 -11.490867512 -76.7040871 299.12034773 4.36597e+16 2.3329923086e-05 1.0 
-10632480.183 7001264.4641 37029741.154 -254.74163084 157.42383999 890.44747394 4.36597e+16 2.3329923086e-05 1.0 
18016501.526 -350622.17899 -4573541.8388 401.0138887 -22.790089306 -102.95746878 4.36597e+16 2.3329923086e-05 1.0 
-25564325.185 1291490.8554 -13149316.614 -603.97075347 17.30594538 -309.81429166 4.36597e+16 2.3329923086e-05 1.0 
-5624576.1782 -220095.61136 26176530.441 -133.24945356 -18.036553472 613.16926193 4.365898e+16 2.3329538348e-05 1.0 
20596407.6 -1249622.0063 12461225.163 477.62850678 -41.793854487 288.88448725 4.365898e+16 2.3329538348e-05 1.0 
-12641007.121 8692606.5572 39263467.022 -304.0736624 199.07574685 945.78536078 4.365898e+16 2.3329538348e-05 1.0 
24519871.178 991220.28965 6553362.1795 572.07955536 9.6063466068 153.77186348 4.365898e+16 2.3329538348e-05 1.0 
-23541469.407 1551249.8474 -21726237.629 -559.52130086 24.793697429 -516.56337157 4.365898e+16 2.3329538348e-05 1.0 
7677445.7795 4950154.3175 -30977317.707 182.33974395 106.48290573 -736.86685394 4.365898e+16 2.3329538348e-05 1.0 
-10300761.694 -2178011.4834 16769955.39 -232.67986738 -63.3877563 376.52232601 4.365612e+16 2.3328010083e-05 1.0 
-7376079.552157836 -3574644.3342489004 9758905.72057181 -143.49480334254105 -90.22300267439749 188.89424990062486 8.728391e+16 4.6640881795e-05 1.0 
21972720.403 326639.68254 18283734.009 518.53027505 -4.7811960099 430.2366998 4.365612e+16 2.3328010083e-05 1.0 
-13482524.356 -2405738.1949 15753832.278 -306.47904868 -69.762758467 357.58957931 4.365612e+16 2.3328010083e-05 1.0 
-12696676.574 -2136262.8154 14896286.623 -285.11704917 -63.002787714 335.84088066 4.365612e+16 2.3328010083e-05 1.0 
29550601.276 1894665.2665 15432585.469 704.67378355 33.182363786 366.42500431 4.365612e+16 2.3328010083e-05 1.0 
-33733514.989 6526778.062 -4627592.6466 -806.61628642 145.44407068 -110.32849399 4.365612e+16 2.3328010083e-05 1.0 
-23035476.054 1549383.8209 -14497264.384 -541.7159012 24.180881107 -339.43251191 4.365612e+16 2.3328010083e-05 1.0 
-9662009.6806 -3141777.3471 -4644337.9518 -172.72442085 -79.284542046 -83.239165186 4.365612e+16 2.3328010083e-05 1.0 
-4990813.4649 -1443930.1248 -17228131.062 -109.14801067 -46.70556486 -381.21559623 4.365612e+16 2.3328010083e-05 1.0 
7957405.2009 -1503966.8821 25505473.844 186.11067441 -48.479775431 598.16301201 4.36547e+16 2.3327251294e-05 1.0 
17861783.131 -200393.68408 22511294.213 421.38399259 -17.153802427 530.19905599 4.36547e+16 2.3327251294e-05 1.0 
8400058.2306 717559.60352 26941660.401 197.86435895 3.7194557935 635.82066474 4.36547e+16 2.3327251294e-05 1.0 
31743038.429 4542657.2943 15484551.977 760.32278465 97.079087713 369.28232801 4.36547e+16 2.3327251294e-05 1.0 
-24863365.106 2031183.7578 15739366.677 -588.06108602 35.343122466 372.62723198 4.36547e+16 2.3327251294e-05 1.0 
-12914189.38 -2748866.8954 6403049.6704 -267.29253775 -75.66977671 134.14627165 4.36547e+16 2.3327251294e-05 1.0 
33463425.424 8027104.8639 -12844809.002 800.78118614 181.68034003 -308.51669001 4.36547e+16 2.3327251294e-05 1.0 
21312217.745 -855632.03164 7119831.8768 489.76662378 -33.031424647 162.10663324 4.365399e+16 2.33268719e-05 1.0 
24960540.535 1484089.9859 8025464.8634 584.12700726 21.926148321 188.16235837 4.365399e+16 2.33268719e-05 1.0 
3214720.7073 716822.03372 -29475812.112 76.035995431 4.654451986 -696.73454822 4.365399e+16 2.33268719e-05 1.0 
27139440.925 1834604.246 221943.92982 636.95386356 31.048096743 5.9692136302 4.365328e+16 2.3326492506e-05 1.0 
-6189178.5452 -2071600.4491 14692097.149 -132.43029087 -61.748283187 315.18133948 4.365187e+16 2.332573906e-05 1.0 
5800337.9193 1155230.255 33762740.389 138.89796438 15.751636053 805.29472417 4.365187e+16 2.332573906e-05 1.0 
-13939427.395 708997.12382 24832417.718 -328.13261 4.1127015197 585.66470914 4.365187e+16 2.332573906e-05 1.0 
-13100796.567 -1968300.437 8760745.6834 -281.56208905 -58.33729028 184.99772041 4.365187e+16 2.332573906e-05 1.0 
-6723770.4211 5059998.9146 34301376.168 -162.30940646 110.09899773 820.07322454 4.365187e+16 2.332573906e-05 1.0 
-33174243.159 8706451.2966 19635666.524 -796.90461438 198.65643719 472.4728526 4.365187e+16 2.332573906e-05 1.0 
-19156504.64 -1341717.7106 -198551.96952 -430.33175603 -45.254176891 -5.1013545441 4.365187e+16 2.332573906e-05 1.0 
30630207.499 3625309.9349 -14666576.769 731.27320819 74.70111839 -350.06732048 4.365187e+16 2.332573906e-05 1.0 
21172427.606 -466041.18091 -16231818.793 496.1467868 -24.020349383 -380.20127117 4.365187e+16 2.332573906e-05 1.0 
12144367.455 -2317956.384 -9930205.3869 258.45215484 -67.121204631 -212.08390041 4.365187e+16 2.332573906e-05 1.0 
-11560601.499 -2015465.4003 -12037386.765 -249.191814 -60.146871156 -263.10957558 4.365187e+16 2.332573906e-05 1.0 
-9220819.2459 -367956.13372 -21252993.645 -212.40498411 -22.123872596 -490.61057693 4.365187e+16 2.332573906e-05 1.0 
-4070718.2842 2138895.4168 -32801851.924 -96.775281546 39.165537355 -780.60839034 4.365187e+16 2.332573906e-05 1.0 
3027432.7915 -3051779.3596 -11818067.193 58.361637451 -79.81092218 -228.23204647 4.365187e+16 2.332573906e-05 1.0 
14614080.144 -740099.50612 -16692517.138 335.50091437 -31.085411624 -382.25374981 4.365116e+16 2.3325359666e-05 1.0 
-8635121.3732 11718964.588 -49077074.67 -208.50200098 273.4719878 -1186.8473025 4.365046e+16 2.3324985615e-05 1.0 
11811703.244 -726588.94491 27879017.811 279.11800852 -29.585403433 659.80954361 4.364905e+16 2.332423217e-05 1.0 
19140185.265 3520494.1405 23097131.467 454.87946145 72.172847579 547.68041392 4.364905e+16 2.332423217e-05 1.0 
9620172.5229 9475983.151 -40593855.846 232.87445938 218.32329389 -977.50834068 4.364905e+16 2.332423217e-05 1.0 
16254687.915 631659.7504 -22338801.621 382.23781618 2.2376810579 -524.62345507 4.364905e+16 2.332423217e-05 1.0 
-8893455.5611 6598750.1309 41449618.941 -215.17676992 147.75817827 997.36430489 4.364765e+16 2.3323484068e-05 1.0 
28926129.571 1348272.4735 14540944.289 688.09551138 20.290339744 345.0748568 4.364765e+16 2.3323484068e-05 1.0 
27383277.353 255603.4367 -21005930.497 653.16118961 -6.3767646978 -500.85385907 4.364765e+16 2.3323484068e-05 1.0 
9046183.3794 -3022922.5373 -6794392.8757 166.94561062 -78.123054694 -125.65910319 4.364765e+16 2.3323484068e-05 1.0 
-27699831.232 3063583.2695 -21324384.623 -661.8672584 61.54220331 -508.53064232 4.364765e+16 2.3323484068e-05 1.0 
-13343185.988 -2181476.9766 -13253768.837 -297.13195914 -64.516192375 -295.90014489 4.364765e+16 2.3323484068e-05 1.0 
3789467.5588 -782312.53561 -20260180.475 86.142419784 -31.338050831 -459.53106506 4.364765e+16 2.3323484068e-05 1.0 
-10012376.992 -1814413.8897 -14819092.874 -221.19676884 -56.585283591 -327.05273629 4.364765e+16 2.3323484068e-05 1.0 
-26834679.703 -174607.32667 -1869060.8975 -629.38653368 -16.733365285 -43.240398273 4.364626e+16 2.332274131e-05 1.0 
-19480281.801 6142543.0987 -27972383.254 -464.41053192 136.42918052 -670.27353466 4.364626e+16 2.332274131e-05 1.0 
32603117.965 15362663.575 -38146927.449 790.16338129 362.32608999 -922.68581412 4.364626e+16 2.332274131e-05 1.0 
14558413.919 -518300.3244 -13965885.521 329.00595759 -26.60485994 -315.71687727 4.364626e+16 2.332274131e-05 1.0 
17528786.021 -199135.04769 21289008.623 411.75808923 -17.290051244 500.28736818 4.364486e+16 2.3321993209e-05 1.0 
-26635118.624 2149497.407 18664655.916 -633.64166203 39.241501015 443.83752475 4.364486e+16 2.3321993209e-05 1.0 
-23880631.642 1026678.5384 15962373.102 -563.0489829 12.166787681 376.27253165 4.364486e+16 2.3321993209e-05 1.0 
24336325.05 405787.40316 6492994.5927 568.59457616 -3.4805875043 151.6310094 4.364486e+16 2.3321993209e-05 1.0 
-34337398.786 10290337.089 -33229002.937 -829.93286705 238.27789814 -803.15209457 4.364486e+16 2.3321993209e-05 1.0 
-47910395.242 8770727.2846 -5602703.1269 -1157.1432845 201.47640792 -135.11770608 4.364417e+16 2.3321624501e-05 1.0 
-27270223.516 488700.1342 -1548731.6262 -639.78718808 -1.4252187395 -36.435313125 4.364417e+16 2.3321624501e-05 1.0 
17436753.536 57528.66382 -21648057.179 409.13176619 -11.564585295 -509.33592475 4.364417e+16 2.3321624501e-05 1.0 
10953773.596 -1898703.534 -12893288.961 237.53046667 -57.435051364 -281.4104575 4.364417e+16 2.3321624501e-05 1.0 
-34159899.811 12583708.776 -39840392.156 -826.83453989 294.37221649 -963.90408624 4.364417e+16 2.3321624501e-05 1.0 
7452397.329897152 10181497.489564972 -43011396.42599859 180.11502143223166 234.9961716415413 -1037.0758883257172 8.725459e+16 4.662521441e-05 1.0 
15511796.265 -1426387.6652 18616712.871 359.32352335 -45.799821445 432.15569794 4.364347e+16 2.3321250451e-05 1.0 
-7793413.8411 -528858.16367 28053047.728 -183.47144412 -25.131335235 661.87675952 4.364347e+16 2.3321250451e-05 1.0 
-17332328.568 3065590.0275 36180694.189 -416.01499584 62.106454257 868.78803957 4.364347e+16 2.3321250451e-05 1.0 
24763006.835 1816550.322 -7916849.3149 580.18851625 29.811528407 -185.79165201 4.364347e+16 2.3321250451e-05 1.0 
14303139.71 -1591737.5158 -13368330.005 322.2315176 -51.904185631 -301.49241188 4.364347e+16 2.3321250451e-05 1.0 
-13284729.779 5358750.7367 -40050841.171 -319.41265166 117.86476714 -963.6626483 4.364347e+16 2.3321250451e-05 1.0 
20152281.741 -1350416.1443 13250202.072 467.05863699 -44.303300177 306.83041797 4.364278e+16 2.3320881743e-05 1.0 
41881721.43 6619858.772 -1977654.6642 1007.8275165 148.41709034 -47.554948629 4.364278e+16 2.3320881743e-05 1.0 
16777799.705 2406913.0337 -32182727.463 400.71719647 46.005033585 -769.86005048 4.364278e+16 2.3320881743e-05 1.0 
-814466.71168 -1393038.3049 16487234.134 -18.336286473 -46.416014242 356.56865469 4.364209e+16 2.3320513036e-05 1.0 
12053197.353 -3412844.4087 11160668.68 260.05717769 -91.177063001 242.42562537 4.364209e+16 2.3320513036e-05 1.0 
1976289.0268 896055.22107 36007825.1 47.324756604 9.4382277483 860.77051474 4.364209e+16 2.3320513036e-05 1.0 
22988935.536 712295.27241 17666459.295 542.29288761 4.4176567425 416.55287032 4.364209e+16 2.3320513036e-05 1.0 
-7027778.7855 1535392.6608 30340239.24 -166.90604768 23.692700948 720.85502422 4.364209e+16 2.3320513036e-05 1.0 
29834347.256 2041558.2417 13437661.649 710.08669861 36.370074592 320.41528888 4.364209e+16 2.3320513036e-05 1.0 
-27682501.421 4433179.9963 19738901.335 -662.24886526 94.664461396 470.91386606 4.364209e+16 2.3320513036e-05 1.0 
-12498546.194 -2833433.3959 5972064.5517 -254.90199832 -75.801916149 124.06855063 4.364209e+16 2.3320513036e-05 1.0 
46041019.174 9921154.0959 -6480595.942 1111.4051245 229.1590999 -156.28209522 4.364209e+16 2.3320513036e-05 1.0 
-15338099.003 -1833237.1394 16442705.562 -353.07613136 -56.41066545 376.75311086 4.36414e+16 2.3320144329e-05 1.0 
15956362.557 -1113127.2353 1898104.2452 342.27761033 -39.608930852 41.553485757 4.36414e+16 2.3320144329e-05 1.0 
6978893.441 149451.99316 29127213.062 165.92432268 -8.9358514543 688.48354806 4.364071e+16 2.3319775622e-05 1.0 
-23539781.966 427545.25829 24087861.947 -560.60996925 -2.0019674715 574.07429926 4.364071e+16 2.3319775622e-05 1.0 
-21460274.454 -355468.01502 12157656.996 -498.60491144 -21.369562479 282.05698602 4.364071e+16 2.3319775622e-05 1.0 
-4415560.3471 5964721.685 32315155.247 -105.17055707 131.2866958 771.02085146 4.364071e+16 2.3319775622e-05 1.0 
29011294.204 2395533.9039 19635062.014 692.15209846 45.41502793 468.83284104 4.363933e+16 2.3319038207e-05 1.0 
-15644896.964 961017.71937 25715928.348 -369.8408197 10.212889569 608.26741846 4.363933e+16 2.3319038207e-05 1.0 
-14252268.696 -2099208.4082 15382559.183 -323.84647079 -62.12532876 349.60718469 4.363933e+16 2.3319038207e-05 1.0 
23065198.822 1405886.5191 3252311.1806 532.77636991 19.955509913 74.982933899 4.363933e+16 2.3319038207e-05 1.0 
41967563.662 4861847.9243 14580163.616 1011.0766234 105.8369989 350.75680101 4.363933e+16 2.3319038207e-05 1.0 
27193306.268 420714.63822 -14388474.944 643.70731552 -2.4449474637 -341.33148318 4.363933e+16 2.3319038207e-05 1.0 
-58784220.509 18608203.599 10230038.375 -1425.3211482 441.63154968 247.74099924 4.363933e+16 2.3319038207e-05 1.0 
-46127892.321 4839389.7262 12120122.973 -1113.0485195 105.79208658 292.90031233 4.363933e+16 2.3319038207e-05 1.0 
28791358.443 2861496.7822 -17479894.693 686.07559495 56.591876583 -416.5457588 4.363933e+16 2.3319038207e-05 1.0 
25721177.556 -64492.917516 -15073434.253 607.77671303 -13.87672611 -355.9429614 4.363933e+16 2.3319038207e-05 1.0 
-21231311.066 -645573.46641 -11416371.566 -494.08075555 -28.184044717 -264.33922718 4.363933e+16 2.3319038207e-05 1.0 
37780355.346 16142732.314 -32594305.116 913.44666053 380.51946026 -788.30889891 4.363933e+16 2.3319038207e-05 1.0 
-1380628.4247 8460387.3057 -50828240.898 -33.431819461 194.03031535 -1228.7334866 4.363933e+16 2.3319038207e-05 1.0 
-14718927.148 -3107969.3234 -16582717.168 -337.44641637 -86.856023442 -380.15017591 4.363933e+16 2.3319038207e-05 1.0 
4358490.8667 427605.1474 -32625890.758 104.01337772 -2.1597234102 -775.74793386 4.363933e+16 2.3319038207e-05 1.0 
9030161.5529 459910.87596 28764593.961 213.12854111 -1.3251830714 680.24766373 4.363796e+16 2.3318306136e-05 1.0 
13471096.59 -862732.44797 21019562.257 313.6196716 -32.955036783 488.79847155 4.363796e+16 2.3318306136e-05 1.0 
-69525034.541 17114531.765 -10498951.288 -1688.8932749 405.4714055 -254.67357974 4.363796e+16 2.3318306136e-05 1.0 
-24659636.229 -1114274.8145 -752288.25221 -572.66657704 -39.103106635 -17.667324697 4.363796e+16 2.3318306136e-05 1.0 
38684812.451 15926257.565 -37668416.17 936.87048173 375.90357617 -911.53588457 4.363796e+16 2.3318306136e-05 1.0 
-25332734.198 -78805.691028 -12680864.584 -595.92829754 -14.596681812 -298.84909995 4.363796e+16 2.3318306136e-05 1.0 
-23175143.304 -1369167.2374 -9159013.2065 -538.50510035 -45.371212726 -213.57043463 4.363796e+16 2.3318306136e-05 1.0 
17631146.648 5703072.6577 -31864283.088 421.31916574 125.89466625 -762.02669646 4.363796e+16 2.3318306136e-05 1.0 
13246263.305 -932013.67123 -21286552.768 307.93744812 -34.736762923 -494.9764466 4.363796e+16 2.3318306136e-05 1.0 
-13140290.308 -3559844.9893 3298177.2749 -266.50685593 -91.019367155 66.053351189 4.363728e+16 2.3317942773e-05 1.0 
31481509.119 2362806.4618 -14542413.58 750.81358789 44.583249644 -347.16137138 4.363728e+16 2.3317942773e-05 1.0 
19812586.35 -987358.2483 -10384775.265 454.36853471 -36.418408987 -238.8060236 4.363728e+16 2.3317942773e-05 1.0 
-38170488.792 -61681.6067 628414.46334 -914.41829009 -13.733501513 14.61235968 4.363728e+16 2.3317942773e-05 1.0 
-7696310.0865 -880379.80493 -22355898.264 -179.02094906 -34.110100125 -516.44595832 4.363728e+16 2.3317942773e-05 1.0 
-55107457.252 14202151.292 -17515787.821 -1334.8941503 334.18981087 -424.70138247 4.363659e+16 2.3317574065e-05 1.0 
-48495777.263 6773794.846 -11026572.554 -1171.2443069 153.12491218 -266.56391637 4.363659e+16 2.3317574065e-05 1.0 
-9293285.0848 -1939774.8888 17971081.468 -209.75193918 -58.583433752 405.84734108 4.363591e+16 2.3317210702e-05 1.0 
14148443.277 -2078072.6515 3172948.9157 294.40948243 -59.376370378 65.353570125 4.363591e+16 2.3317210702e-05 1.0 
-29506961.672 2803172.5026 25490240.986 -707.54918295 55.55023818 610.94518764 4.363591e+16 2.3317210702e-05 1.0 
25797818.05 363252.39463 -2078642.9369 602.3891843 -3.7558450338 -48.275271146 4.363591e+16 2.3317210702e-05 1.0 
-5502200.6987 -1333214.1966 -17724707.733 -121.34446847 -44.734347268 -393.88690794 4.363591e+16 2.3317210702e-05 1.0 
-77104354.897 25268258.532 14020787.242 -1874.6268319 604.40752785 340.59660289 4.363523e+16 2.3316847338e-05 1.0 
-25929711.559 -1475444.3293 6943059.6923 -607.12084564 -48.149591876 163.18347935 4.363523e+16 2.3316847338e-05 1.0 
44580211.576 9157944.9745 -23410094.511 1077.3144808 210.6165625 -565.43696396 4.363523e+16 2.3316847338e-05 1.0 
19457845.227 -3436425.4124 -10568165.572 446.15746347 -93.671208264 -241.57816711 4.363523e+16 2.3316847338e-05 1.0 
-64837266.577 22686178.143 11543576.331 -1573.9683123 541.18903518 280.93821772 4.363523e+16 2.3316847338e-05 1.0 
-46512768.229 7386577.7981 2746702.8476 -1121.7194275 167.73127212 66.000745637 4.363523e+16 2.3316847338e-05 1.0 
-39739683.647 16122984.277 -50513988.648 -964.26787812 380.97267429 -1225.6510558 4.363523e+16 2.3316847338e-05 1.0 
12977480.924 3216086.3164 -31177246.35 309.09801562 65.791577114 -742.98822656 4.363523e+16 2.3316847338e-05 1.0 
5792717.9968 -2662763.9596 -10781022.162 112.3705985 -72.448830449 -207.68150009 4.363523e+16 2.3316847338e-05 1.0 
-13352188.479 815758.72639 -27687146.273 -315.84129795 6.937662587 -655.80669907 4.363523e+16 2.3316847338e-05 1.0 
346317.31508 -3834530.3444 -11132685.829 5.398826105 -95.425937607 -205.2245673 4.363523e+16 2.3316847338e-05 1.0 
-7697687.2503 -1945483.9397 18324379.226 -173.29752342 -59.120344186 412.61583256 4.363387e+16 2.3316120611e-05 1.0 
-10668686.648 -2128301.1023 16188857.934 -238.77036273 -61.8890706 362.94052213 4.363387e+16 2.3316120611e-05 1.0 
20640952.722 -88162.691856 7031111.5283 471.91939334 -15.630242207 161.07155601 4.363387e+16 2.3316120611e-05 1.0 
-33485890.794 13034004.536 35694858.701 -808.95906206 304.77064433 862.30967472 4.363387e+16 2.3316120611e-05 1.0 
-23671449.301 720463.35868 20699467.655 -561.19227741 4.956124883 490.94616893 4.363387e+16 2.3316120611e-05 1.0 
32720502.847 640376.2747 -747102.54411 777.74916017 2.988876485 -17.733606783 4.363387e+16 2.3316120611e-05 1.0 
16824887.033 -2063618.7686 -3087397.6162 366.75366717 -60.907919734 -68.377520921 4.363387e+16 2.3316120611e-05 1.0 
-28035545.117 255522.01511 -13784758.132 -664.60928598 -6.8527321537 -326.49644424 4.363387e+16 2.3316120611e-05 1.0 
-20201975.287 -1197920.2956 -6093999.5169 -458.90081351 -41.553262479 -140.0314397 4.363387e+16 2.3316120611e-05 1.0 
20483836.051 5176436.7861 -43035650.139 493.92330197 113.9358153 -1038.2056042 4.363387e+16 2.3316120611e-05 1.0 
7481674.2563 -3459674.6315 -10428869.4 148.71680037 -89.076967223 -206.10752401 4.363387e+16 2.3316120611e-05 1.0 
3771826.3515 -3693972.8673 13571516.906 78.103773304 -95.685126242 279.17701747 4.363319e+16 2.3315757247e-05 1.0 
7393014.9591 -3783340.7224 11954272.376 151.25012411 -97.127835823 246.76343801 4.363319e+16 2.3315757247e-05 1.0 
-16781306.894 3565980.82 41623739.967 -403.78239145 74.323953112 1002.7855405 4.363319e+16 2.3315757247e-05 1.0 
-13115735.704 -3610626.5948 13055708.177 -291.62837274 -96.356727625 290.22143994 4.363319e+16 2.3315757247e-05 1.0 
21722553.206 2869007.4173 34177548.84 521.77115919 57.332813239 820.8770362 4.363319e+16 2.3315757247e-05 1.0 
29166701.624 3109245.2104 6567517.6992 689.80022015 61.806189494 155.17299766 4.363319e+16 2.3315757247e-05 1.0 
29155752.387 9942450.4948 -27963320.796 701.59240225 229.58170096 -674.37817357 4.363319e+16 2.3315757247e-05 1.0 
-12489663.08 9200175.2486 -41144622.541 -300.93164852 211.06325956 -990.61005953 4.363319e+16 2.3315757247e-05 1.0 
-4737321.2296 -2383621.148 23988200.89 -110.20118761 -69.301948612 556.44342765 4.363251e+16 2.3315393884e-05 1.0 
-33158408.349 4129437.7522 37671193.67 -801.26604448 88.527532727 910.29427143 4.363251e+16 2.3315393884e-05 1.0 
-15127690.252 -2751809.9556 7875816.8472 -330.11191971 -76.258267892 171.18231223 4.363251e+16 2.3315393884e-05 1.0 
-69234164.218 22092696.867 -22357520.449 -1682.0502663 526.86276771 -543.12092666 4.363251e+16 2.3315393884e-05 1.0 
-30799357.816 687298.60737 -4882970.6294 -729.53507772 4.1864748114 -115.81708273 4.363251e+16 2.3315393884e-05 1.0 
18019966.04 14223429.111 -56620304.137 435.49909258 335.15403696 -1372.7936075 4.363251e+16 2.3315393884e-05 1.0 
-5661632.901 -4200532.812 -9992463.6154 -106.46295223 -101.72506533 -188.61657442 4.363251e+16 2.3315393884e-05 1.0 
10962400.921 -4942984.7618 7359574.9904 221.62012908 -121.59626348 149.02776237 4.363116e+16 2.33146725e-05 1.0 
-9080847.5489 645722.26773 35558396.86 -217.90371865 3.086303399 850.33396619 4.363116e+16 2.33146725e-05 1.0 
35869713.765 15622550.997 49141219.34 869.75759374 368.5995711 1191.5575357 4.363116e+16 2.33146725e-05 1.0 
-10242668.885 574846.06823 38665034.433 -245.37363679 1.7146682241 928.26705327 4.363116e+16 2.33146725e-05 1.0 
27570538.041 7028639.9706 31303788.792 663.69412657 158.23533501 753.02147542 4.363116e+16 2.33146725e-05 1.0 
63300970.798 11597799.578 -33811420.296 1536.942979 271.07673488 -821.83273575 4.363116e+16 2.33146725e-05 1.0 
11757897.78 -2864305.1679 -6644517.8451 237.22630551 -77.074703195 -135.15605834 4.363116e+16 2.33146725e-05 1.0 
12514832.49 3939347.9851 -33316165.141 299.27174708 82.831985717 -795.86469488 4.363116e+16 2.33146725e-05 1.0 
-8073700.8654 -2818942.8788 -14050579.588 -174.02159322 -78.06401752 -302.2734372 4.362981e+16 2.3313951116e-05 1.0 
-248607.13254 -2740196.0164 -18747254.573 -4.2215184835 -76.834617195 -417.50052108 4.362981e+16 2.3313951116e-05 1.0 
10992270.782 4635665.4991 44951589.195 264.94341294 100.25210671 1084.0259637 4.362913e+16 2.3313587753e-05 1.0 
11756959.47 4184222.1891 38331879.793 282.73957105 88.799392143 921.42425294 4.362913e+16 2.3313587753e-05 1.0 
-79747512.925 24404756.997 10467698.996 -1939.1829093 583.17544162 255.26971347 4.362913e+16 2.3313587753e-05 1.0 
-35611345.927 1157779.9986 5864361.1223 -850.58456571 16.062479886 140.84867481 4.362913e+16 2.3313587753e-05 1.0 
-15290770.411 -2741679.3011 -11165846.001 -341.65723966 -77.179007806 -248.55261667 4.362913e+16 2.3313587753e-05 1.0 
24119371.52 2307657.6349 19788926.135 571.55938754 42.862546091 469.01851687 4.362846e+16 2.3313229732e-05 1.0 
46982708.048 3924700.911 3112882.2815 1133.6012294 83.514639446 74.863281078 4.362846e+16 2.3313229732e-05 1.0 
2284154.9635 7483971.9283 -47459792.107 55.48436293 170.06276505 -1146.1771551 4.362846e+16 2.3313229732e-05 1.0 
-14126319.439 4793100.1146 38702008.993 -339.64004679 104.3965624 929.37522387 4.362779e+16 2.3312871712e-05 1.0 
26717752.163 10773095.565 43364908.186 646.35075674 249.97999428 1047.8739449 4.362779e+16 2.3312871712e-05 1.0 
24597628.177 -455069.96401 9396184.7243 575.11721706 -23.122682065 219.26128471 4.362779e+16 2.3312871712e-05 1.0 
-30760644.824 15222770.745 44796501.084 -744.40047265 357.96404397 1084.6297959 4.362779e+16 2.3312871712e-05 1.0 
-16011618.27 -3521099.9156 13147860.384 -362.89857988 -95.711808321 298.67736967 4.362779e+16 2.3312871712e-05 1.0 
23935124.061 5959677.2524 32249608.471 575.71448979 132.30644808 775.65772761 4.362779e+16 2.3312871712e-05 1.0 
49956284.406 10151044.765 -2401906.4225 1206.8314081 235.01655429 -58.68706212 4.362779e+16 2.3312871712e-05 1.0 
-43985439.274 5718700.5831 -12485660.022 -1061.0890027 127.03073794 -301.12965419 4.362779e+16 2.3312871712e-05 1.0 
-19522802.116 -3417448.2105 80789.958706 -438.21644049 -91.351041998 2.1410836239 4.362779e+16 2.3312871712e-05 1.0 
52642514.809 27348499.688 -51653866.111 1279.854935 655.02439745 -1254.8820868 4.362779e+16 2.3312871712e-05 1.0 
12075828.661 824097.28772 28493353.226 285.67972327 7.7446363233 674.70239426 4.362712e+16 2.3312513692e-05 1.0 
8515499.2604 20048924.688 68444975.914 206.64450853 476.7177035 1662.3789063 4.362712e+16 2.3312513692e-05 1.0 
46533775.075 22442396.84 40409421.7 1128.9573654 534.73840683 980.4633819 4.362712e+16 2.3312513692e-05 1.0 
-30727855.817 3694286.8578 16032651.757 -733.00911606 76.388959587 383.91154862 4.362712e+16 2.3312513692e-05 1.0 
-20564421.285 -2808404.6644 5280956.366 -468.02245712 -78.809635726 120.53741863 4.362712e+16 2.3312513692e-05 1.0 
64333305.483 25355652.125 -39652049.75 1563.5445992 606.3610133 -963.97760984 4.362712e+16 2.3312513692e-05 1.0 
49895602.898 22873697.051 -40084352.182 1211.112959 545.34776115 -972.89279863 4.362712e+16 2.3312513692e-05 1.0 
-20543791.106 7835218.061 -45855678.531 -495.32084513 178.44002192 -1108.4196324 4.362712e+16 2.3312513692e-05 1.0 
-73944.76149 10514008.092 -50146613.007 -1.7606575845 243.73230937 -1211.5723033 4.362712e+16 2.3312513692e-05 1.0 
-20458350.724 -170814.52854 -21691463.787 -482.84303297 -16.513018485 -512.592973 4.362712e+16 2.3312513692e-05 1.0 
-13247653.887 -4626129.1303 -8784548.3806 -284.77198886 -118.2496428 -188.33458336 4.362712e+16 2.3312513692e-05 1.0 
-151937.41779 -2423556.7253 -23297115.738 -3.6790717774 -70.614014593 -537.05103232 4.362712e+16 2.3312513692e-05 1.0 
-24448757.734868128 6730773.590263622 -41721596.56393809 -589.7842597661603 151.6058044039624 -1007.5903781532196 8.723775e+16 4.6616215816e-05 1.0 
4566652.4425 2377068.9126 33943199.938 109.15040885 45.098422827 808.86658667 4.362578e+16 2.3311797652e-05 1.0 
18635296.385 -595892.89515 21460430.518 437.60643448 -26.502546156 505.62705625 4.362578e+16 2.3311797652e-05 1.0 
-31199585.257 9815625.5524 38386965.622 -755.28110376 227.11090715 928.86085454 4.362578e+16 2.3311797652e-05 1.0 
41327373.218 6413830.2541 3166973.0762 994.97630177 143.54086892 76.710467988 4.362578e+16 2.3311797652e-05 1.0 
-12371414.133 -2039516.5193 -14469360.33 -278.50159184 -62.470734731 -323.71451986 4.362578e+16 2.3311797652e-05 1.0 
4550021.8386 2787943.4601 -25615037.46 106.26816294 52.997912695 -600.64157692 4.362578e+16 2.3311797652e-05 1.0 
-53619626.137 13924513.464 -40113441.684 -1301.4571871 327.53710507 -974.11030294 4.362578e+16 2.3311797652e-05 1.0 
-16788831.066 -2648649.9068 -3532261.4647 -366.73242099 -74.167890739 -77.290846458 4.362578e+16 2.3311797652e-05 1.0 
-25058012.151 14263498.367 -60844437.344 -607.71304972 335.55733084 -1477.1697054 4.362578e+16 2.3311797652e-05 1.0 
-812487.97874 15136849.041 -66711233.453 -19.809630534 356.6794727 -1619.4331606 4.362578e+16 2.3311797652e-05 1.0 
17836399.134 14700260.993 -56474132.007 432.03758432 345.43985734 -1368.7764033 4.362578e+16 2.3311797652e-05 1.0 
-80032147.847 23186057.633 -33480708.102 -1947.1456208 553.7469561 -814.32737492 4.362445e+16 2.3311086956e-05 1.0 
-22155010.628 -2465051.9658 -2860312.6153 -507.87932417 -70.828393142 -65.760569584 4.362445e+16 2.3311086956e-05 1.0 
15135038.163 -949105.88919 22950525.548 354.6208243 -34.814892016 538.49680347 4.362312e+16 2.3310376259e-05 1.0 
19129328.254 -1827223.5834 3478159.0712 428.83836236 -55.648429155 77.684766103 4.362312e+16 2.3310376259e-05 1.0 
13281166.772 -2394501.536 2359235.6297 268.09519605 -66.165936437 48.255819225 4.362312e+16 2.3310376259e-05 1.0 
-14449350.678 12112633.893 59992552.979 -349.71713237 283.06055881 1454.3693931 4.362312e+16 2.3310376259e-05 1.0 
-12472677.796 -3501645.6634 9633886.5389 -267.59856366 -92.119605169 204.72881694 4.362312e+16 2.3310376259e-05 1.0 
47426952.333 5738775.4132 11048245.04 1145.0317844 127.36556265 265.9248323 4.362312e+16 2.3310376259e-05 1.0 
25625089.572 -2054016.8192 636115.7413 597.18052221 -61.514623793 14.56442157 4.362312e+16 2.3310376259e-05 1.0 
18904970.494 -3395880.8918 -229748.70913 421.75866272 -91.82072831 -5.0810485427 4.362312e+16 2.3310376259e-05 1.0 
-51011712.214 20164596.572 18720334.052 -1235.3018519 478.73395986 453.1646568 4.362312e+16 2.3310376259e-05 1.0 
-42920575.11 11730847.562 19672151.721 -1035.6229907 273.04360744 475.36741986 4.362312e+16 2.3310376259e-05 1.0 
39478014.914 11974807.538 -5259505.3823 950.79276134 279.03737729 -126.58124649 4.362312e+16 2.3310376259e-05 1.0 
-37151914.445 4175488.5891 -16122861.33 -891.97996708 89.125034281 -386.58424817 4.362312e+16 2.3310376259e-05 1.0 
9997270.607 9585261.4842 -40535558.758 239.58561505 219.92705999 -975.13875349 4.362312e+16 2.3310376259e-05 1.0 
9220390.8012 10324211.088 57380088.946 223.15987404 239.36343099 1389.730198 4.362179e+16 2.3309665563e-05 1.0 
35389970.044 14385387.398 37923034.536 855.91371002 338.04968612 917.16332922 4.362179e+16 2.3309665563e-05 1.0 
-2485888.1488 15619057.886 48462169.342 -60.616286408 368.49382703 1172.520458 4.362179e+16 2.3309665563e-05 1.0 
46411568.191 12110845.461 17058843.199 1122.6222064 282.56772713 411.3270143 4.362179e+16 2.3309665563e-05 1.0 
13241374.464 -3991114.1491 10553196.185 288.39292638 -104.60994509 230.18537127 4.362113e+16 2.3309312886e-05 1.0 
42049830.234 15142721.245 33334153.591 1017.6673919 356.42713408 806.64965891 4.362113e+16 2.3309312886e-05 1.0 
58243155.065 17648124.826 41847266.876 1414.5556092 418.01644383 1016.8966525 4.362113e+16 2.3309312886e-05 1.0 
60301439.49 9158949.6972 -20599710.127 1462.8274247 211.20598242 -499.6292891 4.362113e+16 2.3309312886e-05 1.0 
16271354.339 18066324.389 -34658899.68 392.32462953 428.50552628 -835.35223526 4.362113e+16 2.3309312886e-05 1.0 
-46492025.538 9974259.7463 -24345871.495 -1124.2032907 230.78813041 -588.20494885 4.362113e+16 2.3309312886e-05 1.0 
-26823058.103 1127566.1545 -10497975.803 -631.68543585 14.362117609 -247.27004171 4.362113e+16 2.3309312886e-05 1.0 
-940458.8678 18750107.917 -62913599.553 -22.084306651 444.58918819 -1526.1955626 4.362113e+16 2.3309312886e-05 1.0 
-24014310.206 -536170.15762 -24882587.91 -572.79706679 -25.447742274 -592.60847077 4.362113e+16 2.3309312886e-05 1.0 
369657.3802 780948.99582 32953735.07 9.2300973872 6.2109372351 783.59471618 4.362047e+16 2.330896021e-05 1.0 
23238948.592 5167166.0138 39229610.826 559.6784107 113.43195222 945.27663419 4.362047e+16 2.330896021e-05 1.0 
-13770325.412 3454839.169 34930688.185 -329.0239854 71.177417241 837.73006784 4.362047e+16 2.330896021e-05 1.0 
-13065593.137 -3471374.9616 6540718.2085 -272.50354726 -89.751463333 136.05426181 4.362047e+16 2.330896021e-05 1.0 
32838521.473 13499505.407 27983046.068 792.8827321 316.73931901 675.27591321 4.362047e+16 2.330896021e-05 1.0 
-2757672.141 -3500160.9808 9026378.7196 -43.050594642 -84.620761281 145.05099904 4.36198e+16 2.330860219e-05 1.0 
-43308065.046 9615815.0001 24504257.146 -1046.1343476 221.63954807 591.95137884 4.36198e+16 2.330860219e-05 1.0 
32906790.97 4049268.5314 -7621062.3168 783.98299248 85.287608314 -181.23050993 4.36198e+16 2.330860219e-05 1.0 
2872232.0772 -3676836.1432 10503621.759 50.888822728 -88.735899174 190.33304915 4.361915e+16 2.3308254857e-05 1.0 
-2035622.8898 -4296155.1687 9274757.8895 -34.90032436 -98.731335202 152.73460618 4.361915e+16 2.3308254857e-05 1.0 
8137019.588 -1066122.7778 26080989.775 191.88869935 -37.95021313 610.92848164 4.361915e+16 2.3308254857e-05 1.0 
24852746.817 344800.85697 7183147.3016 579.47456177 -4.3987199221 167.49022121 4.361915e+16 2.3308254857e-05 1.0 
45090700.39 3346440.4689 8330901.3639 1086.2410374 69.499168458 201.35591102 4.361915e+16 2.3308254857e-05 1.0 
10376687.448 -3827364.9343 -1281448.2492 183.01253214 -92.21693923 -23.84681242 4.361915e+16 2.3308254857e-05 1.0 
-56703352.796 22102185.546 26716063.772 -1375.8084167 526.0890119 648.50082533 4.361915e+16 2.3308254857e-05 1.0 
-32243417.726 -646804.37034 12020112.818 -768.12553654 -28.021407613 286.60436576 4.361915e+16 2.3308254857e-05 1.0 
-17444324.003 20986395.214 21146567.382 -415.63851533 497.70525445 505.60152918 4.361915e+16 2.3308254857e-05 1.0 
-8950453.6114 -3690144.307 1869344.3568 -140.87129187 -83.103597704 27.336937938 4.361915e+16 2.3308254857e-05 1.0 
-56521129.944 11252285.901 -4416042.4253 -1369.3785287 262.13466055 -107.4578724 4.361915e+16 2.3308254857e-05 1.0 
-20928845.978 -2634139.1223 2441335.6985 -475.79059325 -74.69113601 55.297337954 4.361915e+16 2.3308254857e-05 1.0 
-35843867.228 16977915.489 -67150656.646 -870.88122269 401.68828925 -1631.9512571 4.361915e+16 2.3308254857e-05 1.0 
-17863560.195 6162553.8476 -41367537.349 -430.7916353 137.52584313 -996.36980911 4.361915e+16 2.3308254857e-05 1.0 
16568730.725 1491991.7835 46261417.768 399.94263191 24.230788401 1116.4428426 4.361849e+16 2.330790218e-05 1.0 
2976621.9244 22174866.287 52707674.74 71.967293738 529.78929647 1278.2362253 4.361849e+16 2.330790218e-05 1.0 
24252421.202 23370403.25 -66998421.976 588.91659959 557.66748636 -1628.0629726 4.361849e+16 2.330790218e-05 1.0 
-4512988.705 -4280431.5552 21031846.795 -102.1057275 -113.26665882 479.85900609 4.361783e+16 2.3307549504e-05 1.0 
-8576017.1074 4406566.2067 42006406.093 -206.48126499 94.783077925 1010.1695011 4.361783e+16 2.3307549504e-05 1.0 
30873317.31 1718732.427 14278241.085 735.0918746 29.246136884 339.57020172 4.361783e+16 2.3307549504e-05 1.0 
-32213696.157 11777685.209 55788135.674 -781.43027147 274.59570488 1353.3911039 4.361783e+16 2.3307549504e-05 1.0 
-10541890.622 -3711074.5434 7647646.9769 -210.36681128 -94.854769766 153.13171451 4.361783e+16 2.3307549504e-05 1.0 
65720000.905 16759247.166 10186684.809 1594.9213402 396.37732244 247.3702042 4.361783e+16 2.3307549504e-05 1.0 
-51251830.263 18732976.131 29816946.721 -1242.378459 444.12647594 722.61593657 4.361783e+16 2.3307549504e-05 1.0 
-31699846.881 650949.22894 17990857.613 -757.27582907 3.1880778284 430.2384749 4.361783e+16 2.3307549504e-05 1.0 
44522674.453 9704104.6023 -8135500.6962 1073.2951187 223.55956764 -195.64473958 4.361783e+16 2.3307549504e-05 1.0 
24023919.526 101793.81386 -7507831.1424 559.19198597 -10.401062509 -174.79063925 4.361783e+16 2.3307549504e-05 1.0 
-9665637.0713 -209900.89901 -23553711.314 -224.65242881 -17.942370601 -548.78924306 4.361783e+16 2.3307549504e-05 1.0 
-7661912.5288 -168133.05463 -24259287.292 -179.37906228 -16.877793521 -564.44485591 4.361783e+16 2.3307549504e-05 1.0 
-22616359.495 -1134296.8322 -16468189.84 -531.02494439 -39.902215838 -387.30072256 4.361717e+16 2.3307196827e-05 1.0 
6202635.2243 -2206539.5821 -19697019.09 139.86713361 -65.032102121 -446.61240237 4.361717e+16 2.3307196827e-05 1.0 
21260417.068 3212513.2942 24248206.453 507.33412713 64.642683254 576.80103051 4.361546e+16 2.3306283075e-05 1.0 
20670331.872 -1837443.5457 7437716.6843 475.31833493 -57.001576888 169.89410139 4.361546e+16 2.3306283075e-05 1.0 
25630640.194 183786.28256 12870862.233 605.71989561 -7.5660638854 303.37801977 4.361546e+16 2.3306283075e-05 1.0 
-11402981.434 -4255834.435 -4578520.1778 -223.7991563 -107.06030023 -89.961905104 4.361546e+16 2.3306283075e-05 1.0 
437931.57316 -4161902.1121 14080045.031 8.6472865396 -106.22224383 290.3370439 4.361521e+16 2.3306149485e-05 1.0 
10953934.483 -5386556.7359 8829153.1351 228.08914647 -132.85633894 181.98839851 4.361521e+16 2.3306149485e-05 1.0 
4489532.8659 20933487.214 52335202.903 109.48423854 497.51343386 1267.4440142 4.361521e+16 2.3306149485e-05 1.0 
-10751403.923 11015140.752 61089779.353 -261.21141512 255.87924368 1481.6970669 4.361521e+16 2.3306149485e-05 1.0 
-51734652.232 12226758.751 7715539.1413 -1253.2212547 286.39962532 186.56073544 4.361521e+16 2.3306149485e-05 1.0 
-15456846.432 -4232869.3333 3107187.4737 -330.46370799 -108.88626472 66.283382032 4.361521e+16 2.3306149485e-05 1.0 
42953765.071 6831827.9193 -22963895.252 1037.8690006 153.82331629 -554.40285773 4.361521e+16 2.3306149485e-05 1.0 
-46658909.071 16101307.885 -40314718.234 -1131.0290671 380.15990999 -977.87173047 4.361521e+16 2.3306149485e-05 1.0 
-17236983.222 -4349918.193 -7214123.1758 -383.46887179 -113.71700581 -161.53604109 4.361521e+16 2.3306149485e-05 1.0 
-29309817.206 -390021.0981 -26365162.861 -702.10614015 -21.822486756 -632.55855457 4.361521e+16 2.3306149485e-05 1.0 
-20416830.912 -2806402.8281 -11456778.085 -470.95807352 -78.949776871 -264.30943987 4.361521e+16 2.3306149485e-05 1.0 
8142585.4292 787139.42011 -28942355.282 192.46789095 6.2101924915 -684.06246436 4.361521e+16 2.3306149485e-05 1.0 
-6502992.6884 2767359.4341 -42015835.597 -156.68135419 55.087115733 -1010.0757037 4.361521e+16 2.3306149485e-05 1.0 
-49256715.476 12053133.84 -14056899.11 -1192.641307 281.4581985 -339.58331932 4.36139e+16 2.3305449476e-05 1.0 
-12378401.067 -4258958.0388 1573102.8094 -242.72836369 -105.20338086 33.085602881 4.36139e+16 2.3305449476e-05 1.0 
17976181.511 12266285.485 -53343984.731 434.41071658 286.65787947 -1292.9731789 4.36139e+16 2.3305449476e-05 1.0 
-43925231.678 10027299.547 -46983276.212 -1065.610164 232.03229682 -1140.1974786 4.36139e+16 2.3305449476e-05 1.0 
29471448.232 22034631.242 -69307220.556 716.72986677 525.18390908 -1683.8724298 4.36139e+16 2.3305449476e-05 1.0 
-9953251.6376 -4137259.6329 -9614506.6424 -203.68844695 -104.51281432 -197.42665488 4.36139e+16 2.3305449476e-05 1.0 
-12199606.14 4098603.3202 38070599.004 -294.49076624 86.620448747 914.81008215 4.361375e+16 2.3305369322e-05 1.0 
20152989.084 15027788.917 -11270850.982 474.94312439 347.58923408 -264.62377418 4.361375e+16 2.3305369322e-05 1.0 
-30800599.478 10587413.97 -38961107.088 -744.9902448 245.81079772 -942.74143474 4.361375e+16 2.3305369322e-05 1.0 
13310024.396 3135689.474 7726479.0544 286.65659903 53.288388998 166.81716241 4.36129e+16 2.3304915117e-05 1.0 
11905357.828 10999742.038 40502895.462 285.59644524 256.11302309 977.83173232 4.36129e+16 2.3304915117e-05 1.0 
-36698163.956 2226718.5412 6087493.4014 -878.9654605 41.069497587 146.93457115 4.36129e+16 2.3304915117e-05 1.0 
39022752.711 12600155.008 -25364574.979 943.03243429 294.15689301 -612.72382301 4.36129e+16 2.3304915117e-05 1.0 
-2721477.7152 -2821930.9404 -14666013.973 -55.721981922 -79.497572419 -309.36297189 4.36129e+16 2.3304915117e-05 1.0 
4375436.6492 11789450.447 -43279147.042 105.67278545 274.85020525 -1044.4847447 4.36129e+16 2.3304915117e-05 1.0 
15427340.636 -3725568.8752 5445038.091 333.13217445 -97.771683675 117.21924701 4.36126e+16 2.330475481e-05 1.0 
40844842.079 3729555.0518 -1485677.2477 980.80497033 78.358970335 -34.703561534 4.36126e+16 2.330475481e-05 1.0 
21024999.044 -1288096.6668 -2475308.2664 478.42187739 -44.052350681 -55.536270995 4.36126e+16 2.330475481e-05 1.0 
-43163682.881 5916367.303 -22094123.16 -1042.921714 131.62580844 -532.99861952 4.36126e+16 2.330475481e-05 1.0 
-19224645.192 -3980526.2388 -748121.04333 -430.97198206 -104.74166561 -15.861142257 4.36126e+16 2.330475481e-05 1.0 
-5192247.0699 -3741650.1558 -12124175.551 -104.76385003 -95.913840414 -242.91537041 4.36126e+16 2.330475481e-05 1.0 
12259671.987 10380609.165 53382135.131 298.09305063 240.75687612 1293.3243205 4.361207e+16 2.33044716e-05 1.0 
-17528951.711 -2620883.8644 5581820.6525 -390.86229669 -76.49342692 123.69904748 4.361207e+16 2.33044716e-05 1.0 
-17269890.492 5664119.5765 33004970.206 -414.335678 124.49960811 792.09724866 4.361207e+16 2.33044716e-05 1.0 
-27526194.551 2905076.5041 24133735.787 -659.68072697 57.319610875 577.61920079 4.361207e+16 2.33044716e-05 1.0 
-44295547.684 10470412.509 -24665611.816 -1072.6215036 242.77695389 -596.16637923 4.361207e+16 2.33044716e-05 1.0 
-10741735.99 -2485189.5332 -10031557.52 -224.4946963 -72.393223826 -211.32061083 4.361207e+16 2.33044716e-05 1.0 
-4303984.2681 -3779924.8554 24507575.394 -99.943234601 -102.35258754 569.08240536 4.361195e+16 2.3304407477e-05 1.0 
14113543.22 -1008011.9004 30433131.603 335.28734621 -36.779809006 723.95810985 4.361195e+16 2.3304407477e-05 1.0 
17501667.572 -4557493.1712 8482504.2706 393.36699704 -118.82676848 189.58093534 4.361195e+16 2.3304407477e-05 1.0 
-66918950.491 23761138.954 26822524.067 -1626.2120088 566.94850861 650.62783335 4.361195e+16 2.3304407477e-05 1.0 
-20465785.896 -2484659.0997 11220374.612 -471.49682881 -72.110118766 259.38016782 4.361195e+16 2.3304407477e-05 1.0 
16148698.995 10646579.758 15621491.1 376.69272049 241.08725862 364.85256353 4.361195e+16 2.3304407477e-05 1.0 
49745260.705 11911419.908 -2050255.8028 1202.0785619 277.02806368 -48.393339242 4.361195e+16 2.3304407477e-05 1.0 
14252723.129 -2892369.4872 -5391995.4009 300.86929912 -79.147897524 -114.01292735 4.361195e+16 2.3304407477e-05 1.0 
-12606253.255 -4174669.8274 -14502786.463 -282.04897151 -109.86462742 -324.69366197 4.361195e+16 2.3304407477e-05 1.0 
501897.79277 -4301221.4954 -11337631.235 8.7081612768 -103.98910519 -211.69367902 4.361195e+16 2.3304407477e-05 1.0 
10396604.099 -4487280.4074 13515769.001 226.50223405 -115.38560233 295.509644 4.36113e+16 2.3304060144e-05 1.0 
7020890.8575 -3972094.8034 22836797.044 161.72296841 -106.50519897 528.23348811 4.36113e+16 2.3304060144e-05 1.0 
10946486.379 -3129544.0327 18541517.731 249.46190534 -86.213950189 422.80126657 4.36113e+16 2.3304060144e-05 1.0 
-837851.36941 -4096463.3681 17975050.199 -17.975173809 -107.86458996 397.13086102 4.36113e+16 2.3304060144e-05 1.0 
39059001.526 1807523.8876 12037323.111 937.64721251 31.845640877 288.25448089 4.36113e+16 2.3304060144e-05 1.0 
49826537.035 5310990.884 12086120.642 1203.7537561 117.09748882 292.2597857 4.36113e+16 2.3304060144e-05 1.0 
-38772298.602 7434590.1339 19874905.275 -934.06703627 167.80704978 479.11060172 4.36113e+16 2.3304060144e-05 1.0 
-24433201.571 -2598610.1468 7754940.4585 -569.35364484 -74.30550916 180.54858402 4.36113e+16 2.3304060144e-05 1.0 
27910439.184 11066010.309 -33891025.718 672.78049105 256.91488353 -817.6459524 4.36113e+16 2.3304060144e-05 1.0 
-3328.4733588 12027539.999 -62247635.718 -0.97625733945 280.75992354 -1509.2805712 4.36113e+16 2.3304060144e-05 1.0 
-21176206.898 18900174.451 -58497280.744 -513.11085083 448.3689166 -1418.853606 4.36113e+16 2.3304060144e-05 1.0 
-8075035.261 10786760.788 -55959222.728 -195.41317186 250.3842263 -1354.4929453 4.36113e+16 2.3304060144e-05 1.0 
27819515.649 1671527.1289 25787026.28 666.02638043 28.031259259 617.06777604 4.361065e+16 2.3303712811e-05 1.0 
43108484.947 8512199.6766 14851863.724 1040.5938621 194.57827085 358.56470192 4.361065e+16 2.3303712811e-05 1.0 
-7443772.3546 -3715357.3966 -10557402.292 -147.63018466 -94.850500548 -208.85888106 4.361065e+16 2.3303712811e-05 1.0 
-2808774.3945 -3969675.158 8756377.9276 -43.706925567 -94.883343188 140.0165711 4.361042e+16 2.3303589909e-05 1.0 
-8090021.6446 6077232.1529 36207558.149 -195.22664606 133.35148218 868.17496249 4.361042e+16 2.3303589909e-05 1.0 
6228009.2753 19074720.392 53251832.387 151.49988696 453.95855106 1291.4653693 4.361042e+16 2.3303589909e-05 1.0 
-44860366.593 8106112.1542 19509975.758 -1083.8260285 185.06502264 472.92277408 4.361042e+16 2.3303589909e-05 1.0 
40237610.325 5928069.8758 16544236.964 970.42774301 131.07870958 397.2805553 4.361042e+16 2.3303589909e-05 1.0 
40534894.634 13920592.093 37827449.597 981.92326555 327.1975802 917.06009579 4.361042e+16 2.3303589909e-05 1.0 
-14123723.981 18429822.691 25793915.087 -335.66259815 434.41199523 617.76578595 4.361042e+16 2.3303589909e-05 1.0 
-18644073.37 -790288.75962 9390110.9982 -424.20970055 -33.402743108 215.34671772 4.361042e+16 2.3303589909e-05 1.0 
9383712.9405 1797452.6083 22194520.882 217.38068423 28.747154052 517.14006772 4.361042e+16 2.3303589909e-05 1.0 
-49528273.749 8623670.4349 -15546977.458 -1198.3902819 198.04809615 -377.05134443 4.361042e+16 2.3303589909e-05 1.0 
32979203.529 9930412.7844 -26408446.301 795.29378833 229.1248805 -636.52389159 4.361042e+16 2.3303589909e-05 1.0 
-23920709.657 2909895.3381 -32756326.159 -576.03356809 57.845186528 -786.83170538 4.361042e+16 2.3303589909e-05 1.0 
34144418.754 4330337.2841 -15764907.177 818.86686009 91.660885449 -377.56717982 4.361042e+16 2.3303589909e-05 1.0 
-1234378.1244 -3319436.8202 -13763002.237 -22.653270878 -90.016845316 -283.09329345 4.361042e+16 2.3303589909e-05 1.0 
34505932.326 8931711.7471 -24405860.788 831.40395983 204.52638985 -587.57194602 4.361042e+16 2.3303589909e-05 1.0 
-6835852.7689 3225596.2314 -37047471.414 -163.61428625 65.110785751 -888.65251761 4.361042e+16 2.3303589909e-05 1.0 
25348900.633 10703083.811 -32982224.428 611.94714521 247.99944815 -794.05536622 4.361042e+16 2.3303589909e-05 1.0 
-6083485.2597 13500324.141 -54731586.046 -147.60850606 317.05051331 -1326.3947038 4.361042e+16 2.3303589909e-05 1.0 
18579599.635 12638819.852 -49017878.141 449.81353453 295.73007354 -1187.2873142 4.361042e+16 2.3303589909e-05 1.0 
-9416172.4973 19443812.056 65419680.723 -228.47772179 461.38213743 1587.8612629 4.360935e+16 2.3303018145e-05 1.0 
46469601.217 18359879.883 24077661.171 1124.2250091 434.42646654 582.77207082 4.360935e+16 2.3303018145e-05 1.0 
-40223928.842 4180588.2788 -33961485.22 -972.49049494 89.592747119 -820.45968625 4.360935e+16 2.3303018145e-05 1.0 
-15083517.164 -4043530.8324 -6681119.1951 -326.65980471 -105.27816377 -144.45641858 4.360935e+16 2.3303018145e-05 1.0 
6197348.3165 6926644.9311 -42381522.948 148.92939052 155.90960025 -1019.6253754 4.360935e+16 2.3303018145e-05 1.0 
-28549777.987 6170500.5005 49396728.415 -691.23563572 137.90682887 1197.3600058 4.360879e+16 2.3302718905e-05 1.0 
41894076.611 8255136.3378 2937274.9154 1009.2585137 187.78041459 72.024870317 4.360879e+16 2.3302718905e-05 1.0 
-4421474.2284 -1071109.4997 -12396098.522 -86.025316499 -40.027484032 -250.15745805 4.360879e+16 2.3302718905e-05 1.0 
20571093.444 -2442781.606 9774969.3027 472.69328509 -70.25832999 224.63077266 4.360871e+16 2.3302676156e-05 1.0 
43518438.434 12252927.347 -517949.85922 1048.2779387 284.92028196 -11.958767494 4.360871e+16 2.3302676156e-05 1.0 
15509280.325 -2801242.6156 -3054604.5551 331.1643776 -77.262388225 -65.005338797 4.360871e+16 2.3302676156e-05 1.0 
26931714.239 7954815.7388 -46068262.952 650.29197454 181.64116722 -1114.7543044 4.360871e+16 2.3302676156e-05 1.0 
19962074.742 2907358.7831 -28467566.099 475.07737835 57.821956413 -679.50551861 4.360871e+16 2.3302676156e-05 1.0 
-18329852.011 4963309.1911 33199678.252 -439.23356919 106.92243839 797.01172151 4.360799e+16 2.3302291418e-05 1.0 
14801309.441 -3025523.0647 6940544.0533 322.53612267 -86.439399932 147.67321957 4.360799e+16 2.3302291418e-05 1.0 
20553987.148 9902675.8615 45606056.743 496.65588623 229.09194873 1103.550536 4.360799e+16 2.3302291418e-05 1.0 
-42791169.612 2068415.3937 1765820.485 -1030.3815974 37.118658351 42.770382478 4.360799e+16 2.3302291418e-05 1.0 
21055475.019 -1864300.1714 8426449.9417 485.6935352 -59.13024039 193.62924704 4.360799e+16 2.3302291418e-05 1.0 
37622748.929 13637315.099 31932912.507 910.17561755 320.13584941 772.95028679 4.360799e+16 2.3302291418e-05 1.0 
-53843779.91 6490960.0256 -16713470.298 -1304.5372164 145.59925754 -405.09799953 4.360799e+16 2.3302291418e-05 1.0 
-3437997.2272 13633453.253 -51261252.571 -83.506397432 320.5491377 -1241.6766676 4.360799e+16 2.3302291418e-05 1.0 
13885949.684 -1408687.697 -16491766.114 318.01860933 -48.167232723 -377.44659082 4.360799e+16 2.3302291418e-05 1.0 
18136246.365 -3351498.6938 15951868.805 420.12621273 -91.963435438 368.94343974 4.360742e+16 2.3301986834e-05 1.0 
-15180011.589 -671061.68422 24765926.496 -357.55086512 -28.548605517 583.51401531 4.360742e+16 2.3301986834e-05 1.0 
-31387971.303 4614025.3543 39085478.09 -757.68845408 100.4033511 943.96495543 4.360742e+16 2.3301986834e-05 1.0 
50883463.191 13393899.155 -17590912.895 1232.4110989 314.17035411 -425.97881475 4.360742e+16 2.3301986834e-05 1.0 
33394414.66 8075598.3234 -26179680.295 803.09961711 183.78375297 -630.06061365 4.360742e+16 2.3301986834e-05 1.0 
4597539.559 -3611457.0886 -14783652.112 98.291727408 -95.369840244 -313.84770599 4.360742e+16 2.3301986834e-05 1.0 
-12645427.429 12036356.724 54670233.778 -306.31574949 280.96033289 1324.6896629 4.360719e+16 2.3301863931e-05 1.0 
-41609013.978 5509889.0331 21531688.038 -1004.4812816 121.01527194 519.01539371 4.360719e+16 2.3301863931e-05 1.0 
-26242372.706 4434714.6618 -22876329.091 -627.51141107 94.522717541 -547.3135597 4.360719e+16 2.3301863931e-05 1.0 
7862847.8814 808104.1159 31130663.11 187.80202794 5.7439873041 739.96906569 4.36064e+16 2.3301441788e-05 1.0 
-11326058.371 -4127606.5104 2761986.6659 -216.12775138 -104.39499109 52.001810906 4.36064e+16 2.3301441788e-05 1.0 
-29743401.358 11220863.231 47928323.926 -721.56108284 260.91927068 1161.0106975 4.36064e+16 2.3301441788e-05 1.0 
-32404963.224 5341678.2168 33463372.449 -781.91984275 116.95996409 807.97135761 4.36064e+16 2.3301441788e-05 1.0 
11077356.731 9648033.608 56002428.31 268.84601418 222.9082816 1357.0111889 4.36064e+16 2.3301441788e-05 1.0 
-40588917.181 4887249.9046 20501377.488 -978.52049416 105.93513295 495.88644036 4.36064e+16 2.3301441788e-05 1.0 
-59876926.68 15087718.717 -25339475.385 -1453.7305043 355.9827047 -615.24758419 4.36064e+16 2.3301441788e-05 1.0 
43752011.791 7881228.6259 -1784286.3262 1054.7794598 178.32760388 -42.64930953 4.36064e+16 2.3301441788e-05 1.0 
45024989.147 14496154.243 -10328243.886 1088.0841389 340.81394437 -250.09158404 4.36064e+16 2.3301441788e-05 1.0 
-35487734.989 7345524.2088 -36475995.582 -858.63810531 166.13892219 -882.1755638 4.36064e+16 2.3301441788e-05 1.0 
4217849.9103 -113334.53678 -12407881.54 84.641604247 -18.888073894 -249.5071177 4.36064e+16 2.3301441788e-05 1.0 
-24853198.897 6218151.5354 -30134699.861 -597.39237468 138.47059599 -724.20576946 4.36064e+16 2.3301441788e-05 1.0 
10181963.122 -1104969.8416 37730385.475 244.04695854 -38.946737736 903.71446135 4.360613e+16 2.3301297512e-05 1.0 
21862460.39 -1945104.7531 24527905.706 519.71888626 -59.403062315 582.38535362 4.360613e+16 2.3301297512e-05 1.0 
445744.88644 14343950.313 34629892.581 9.9843236959 336.04287443 830.89483256 4.360613e+16 2.3301297512e-05 1.0 
53385428.275 16399501.854 5068205.9806 1293.9096333 387.94730174 122.44316953 4.360613e+16 2.3301297512e-05 1.0 
-10376771.855 -2486895.0258 -15195570.593 -229.69298945 -71.589866691 -336.995663 4.360613e+16 2.3301297512e-05 1.0 
-1570927.628 -2757591.2639 -21278268.129 -36.3601297 -77.853345193 -484.1701492 4.360613e+16 2.3301297512e-05 1.0 
-15487080.554 11984005.531 38747330.805 -373.10847532 277.61581192 933.52816565 4.360562e+16 2.3301024989e-05 1.0 
-27555679.495 5689963.2089 26158726.972 -661.76487837 124.00090943 627.07293134 4.360562e+16 2.3301024989e-05 1.0 
29391446.128 1941551.8699 11399972.972 698.86550255 32.37724483 270.07464868 4.360562e+16 2.3301024989e-05 1.0 
34242639.902 11373589.533 35024056.831 827.64563456 264.47632059 846.55213531 4.360562e+16 2.3301024989e-05 1.0 
-48719820.027 11746285.037 -9161559.1009 -1178.3483561 273.04176488 -222.10401386 4.360562e+16 2.3301024989e-05 1.0 
-9216431.9563 4531764.7823 18132420.448 -210.33739781 91.672314324 414.5385697 4.360562e+16 2.3301024989e-05 1.0 
-53469744.199 17972207.683 6156961.0018 -1295.5144337 426.25838651 149.07370565 4.360562e+16 2.3301024989e-05 1.0 
18165373.693 17883394.65 -40802330.564 439.3614619 424.31610853 -986.47377831 4.360562e+16 2.3301024989e-05 1.0 
-23021002.078 15688917.441 -45402729.134 -557.92212928 370.19141658 -1099.0326938 4.360562e+16 2.3301024989e-05 1.0 
21792772.553 5710012.1299 -25194329.79 519.3139864 123.89090749 -602.11310442 4.360562e+16 2.3301024989e-05 1.0 
25165757.572 9901003.0673 -54621582.466 609.22761719 228.71710368 -1325.1824812 4.360562e+16 2.3301024989e-05 1.0 
5281619.6811 6649319.2056 -50281097.94 128.40778572 148.97848457 -1215.8383697 4.360562e+16 2.3301024989e-05 1.0 
-18309328.463 514244.47759 35839483.048 -439.11418856 0.34452743232 859.53607412 4.360549e+16 2.3300955522e-05 1.0 
-14471399.702 -1741392.4528 17707811.086 -333.22094674 -54.142053431 406.60760875 4.360549e+16 2.3300955522e-05 1.0 
-31718897.132 8394284.6262 41385314.275 -766.87123247 191.90263539 1000.1683602 4.360549e+16 2.3300955522e-05 1.0 
-23431054.516 -2159802.4039 23003686.919 -556.56282812 -64.236378378 546.40755935 4.360549e+16 2.3300955522e-05 1.0 
-47689086.604 11557395.556 -10086718.13 -1153.5456555 269.31020503 -244.73140278 4.360549e+16 2.3300955522e-05 1.0 
-10913487.356 -4200063.678 1717103.9994 -200.59147193 -101.22293534 32.294518032 4.360549e+16 2.3300955522e-05 1.0 
50205640.24 24677867.773 -37554579.837 1217.6672763 589.31561647 -911.04497375 4.360549e+16 2.3300955522e-05 1.0 
26992783.096 80274.093085 -17371786.143 640.79592807 -10.41660446 -411.54854365 4.360549e+16 2.3300955522e-05 1.0 
-45820341.561 19620414.702 -56449743.728 -1112.536482 466.06499427 -1371.780607 4.360549e+16 2.3300955522e-05 1.0 
-13166246.614 -4364841.6334 -3133641.4179 -267.73428503 -109.60191182 -63.378731279 4.360549e+16 2.3300955522e-05 1.0 
6103258.8936 -2304112.4477 -21023354.878 140.70686307 -67.593623531 -479.98855679 4.360549e+16 2.3300955522e-05 1.0 
54490.709693 602702.48294 37187446.889 0.83624910251 1.8767013884 889.30011469 4.360485e+16 2.3300613533e-05 1.0 
-15848633.218 12293893.85 44351653.692 -382.81747391 286.83490839 1071.8327284 4.360485e+16 2.3300613533e-05 1.0 
-5460817.6425 2580487.5151 -29956923.115 -129.31476768 48.921046302 -710.68055914 4.360485e+16 2.3300613533e-05 1.0 
27156039.025 21918857.325 -49037882.133 656.88871935 521.42359879 -1188.1605414 4.360485e+16 2.3300613533e-05 1.0 
16610473.927 -2608862.8112 -16018966.921 382.58559058 -74.5583557 -368.18118255 4.360485e+16 2.3300613533e-05 1.0 
-8496618.4535 -3124189.1018 -12794391.106 -180.44080563 -84.315571134 -270.48732762 4.360485e+16 2.3300613533e-05 1.0 
15476505.507 4468402.4015 17043371.808 361.31392012 90.867413207 393.7366846 4.360484e+16 2.3300608189e-05 1.0 
64165195.303 14786851.68 7322004.6973 1557.7122871 348.30914217 177.75609475 4.360484e+16 2.3300608189e-05 1.0 
-16618125.372 14644217.433 -6853346.1236 -385.66057269 333.05352008 -155.60375036 4.360484e+16 2.3300608189e-05 1.0 
3051018.4306 9508724.8818 46785076.879 74.364674967 218.53216424 1129.1127604 4.360421e+16 2.3300271544e-05 1.0 
30128903.087 4250059.7411 20731780.42 720.20075665 89.958466594 495.60382058 4.360421e+16 2.3300271544e-05 1.0 
-32006859.241 16775862.448 77562212.307 -778.6575237 397.0846064 1886.2798368 4.360421e+16 2.3300271544e-05 1.0 
62793870.05 18606613.685 22768185.229 1523.957073 441.10009979 553.1314768 4.360421e+16 2.3300271544e-05 1.0 
-16160500.692 18925490.862 -69744655.023 -392.77213685 449.13402548 -1694.2819775 4.360421e+16 2.3300271544e-05 1.0 
19242772.712 2368562.5173 20511401.635 454.12631595 41.934519277 483.80082496 4.360407e+16 2.3300196734e-05 1.0 
29943201.442 2665341.6223 38209436.149 723.68144798 52.06892045 922.45867581 4.360407e+16 2.3300196734e-05 1.0 
-33640559.629 7715124.9311 38579846.001 -814.11245101 175.81644493 933.39002113 4.360407e+16 2.3300196734e-05 1.0 
-58460701.523 18486629.568 42535721.634 -1421.1682023 439.24890947 1033.8149875 4.360407e+16 2.3300196734e-05 1.0 
50854712.853 7157098.1041 10114430.96 1230.228142 161.33718614 244.10984004 4.360407e+16 2.3300196734e-05 1.0 
59006961.624 17153949.127 19557614.301 1432.1365417 406.0910486 474.31201513 4.360407e+16 2.3300196734e-05 1.0 
-22383798.574 -265407.49592 -8800433.5529 -520.13225919 -21.533863894 -203.54110338 4.360407e+16 2.3300196734e-05 1.0 
-10483658.375 -723562.44427 -1815610.4091 -185.33603121 -32.483420443 -32.944909385 4.360407e+16 2.3300196734e-05 1.0 
33902839.217 13647786.774 62451994.608 823.58587998 320.39096801 1516.4485552 4.360357e+16 2.3299929554e-05 1.0 
15852105.191 13352213.919 77326382.088 384.83219967 313.27523896 1879.8540905 4.360357e+16 2.3299929554e-05 1.0 
49521344.719 15999723.139 52401679.556 1202.9793709 377.636679 1272.6246991 4.360357e+16 2.3299929554e-05 1.0 
18008328.64 10756933.394 52583954.982 435.708754 249.94209242 1274.0169922 4.360357e+16 2.3299929554e-05 1.0 
-7671090.3674 1468334.0102 24542146.956 -180.05098598 19.545355988 574.3607024 4.360331e+16 2.3299790621e-05 1.0 
27939572.013 1804984.8591 -8733020.4111 661.11157366 28.863911716 -205.71580849 4.360331e+16 2.3299790621e-05 1.0 
26901624.245 16546701.49 -51248440.712 651.01121054 391.41846687 -1243.3840644 4.360331e+16 2.3299790621e-05 1.0 
-19492091.292 11311174.907 -54387514.979 -472.59160302 262.98956267 -1318.0337736 4.360331e+16 2.3299790621e-05 1.0 
10959727.044 -1876915.1648 10796233.205 234.86394684 -60.860081589 228.45009385 4.360255e+16 2.3299384509e-05 1.0 
14295699.372 6375256.7079 57295968.093 345.63824247 142.632593 1389.0855681 4.360255e+16 2.3299384509e-05 1.0 
-16857541.786 -2403473.4505 1658292.4566 -368.90298326 -71.698891646 35.313701486 4.360255e+16 2.3299384509e-05 1.0 
53598215.381 11706284.072 458423.1726 1297.5548888 271.94904196 10.425894937 4.360255e+16 2.3299384509e-05 1.0 
57489753.174 14440451.118 7820858.8152 1394.0449989 340.00483518 189.61848244 4.360255e+16 2.3299384509e-05 1.0 
-39213995.313 4023336.7289 -31080282.902 -947.67066846 85.099630057 -751.42366001 4.360255e+16 2.3299384509e-05 1.0 
-1366650.5599 -88117.429217 30027537.101 -31.931080353 -14.835901232 709.24574862 4.360229e+16 2.3299245576e-05 1.0 
19652428.115 -3617755.2378 13953985.212 454.66063587 -98.343343787 323.09750785 4.360229e+16 2.3299245576e-05 1.0 
-76483230.131 19940586.87 65848698.58 -1862.0299938 474.73355676 1603.1277472 4.360229e+16 2.3299245576e-05 1.0 
-17451535.86 -2930323.9647 8106555.6921 -390.14969482 -81.276897503 181.79765801 4.360229e+16 2.3299245576e-05 1.0 
60146663.66 19284134.295 -2358641.6261 1458.4540997 457.10255058 -56.683858653 4.360229e+16 2.3299245576e-05 1.0 
-54545433.644 25507390.407 -13844175.809 -1321.473405 608.68010688 -336.61805362 4.360229e+16 2.3299245576e-05 1.0 
-56117190.482 12735693.411 -6131368.8449 -1358.6224972 298.07932206 -149.07286651 4.360229e+16 2.3299245576e-05 1.0 
261632.21848 8483111.69 -37140396.172 6.051767094 193.70969433 -891.92823998 4.360229e+16 2.3299245576e-05 1.0 
37961677.479 13953939.278 -33210225.727 917.44043152 327.37190856 -802.26491638 4.360229e+16 2.3299245576e-05 1.0 
22863810.674 2065387.4179 -22170512.969 542.13215402 36.997667752 -526.43154267 4.360229e+16 2.3299245576e-05 1.0 
-9448657.0024 -765472.47164 -35131781.66 -225.1883706 -30.741622021 -839.09547926 4.360229e+16 2.3299245576e-05 1.0 
7083013.5236 198312.74922 14219605.041 156.50631253 -14.328867451 304.55933111 4.360105e+16 2.3298582971e-05 1.0 
-43539510.973 16046088.721 30576018.401 -1055.2585481 379.10010555 740.55240158 4.360105e+16 2.3298582971e-05 1.0 
-8781267.975 -3590757.4526 1597900.2113 -135.69861616 -85.103587603 24.318730072 4.360105e+16 2.3298582971e-05 1.0 
46034211.077 10713114.942 -3215574.1726 1111.2531589 247.19636076 -76.490617062 4.360105e+16 2.3298582971e-05 1.0 
-5773910.6153 -3224867.5691 -7584425.5966 -96.060376159 -83.411705779 -122.88854471 4.360105e+16 2.3298582971e-05 1.0 
60644792.95 14998187.242 -26080261.259 1472.2315388 353.30321752 -633.43048935 4.360105e+16 2.3298582971e-05 1.0 
-22800166.739 6164679.3772 -43106857.047 -550.31809243 136.96258892 -1041.7643938 4.360105e+16 2.3298582971e-05 1.0 
9313966.4152 13862463.667 -72815900.355 225.80269444 325.47324497 -1769.3492852 4.360105e+16 2.3298582971e-05 1.0 
28252643.85 3320.4879765 15222407.305 670.20965842 -11.828545618 360.79444619 4.360102e+16 2.3298566941e-05 1.0 
55286866.023 13408505.657 1326148.7612 1338.2876376 313.68442714 32.289272806 4.360102e+16 2.3298566941e-05 1.0 
19312906.742 16067035.138 -49209858.518 468.23374711 378.85708313 -1191.346589 4.360102e+16 2.3298566941e-05 1.0 
