#   x1                  x2                  x3                  v1                  v2                  v3                  mass                rel_mass            mat0_frac           mat1_frac           mat2_frac
    3.8332333802e+07    3.8948457838e+08    1.0016404384e+05    1.0486373362e+03    9.5312243867e+03    6.2674401698e+00    7.9262286868e+24    6.6411892631e-01    8.0381667483e-01    1.9618332517e-01    0.0000000000e+00
   -7.7823064607e+07   -7.8240996808e+08    5.2585539979e+04   -2.1271268507e+03   -1.9134706163e+04    1.1087685313e+00    3.9200761668e+24    3.2845340172e-01    9.0597000134e-01    9.4029998657e-02    0.0000000000e+00
   -5.1102083813e+07   -6.7794402986e+08   -1.1104352973e+07   -1.4242012971e+03   -1.7705866399e+04   -5.4311897714e+01    6.0920380000e+20    5.1043666484e-05    1.0000000000e+00    0.0000000000e+00    0.0000000000e+00
   -7.1495868871e+07   -5.3928163281e+08    2.6760547218e+07   -1.8153259642e+03   -1.3599623476e+04    5.7392859098e+02    6.0420930000e+20    5.0625189790e-05    1.0000000000e+00    0.0000000000e+00    0.0000000000e+00
   -5.8489893659e+07   -7.6894231663e+08   -7.4669130335e+05   -3.7691584128e+03   -2.2034757997e+04   -3.9951126376e+02    6.0420930000e+20    5.0625189790e-05    1.0000000000e+00    0.0000000000e+00    0.0000000000e+00
   -2.2005125146e+07   -4.1016821628e+08   -3.5838339746e+07   -6.4132821216e+02   -1.0201695355e+04   -8.6246531542e+02    6.0420930000e+20    5.0625189790e-05    1.0000000000e+00    0.0000000000e+00    0.0000000000e+00
   -4.1704052563e+07   -7.2207653539e+08    3.5231378707e+06   -1.6375521751e+03   -1.9289214416e+04   -1.6981399408e+02    5.9656820000e+20    4.9984961085e-05    1.0000000000e+00    0.0000000000e+00    0.0000000000e+00
   -1.6062246314e+07   -5.5286929354e+08    3.0580344881e+07   -5.4100650308e+02   -1.3958200785e+04    6.8067405119e+02    5.9656820000e+20    4.9984961085e-05    1.0000000000e+00    0.0000000000e+00    0.0000000000e+00
   -3.9156187092e+07   -7.0464832415e+08    2.0481960389e+06   -1.3951507411e+03   -1.8626614251e+04   -1.6821633013e+02    5.8873400000e+20    4.9328553012e-05    1.0000000000e+00    0.0000000000e+00    0.0000000000e+00
   -3.6635260215e+07   -4.2380104884e+08   -9.7668624648e+07   -9.9513004485e+02   -1.0541633564e+04   -2.3261349080e+03    5.8339510000e+20    4.8881219902e-05    1.0000000000e+00    0.0000000000e+00    0.0000000000e+00
   -2.8057735409e+07   -4.6869028614e+08   -9.8571720971e+07   -7.8260596341e+02   -1.1683492667e+04   -2.3091994306e+03    5.8339510000e+20    4.8881219902e-05    1.0000000000e+00    0.0000000000e+00    0.0000000000e+00
   -4.0370293501e+07   -5.4853415125e+08   -3.5795611702e+07   -1.0802600361e+03   -1.3830340196e+04   -7.3526451355e+02    5.8339510000e+20    4.8881219902e-05    1.0000000000e+00    0.0000000000e+00    0.0000000000e+00
   -2.5028973194e+07   -6.7159322870e+08   -1.5079501435e+08   -7.6941967206e+02   -1.6752535163e+04   -3.1600086915e+03    5.8068850000e+20    4.8654440640e-05    1.0000000000e+00    0.0000000000e+00    0.0000000000e+00
    7.1772981733e+07    2.1643088084e+08    1.4681210509e+07    1.4213141341e+03    6.3216516830e+03    2.6231707346e+02    2.6183160000e+20    2.1938216514e-05    0.0000000000e+00    1.0000000000e+00    0.0000000000e+00
    3.6609124587e+07    3.4978062426e+08    3.8533842544e+07    4.0010115243e+02    1.0815028241e+04   -1.2400785557e+03    2.5355400000e+20    2.1244657062e-05    0.0000000000e+00    1.0000000000e+00    0.0000000000e+00
    4.0400318939e+07    2.1861285669e+08   -2.0082697505e+06    8.0345670692e+02    6.4640073593e+03   -2.3543721711e+01    2.5189870000e+20    2.1105963604e-05    0.0000000000e+00    1.0000000000e+00    0.0000000000e+00
    4.7467574101e+07    2.1425601266e+08   -3.6969764772e+07    9.0870177971e+02    6.2676236410e+03   -7.4971389864e+02    2.5189870000e+20    2.1105963604e-05    0.0000000000e+00    1.0000000000e+00    0.0000000000e+00
   -1.1329123612e+06    3.0157111033e+08   -2.3112525004e+07    3.0701521979e+02    9.2416951102e+03   -1.2942909499e+00    2.4527330000e+20    2.0550837868e-05    0.0000000000e+00    1.0000000000e+00    0.0000000000e+00
    7.4979350341e+06    2.7682628935e+08   -2.3244875074e+07    2.6820825042e+02    8.3958425009e+03   -1.9137744441e+02    2.3946430000e+20    2.0064116251e-05    0.0000000000e+00    1.0000000000e+00    0.0000000000e+00
    4.5179371031e+07    1.0016336841e+08   -1.2712653749e+08    9.8267100078e+02    2.8948971549e+03   -2.8590078839e+03    2.3863310000e+20    1.9994472077e-05    0.0000000000e+00    1.0000000000e+00    0.0000000000e+00
    1.6204129722e+07    2.8058395991e+08   -2.1567212211e+07    4.1913483899e+02    8.5798957114e+03   -2.3447082964e+02    2.3447050000e+20    1.9645698209e-05    0.0000000000e+00    1.0000000000e+00    0.0000000000e+00
    7.4020130882e+07    1.5083011173e+08   -2.5537039781e+07    1.5973197565e+03    4.3920180616e+03   -4.6016871503e+02    2.3363650000e+20    1.9575819429e-05    0.0000000000e+00    1.0000000000e+00    0.0000000000e+00
    7.3786789839e+07   -1.8024375620e+08    1.1226466412e+08    1.6983363659e+03   -4.3144505542e+03    2.6386999495e+03    2.3341030000e+20    1.9556866696e-05    0.0000000000e+00    1.0000000000e+00    0.0000000000e+00
    1.2554166275e+08   -5.6736356444e+07    2.6884405321e+08    2.9742188011e+03   -1.2230642216e+03    6.4310660649e+03    2.3341030000e+20    1.9556866696e-05    0.0000000000e+00    1.0000000000e+00    0.0000000000e+00
   -5.8553058796e+07   -6.6140714286e+08    6.1180100233e+07   -1.5523810263e+03   -1.6951899448e+04    1.0279825878e+03    2.3155020000e+20    1.9401013557e-05    0.0000000000e+00    1.0000000000e+00    0.0000000000e+00
    7.4018582654e+07    8.3465589934e+07    3.7518209262e+07    1.6389369192e+03    2.5264794152e+03    8.1558430834e+02    2.3155020000e+20    1.9401013557e-05    0.0000000000e+00    1.0000000000e+00    0.0000000000e+00
   -5.4609022527e+07   -6.4791243537e+08    6.8114984732e+06   -1.4923916981e+03   -1.6741804379e+04    1.4626047618e+02    2.3062130000e+20    1.9323183344e-05    0.0000000000e+00    1.0000000000e+00    0.0000000000e+00
    7.9467786303e+07   -3.3627484441e+08   -2.7500583548e+07    1.8329067296e+03   -8.2902150167e+03   -5.9585288772e+02    2.3062130000e+20    1.9323183344e-05    0.0000000000e+00    1.0000000000e+00    0.0000000000e+00
   -5.3112731230e+07   -7.6796190898e+08   -4.2664752551e+07   -1.8934327967e+03   -1.9355535335e+04    1.0837286025e+03    2.3062130000e+20    1.9323183344e-05    0.0000000000e+00    1.0000000000e+00    0.0000000000e+00
    9.8507902113e+06    8.5338118258e+07   -7.0723592972e+07    1.5201857861e+02    2.5969472454e+03   -1.6174278841e+03    2.3029450000e+20    1.9295801587e-05    0.0000000000e+00    1.0000000000e+00    0.0000000000e+00
   -7.4592620437e+06    2.0435228729e+08   -6.3284688253e+07   -1.6392163551e+02    5.9057430019e+03   -1.2120601048e+03    2.3029450000e+20    1.9295801587e-05    0.0000000000e+00    1.0000000000e+00    0.0000000000e+00
    1.5901940335e+08   -1.1218752932e+08    3.6367096417e+07    3.7545686463e+03   -2.5987309891e+03    8.6712591364e+02    2.2876540000e+20    1.9167682113e-05    0.0000000000e+00    1.0000000000e+00    0.0000000000e+00
    7.6976692998e+06    2.8793234429e+08    2.4890184429e+07    3.0704286958e+02    8.7852440241e+03    1.1861378181e+02    2.2876540000e+20    1.9167682113e-05    0.0000000000e+00    1.0000000000e+00    0.0000000000e+00
   -5.7756986977e+07   -7.5330584762e+08    9.9973058977e+05   -2.5109699606e+03   -2.1208534823e+04    3.5847114848e+02    2.2876540000e+20    1.9167682113e-05    0.0000000000e+00    1.0000000000e+00    0.0000000000e+00
    2.2187040292e+07   -5.0114333069e+08   -1.5487159038e+08    4.1672325669e+02   -1.2475997368e+04   -3.6435549962e+03    2.2876540000e+20    1.9167682113e-05    0.0000000000e+00    1.0000000000e+00    0.0000000000e+00
    1.5960262550e+07   -3.4044765882e+08    1.0282619122e+08    2.7860711496e+02   -8.3955993726e+03    2.4216034423e+03    2.2783840000e+20    1.9090011096e-05    0.0000000000e+00    1.0000000000e+00    0.0000000000e+00
   -1.8680650174e+07   -3.0066174347e+08    2.6956946504e+08   -5.3860494761e+02   -7.3494361410e+03    6.4481881320e+03    2.2783840000e+20    1.9090011096e-05    0.0000000000e+00    1.0000000000e+00    0.0000000000e+00
    1.1011516751e+08    3.3487603736e+07    1.5538365548e+08    2.5441674129e+03    1.1247349719e+03    3.6325314773e+03    2.2783840000e+20    1.9090011096e-05    0.0000000000e+00    1.0000000000e+00    0.0000000000e+00
    8.0247319900e+06    2.1228354231e+08    4.4081219178e+07    1.4879079668e+02    6.1847262108e+03    7.2279023591e+02    2.2783840000e+20    1.9090011096e-05    0.0000000000e+00    1.0000000000e+00    0.0000000000e+00
   -4.4517809925e+07   -1.9896938846e+08   -2.1694889016e+08   -1.1630685848e+03   -4.7968495097e+03   -5.2010391300e+03    2.2783840000e+20    1.9090011096e-05    0.0000000000e+00    1.0000000000e+00    0.0000000000e+00
   -1.0063738806e+08   -3.2291047624e+08   -7.8391134320e+07   -2.5218946977e+03   -7.9465297760e+03   -1.8166853684e+03    2.2783840000e+20    1.9090011096e-05    0.0000000000e+00    1.0000000000e+00    0.0000000000e+00
   -7.0927171596e+07   -6.2446288138e+08   -1.7006669046e+08   -1.7852314235e+03   -1.5522833355e+04   -3.7316814852e+03    2.2783840000e+20    1.9090011096e-05    0.0000000000e+00    1.0000000000e+00    0.0000000000e+00
   -2.0446221258e+08   -7.1480142225e+08   -9.3094120422e+07   -4.6283030926e+03   -1.7677333477e+04   -1.8603800879e+03    2.2783840000e+20    1.9090011096e-05    0.0000000000e+00    1.0000000000e+00    0.0000000000e+00
    1.8631175986e+06    3.1290214575e+08    9.6518385614e+06    5.3162507489e+02    9.8101510956e+03   -2.3920590765e+02    2.2778120000e+20    1.9085218451e-05    0.0000000000e+00    1.0000000000e+00    0.0000000000e+00
   -3.7805432683e+07    1.1699222887e+08    1.0709864375e+08   -9.2011056419e+02    3.3955733571e+03    2.3974036294e+03    2.2778120000e+20    1.9085218451e-05    0.0000000000e+00    1.0000000000e+00    0.0000000000e+00
   -3.9681866034e+05   -1.4420021587e+08   -2.4761236597e+08   -8.9223100637e+01   -3.4255028987e+03   -5.8932237943e+03    2.2778120000e+20    1.9085218451e-05    0.0000000000e+00    1.0000000000e+00    0.0000000000e+00
   -2.1148447584e+07    2.6803306976e+08   -7.1297450238e+07   -3.2120823425e+02    7.6516297595e+03   -1.0412240022e+03    2.2778120000e+20    1.9085218451e-05    0.0000000000e+00    1.0000000000e+00    0.0000000000e+00
   -9.5729799187e+06    1.0511430110e+08    1.8624792359e+07   -2.6550702234e+02    3.1681244560e+03    4.1774500001e+02    2.2694200000e+20    1.9014903977e-05    0.0000000000e+00    1.0000000000e+00    0.0000000000e+00
   -7.5331098387e+07   -6.9831973387e+07    4.2042381532e+07   -1.8667194963e+03   -1.4605028446e+03    1.0216550851e+03    2.2694200000e+20    1.9014903977e-05    0.0000000000e+00    1.0000000000e+00    0.0000000000e+00
   -2.8824301785e+07   -6.9635376900e+08   -4.2359593869e+06   -1.2218922172e+03   -1.8242606206e+04    1.6076376776e+01    2.2691180000e+20    1.9012373594e-05    0.0000000000e+00    1.0000000000e+00    0.0000000000e+00
    1.0662025118e+08   -1.3484390204e+08   -5.8561001774e+07    2.4895421169e+03   -3.1669717636e+03   -1.3853238222e+03    2.2610190000e+20    1.8944514094e-05    0.0000000000e+00    1.0000000000e+00    0.0000000000e+00
   -3.1290514732e+07    2.7292695614e+08   -4.4919906460e+07   -4.0242644359e+02    7.9341529029e+03   -5.7876340227e+02    2.2610190000e+20    1.8944514094e-05    0.0000000000e+00    1.0000000000e+00    0.0000000000e+00
   -4.1526622107e+07   -2.2014545218e+08    1.2698158330e+08   -1.0798866342e+03   -5.3205641439e+03    3.0080258646e+03    2.2526110000e+20    1.8874065559e-05    0.0000000000e+00    1.0000000000e+00    0.0000000000e+00
   -2.8350883194e+07    2.4600928663e+08    3.3523913255e+07   -4.5897171241e+02    7.1994203236e+03    5.3285193898e+02    2.2526110000e+20    1.8874065559e-05    0.0000000000e+00    1.0000000000e+00    0.0000000000e+00
   -7.0958457789e+07   -2.8835255663e+08    3.7699953215e+07   -1.8317677610e+03   -7.0649920998e+03    8.7943551218e+02    2.2506030000e+20    1.8857241028e-05    0.0000000000e+00    1.0000000000e+00    0.0000000000e+00
    2.3062598587e+07   -4.6862076613e+08   -2.6582589526e+07    4.0464561350e+02   -1.1718783851e+04   -5.9251937420e+02    2.2413510000e+20    1.8779720829e-05    0.0000000000e+00    1.0000000000e+00    0.0000000000e+00
    6.2890254842e+06    2.9622352543e+08   -4.2928434073e+07    2.6818903642e+02    8.8884815059e+03   -2.5304947174e+02    2.2357690000e+20    1.8732950643e-05    0.0000000000e+00    1.0000000000e+00    0.0000000000e+00
   -6.7607831714e+06    5.3879141047e+07   -1.2637312194e+08   -2.2461870869e+02    1.7092327505e+03   -2.9009307943e+03    2.2357690000e+20    1.8732950643e-05    0.0000000000e+00    1.0000000000e+00    0.0000000000e+00
   -1.9670216169e+07   -3.8635413807e+08    6.4038955548e+07   -5.8989719865e+02   -9.5759400690e+03    1.4960907353e+03    2.2228580000e+20    1.8624772595e-05    0.0000000000e+00    1.0000000000e+00    0.0000000000e+00
    4.4248048846e+06   -3.0667411853e+08    1.0733938955e+08    3.3542888014e+00   -7.5143781837e+03    2.4894517662e+03    2.2228580000e+20    1.8624772595e-05    0.0000000000e+00    1.0000000000e+00    0.0000000000e+00
   -3.6334621812e+07   -2.8574717529e+08    3.2709439562e+07   -9.8939649096e+02   -7.0050868053e+03    7.9029184816e+02    2.2228580000e+20    1.8624772595e-05    0.0000000000e+00    1.0000000000e+00    0.0000000000e+00
    1.3366076603e+08   -3.0826868379e+08    8.8718027832e+07    3.1408367575e+03   -7.5808829720e+03    2.1359619926e+03    2.2228580000e+20    1.8624772595e-05    0.0000000000e+00    1.0000000000e+00    0.0000000000e+00
   -8.9613533006e+07   -2.3175570157e+08    2.1247856538e+08   -2.2672161668e+03   -5.6208998334e+03    5.0702679144e+03    2.2228580000e+20    1.8624772595e-05    0.0000000000e+00    1.0000000000e+00    0.0000000000e+00
   -1.3912504679e+08   -4.7501536459e+08    6.3770676999e+07   -3.4102618706e+03   -1.1827218397e+04    1.4908160491e+03    2.2188900000e+20    1.8591525713e-05    0.0000000000e+00    1.0000000000e+00    0.0000000000e+00
   -9.0825812983e+07   -2.4139759558e+08    2.0203841521e+07   -2.2709896545e+03   -5.8547500696e+03    4.6352035789e+02    2.2188900000e+20    1.8591525713e-05    0.0000000000e+00    1.0000000000e+00    0.0000000000e+00
   -1.1432014261e+08   -1.8496981289e+08    1.9721764338e+07   -2.8391551725e+03   -4.4054034330e+03    4.8729477081e+02    2.2188900000e+20    1.8591525713e-05    0.0000000000e+00    1.0000000000e+00    0.0000000000e+00
    1.2049399975e+07    2.6240908231e+08    1.7198045292e+07    2.9728766782e+02    7.9229425596e+03    1.8908838864e+02    2.2188900000e+20    1.8591525713e-05    0.0000000000e+00    1.0000000000e+00    0.0000000000e+00
    3.6001710839e+07    2.6190505160e+07   -1.5278037140e+08    8.0182488186e+02    9.7754490306e+02   -3.5920675898e+03    2.2188900000e+20    1.8591525713e-05    0.0000000000e+00    1.0000000000e+00    0.0000000000e+00
    1.9768809684e+08    2.7687834923e+08   -2.1343384374e+08    4.4742716064e+03    6.9958531853e+03   -4.7815911922e+03    2.2188900000e+20    1.8591525713e-05    0.0000000000e+00    1.0000000000e+00    0.0000000000e+00
   -8.6210106683e+07   -7.2548725255e+08   -3.9364326489e+06   -1.7513742976e+03   -1.9687157141e+04    7.4028713257e+01    2.2043750000e+20    1.8469908150e-05    0.0000000000e+00    1.0000000000e+00    0.0000000000e+00
   -1.5894887070e+06   -1.1230911827e+08    1.7200676196e+08   -1.1193635170e+02   -2.5938204070e+03    4.0889391776e+03    2.2043750000e+20    1.8469908150e-05    0.0000000000e+00    1.0000000000e+00    0.0000000000e+00
   -7.5350756158e+06    9.0390493337e+07    3.5225127035e+07   -2.0710126466e+02    2.7617786465e+03    7.8086389513e+02    2.2019720000e+20    1.8449774012e-05    0.0000000000e+00    1.0000000000e+00    0.0000000000e+00
   -3.5606608160e+07    3.0934789049e+08    2.1127695192e+06   -4.0745729450e+01    9.2018666422e+03   -3.4720576803e+01    2.2019720000e+20    1.8449774012e-05    0.0000000000e+00    1.0000000000e+00    0.0000000000e+00
    4.1387517331e+07    2.0619343165e+08   -7.5483832627e+07    8.3343927662e+02    5.8824231592e+03   -1.3755986401e+03    2.2019720000e+20    1.8449774012e-05    0.0000000000e+00    1.0000000000e+00    0.0000000000e+00
   -6.0146539393e+07    3.0789958361e+07   -1.7291039536e+08   -1.5010520344e+03    1.0582655973e+03   -4.0077769486e+03    2.2019720000e+20    1.8449774012e-05    0.0000000000e+00    1.0000000000e+00    0.0000000000e+00
   -6.4159635510e+07   -4.2030001928e+08    8.8276605571e+07   -1.6664633925e+03   -1.0436683423e+04    2.0220085961e+03    2.1951360000e+20    1.8392496874e-05    0.0000000000e+00    1.0000000000e+00    0.0000000000e+00
   -2.8295105322e+07   -2.3930062977e+08    3.1398108528e+08   -7.8502057180e+02   -5.8032480552e+03    7.5296259603e+03    2.1951360000e+20    1.8392496874e-05    0.0000000000e+00    1.0000000000e+00    0.0000000000e+00
    8.7078199184e+07   -4.0369618383e+08   -1.0023986463e+08    1.9916814831e+03   -9.9897227089e+03   -2.3249649931e+03    2.1951360000e+20    1.8392496874e-05    0.0000000000e+00    1.0000000000e+00    0.0000000000e+00
    8.1886935650e+07   -1.7758423695e+07   -1.0466663131e+08    1.8836769753e+03   -1.5189649984e+02   -2.4497102754e+03    2.1951360000e+20    1.8392496874e-05    0.0000000000e+00    1.0000000000e+00    0.0000000000e+00
   -7.4047677627e+07   -5.3874218294e+08   -2.1704776221e+08   -1.8883101903e+03   -1.3336519134e+04   -5.0302352310e+03    2.1951360000e+20    1.8392496874e-05    0.0000000000e+00    1.0000000000e+00    0.0000000000e+00
    2.4936789357e+08    2.9535099926e+08    1.8970549720e+07    5.3826357008e+03    7.4606408877e+03    2.7194478826e+02    2.1934980000e+20    1.8378772481e-05    0.0000000000e+00    1.0000000000e+00    0.0000000000e+00
   -6.1698256898e+07   -2.4789384093e+08    1.1539660676e+08   -1.5638423322e+03   -6.0195749912e+03    2.7635345965e+03    2.1934980000e+20    1.8378772481e-05    0.0000000000e+00    1.0000000000e+00    0.0000000000e+00
   -2.9954398263e+08   -4.0819050944e+08   -4.3591014800e+07   -7.3398287280e+03   -1.0042821252e+04   -1.0726439645e+03    2.1934980000e+20    1.8378772481e-05    0.0000000000e+00    1.0000000000e+00    0.0000000000e+00
   -1.0472220582e+07    2.2504686456e+08    2.2328404689e+07   -1.3488807572e+02    6.6393357452e+03    4.5658748644e+02    2.1934980000e+20    1.8378772481e-05    0.0000000000e+00    1.0000000000e+00    0.0000000000e+00
    8.0615839073e+07   -4.8225945672e+08    2.4127009100e+08    1.8332872003e+03   -1.1906127679e+04    5.6953300225e+03    2.1766620000e+20    1.8237707837e-05    0.0000000000e+00    1.0000000000e+00    0.0000000000e+00
   -3.1526884310e+07   -3.7286280163e+08    2.5174138108e+08   -8.4767469925e+02   -9.1677760635e+03    6.0227125531e+03    2.1765170000e+20    1.8236492918e-05    0.0000000000e+00    1.0000000000e+00    0.0000000000e+00
   -2.2051721602e+08   -5.1328917671e+07    6.4035133376e+07   -5.3934121799e+03   -1.0218975659e+03    1.5095414458e+03    2.1765170000e+20    1.8236492918e-05    0.0000000000e+00    1.0000000000e+00    0.0000000000e+00
   -4.4019512929e+07    2.2725714524e+08   -3.4756008023e+07   -8.3790325870e+02    6.5723758158e+03   -5.9231678923e+02    2.1765170000e+20    1.8236492918e-05    0.0000000000e+00    1.0000000000e+00    0.0000000000e+00
   -2.1956463347e+06    2.2418855961e+08    1.5006891611e+08   -1.0246433200e+02    6.0723422758e+03    3.0662011803e+03    2.1680090000e+20    1.8165206509e-05    0.0000000000e+00    1.0000000000e+00    0.0000000000e+00
   -2.2486060504e+08   -2.6085548709e+07    1.0413616480e+06   -5.4938758385e+03   -3.8577931134e+02    2.9200968719e+01    2.1680090000e+20    1.8165206509e-05    0.0000000000e+00    1.0000000000e+00    0.0000000000e+00
   -2.6757375743e+06   -6.2626991078e+08    4.2438563443e+07   -3.2576875719e+02   -1.5947471842e+04    8.4334493350e+02    2.1674250000e+20    1.8160313319e-05    0.0000000000e+00    1.0000000000e+00    0.0000000000e+00
   -5.7359547921e+05   -4.7221237398e+08   -1.0468261771e+07   -1.3970149152e+02   -1.1811921090e+04   -2.6037436042e+02    2.1674250000e+20    1.8160313319e-05    0.0000000000e+00    1.0000000000e+00    0.0000000000e+00
    1.4701707056e+08   -3.6527115501e+08    1.6103895760e+08    3.4722066115e+03   -9.0204962715e+03    3.8676214079e+03    2.1674250000e+20    1.8160313319e-05    0.0000000000e+00    1.0000000000e+00    0.0000000000e+00
   -1.7875254731e+08   -5.7170551571e+08    2.6103516313e+08   -4.4053773302e+03   -1.4086203317e+04    6.1311911050e+03    2.1674250000e+20    1.8160313319e-05    0.0000000000e+00    1.0000000000e+00    0.0000000000e+00
   -2.6432639501e+07   -2.3632283735e+08   -6.7918504606e+07   -7.3870460521e+02   -5.7270024378e+03   -1.6327063905e+03    2.1674250000e+20    1.8160313319e-05    0.0000000000e+00    1.0000000000e+00    0.0000000000e+00
    1.2231932126e+08   -3.3362794379e+08   -2.4353838902e+08    2.8692984300e+03   -8.1969360742e+03   -5.8376415801e+03    2.1674250000e+20    1.8160313319e-05    0.0000000000e+00    1.0000000000e+00    0.0000000000e+00
   -1.2404570600e+08   -8.2043610106e+08    3.5262713008e+06   -1.6644777995e+03   -1.8879645547e+04   -5.7351068290e+01    2.1674250000e+20    1.8160313319e-05    0.0000000000e+00    1.0000000000e+00    0.0000000000e+00
   -1.0085789989e+08   -5.7724670328e+08   -1.3577048579e+08   -2.5254179812e+03   -1.4443824098e+04   -3.0326119878e+03    2.1674250000e+20    1.8160313319e-05    0.0000000000e+00    1.0000000000e+00    0.0000000000e+00
   -1.1880031979e+07   -3.9614009813e+07   -1.6532052680e+08   -3.7354181007e+02   -7.4005304244e+02   -3.8742477992e+03    2.1674250000e+20    1.8160313319e-05    0.0000000000e+00    1.0000000000e+00    0.0000000000e+00
   -7.2969448094e+07   -4.3169697362e+08   -6.9454274650e+07   -1.8648206849e+03   -1.0735599773e+04   -1.5651677950e+03    2.1674250000e+20    1.8160313319e-05    0.0000000000e+00    1.0000000000e+00    0.0000000000e+00
   -5.5230947453e+07   -7.3847240051e+08   -1.5182655333e+07   -2.0018211798e+03   -1.9955752239e+04    6.9036313000e+02    2.1674250000e+20    1.8160313319e-05    0.0000000000e+00    1.0000000000e+00    0.0000000000e+00
    6.5722681157e+07    3.3676283732e+08    7.5758548856e+07    8.0172760581e+02    9.2469148920e+03    3.1129434949e+02    2.1594890000e+20    1.8093819555e-05    0.0000000000e+00    1.0000000000e+00    0.0000000000e+00
   -1.0577212942e+08   -4.2092592988e+07    3.8535472454e+07   -2.5978488956e+03   -7.6162723543e+02    8.6703601785e+02    2.1594890000e+20    1.8093819555e-05    0.0000000000e+00    1.0000000000e+00    0.0000000000e+00
    2.7003562183e+08    3.3326611004e+08   -1.6325101329e+07    5.8584883443e+03    8.1726449874e+03   -3.9612883884e+02    2.1594890000e+20    1.8093819555e-05    0.0000000000e+00    1.0000000000e+00    0.0000000000e+00
   -2.8728169499e+07   -6.9660101642e+08    2.9590024064e+07   -1.1637043360e+03   -1.8080654528e+04    1.6853429769e+02    2.1581880000e+20    1.8082918800e-05    0.0000000000e+00    1.0000000000e+00    0.0000000000e+00
   -8.3924745671e+07   -3.6595628222e+08    5.6150017100e+07   -2.1416628059e+03   -9.0383710773e+03    1.2732732298e+03    2.1489500000e+20    1.8005515903e-05    0.0000000000e+00    1.0000000000e+00    0.0000000000e+00
    1.5880968468e+07   -4.7029490995e+08    1.4293849838e+08    2.5272627985e+02   -1.1681439723e+04    3.3006708431e+03    2.1489500000e+20    1.8005515903e-05    0.0000000000e+00    1.0000000000e+00    0.0000000000e+00
   -1.6319797354e+07   -6.4972276059e+08    2.0386368715e+08   -5.4372857198e+02   -1.6083465673e+04    4.5578285211e+03    2.1489500000e+20    1.8005515903e-05    0.0000000000e+00    1.0000000000e+00    0.0000000000e+00
    1.3449487619e+08   -4.6147594986e+08    1.4859907704e+07    3.1136369687e+03   -1.1487302092e+04    3.7334227978e+02    2.1489500000e+20    1.8005515903e-05    0.0000000000e+00    1.0000000000e+00    0.0000000000e+00
   -2.1443051083e+08   -7.7282729866e+08    3.0389004655e+07   -4.5774468155e+03   -1.8825233129e+04    4.7747108921e+02    2.1489500000e+20    1.8005515903e-05    0.0000000000e+00    1.0000000000e+00    0.0000000000e+00
   -6.9514693520e+07    2.3047348353e+08   -2.0010295920e+08   -1.6382404147e+03    6.0337916658e+03   -4.3410584531e+03    2.1424130000e+20    1.7950744011e-05    0.0000000000e+00    1.0000000000e+00    0.0000000000e+00
   -1.0474251716e+08   -6.9404327474e+08    1.0739032844e+08   -2.4191629484e+03   -1.7476081331e+04    1.9829763056e+03    2.1338550000e+20    1.7879038664e-05    0.0000000000e+00    1.0000000000e+00    0.0000000000e+00
    1.2744393686e+06   -5.4103827176e+08   -6.2560232075e+07   -1.4750272897e+02   -1.3604355683e+04   -1.4018156314e+03    2.1304690000e+20    1.7850668215e-05    0.0000000000e+00    1.0000000000e+00    0.0000000000e+00
    7.8517169692e+07    1.7237047393e+08    5.5982537753e+07    1.6293661861e+03    4.9390072536e+03    1.1841247004e+03    2.1304690000e+20    1.7850668215e-05    0.0000000000e+00    1.0000000000e+00    0.0000000000e+00
   -2.3783141107e+07    2.7888200352e+08    3.2152714834e+07   -2.0998638307e+02    8.2061518522e+03    2.3244259504e+02    2.1166980000e+20    1.7735284442e-05    0.0000000000e+00    1.0000000000e+00    0.0000000000e+00
   -1.4891267045e+08   -3.0655067371e+08    1.9953874182e+08   -3.7011449434e+03   -7.4959965860e+03    4.8044705021e+03    2.1166980000e+20    1.7735284442e-05    0.0000000000e+00    1.0000000000e+00    0.0000000000e+00
   -3.2838356460e+08   -3.8991864781e+08    2.2386486566e+07   -8.0422581932e+03   -9.5582177531e+03    5.3759900835e+02    2.1166980000e+20    1.7735284442e-05    0.0000000000e+00    1.0000000000e+00    0.0000000000e+00
    1.5239517528e+08    1.0605258440e+08    1.1115674829e+08    3.4780517863e+03    2.9862233753e+03    2.5159287332e+03    2.1166980000e+20    1.7735284442e-05    0.0000000000e+00    1.0000000000e+00    0.0000000000e+00
   -1.3025524541e+07   -2.2897314886e+08    8.1774430036e+07   -3.8475791541e+02   -5.5516733959e+03    1.9501670532e+03    2.1166980000e+20    1.7735284442e-05    0.0000000000e+00    1.0000000000e+00    0.0000000000e+00
   -1.3504223037e+08   -3.8197443745e+08   -2.9282940572e+07   -3.3208970548e+03   -9.4255465353e+03   -6.7800103746e+02    2.1166980000e+20    1.7735284442e-05    0.0000000000e+00    1.0000000000e+00    0.0000000000e+00
   -4.6683867978e+07    9.4070768630e+07   -1.2992319531e+07   -1.1072539042e+03    2.8576641859e+03   -2.6034216631e+02    2.1166980000e+20    1.7735284442e-05    0.0000000000e+00    1.0000000000e+00    0.0000000000e+00
    5.8070265516e+06    3.6548947537e+08   -3.9359873688e+06    2.4006441109e+03    1.2249542508e+04    4.0228239044e+02    2.1166980000e+20    1.7735284442e-05    0.0000000000e+00    1.0000000000e+00    0.0000000000e+00
    1.4422083624e+08    3.2840948582e+08   -1.0193421137e+07    2.1083810364e+03    8.6203585296e+03   -3.7515640234e+01    2.1166980000e+20    1.7735284442e-05    0.0000000000e+00    1.0000000000e+00    0.0000000000e+00
    1.8173593848e+08   -2.7370203647e+08    1.1820471965e+08    4.3182991615e+03   -6.7030725024e+03    2.7958772201e+03    2.1119790000e+20    1.7695745118e-05    0.0000000000e+00    1.0000000000e+00    0.0000000000e+00
   -2.3983247207e+08   -7.0600482148e+08    1.1826573043e+08   -5.6421758668e+03   -1.7420132680e+04    2.5329183407e+03    2.1119790000e+20    1.7695745118e-05    0.0000000000e+00    1.0000000000e+00    0.0000000000e+00
    1.3547534216e+08   -4.3332492561e+07    4.4371899098e+07    3.1437990972e+03   -8.3734859565e+02    1.0377312286e+03    2.1119790000e+20    1.7695745118e-05    0.0000000000e+00    1.0000000000e+00    0.0000000000e+00
   -1.8212998404e+08   -2.2985584036e+08    3.5473611867e+08   -4.5215187615e+03   -5.5783468815e+03    8.5565022381e+03    2.1119790000e+20    1.7695745118e-05    0.0000000000e+00    1.0000000000e+00    0.0000000000e+00
    1.5700211209e+08   -1.7415437908e+08   -1.6947541286e+08    3.7252179764e+03   -4.1843395679e+03   -4.0057861163e+03    2.1119790000e+20    1.7695745118e-05    0.0000000000e+00    1.0000000000e+00    0.0000000000e+00
   -1.4141988507e+07   -2.5034783133e+08   -2.8094904110e+08   -4.2078828423e+02   -6.0824069351e+03   -6.7473307977e+03    2.1119790000e+20    1.7695745118e-05    0.0000000000e+00    1.0000000000e+00    0.0000000000e+00
    5.3885154065e+06   -5.1720930425e+08    2.6232631815e+08    3.6653950544e+01   -1.2760345049e+04    6.1891561176e+03    2.0994830000e+20    1.7591044252e-05    0.0000000000e+00    1.0000000000e+00    0.0000000000e+00
   -2.1033420123e+08   -1.4996380985e+08    2.2826148122e+08   -5.1881778681e+03   -3.5466425446e+03    5.4511199167e+03    2.0994830000e+20    1.7591044252e-05    0.0000000000e+00    1.0000000000e+00    0.0000000000e+00
   -8.6561292350e+07    2.2476260573e+07    1.5623191372e+08   -2.1265423150e+03    8.6800395616e+02    3.6669452732e+03    2.0994830000e+20    1.7591044252e-05    0.0000000000e+00    1.0000000000e+00    0.0000000000e+00
    3.5957326104e+07    1.8932757515e+08   -2.6708550640e+07    7.0442510917e+02    5.5402414814e+03   -4.8104737514e+02    2.0994830000e+20    1.7591044252e-05    0.0000000000e+00    1.0000000000e+00    0.0000000000e+00
   -4.9220276090e+07   -1.2451473844e+07   -1.1180379878e+08   -1.2359113282e+03    2.0933412694e-02   -2.6154009652e+03    2.0994830000e+20    1.7591044252e-05    0.0000000000e+00    1.0000000000e+00    0.0000000000e+00
    1.5544053200e+08   -3.7966820068e+08   -1.0559333326e+08    3.6586636216e+03   -9.3735396228e+03   -2.4875754820e+03    2.0934740000e+20    1.7540696340e-05    0.0000000000e+00    1.0000000000e+00    0.0000000000e+00
    1.7992820368e+08   -2.3438098783e+07   -1.8420085629e+08    4.2342820002e+03   -4.0521164344e+02   -4.3562451963e+03    2.0934740000e+20    1.7540696340e-05    0.0000000000e+00    1.0000000000e+00    0.0000000000e+00
    9.0180431498e+07    1.5100575268e+08    1.4252794400e+06    1.9142040062e+03    4.3642400874e+03    7.8999109395e+01    2.0934740000e+20    1.7540696340e-05    0.0000000000e+00    1.0000000000e+00    0.0000000000e+00
   -4.1191594406e+08   -8.9456994868e+08   -3.8879208469e+06   -9.9915846693e+03   -2.1766973457e+04   -1.2999101863e+02    2.0934740000e+20    1.7540696340e-05    0.0000000000e+00    1.0000000000e+00    0.0000000000e+00
    1.8972025090e+07   -6.6626879906e+08   -1.4121434562e+08    2.0597679821e+02   -1.6600270189e+04   -2.9563735067e+03    2.0934740000e+20    1.7540696340e-05    0.0000000000e+00    1.0000000000e+00    0.0000000000e+00
   -3.3463150842e+08   -6.2834220087e+08   -1.5565751973e+08   -8.1125000435e+03   -1.5431294900e+04   -3.5945443031e+03    2.0934740000e+20    1.7540696340e-05    0.0000000000e+00    1.0000000000e+00    0.0000000000e+00
   -3.0711664296e+08   -7.0430791622e+08   -6.2505036824e+07   -7.2768883728e+03   -1.7299255609e+04   -1.3111978379e+03    2.0934740000e+20    1.7540696340e-05    0.0000000000e+00    1.0000000000e+00    0.0000000000e+00
   -5.6715018703e+07   -7.6375844794e+08    2.2766892503e+08   -1.4534252983e+03   -1.8760431889e+04    5.0724468192e+03    2.0822080000e+20    1.7446301337e-05    0.0000000000e+00    1.0000000000e+00    0.0000000000e+00
   -1.9617718002e+08   -4.6105985304e+08    3.1353587291e+08   -4.8537666993e+03   -1.1333574005e+04    7.5571499872e+03    2.0822080000e+20    1.7446301337e-05    0.0000000000e+00    1.0000000000e+00    0.0000000000e+00
    9.4328666618e+07    9.9133830398e+07   -9.5992968961e+07    2.1046220456e+03    2.8807445946e+03   -2.1713938379e+03    2.0822080000e+20    1.7446301337e-05    0.0000000000e+00    1.0000000000e+00    0.0000000000e+00
   -6.0418594943e+07   -8.4534374562e+06   -1.5131450924e+08   -1.5013952722e+03    7.7673492354e+01   -3.5298646504e+03    2.0822080000e+20    1.7446301337e-05    0.0000000000e+00    1.0000000000e+00    0.0000000000e+00
   -2.0215021269e+08   -4.9435027498e+08   -1.6565339723e+08   -4.9307471243e+03   -1.2215451050e+04   -3.9210334419e+03    2.0735450000e+20    1.7373716221e-05    0.0000000000e+00    1.0000000000e+00    0.0000000000e+00
    9.8161974256e+07    1.7037105536e+08   -2.4106903504e+08    2.2233517294e+03    4.4776729246e+03   -5.5370863628e+03    2.0735450000e+20    1.7373716221e-05    0.0000000000e+00    1.0000000000e+00    0.0000000000e+00
   -1.0285384890e+08   -4.5467700712e+07   -2.7408207920e+08   -2.5610851494e+03   -9.2946021005e+02   -6.5266024671e+03    2.0735450000e+20    1.7373716221e-05    0.0000000000e+00    1.0000000000e+00    0.0000000000e+00
    2.0265873515e+07   -5.5529931079e+08    5.7031198436e+07    2.9310675095e+02   -1.3968620163e+04    1.2462775837e+03    2.0656790000e+20    1.7307808969e-05    0.0000000000e+00    1.0000000000e+00    0.0000000000e+00
    7.5204136582e+07   -3.3102251841e+08    1.5339692723e+08    1.7181592630e+03   -8.1487126264e+03    3.6313506200e+03    2.0656790000e+20    1.7307808969e-05    0.0000000000e+00    1.0000000000e+00    0.0000000000e+00
    1.9323075806e+08   -2.4972767666e+08    1.5295278499e+07    4.5809929854e+03   -6.1138787747e+03    4.0263781818e+02    2.0656790000e+20    1.7307808969e-05    0.0000000000e+00    1.0000000000e+00    0.0000000000e+00
    1.1062549976e+08    2.6667122287e+08    2.9934351125e+07    1.8831920880e+03    7.5268723214e+03    5.4610102192e+02    2.0656790000e+20    1.7307808969e-05    0.0000000000e+00    1.0000000000e+00    0.0000000000e+00
   -7.4784890781e+07   -4.3942852903e+08    1.6536699057e+08   -1.8913705936e+03   -1.0878845539e+04    3.8926413004e+03    2.0656790000e+20    1.7307808969e-05    0.0000000000e+00    1.0000000000e+00    0.0000000000e+00
   -2.7699977660e+07    2.7687478194e+08    1.6063880992e+08   -6.3551847957e+02    7.2517951310e+03    3.0940958646e+03    2.0648660000e+20    1.7300997045e-05    0.0000000000e+00    1.0000000000e+00    0.0000000000e+00
    1.0965938789e+06    3.3645244450e+08    3.8668588346e+07    6.8092309258e+02    1.0140339938e+04   -5.6058500944e+02    2.0648660000e+20    1.7300997045e-05    0.0000000000e+00    1.0000000000e+00    0.0000000000e+00
    2.9154871002e+08    3.4264618150e+08   -2.5091795493e+07    6.4543239706e+03    8.3678497292e+03   -5.2296408284e+02    2.0648660000e+20    1.7300997045e-05    0.0000000000e+00    1.0000000000e+00    0.0000000000e+00
    9.8655322976e+07    1.1987367786e+08   -1.3429680396e+08    2.1904870816e+03    3.3570681733e+03   -2.9792914288e+03    2.0564020000e+20    1.7230079301e-05    0.0000000000e+00    1.0000000000e+00    0.0000000000e+00
    3.2035345322e+07   -9.4171554514e+07   -1.1616670812e+08    7.0998329157e+02   -2.1044825825e+03   -2.7789094689e+03    2.0564020000e+20    1.7230079301e-05    0.0000000000e+00    1.0000000000e+00    0.0000000000e+00
   -1.7134313599e+07   -4.1804981185e+08   -2.6473015738e+08   -5.2657695244e+02   -1.0297051890e+04   -6.2719683077e+03    2.0564020000e+20    1.7230079301e-05    0.0000000000e+00    1.0000000000e+00    0.0000000000e+00
   -2.2892931058e+08   -7.9203189303e+08   -5.7096175024e+07   -5.0848286650e+03   -1.9277624525e+04   -1.0954246854e+03    2.0564020000e+20    1.7230079301e-05    0.0000000000e+00    1.0000000000e+00    0.0000000000e+00
   -2.4650797603e+08    9.5963133804e+07    2.0131514578e+08   -5.9939427219e+03    2.6063582593e+03    4.6905584666e+03    2.0474560000e+20    1.7155122999e-05    0.0000000000e+00    1.0000000000e+00    0.0000000000e+00
   -2.4544209496e+08   -1.2776504504e+08    1.6337225094e+08   -6.0341505653e+03   -2.9771273443e+03    3.8778681334e+03    2.0474560000e+20    1.7155122999e-05    0.0000000000e+00    1.0000000000e+00    0.0000000000e+00
    4.0781088566e+07    1.9417888078e+08    1.0964555411e+08    8.3217216085e+02    5.4483418657e+03    2.2283713220e+03    2.0474560000e+20    1.7155122999e-05    0.0000000000e+00    1.0000000000e+00    0.0000000000e+00
   -8.8977685968e+07   -4.5738038216e+08    1.8160221004e+08   -2.2106467849e+03   -1.1318753691e+04    4.3469281314e+03    2.0474560000e+20    1.7155122999e-05    0.0000000000e+00    1.0000000000e+00    0.0000000000e+00
    3.7128998483e+08    3.3630940029e+08   -2.7156903159e+07    8.6167295588e+03    8.2215812872e+03   -6.2875565562e+02    2.0474560000e+20    1.7155122999e-05    0.0000000000e+00    1.0000000000e+00    0.0000000000e+00
   -6.9562431196e+07    2.1791082951e+08   -6.0033313844e+07   -1.4634531858e+03    6.1478108611e+03   -1.0927802362e+03    2.0474560000e+20    1.7155122999e-05    0.0000000000e+00    1.0000000000e+00    0.0000000000e+00
   -8.8373762124e+06   -6.8758356322e+08    2.4045937153e+07   -7.5223254143e+02   -1.7742351981e+04    2.5103307764e+02    2.0471180000e+20    1.7152290981e-05    0.0000000000e+00    1.0000000000e+00    0.0000000000e+00
    5.8691400639e+07   -1.2399866971e+08    3.5357020141e+07    1.3369273855e+03   -2.8726527274e+03    8.4372970516e+02    2.0471180000e+20    1.7152290981e-05    0.0000000000e+00    1.0000000000e+00    0.0000000000e+00
   -1.2009650579e+08   -7.4842584184e+08   -1.7631425264e+08   -2.8628232127e+03   -1.8390735437e+04   -3.6840552612e+03    2.0471180000e+20    1.7152290981e-05    0.0000000000e+00    1.0000000000e+00    0.0000000000e+00
    4.3474424764e+07   -6.3016199265e+08   -4.7629154913e+07    7.0954161971e+02   -1.5931911940e+04   -9.5769236803e+02    2.0378250000e+20    1.7074427253e-05    0.0000000000e+00    1.0000000000e+00    0.0000000000e+00
    2.2902636669e+08   -6.6768144613e+07   -9.7783466933e+07    5.4467174746e+03   -1.4929712935e+03   -2.3153367916e+03    2.0378250000e+20    1.7074427253e-05    0.0000000000e+00    1.0000000000e+00    0.0000000000e+00
    1.5107342658e+08   -4.3430295803e+07   -4.6007513881e+07    3.5432432983e+03   -8.3210714252e+02   -1.1077926340e+03    2.0378250000e+20    1.7074427253e-05    0.0000000000e+00    1.0000000000e+00    0.0000000000e+00
   -1.6949131333e+08   -6.8442552239e+08   -2.6492649618e+08   -4.1321469126e+03   -1.6826040012e+04   -6.1434284753e+03    2.0378250000e+20    1.7074427253e-05    0.0000000000e+00    1.0000000000e+00    0.0000000000e+00
   -2.8695882912e+08   -7.2572775613e+08   -1.0913737907e+08   -6.7821868156e+03   -1.7771964184e+04   -2.4100190646e+03    2.0378250000e+20    1.7074427253e-05    0.0000000000e+00    1.0000000000e+00    0.0000000000e+00
    6.5206666897e+07   -4.0071028515e+08    1.9779229978e+08    1.4625249692e+03   -9.8983171457e+03    4.6829691941e+03    2.0192150000e+20    1.6918498706e-05    0.0000000000e+00    1.0000000000e+00    0.0000000000e+00
    8.1942094567e+07    2.1027858888e+08   -6.9591974111e+07    1.6014638222e+03    5.9301878426e+03   -1.3503956756e+03    2.0192150000e+20    1.6918498706e-05    0.0000000000e+00    1.0000000000e+00    0.0000000000e+00
   -4.0528268577e+08   -7.3337105465e+08    9.9955778914e+07   -9.8029800298e+03   -1.7893631877e+04    2.3305464265e+03    2.0192150000e+20    1.6918498706e-05    0.0000000000e+00    1.0000000000e+00    0.0000000000e+00
   -8.5004606267e+05   -7.1732936047e+08   -1.0358277979e+08   -4.1327583776e+02   -1.7910924388e+04   -1.7610373211e+03    2.0192150000e+20    1.6918498706e-05    0.0000000000e+00    1.0000000000e+00    0.0000000000e+00
    2.3167819341e+08    3.3460968204e+08    5.8050309935e+07    4.8565520066e+03    8.3541382470e+03    1.1358418658e+03    2.0124090000e+20    1.6861472930e-05    0.0000000000e+00    1.0000000000e+00    0.0000000000e+00
   -8.4922665513e+07    7.0652027344e+07   -6.4360193736e+07   -2.0390265706e+03    2.1854965671e+03   -1.4624065686e+03    2.0124090000e+20    1.6861472930e-05    0.0000000000e+00    1.0000000000e+00    0.0000000000e+00
    4.6784601381e+07    3.5336336756e+08   -2.7771516581e+07   -2.1573814617e+02    1.1161536046e+04    1.5091620718e+03    2.0124090000e+20    1.6861472930e-05    0.0000000000e+00    1.0000000000e+00    0.0000000000e+00
   -3.3602491419e+07    2.9687913353e+08   -5.6176796971e+07   -3.3815622524e+02    8.4691638437e+03   -5.1599671347e+02    2.0124090000e+20    1.6861472930e-05    0.0000000000e+00    1.0000000000e+00    0.0000000000e+00
    1.0783015761e+08   -1.1000923450e+08    3.9369670087e+07    2.5067187968e+03   -2.5337994899e+03    8.9670120132e+02    2.0005650000e+20    1.6762235009e-05    0.0000000000e+00    1.0000000000e+00    0.0000000000e+00
    2.5417246332e+08   -2.3393766516e+08   -3.4511405153e+07    6.0900152152e+03   -5.7198936909e+03   -8.5758147725e+02    2.0005650000e+20    1.6762235009e-05    0.0000000000e+00    1.0000000000e+00    0.0000000000e+00
    1.9696358254e+08    2.8611842076e+08    2.0887989852e+07    3.9778159496e+03    7.4613472663e+03    3.7870204940e+02    2.0005650000e+20    1.6762235009e-05    0.0000000000e+00    1.0000000000e+00    0.0000000000e+00
   -8.3297854192e+06   -6.0124147358e+08    1.8337576849e+07   -4.3002221930e+02   -1.5296637073e+04    4.4185796124e+02    2.0005650000e+20    1.6762235009e-05    0.0000000000e+00    1.0000000000e+00    0.0000000000e+00
    7.0126188056e+07   -5.2304455368e+08   -1.3767760346e+08    1.5296227637e+03   -1.3017993239e+04   -3.1627115208e+03    2.0005650000e+20    1.6762235009e-05    0.0000000000e+00    1.0000000000e+00    0.0000000000e+00
    9.9242263296e+07   -4.4389261904e+07   -3.1149983051e+08    2.3158552126e+03   -9.5280940553e+02   -7.4418244293e+03    2.0005650000e+20    1.6762235009e-05    0.0000000000e+00    1.0000000000e+00    0.0000000000e+00
   -8.6654446144e+07   -4.4265131466e+08   -1.7424832647e+08   -2.1677823857e+03   -1.0957011830e+04   -4.1055695958e+03    2.0005650000e+20    1.6762235009e-05    0.0000000000e+00    1.0000000000e+00    0.0000000000e+00
   -1.0852389490e+08   -4.1669813172e+08   -1.9196984178e+08   -2.6932247309e+03   -1.0291611083e+04   -4.5902857503e+03    1.9947640000e+20    1.6713629877e-05    0.0000000000e+00    1.0000000000e+00    0.0000000000e+00
   -1.1495726210e+08   -5.4919896280e+08   -2.5212137396e+08   -2.8608805346e+03   -1.3547642482e+04   -5.9611085620e+03    1.9947640000e+20    1.6713629877e-05    0.0000000000e+00    1.0000000000e+00    0.0000000000e+00
   -5.0046045982e+07    3.0727798511e+08    2.2305621016e+07   -4.2093765875e+02    8.8771553395e+03    7.2332896681e+01    1.9859090000e+20    1.6639436041e-05    0.0000000000e+00    1.0000000000e+00    0.0000000000e+00
   -1.1210927474e+06   -1.1502262618e+08    3.6232113249e+07   -1.3461403853e+02   -2.6477500839e+03    8.1962121016e+02    1.9859090000e+20    1.6639436041e-05    0.0000000000e+00    1.0000000000e+00    0.0000000000e+00
   -2.5278460172e+08   -1.4509324708e+08   -5.5322459950e+07   -6.2074295578e+03   -3.4085465791e+03   -1.2927848223e+03    1.9859090000e+20    1.6639436041e-05    0.0000000000e+00    1.0000000000e+00    0.0000000000e+00
    4.5884550304e+06   -4.2737499980e+06   -2.9262253233e+08    3.0052924876e+01    8.5773014953e+01   -6.9390868061e+03    1.9859090000e+20    1.6639436041e-05    0.0000000000e+00    1.0000000000e+00    0.0000000000e+00
    1.0895248430e+08    2.8498786957e+08   -1.7964043539e+08    2.2929273633e+03    7.3241135691e+03   -3.6736229398e+03    1.9859090000e+20    1.6639436041e-05    0.0000000000e+00    1.0000000000e+00    0.0000000000e+00
    8.7377731845e+07   -5.6863450127e+08    7.3165813561e+07    1.8869735312e+03   -1.4212467151e+04    1.5852531689e+03    1.9818690000e+20    1.6605585889e-05    0.0000000000e+00    1.0000000000e+00    0.0000000000e+00
    6.3820049955e+07   -5.1985555880e+08    2.2648059969e+08    1.4179231111e+03   -1.2874865884e+04    5.3387328652e+03    1.9818690000e+20    1.6605585889e-05    0.0000000000e+00    1.0000000000e+00    0.0000000000e+00
   -3.0744621997e+07   -5.8058889406e+08    1.3165864863e+08   -8.6355189316e+02   -1.4529402489e+04    2.8949672463e+03    1.9770300000e+20    1.6565041116e-05    0.0000000000e+00    1.0000000000e+00    0.0000000000e+00
   -4.1159117602e+08   -3.7108650703e+08    8.4615117535e+07   -1.0118336632e+04   -9.0770425005e+03    2.0089148674e+03    1.9770300000e+20    1.6565041116e-05    0.0000000000e+00    1.0000000000e+00    0.0000000000e+00
    8.2797630833e+07    2.6816817751e+08    2.2718769200e+07    1.3194539238e+03    7.8359257693e+03    3.8247890324e+02    1.9770300000e+20    1.6565041116e-05    0.0000000000e+00    1.0000000000e+00    0.0000000000e+00
   -1.5752638189e+08    4.0220879756e+07   -8.6739546859e+07   -3.8081086826e+03    1.3280529962e+03   -1.9742371135e+03    1.9770300000e+20    1.6565041116e-05    0.0000000000e+00    1.0000000000e+00    0.0000000000e+00
   -1.1537073288e+07   -6.1427168757e+08    2.9270679471e+07   -5.3427997895e+02   -1.5650880945e+04    5.9406040265e+02    1.9725030000e+20    1.6527110512e-05    0.0000000000e+00    1.0000000000e+00    0.0000000000e+00
    1.0621511738e+08    2.4495119841e+08    7.7389290943e+07    2.0177128777e+03    6.7561977743e+03    1.4067906535e+03    1.9725030000e+20    1.6527110512e-05    0.0000000000e+00    1.0000000000e+00    0.0000000000e+00
   -3.0634605682e+08   -6.3923559336e+08    1.9819765876e+08   -7.4316103759e+03   -1.5690544964e+04    4.6049642182e+03    1.9725030000e+20    1.6527110512e-05    0.0000000000e+00    1.0000000000e+00    0.0000000000e+00
    1.8011804939e+08    9.2535756856e+07   -1.2306492158e+07    4.0937393689e+03    2.6223675677e+03   -2.7444904545e+02    1.9725030000e+20    1.6527110512e-05    0.0000000000e+00    1.0000000000e+00    0.0000000000e+00
    7.8830937135e+07   -6.7728300945e+08   -3.9458724629e+07    1.4361690049e+03   -1.7037193518e+04   -7.1587941690e+02    1.9725030000e+20    1.6527110512e-05    0.0000000000e+00    1.0000000000e+00    0.0000000000e+00
    6.3093954925e+07   -5.1052986502e+08    9.3350464877e+07    1.3630041059e+03   -1.2748431118e+04    2.1290312769e+03    1.9631230000e+20    1.6448517832e-05    0.0000000000e+00    1.0000000000e+00    0.0000000000e+00
    3.8800139218e+07   -3.0362447196e+08    3.6307267041e+08    8.5002239283e+02   -7.4247092690e+03    8.7174480422e+03    1.9631230000e+20    1.6448517832e-05    0.0000000000e+00    1.0000000000e+00    0.0000000000e+00
    1.5078134375e+05   -5.3969763314e+08    4.3579181174e+08   -8.4416707624e+01   -1.3266770497e+04    1.0485198517e+04    1.9631230000e+20    1.6448517832e-05    0.0000000000e+00    1.0000000000e+00    0.0000000000e+00
    1.9252812800e+08    1.0604704835e+08   -8.1081381585e+07    4.4052583453e+03    2.9355020496e+03   -1.8374430679e+03    1.9631230000e+20    1.6448517832e-05    0.0000000000e+00    1.0000000000e+00    0.0000000000e+00
   -6.3651935048e+06    3.7549561533e+08    8.4026973314e+06    2.5058356132e+03    1.1119957073e+04   -1.2955074081e+03    1.9592030000e+20    1.6415673130e-05    0.0000000000e+00    1.0000000000e+00    0.0000000000e+00
   -1.0812588838e+07    3.2582694512e+08    1.6466774248e+08   -2.5496748280e+02    8.3427303715e+03    2.9908596059e+03    1.9592030000e+20    1.6415673130e-05    0.0000000000e+00    1.0000000000e+00    0.0000000000e+00
   -2.2033490954e+07    1.7853048554e+08    1.4810371014e+08   -5.3853849891e+02    4.9272764628e+03    3.1922699786e+03    1.9592030000e+20    1.6415673130e-05    0.0000000000e+00    1.0000000000e+00    0.0000000000e+00
    1.7902914194e+08    2.6499250563e+08    2.3116893084e+08    4.0550968891e+03    6.6757969440e+03    5.1694814668e+03    1.9592030000e+20    1.6415673130e-05    0.0000000000e+00    1.0000000000e+00    0.0000000000e+00
   -1.1489291006e+08    3.6023482185e+07    1.4422272190e+08   -2.8001880205e+03    1.2005075537e+03    3.3352413605e+03    1.9592030000e+20    1.6415673130e-05    0.0000000000e+00    1.0000000000e+00    0.0000000000e+00
    3.4057167403e+08    4.1880316533e+08    8.8518160065e+07    7.8421810165e+03    1.0138816314e+04    1.9652068606e+03    1.9592030000e+20    1.6415673130e-05    0.0000000000e+00    1.0000000000e+00    0.0000000000e+00
   -8.6691591647e+07   -3.4293659341e+08   -1.8632363506e+07   -2.1758757411e+03   -8.4407977890e+03   -4.7580442734e+02    1.9592030000e+20    1.6415673130e-05    0.0000000000e+00    1.0000000000e+00    0.0000000000e+00
   -2.7292297670e+08   -3.5943129735e+08   -1.1948105940e+08   -6.7052811827e+03   -8.8059972965e+03   -2.8816867331e+03    1.9592030000e+20    1.6415673130e-05    0.0000000000e+00    1.0000000000e+00    0.0000000000e+00
   -4.6706005426e+07   -1.7721319529e+08    1.3025029717e+07   -1.2010850694e+03   -4.2227848408e+03    3.3261510430e+02    1.9592030000e+20    1.6415673130e-05    0.0000000000e+00    1.0000000000e+00    0.0000000000e+00
   -1.5276818072e+07    7.5758216599e+07   -1.7886476909e+08   -4.4259052922e+02    2.1929684288e+03   -4.0745755397e+03    1.9592030000e+20    1.6415673130e-05    0.0000000000e+00    1.0000000000e+00    0.0000000000e+00
    2.5564276613e+07   -1.2147965637e+08   -3.9065526068e+08    5.4642599983e+02   -2.8831799542e+03   -9.3955686819e+03    1.9592030000e+20    1.6415673130e-05    0.0000000000e+00    1.0000000000e+00    0.0000000000e+00
    2.6341460244e+08    4.5063182967e+08   -1.7470979755e+08    5.9956858654e+03    1.0967577756e+04   -3.8935267006e+03    1.9592030000e+20    1.6415673130e-05    0.0000000000e+00    1.0000000000e+00    0.0000000000e+00
   -9.3231794023e+07    1.9134676889e+08   -1.6883407238e+08   -2.1871708586e+03    5.1206993722e+03   -3.6742034753e+03    1.9592030000e+20    1.6415673130e-05    0.0000000000e+00    1.0000000000e+00    0.0000000000e+00
    7.8807568446e+07    2.3068155331e+08   -3.4751609257e+08    1.7887065396e+03    5.8017166110e+03   -8.0943557407e+03    1.9592030000e+20    1.6415673130e-05    0.0000000000e+00    1.0000000000e+00    0.0000000000e+00
    8.7293025028e+07   -5.0541375657e+08    2.9009678922e+07    1.9387195893e+03   -1.2638461405e+04    6.6649762024e+02    1.9443180000e+20    1.6290955429e-05    0.0000000000e+00    1.0000000000e+00    0.0000000000e+00
   -2.2558765170e+06   -6.0640311324e+08    1.6172403871e+07   -3.3120970067e+02   -1.5421328512e+04    3.5311894018e+02    1.9443180000e+20    1.6290955429e-05    0.0000000000e+00    1.0000000000e+00    0.0000000000e+00
    8.1102465718e+07    7.7469353863e+07    2.2064637715e+08    1.8322687082e+03    2.1670884985e+03    5.1410935699e+03    1.9443180000e+20    1.6290955429e-05    0.0000000000e+00    1.0000000000e+00    0.0000000000e+00
    1.9882531540e+08   -3.2136579882e+08    7.8931557651e+07    4.7413362703e+03   -7.9096951434e+03    1.9171931559e+03    1.9443180000e+20    1.6290955429e-05    0.0000000000e+00    1.0000000000e+00    0.0000000000e+00
    1.1875688046e+08    3.1462826299e+08   -4.7633021582e+07    1.6862706610e+03    8.5863256593e+03   -6.5607314239e+02    1.9443180000e+20    1.6290955429e-05    0.0000000000e+00    1.0000000000e+00    0.0000000000e+00
   -2.7625229634e+08   -4.0925298769e+08    4.4620428825e+08   -6.8552952869e+03   -1.0025346498e+04    1.0794390827e+04    1.9443180000e+20    1.6290955429e-05    0.0000000000e+00    1.0000000000e+00    0.0000000000e+00
    1.5429862704e+07    2.3348049019e+08    3.2704631128e+08    2.9423311189e+02    5.9317496354e+03    7.5849718312e+03    1.9412760000e+20    1.6265467270e-05    0.0000000000e+00    1.0000000000e+00    0.0000000000e+00
   -2.7447689259e+08   -2.7285045075e+08    8.9928508515e+07   -6.7506399330e+03   -6.6366789644e+03    2.0963625524e+03    1.9412760000e+20    1.6265467270e-05    0.0000000000e+00    1.0000000000e+00    0.0000000000e+00
    1.2631983745e+08    2.8949966457e+08    5.4566864156e+06    2.0092985376e+03    7.9886778614e+03   -1.4713372052e+02    1.9412760000e+20    1.6265467270e-05    0.0000000000e+00    1.0000000000e+00    0.0000000000e+00
   -1.8780788467e+08   -9.6880393931e+07    2.9221975197e+07   -4.6026308018e+03   -2.1736036130e+03    6.8432133404e+02    1.9412760000e+20    1.6265467270e-05    0.0000000000e+00    1.0000000000e+00    0.0000000000e+00
    2.5346357134e+08   -2.1427041354e+08    1.0822124211e+08    6.0699138408e+03   -5.2183697788e+03    2.5729855097e+03    1.9254500000e+20    1.6132865165e-05    0.0000000000e+00    1.0000000000e+00    0.0000000000e+00
    2.5658110076e+08   -2.4344398891e+07    2.0360900072e+08    6.1091929268e+03   -4.8544779134e+02    4.8361054287e+03    1.9254500000e+20    1.6132865165e-05    0.0000000000e+00    1.0000000000e+00    0.0000000000e+00
   -1.3133775260e+08   -7.4657236848e+08    1.3544000687e+08   -2.9925400897e+03   -1.8363632291e+04    2.5627034298e+03    1.9254500000e+20    1.6132865165e-05    0.0000000000e+00    1.0000000000e+00    0.0000000000e+00
    1.7774472929e+08   -3.2723294259e+08   -1.0537537260e+08    4.2037145057e+03   -8.0649469631e+03   -2.4818107656e+03    1.9254500000e+20    1.6132865165e-05    0.0000000000e+00    1.0000000000e+00    0.0000000000e+00
    1.7079899055e+08    6.5044186381e+07   -1.1878173378e+08    3.9417522286e+03    1.8642457683e+03   -2.7206660008e+03    1.9254500000e+20    1.6132865165e-05    0.0000000000e+00    1.0000000000e+00    0.0000000000e+00
    2.3756770148e+07    8.0398755648e+06   -2.9584889192e+07    4.9379580962e+02    5.5943687655e+02   -7.0854382802e+02    1.9254500000e+20    1.6132865165e-05    0.0000000000e+00    1.0000000000e+00    0.0000000000e+00
   -4.9702067500e+06   -6.8144621013e+08   -4.2523049529e+07   -5.9380806288e+02   -1.7416870813e+04   -5.2646313561e+02    1.9254500000e+20    1.6132865165e-05    0.0000000000e+00    1.0000000000e+00    0.0000000000e+00
   -2.1420449415e+08   -4.6919509776e+08   -3.6210314552e+08   -5.2996197425e+03   -1.1498194359e+04   -8.6756767823e+03    1.9254500000e+20    1.6132865165e-05    0.0000000000e+00    1.0000000000e+00    0.0000000000e+00
   -2.9297594269e+08   -7.7915803707e+08   -1.1073835670e+08   -6.9206097275e+03   -1.8987309515e+04   -2.4594069700e+03    1.9254500000e+20    1.6132865165e-05    0.0000000000e+00    1.0000000000e+00    0.0000000000e+00
    7.9108791068e+07    3.5091060926e+08    7.2363050794e+07    7.9896118433e+02    9.3029611397e+03    1.6676632849e+02    1.9232440000e+20    1.6114381641e-05    0.0000000000e+00    1.0000000000e+00    0.0000000000e+00
   -2.9191805307e+08   -2.1565377167e+08    1.2781931737e+08   -7.1806244659e+03   -5.2023000024e+03    3.0800284818e+03    1.9232440000e+20    1.6114381641e-05    0.0000000000e+00    1.0000000000e+00    0.0000000000e+00
    1.3219090629e+08    3.7284962814e+08    1.4488495591e+07    1.3101899036e+03    9.2816105762e+03    9.4057390422e+01    1.9232440000e+20    1.6114381641e-05    0.0000000000e+00    1.0000000000e+00    0.0000000000e+00
   -6.8473421043e+07    3.0266095273e+08   -1.9311354675e+07   -8.9512157589e+02    8.5924134897e+03   -1.1510022858e+02    1.9232440000e+20    1.6114381641e-05    0.0000000000e+00    1.0000000000e+00    0.0000000000e+00
    4.4520867124e+07   -4.0526778036e+08    1.4133080551e+07    9.4898758950e+02   -1.0073734064e+04    3.2751403929e+02    1.9159890000e+20    1.6053593806e-05    0.0000000000e+00    1.0000000000e+00    0.0000000000e+00
    2.0159244562e+08   -4.7915857667e+06   -1.7353275100e+05    4.7238553896e+03    9.3630464767e+01   -7.7737857655e+01    1.9159890000e+20    1.6053593806e-05    0.0000000000e+00    1.0000000000e+00    0.0000000000e+00
    1.9397543539e+08   -1.5150243012e+08    2.3716972262e+08    4.6354208734e+03   -3.6318726055e+03    5.6611203341e+03    1.9159890000e+20    1.6053593806e-05    0.0000000000e+00    1.0000000000e+00    0.0000000000e+00
    2.1783597744e+08   -5.3664248736e+06   -2.5430188492e+08    5.1757784194e+03   -1.9411398757e+00   -6.0207716941e+03    1.9159890000e+20    1.6053593806e-05    0.0000000000e+00    1.0000000000e+00    0.0000000000e+00
   -3.7383282007e+08   -8.7469207644e+08    1.0001243004e+07   -8.9975311508e+03   -2.1212649172e+04    2.4479994558e+02    1.9159890000e+20    1.6053593806e-05    0.0000000000e+00    1.0000000000e+00    0.0000000000e+00
    2.4109398506e+08   -9.5361683184e+07    3.2285251844e+08    5.7826556107e+03   -2.2651424102e+03    7.7415890175e+03    1.9065100000e+20    1.5974171630e-05    0.0000000000e+00    1.0000000000e+00    0.0000000000e+00
   -2.1419459643e+08   -5.5020011280e+08    2.7088315482e+08   -5.2612537027e+03   -1.3522008900e+04    6.3741546923e+03    1.9065100000e+20    1.5974171630e-05    0.0000000000e+00    1.0000000000e+00    0.0000000000e+00
   -4.1263226854e+07   -7.4241597968e+07    1.4004720923e+08   -1.0758656021e+03   -1.5932368364e+03    3.3308167008e+03    1.9065100000e+20    1.5974171630e-05    0.0000000000e+00    1.0000000000e+00    0.0000000000e+00
   -1.3330992901e+08   -6.1911890717e+08   -3.3173500336e+08   -3.3120638063e+03   -1.5189053383e+04   -7.8323892224e+03    1.9065100000e+20    1.5974171630e-05    0.0000000000e+00    1.0000000000e+00    0.0000000000e+00
   -1.4491782754e+08   -8.2085042641e+08   -3.9818973176e+07   -2.6554565626e+03   -1.9395693018e+04   -3.1171042242e+02    1.9065100000e+20    1.5974171630e-05    0.0000000000e+00    1.0000000000e+00    0.0000000000e+00
   -2.2216816253e+08   -1.7674248988e+08   -1.0456967986e+07   -5.4594173093e+03   -4.2041270476e+03   -2.4932850696e+02    1.9050990000e+20    1.5962349213e-05    0.0000000000e+00    1.0000000000e+00    0.0000000000e+00
    6.7080560876e+07   -6.7868225330e+08    6.5847469249e+07    1.1742583817e+03   -1.7004789778e+04    1.2046937848e+03    1.8874910000e+20    1.5814816174e-05    0.0000000000e+00    1.0000000000e+00    0.0000000000e+00
    1.6108350727e+08   -3.4981403599e+08   -1.1819123721e+08    3.7966097218e+03   -8.6210895509e+03   -2.7744297268e+03    1.8874910000e+20    1.5814816174e-05    0.0000000000e+00    1.0000000000e+00    0.0000000000e+00
    2.7826720979e+08   -3.7686807408e+07   -1.5289494558e+08    6.6306015097e+03   -8.1583961219e+02   -3.5849942458e+03    1.8874910000e+20    1.5814816174e-05    0.0000000000e+00    1.0000000000e+00    0.0000000000e+00
   -2.3746411375e+08   -8.1913286988e+08    2.3923293927e+07   -5.2989770535e+03   -1.9740757815e+04    4.8494367718e+02    1.8874910000e+20    1.5814816174e-05    0.0000000000e+00    1.0000000000e+00    0.0000000000e+00
    4.2514657892e+07   -6.3523749952e+08   -9.5894327067e+07    7.2577374819e+02   -1.5942218649e+04   -1.9874616813e+03    1.8874910000e+20    1.5814816174e-05    0.0000000000e+00    1.0000000000e+00    0.0000000000e+00
    2.5815601062e+08   -1.7901388907e+08   -2.4760977274e+08    6.1869541109e+03   -4.3356400057e+03   -5.8964119730e+03    1.8874910000e+20    1.5814816174e-05    0.0000000000e+00    1.0000000000e+00    0.0000000000e+00
    3.2395690477e+08    4.3818830799e+08    3.5191680340e+07    7.3619612278e+03    1.0528374711e+04    7.9812474653e+02    1.8868350000e+20    1.5809319714e-05    0.0000000000e+00    1.0000000000e+00    0.0000000000e+00
    8.8348960647e+07    2.2860796832e+08   -9.8511191496e+07    1.7806340056e+03    6.3330585728e+03   -1.8942015030e+03    1.8868350000e+20    1.5809319714e-05    0.0000000000e+00    1.0000000000e+00    0.0000000000e+00
   -2.0747951794e+08   -1.5734247708e+08   -2.7638099275e+08   -5.1280217893e+03   -3.7495313845e+03   -6.6216876912e+03    1.8868350000e+20    1.5809319714e-05    0.0000000000e+00    1.0000000000e+00    0.0000000000e+00
   -2.7473498851e+08   -3.2951828348e+08    3.6643037422e+08   -6.7846249665e+03   -8.0434165252e+03    8.8398659234e+03    1.8776560000e+20    1.5732411163e-05    0.0000000000e+00    1.0000000000e+00    0.0000000000e+00
    3.2730489425e+08    3.1291872789e+08   -8.8204686258e+06    7.4476018336e+03    7.6772644202e+03   -2.8425456847e+02    1.8776560000e+20    1.5732411163e-05    0.0000000000e+00    1.0000000000e+00    0.0000000000e+00
   -7.8672718659e+07    3.0086854462e+08   -1.5397904239e+07   -1.1463905571e+03    8.4829016061e+03   -1.6325431006e+02    1.8776560000e+20    1.5732411163e-05    0.0000000000e+00    1.0000000000e+00    0.0000000000e+00
   -3.3232125904e+07    2.5862541001e+08   -1.1550825018e+08   -6.9397620729e+02    7.0696257494e+03   -2.0827072442e+03    1.8776560000e+20    1.5732411163e-05    0.0000000000e+00    1.0000000000e+00    0.0000000000e+00
   -7.1109073087e+07   -2.4330545130e+08   -4.1719887520e+08   -1.8148670159e+03   -5.9176618636e+03   -1.0064430739e+04    1.8776560000e+20    1.5732411163e-05    0.0000000000e+00    1.0000000000e+00    0.0000000000e+00
   -2.0374561998e+07    1.7266351069e+08   -3.7603122815e+08   -5.7602824325e+02    4.3794119277e+03   -8.8517285448e+03    1.8776560000e+20    1.5732411163e-05    0.0000000000e+00    1.0000000000e+00    0.0000000000e+00
   -9.5062807522e+07    1.4512903723e+08    4.2589871147e+07   -2.1846463040e+03    4.1714852418e+03    9.3459536442e+02    1.8684440000e+20    1.5655226113e-05    0.0000000000e+00    1.0000000000e+00    0.0000000000e+00
    1.3921279805e+08   -2.6793075370e+07   -1.6396995557e+08    3.2497508180e+03   -4.4241998212e+02   -3.8942104950e+03    1.8684440000e+20    1.5655226113e-05    0.0000000000e+00    1.0000000000e+00    0.0000000000e+00
   -3.1335383919e+08   -1.8391862476e+08   -1.7422123230e+08   -7.6949904409e+03   -4.3958049937e+03   -4.1553060992e+03    1.8684440000e+20    1.5655226113e-05    0.0000000000e+00    1.0000000000e+00    0.0000000000e+00
   -6.6715425590e+07   -7.8272634746e+08    1.0295093544e+06   -7.3249969646e+03   -2.2061964630e+04   -3.0334350369e+01    1.8683850000e+20    1.5654731767e-05    0.0000000000e+00    1.0000000000e+00    0.0000000000e+00
    1.8253096437e+08   -4.1994242632e+08   -4.1650420777e+07    4.3041250073e+03   -1.0406317491e+04   -9.6542837922e+02    1.8683850000e+20    1.5654731767e-05    0.0000000000e+00    1.0000000000e+00    0.0000000000e+00
    1.5722367387e+08    2.1152679406e+08   -1.7942562557e+07    3.2648670981e+03    5.7751513373e+03   -3.2451901109e+02    1.8683850000e+20    1.5654731767e-05    0.0000000000e+00    1.0000000000e+00    0.0000000000e+00
    1.6453201312e+08    1.3959436612e+08    2.6155902523e+07    3.6523339452e+03    3.8736390442e+03    5.5387179006e+02    1.8683850000e+20    1.5654731767e-05    0.0000000000e+00    1.0000000000e+00    0.0000000000e+00
   -2.3654416254e+08   -6.6053599762e+08    2.5570472128e+08   -5.7657467614e+03   -1.6260361369e+04    6.0134754455e+03    1.8683850000e+20    1.5654731767e-05    0.0000000000e+00    1.0000000000e+00    0.0000000000e+00
   -2.3850553388e+08   -8.7079511168e+08    8.5175735206e+07   -5.5474360406e+03   -2.0999960976e+04    1.8078589144e+03    1.8683850000e+20    1.5654731767e-05    0.0000000000e+00    1.0000000000e+00    0.0000000000e+00
   -1.8878498084e+08   -7.5186662045e+08   -1.8397430315e+08   -4.4710414197e+03   -1.8382834705e+04   -4.0228301258e+03    1.8683850000e+20    1.5654731767e-05    0.0000000000e+00    1.0000000000e+00    0.0000000000e+00
   -1.9205981380e+08   -8.0341866529e+08   -1.3910884530e+08   -4.4333369510e+03   -1.9517384926e+04   -2.8811756329e+03    1.8683850000e+20    1.5654731767e-05    0.0000000000e+00    1.0000000000e+00    0.0000000000e+00
    2.9360876558e+08    3.1361720848e+08    1.0667610292e+08    6.6646817188e+03    7.7795496883e+03    2.2968060354e+03    1.8591990000e+20    1.5577764565e-05    0.0000000000e+00    1.0000000000e+00    0.0000000000e+00
   -1.0977812317e+08   -6.1836962396e+07    8.7596512592e+07   -2.7043528178e+03   -1.2789501340e+03    2.0397411757e+03    1.8591990000e+20    1.5577764565e-05    0.0000000000e+00    1.0000000000e+00    0.0000000000e+00
    2.2841382433e+08    3.8914062488e+08    3.4400730577e+07    4.6575336020e+03    9.4439231008e+03    5.6197386750e+02    1.8591990000e+20    1.5577764565e-05    0.0000000000e+00    1.0000000000e+00    0.0000000000e+00
    6.6180094850e+07    2.8409639945e+07    2.2756190625e+08    1.5098045997e+03    9.3129460405e+02    5.3354913527e+03    1.8591990000e+20    1.5577764565e-05    0.0000000000e+00    1.0000000000e+00    0.0000000000e+00
   -1.4967444675e+08   -5.3962451885e+08    6.3447110280e+07   -3.5901154161e+03   -1.3487083755e+04    1.4374729094e+03    1.8591990000e+20    1.5577764565e-05    0.0000000000e+00    1.0000000000e+00    0.0000000000e+00
   -1.5243685756e+08    1.7967247703e+08    1.9300196514e+07   -3.4940084982e+03    4.9960638580e+03    4.1117179692e+02    1.8591990000e+20    1.5577764565e-05    0.0000000000e+00    1.0000000000e+00    0.0000000000e+00
    2.4991327515e+08    4.3456435301e+08    1.7396395126e+07    5.3082653231e+03    1.0349703891e+04    3.0331466744e+02    1.8591990000e+20    1.5577764565e-05    0.0000000000e+00    1.0000000000e+00    0.0000000000e+00
   -1.5430335907e+08   -2.8619142298e+08   -5.2194563390e+07   -3.8166633005e+03   -6.9859117758e+03   -1.2349843975e+03    1.8591990000e+20    1.5577764565e-05    0.0000000000e+00    1.0000000000e+00    0.0000000000e+00
   -9.1681568308e+07   -7.3655890366e+08   -1.2349447936e+08   -2.1196090734e+03   -1.8329798525e+04   -2.1862019499e+03    1.8591990000e+20    1.5577764565e-05    0.0000000000e+00    1.0000000000e+00    0.0000000000e+00
    1.8709826753e+08   -4.6976442181e+07    1.2816878217e+08    4.4134940710e+03   -9.6910429814e+02    3.0582533201e+03    1.8587970000e+20    1.5574396307e-05    0.0000000000e+00    1.0000000000e+00    0.0000000000e+00
    2.8099036336e+08    1.1190330082e+08   -3.6820997942e+08    6.7237253499e+03    2.8253575021e+03   -8.8133700365e+03    1.8587970000e+20    1.5574396307e-05    0.0000000000e+00    1.0000000000e+00    0.0000000000e+00
    1.9530783652e+08   -2.7585943560e+08   -4.8238148278e+08    4.6815580667e+03   -6.7581317229e+03   -1.1673709958e+04    1.8587970000e+20    1.5574396307e-05    0.0000000000e+00    1.0000000000e+00    0.0000000000e+00
   -9.9330117900e+07   -7.7554596596e+08    4.5292178353e+05    1.3497243353e+03   -1.9337673952e+04    2.2823419390e+02    1.8587970000e+20    1.5574396307e-05    0.0000000000e+00    1.0000000000e+00    0.0000000000e+00
   -1.1415707003e+08   -1.5967121991e+08    3.2497416348e+08   -2.8520338651e+03   -3.8285574787e+03    7.7754001166e+03    1.8499180000e+20    1.5500001381e-05    0.0000000000e+00    1.0000000000e+00    0.0000000000e+00
   -2.5286492019e+08   -3.0969193128e+08    2.4389845282e+08   -6.2309759711e+03   -7.5538864510e+03    5.8301352888e+03    1.8499180000e+20    1.5500001381e-05    0.0000000000e+00    1.0000000000e+00    0.0000000000e+00
   -2.0361818232e+08    6.6620455513e+07   -5.1998670587e+07   -4.9120050494e+03    1.9964084664e+03   -1.2278974791e+03    1.8499180000e+20    1.5500001381e-05    0.0000000000e+00    1.0000000000e+00    0.0000000000e+00
    8.1533087540e+07   -5.4531744996e+08   -2.3911490866e+07    1.7599679437e+03   -1.3668022759e+04   -4.9473246878e+02    1.8491840000e+20    1.5493851378e-05    0.0000000000e+00    1.0000000000e+00    0.0000000000e+00
   -2.8863956578e+08   -4.5111354436e+08   -4.7435609708e+08   -7.1408857124e+03   -1.1038693170e+04   -1.1517652931e+04    1.8406020000e+20    1.5421944941e-05    0.0000000000e+00    1.0000000000e+00    0.0000000000e+00
    1.7806289487e+08   -3.6819703995e+08    2.0164729553e+08    4.2255314461e+03   -9.0652455897e+03    4.7905272505e+03    1.8395450000e+20    1.5413088602e-05    0.0000000000e+00    1.0000000000e+00    0.0000000000e+00
   -1.2904947594e+08   -8.2054391547e+08    7.0939132094e+07   -2.4999713713e+03   -1.9509440947e+04    9.0556272806e+02    1.8395450000e+20    1.5413088602e-05    0.0000000000e+00    1.0000000000e+00    0.0000000000e+00
    6.4691535339e+07   -4.1621022008e+08   -3.9298128653e+08    1.4761386597e+03   -1.0218848640e+04   -9.4398974998e+03    1.8395450000e+20    1.5413088602e-05    0.0000000000e+00    1.0000000000e+00    0.0000000000e+00
   -3.2238974529e+07   -1.1440846745e+08    1.7701267133e+07   -8.5369655415e+02   -2.6098074794e+03    4.0765257780e+02    1.8312480000e+20    1.5343570109e-05    0.0000000000e+00    1.0000000000e+00    0.0000000000e+00
   -2.2810235233e+08   -1.0256564768e+08   -1.5012793293e+08   -5.6001376519e+03   -2.3376720091e+03   -3.5824830640e+03    1.8312480000e+20    1.5343570109e-05    0.0000000000e+00    1.0000000000e+00    0.0000000000e+00
   -1.6026651144e+08    1.0099250612e+08   -3.8065143333e+07   -3.8080366625e+03    2.9221161346e+03   -8.0957754322e+02    1.8312480000e+20    1.5343570109e-05    0.0000000000e+00    1.0000000000e+00    0.0000000000e+00
   -3.9088271699e+07   -7.7803648539e+08   -2.9130343582e+06   -3.5888052070e+03   -2.0104352839e+04   -7.1541843982e+02    1.8298780000e+20    1.5332091221e-05    0.0000000000e+00    1.0000000000e+00    0.0000000000e+00
    1.7871104905e+08    1.5076837194e+08    1.9710088027e+08    4.1226844264e+03    3.9603898188e+03    4.5053066878e+03    1.8298780000e+20    1.5332091221e-05    0.0000000000e+00    1.0000000000e+00    0.0000000000e+00
    1.5461727934e+08   -4.9347180158e+07    2.7381971700e+08    3.6606866970e+03   -1.0820103008e+03    6.5159841676e+03    1.8298780000e+20    1.5332091221e-05    0.0000000000e+00    1.0000000000e+00    0.0000000000e+00
    2.0363756446e+08   -3.9044935937e+07   -2.6866263026e+06    4.7830953593e+03   -7.6848765593e+02   -7.8264309627e+01    1.8298780000e+20    1.5332091221e-05    0.0000000000e+00    1.0000000000e+00    0.0000000000e+00
   -2.5413730143e+07   -1.6716859548e+08    2.2180027559e+08   -7.0592663949e+02   -4.0011015984e+03    5.2598694692e+03    1.8298780000e+20    1.5332091221e-05    0.0000000000e+00    1.0000000000e+00    0.0000000000e+00
    1.5356311192e+08   -1.2461010042e+07   -7.0274103081e+07    3.5561764799e+03   -7.4208522288e+01   -1.6435945766e+03    1.8298780000e+20    1.5332091221e-05    0.0000000000e+00    1.0000000000e+00    0.0000000000e+00
    1.2256345373e+08    1.4659666489e+08    1.4350356061e+08    2.7252880782e+03    4.0028892915e+03    3.2053108450e+03    1.8298780000e+20    1.5332091221e-05    0.0000000000e+00    1.0000000000e+00    0.0000000000e+00
    1.4746648014e+08    2.3261383343e+08   -1.4722817861e+08    3.1981810184e+03    6.1270106963e+03   -3.1220832674e+03    1.8298780000e+20    1.5332091221e-05    0.0000000000e+00    1.0000000000e+00    0.0000000000e+00
    7.1623472907e+07   -1.3032606857e+08   -1.7535191274e+08    1.6392653388e+03   -3.0619112528e+03   -4.1728932238e+03    1.8298780000e+20    1.5332091221e-05    0.0000000000e+00    1.0000000000e+00    0.0000000000e+00
    2.0138010011e+08   -2.8470424876e+08   -1.6734383672e+08    4.7885849699e+03   -6.9821276660e+03   -3.9588094012e+03    1.8298780000e+20    1.5332091221e-05    0.0000000000e+00    1.0000000000e+00    0.0000000000e+00
    1.0045280535e+08    7.1320200721e+07   -2.8866223158e+08    2.3220599365e+03    1.9380554839e+03   -6.7998955423e+03    1.8298780000e+20    1.5332091221e-05    0.0000000000e+00    1.0000000000e+00    0.0000000000e+00
   -3.7742487885e+08   -5.8259594180e+08   -1.8612644133e+08   -9.2284662768e+03   -1.4324799751e+04   -4.4365834728e+03    1.8298780000e+20    1.5332091221e-05    0.0000000000e+00    1.0000000000e+00    0.0000000000e+00
    1.5697726154e+08   -2.4801270711e+08   -3.1104262238e+08    3.7297652209e+03   -6.0487229974e+03   -7.4625897254e+03    1.8298780000e+20    1.5332091221e-05    0.0000000000e+00    1.0000000000e+00    0.0000000000e+00
   -1.1537978014e+07   -4.4031860680e+08   -1.7210042412e+08   -3.8110010683e+02   -1.0895104562e+04   -4.0081315873e+03    1.8298780000e+20    1.5332091221e-05    0.0000000000e+00    1.0000000000e+00    0.0000000000e+00
   -2.0517452827e+08   -2.5377877704e+07   -1.8905015444e+07   -5.0010425040e+03   -3.5191342207e+02   -4.1586579739e+02    1.8218560000e+20    1.5264876884e-05    0.0000000000e+00    1.0000000000e+00    0.0000000000e+00
    2.0448860864e+08   -2.4346503324e+08    1.5510201857e+08    4.8681195485e+03   -5.9527688442e+03    3.6802434468e+03    1.8201830000e+20    1.5250859235e-05    0.0000000000e+00    1.0000000000e+00    0.0000000000e+00
    1.1680932425e+08   -4.0513440621e+08   -4.5398393768e+07    2.6950189013e+03   -1.0046025979e+04   -1.0327108120e+03    1.8201830000e+20    1.5250859235e-05    0.0000000000e+00    1.0000000000e+00    0.0000000000e+00
   -7.0178084107e+06    6.9494604617e+07    2.6553874930e+08   -2.4632847674e+02    1.9392531351e+03    6.2139548106e+03    1.8124240000e+20    1.5185848510e-05    0.0000000000e+00    1.0000000000e+00    0.0000000000e+00
   -2.3539349648e+08   -2.8010689849e+08    5.6445305481e+07   -5.7901318702e+03   -6.8046077058e+03    1.3274166002e+03    1.8124240000e+20    1.5185848510e-05    0.0000000000e+00    1.0000000000e+00    0.0000000000e+00
   -1.7384370523e+08   -5.1342982051e+08   -2.0472366742e+08   -4.2702656047e+03   -1.2678898837e+04   -4.8155772478e+03    1.8124240000e+20    1.5185848510e-05    0.0000000000e+00    1.0000000000e+00    0.0000000000e+00
   -9.0441017087e+07   -7.2336476960e+08   -2.5760351391e+08   -2.2471265256e+03   -1.7794463413e+04   -5.9111606156e+03    1.8124240000e+20    1.5185848510e-05    0.0000000000e+00    1.0000000000e+00    0.0000000000e+00
    3.2298415092e+07   -6.6420307906e+08    2.7288359378e+07    3.1902493352e+02   -1.6879256806e+04    4.0574344955e+02    1.8104570000e+20    1.5169367507e-05    0.0000000000e+00    1.0000000000e+00    0.0000000000e+00
    3.1956579013e+07   -3.8875214038e+08    4.6400165434e+08    6.8673268997e+02   -9.5327362638e+03    1.1204492753e+04    1.8104570000e+20    1.5169367507e-05    0.0000000000e+00    1.0000000000e+00    0.0000000000e+00
   -3.5048333666e+07   -6.0002782016e+08    3.6701420164e+08   -9.4788559479e+02   -1.4745225495e+04    8.7218695527e+03    1.8104570000e+20    1.5169367507e-05    0.0000000000e+00    1.0000000000e+00    0.0000000000e+00
   -2.9594143518e+07   -7.4530516733e+08    6.4753501389e+06   -2.0241087454e+03   -1.9782977010e+04   -1.7528258947e+02    1.8104570000e+20    1.5169367507e-05    0.0000000000e+00    1.0000000000e+00    0.0000000000e+00
    6.4926745280e+07   -4.9582714452e+08    3.0678718907e+07    1.4011327627e+03   -1.2397314948e+04    6.6897254728e+02    1.8104570000e+20    1.5169367507e-05    0.0000000000e+00    1.0000000000e+00    0.0000000000e+00
    5.7490475707e+06    2.1065426778e+08    2.3558381728e+08    3.8995049713e+01    5.4958642609e+03    5.2635129161e+03    1.8104570000e+20    1.5169367507e-05    0.0000000000e+00    1.0000000000e+00    0.0000000000e+00
    2.0973016439e+07   -7.2761797361e+07    4.3046104097e+08    4.1831091631e+02   -1.6980722411e+03    1.0359957227e+04    1.8104570000e+20    1.5169367507e-05    0.0000000000e+00    1.0000000000e+00    0.0000000000e+00
    1.6209852741e+08   -1.1618837736e+08   -6.6135864027e+07    3.8082683567e+03   -2.7173171644e+03   -1.5694617623e+03    1.8104570000e+20    1.5169367507e-05    0.0000000000e+00    1.0000000000e+00    0.0000000000e+00
    7.5315069061e+07    1.3538765656e+08    7.6868918400e+07    1.6268529401e+03    3.8928019869e+03    1.6630871377e+03    1.8104570000e+20    1.5169367507e-05    0.0000000000e+00    1.0000000000e+00    0.0000000000e+00
   -2.1163168575e+08   -7.3125641238e+08   -2.9247709086e+08   -5.1681998207e+03   -1.7892139058e+04   -6.8364409524e+03    1.8104570000e+20    1.5169367507e-05    0.0000000000e+00    1.0000000000e+00    0.0000000000e+00
   -1.2306095909e+08    2.8533691687e+08    1.4644587491e+08   -2.7283998629e+03    7.3969015457e+03    2.9371520833e+03    1.7934350000e+20    1.5026744416e-05    0.0000000000e+00    1.0000000000e+00    0.0000000000e+00
   -1.0336258744e+08    1.7639798532e+08    1.2519540729e+08   -2.4042349129e+03    4.8459693700e+03    2.7084160016e+03    1.7934350000e+20    1.5026744416e-05    0.0000000000e+00    1.0000000000e+00    0.0000000000e+00
   -2.0261666494e+07    3.7203108331e+08    8.8029450929e+06    1.7781614066e+03    1.0792785403e+04   -6.9877975218e+02    1.7934350000e+20    1.5026744416e-05    0.0000000000e+00    1.0000000000e+00    0.0000000000e+00
   -4.2102733586e+07    6.0583057930e+07    2.5323635179e+08   -1.0871809469e+03    1.7644866567e+03    5.9753378264e+03    1.7934350000e+20    1.5026744416e-05    0.0000000000e+00    1.0000000000e+00    0.0000000000e+00
   -2.3042598486e+08   -4.3539143417e+08   -4.5909048718e+07   -5.6140741997e+03   -1.0734816081e+04   -1.0764901305e+03    1.7934350000e+20    1.5026744416e-05    0.0000000000e+00    1.0000000000e+00    0.0000000000e+00
   -7.4244004307e+07   -4.2295640455e+08   -9.2952007559e+07   -1.8670788096e+03   -1.0499201747e+04   -2.2263610689e+03    1.7934350000e+20    1.5026744416e-05    0.0000000000e+00    1.0000000000e+00    0.0000000000e+00
   -1.9642126732e+08   -6.2738681786e+08   -1.1507039602e+08   -4.6395381012e+03   -1.5588984697e+04   -2.5529572208e+03    1.7934350000e+20    1.5026744416e-05    0.0000000000e+00    1.0000000000e+00    0.0000000000e+00
    4.3155651887e+08    3.8785150440e+08   -1.0126714042e+07    1.0185953593e+04    9.4343789009e+03   -1.7054221909e+02    1.7934350000e+20    1.5026744416e-05    0.0000000000e+00    1.0000000000e+00    0.0000000000e+00
   -2.5208329551e+07    2.4188827310e+08   -1.9607195895e+08   -6.2440884608e+02    6.3372745201e+03   -4.1594677013e+03    1.7934350000e+20    1.5026744416e-05    0.0000000000e+00    1.0000000000e+00    0.0000000000e+00
   -3.9751928439e+06   -2.2822642711e+07   -3.0818882270e+08   -1.7836624664e+02   -4.1360598606e+02   -7.2964631717e+03    1.7934350000e+20    1.5026744416e-05    0.0000000000e+00    1.0000000000e+00    0.0000000000e+00
    2.4220353117e+08   -4.6453974135e+07    1.8289632353e+08    5.7738283909e+03   -1.0065810909e+03    4.3131961272e+03    1.7909110000e+20    1.5005596450e-05    0.0000000000e+00    1.0000000000e+00    0.0000000000e+00
   -1.7303556481e+08   -6.8476318880e+08    3.5714803631e+08   -4.2694854228e+03   -1.6767703585e+04    8.4570275186e+03    1.7909110000e+20    1.5005596450e-05    0.0000000000e+00    1.0000000000e+00    0.0000000000e+00
    2.1809348542e+08    1.1170669245e+08    2.6481245204e+08    5.1483653747e+03    2.9064393341e+03    6.2059476917e+03    1.7742710000e+20    1.4866174042e-05    0.0000000000e+00    1.0000000000e+00    0.0000000000e+00
   -2.7418285722e+08   -3.6166525467e+07    7.3227144524e+07   -6.6991570700e+03   -6.6115987696e+02    1.6932835510e+03    1.7742710000e+20    1.4866174042e-05    0.0000000000e+00    1.0000000000e+00    0.0000000000e+00
   -1.2706283497e+08    2.4139114974e+08    2.8273201021e+07   -2.6993305014e+03    6.6596323906e+03    5.1301450788e+02    1.7742710000e+20    1.4866174042e-05    0.0000000000e+00    1.0000000000e+00    0.0000000000e+00
   -2.5158834790e+08   -5.6494284126e+08    1.9693075296e+08   -6.1062355800e+03   -1.3907505479e+04    4.6544188373e+03    1.7742710000e+20    1.4866174042e-05    0.0000000000e+00    1.0000000000e+00    0.0000000000e+00
    7.7511517461e+07   -6.3942199790e+08    1.7321582591e+08    1.6555238200e+03   -1.5837644332e+04    3.8576826089e+03    1.7712290000e+20    1.4840685883e-05    0.0000000000e+00    1.0000000000e+00    0.0000000000e+00
   -1.1003130572e+06   -7.6270623714e+08    5.0883597167e+07   -9.3985766675e+02   -1.8996433208e+04    1.7376140514e+02    1.7712290000e+20    1.4840685883e-05    0.0000000000e+00    1.0000000000e+00    0.0000000000e+00
    4.1088479711e+07    3.5732723535e+08    2.6222300893e+07   -2.2754021844e+02    1.1526639651e+04   -1.7931098018e+03    1.7712290000e+20    1.4840685883e-05    0.0000000000e+00    1.0000000000e+00    0.0000000000e+00
    9.2981707892e+07    1.8732129378e+08    1.2772707187e+08    1.9735710864e+03    5.1031392020e+03    2.6951078936e+03    1.7712290000e+20    1.4840685883e-05    0.0000000000e+00    1.0000000000e+00    0.0000000000e+00
    1.7856416768e+08   -2.3267355928e+08    3.0068562016e+08    4.2717725224e+03   -5.6584244843e+03    7.2046688689e+03    1.7712290000e+20    1.4840685883e-05    0.0000000000e+00    1.0000000000e+00    0.0000000000e+00
   -3.3648408538e+08   -6.9974194929e+08    1.8517304819e+08   -8.1376476959e+03   -1.7114311455e+04    4.2933486777e+03    1.7712290000e+20    1.4840685883e-05    0.0000000000e+00    1.0000000000e+00    0.0000000000e+00
    5.6403302500e+07    3.5573085122e+08    1.2547145169e+06   -1.2453685507e+03    1.1845734594e+04   -1.4129123141e+02    1.7712290000e+20    1.4840685883e-05    0.0000000000e+00    1.0000000000e+00    0.0000000000e+00
   -3.5027443257e+08   -8.3925346212e+08    1.7686784937e+08   -8.4776398290e+03   -2.0430519523e+04    4.1091875383e+03    1.7712290000e+20    1.4840685883e-05    0.0000000000e+00    1.0000000000e+00    0.0000000000e+00
    7.0251349597e+07   -2.1945483804e+07   -2.1069103593e+08    1.5922737967e+03   -3.3579748853e+02   -4.9868774488e+03    1.7712290000e+20    1.4840685883e-05    0.0000000000e+00    1.0000000000e+00    0.0000000000e+00
    1.2024527556e+08   -1.2506653686e+08   -3.5852477411e+08    2.8411322538e+03   -2.9962390667e+03   -8.6122728723e+03    1.7712290000e+20    1.4840685883e-05    0.0000000000e+00    1.0000000000e+00    0.0000000000e+00
   -4.1313075035e+08   -5.5007575260e+08   -3.2584758913e+08   -1.0165115606e+04   -1.3477135705e+04   -7.8418283960e+03    1.7712290000e+20    1.4840685883e-05    0.0000000000e+00    1.0000000000e+00    0.0000000000e+00
   -1.1865822354e+08    2.1805283123e+08    1.2320320131e+08   -2.6951337711e+03    5.8445184084e+03    2.5321821783e+03    1.7646200000e+20    1.4785310720e-05    0.0000000000e+00    1.0000000000e+00    0.0000000000e+00
    6.9203410302e+07    1.7563943448e+08    3.9292935962e+08    1.5851317098e+03    4.4586127455e+03    9.2998173214e+03    1.7646200000e+20    1.4785310720e-05    0.0000000000e+00    1.0000000000e+00    0.0000000000e+00
   -3.3217342801e+08   -3.1143243000e+08    1.6570243546e+08   -8.1675976200e+03   -7.5953896416e+03    3.9392780150e+03    1.7646200000e+20    1.4785310720e-05    0.0000000000e+00    1.0000000000e+00    0.0000000000e+00
    2.2008517671e+08    4.1316467693e+08    1.9747233592e+07    4.3897252236e+03    9.8675977647e+03    5.0681838386e+02    1.7646200000e+20    1.4785310720e-05    0.0000000000e+00    1.0000000000e+00    0.0000000000e+00
    1.6409705808e+08   -4.4460262542e+08    1.0433439847e+08    3.8488597778e+03   -1.1015053123e+04    2.4157864459e+03    1.7513960000e+20    1.4674510124e-05    0.0000000000e+00    1.0000000000e+00    0.0000000000e+00
    2.2568495324e+08   -2.5652692092e+08    3.6527537808e+08    5.4173516285e+03   -6.2707191862e+03    8.7910041322e+03    1.7513960000e+20    1.4674510124e-05    0.0000000000e+00    1.0000000000e+00    0.0000000000e+00
   -6.6530689356e+07   -6.9704522237e+08    2.6298523430e+08   -1.6922185585e+03   -1.7134220446e+04    6.0117216850e+03    1.7513960000e+20    1.4674510124e-05    0.0000000000e+00    1.0000000000e+00    0.0000000000e+00
    1.3243924811e+08   -1.9589934917e+08    1.6863783851e+08    3.1106840998e+03   -4.7489872898e+03    4.0592630555e+03    1.7513960000e+20    1.4674510124e-05    0.0000000000e+00    1.0000000000e+00    0.0000000000e+00
    2.2573045884e+08    1.1599037155e+08    2.0887098033e+08    5.2785489770e+03    3.0293409465e+03    4.8601198543e+03    1.7513960000e+20    1.4674510124e-05    0.0000000000e+00    1.0000000000e+00    0.0000000000e+00
   -3.0257830571e+08   -4.5884121115e+08    4.7690169710e+08   -7.4835817179e+03   -1.1241957153e+04    1.1525590728e+04    1.7513960000e+20    1.4674510124e-05    0.0000000000e+00    1.0000000000e+00    0.0000000000e+00
    2.8687516559e+08   -5.2690164598e+07   -1.3009222477e+08    6.8537155757e+03   -1.1760491789e+03   -3.0633616509e+03    1.7513960000e+20    1.4674510124e-05    0.0000000000e+00    1.0000000000e+00    0.0000000000e+00
   -5.7646571862e+07   -6.4500377202e+08    4.6137975109e+06   -1.4505602831e+03   -1.6646597270e+04    9.2613102401e+01    1.7513960000e+20    1.4674510124e-05    0.0000000000e+00    1.0000000000e+00    0.0000000000e+00
    1.5720365463e+08   -5.4939094827e+08   -1.8376984822e+08    3.6574251891e+03   -1.3585048252e+04   -4.2567814817e+03    1.7513960000e+20    1.4674510124e-05    0.0000000000e+00    1.0000000000e+00    0.0000000000e+00
   -2.0194172770e+08   -4.4406523735e+08   -3.8229672787e+08   -5.0142458300e+03   -1.0896722533e+04   -9.1720166791e+03    1.7513960000e+20    1.4674510124e-05    0.0000000000e+00    1.0000000000e+00    0.0000000000e+00
   -4.1812188343e+08   -7.0705258711e+08   -1.4214976389e+08   -1.0144169435e+04   -1.7224158543e+04   -3.3424796816e+03    1.7513960000e+20    1.4674510124e-05    0.0000000000e+00    1.0000000000e+00    0.0000000000e+00
    1.4323453656e+08   -5.0649786446e+08    1.3317987804e+08    3.3214943624e+03   -1.2551476183e+04    3.0598755296e+03    1.7414200000e+20    1.4590923709e-05    0.0000000000e+00    1.0000000000e+00    0.0000000000e+00
    2.1870191410e+08   -7.7164984264e+07    2.1625255476e+08    5.2166144932e+03   -1.7805342966e+03    5.1607326619e+03    1.7414200000e+20    1.4590923709e-05    0.0000000000e+00    1.0000000000e+00    0.0000000000e+00
    1.8344852432e+08   -2.3875673773e+08   -1.0359222544e+08    4.3435560020e+03   -5.8269721668e+03   -2.4156180713e+03    1.7414200000e+20    1.4590923709e-05    0.0000000000e+00    1.0000000000e+00    0.0000000000e+00
    1.9296302117e+08   -4.7910621976e+08   -8.5762863966e+07    4.5299186978e+03   -1.1866750895e+04   -1.9340996211e+03    1.7414200000e+20    1.4590923709e-05    0.0000000000e+00    1.0000000000e+00    0.0000000000e+00
   -1.1446012835e+08    7.6011309402e+07    4.0409196238e+08   -2.8477444989e+03    2.0283953479e+03    9.6593896037e+03    1.7353660000e+20    1.4540198753e-05    0.0000000000e+00    1.0000000000e+00    0.0000000000e+00
    5.0388055098e+07    3.6216726960e+08    8.0159289755e+07    5.4771946110e+02    9.4294592131e+03   -1.0109880306e+02    1.7353660000e+20    1.4540198753e-05    0.0000000000e+00    1.0000000000e+00    0.0000000000e+00
   -1.8866373014e+08    7.7920135643e+07    1.2169436702e+08   -4.5552072709e+03    2.2538716313e+03    2.8097952998e+03    1.7353660000e+20    1.4540198753e-05    0.0000000000e+00    1.0000000000e+00    0.0000000000e+00
    4.4929425358e+08    2.9350150623e+08    1.2801657208e+07    1.0665078716e+04    7.1903611062e+03    2.1293881234e+02    1.7353660000e+20    1.4540198753e-05    0.0000000000e+00    1.0000000000e+00    0.0000000000e+00
   -8.5267149013e+07   -5.7075598017e+08    2.0963840986e+07   -2.0759159506e+03   -1.4423359994e+04    4.4290050749e+02    1.7353660000e+20    1.4540198753e-05    0.0000000000e+00    1.0000000000e+00    0.0000000000e+00
   -3.2670595544e+08   -3.8234842708e+08   -9.9867303205e+07   -8.0105799113e+03   -9.3601956002e+03   -2.3859437435e+03    1.7353660000e+20    1.4540198753e-05    0.0000000000e+00    1.0000000000e+00    0.0000000000e+00
   -1.1631783780e+08    1.8225866250e+08   -2.6213139294e+07   -2.6105630122e+03    5.1435558743e+03   -5.5390135827e+02    1.7353660000e+20    1.4540198753e-05    0.0000000000e+00    1.0000000000e+00    0.0000000000e+00
    1.8172437621e+07    2.2508052924e+08   -1.7562462546e+08    3.2676930828e+02    5.9915985867e+03   -3.6978705287e+03    1.7353660000e+20    1.4540198753e-05    0.0000000000e+00    1.0000000000e+00    0.0000000000e+00
   -2.0860124667e+08   -2.4349238293e+08   -2.7980953666e+08   -5.1619174936e+03   -5.9102272972e+03   -6.6855861208e+03    1.7353660000e+20    1.4540198753e-05    0.0000000000e+00    1.0000000000e+00    0.0000000000e+00
   -1.3312119771e+08    9.6882866110e+07   -1.8148403756e+08   -3.2194945867e+03    2.7007461005e+03   -4.1574861079e+03    1.7353660000e+20    1.4540198753e-05    0.0000000000e+00    1.0000000000e+00    0.0000000000e+00
    7.3739026238e+07    1.9849699443e+08   -1.9358982298e+08    1.5940332342e+03    5.2330619411e+03   -4.2122626903e+03    1.7353660000e+20    1.4540198753e-05    0.0000000000e+00    1.0000000000e+00    0.0000000000e+00
    1.3545186517e+07   -1.4164139413e+08   -4.1045183509e+08    2.5202208943e+02   -3.3987610718e+03   -9.8631914056e+03    1.7353660000e+20    1.4540198753e-05    0.0000000000e+00    1.0000000000e+00    0.0000000000e+00
    3.4475310551e+08    3.7474981606e+08   -2.7222172120e+07    7.9015091035e+03    9.1289057958e+03   -5.1683712714e+02    1.7353660000e+20    1.4540198753e-05    0.0000000000e+00    1.0000000000e+00    0.0000000000e+00
    2.8716288443e+08    3.0156208397e+08   -7.3559244690e+07    6.4559309488e+03    7.5195368424e+03   -1.5231923131e+03    1.7353660000e+20    1.4540198753e-05    0.0000000000e+00    1.0000000000e+00    0.0000000000e+00
   -8.1619124405e+07    1.4069024585e+08   -3.8351621159e+08   -2.0492360303e+03    3.6047613975e+03   -9.0788158713e+03    1.7353660000e+20    1.4540198753e-05    0.0000000000e+00    1.0000000000e+00    0.0000000000e+00
    2.4276945418e+07   -7.2110002805e+08    7.2262161741e+06   -2.4314203013e+02   -1.8433735293e+04   -2.1390444494e+01    1.7314010000e+20    1.4506977007e-05    0.0000000000e+00    1.0000000000e+00    0.0000000000e+00
    1.0817407751e+08   -5.0321589236e+08    4.6342724547e+07    2.4426011739e+03   -1.2553409655e+04    1.0235409410e+03    1.7314010000e+20    1.4506977007e-05    0.0000000000e+00    1.0000000000e+00    0.0000000000e+00
    2.4679608905e+08   -2.3841116722e+08   -1.0839794149e+08    5.9009348333e+03   -5.8311773396e+03   -2.5709073704e+03    1.7314010000e+20    1.4506977007e-05    0.0000000000e+00    1.0000000000e+00    0.0000000000e+00
    1.5796459520e+08    1.4961850432e+08   -2.7799689174e+07    3.4569139377e+03    4.1221716330e+03   -5.4041609251e+02    1.7314010000e+20    1.4506977007e-05    0.0000000000e+00    1.0000000000e+00    0.0000000000e+00
   -3.5012669237e+08   -7.9991092133e+08    4.0129212989e+07   -8.3485205523e+03   -1.9431088669e+04    9.0034935133e+02    1.7314010000e+20    1.4506977007e-05    0.0000000000e+00    1.0000000000e+00    0.0000000000e+00
    5.6543144955e+07   -6.3288975338e+08   -2.0493578377e+08    1.1867558392e+03   -1.5656747973e+04   -4.6395654665e+03    1.7314010000e+20    1.4506977007e-05    0.0000000000e+00    1.0000000000e+00    0.0000000000e+00
   -2.1674833665e+08   -2.7657457568e+08   -2.8218016461e+08   -5.3629607320e+03   -6.7232986952e+03   -6.7812252404e+03    1.7255090000e+20    1.4457609409e-05    0.0000000000e+00    1.0000000000e+00    0.0000000000e+00
   -2.0953388537e+08   -6.8121132847e+08   -1.3731773574e+08   -4.9275660243e+03   -1.6845341739e+04   -3.0062475548e+03    1.7255090000e+20    1.4457609409e-05    0.0000000000e+00    1.0000000000e+00    0.0000000000e+00
    2.6609998610e+08    6.7157145893e+07    1.8824394919e+08    6.2870441996e+03    1.7987692755e+03    4.4470074614e+03    1.7213380000e+20    1.4422661641e-05    0.0000000000e+00    1.0000000000e+00    0.0000000000e+00
   -8.6667303511e+07   -7.8243476891e+08    8.2506110499e+07   -1.8996790236e+03   -1.9018581578e+04    5.6638762038e+02    1.7213380000e+20    1.4422661641e-05    0.0000000000e+00    1.0000000000e+00    0.0000000000e+00
    1.0489804726e+08   -1.6334361011e+08   -2.6713111923e+08    2.4646906954e+03   -3.9037791082e+03   -6.3873201905e+03    1.7155960000e+20    1.4374550856e-05    0.0000000000e+00    1.0000000000e+00    0.0000000000e+00
   -1.7942015023e+08   -4.2719876275e+08   -2.7820728533e+08   -4.4531822152e+03   -1.0504305949e+04   -6.6363531396e+03    1.7155960000e+20    1.4374550856e-05    0.0000000000e+00    1.0000000000e+00    0.0000000000e+00
   -1.7982320759e+08    1.3403704295e+08   -1.4136771363e+08   -4.2946743852e+03    3.6643967026e+03   -3.2090294159e+03    1.7155960000e+20    1.4374550856e-05    0.0000000000e+00    1.0000000000e+00    0.0000000000e+00
    8.5698915063e+07    3.4255544552e+08   -1.6627494599e+08    1.6624234673e+03    8.6065484318e+03   -3.0675582461e+03    1.7155960000e+20    1.4374550856e-05    0.0000000000e+00    1.0000000000e+00    0.0000000000e+00
    7.8361820022e+07    2.9956202193e+08   -2.3664603112e+08    1.6741009013e+03    7.5472942803e+03   -5.1132083637e+03    1.7155960000e+20    1.4374550856e-05    0.0000000000e+00    1.0000000000e+00    0.0000000000e+00
    1.7137162700e+08   -5.0652566512e+08    2.3719622480e+08    4.0416931499e+03   -1.2493050600e+04    5.5961872239e+03    1.7112280000e+20    1.4337952473e-05    0.0000000000e+00    1.0000000000e+00    0.0000000000e+00
    3.2637053866e+08   -1.0353418178e+08    5.8952391766e+07    7.8226576811e+03   -2.4750748702e+03    1.3996989706e+03    1.7112280000e+20    1.4337952473e-05    0.0000000000e+00    1.0000000000e+00    0.0000000000e+00
   -3.8220828868e+08   -6.1905701290e+08    7.5849672033e+07   -9.2457341354e+03   -1.5149941895e+04    1.7056291152e+03    1.7112280000e+20    1.4337952473e-05    0.0000000000e+00    1.0000000000e+00    0.0000000000e+00
   -5.5143218177e+07   -1.0340110745e+07    4.0946300711e+08   -1.4188344969e+03   -1.3755047855e+02    9.7969839914e+03    1.7056240000e+20    1.4290997955e-05    0.0000000000e+00    1.0000000000e+00    0.0000000000e+00
   -3.0644300691e+08   -1.4349824931e+08    3.0072777818e+08   -7.5512296691e+03   -3.4215988379e+03    7.2162064492e+03    1.7056240000e+20    1.4290997955e-05    0.0000000000e+00    1.0000000000e+00    0.0000000000e+00
   -1.4775675568e+08   -7.1716800755e+08   -1.2016230957e+08   -3.2977729401e+03   -1.7789147868e+04   -2.3829870640e+03    1.7056240000e+20    1.4290997955e-05    0.0000000000e+00    1.0000000000e+00    0.0000000000e+00
    3.7463726223e+08    4.3731652072e+08    1.6215369078e+07    8.6992944573e+03    1.0540620546e+04    4.2823526635e+02    1.7056240000e+20    1.4290997955e-05    0.0000000000e+00    1.0000000000e+00    0.0000000000e+00
    3.3283985508e+08    2.6635176911e+08    1.2574427915e+07    7.6552498049e+03    6.6433632038e+03    4.1760145697e+02    1.7056240000e+20    1.4290997955e-05    0.0000000000e+00    1.0000000000e+00    0.0000000000e+00
   -1.3679595307e+08    2.2473552412e+08   -1.0963093229e+08   -3.1026985032e+03    6.0253748891e+03   -2.2445107277e+03    1.7056240000e+20    1.4290997955e-05    0.0000000000e+00    1.0000000000e+00    0.0000000000e+00
    2.9756986832e+08    3.7494934972e+08   -1.5563421786e+08    6.8173278159e+03    9.2058790548e+03   -3.5480990198e+03    1.7010690000e+20    1.4252832747e-05    0.0000000000e+00    1.0000000000e+00    0.0000000000e+00
   -2.1392862832e+08   -5.0912853510e+08    1.4740580565e+08   -5.2203427858e+03   -1.2613051344e+04    3.4649280450e+03    1.7010690000e+20    1.4252832747e-05    0.0000000000e+00    1.0000000000e+00    0.0000000000e+00
   -7.4725273209e+07   -5.7816299068e+08   -3.5677019317e+08   -1.9103541229e+03   -1.4207733233e+04   -8.4664938619e+03    1.7010690000e+20    1.4252832747e-05    0.0000000000e+00    1.0000000000e+00    0.0000000000e+00
