x1	x2	x3	v1	v2	v3	mass	rel_mass	water_fraction
1766431.2013950697 10391958.590004051 -16931.453840196704 53.30842855902829 263.99096471877664 -0.42870867896006437 1.2504631351100008e+21 0.665874563596666 0.09965756608771845 
-3583576.73909623 -20838400.41710182 43403.524688895624 -108.23692497680402 -529.4969406466126 1.0733051857737241 6.215572023399998e+20 0.330980673668465 0.09847863384003051 
-1299347.3921 -13575024.885 -1716008.5816 -44.319113842 -379.37605676 -46.783899823 1.5003323e+17 7.9893048219e-05 0.25339806388 
-1968704.8886 -7815573.8058 -1103565.2403 -56.320705235 -200.30974158 -33.532131831 1.5000848e+17 7.9879868786e-05 0.2535755312 
-63055.565246 -7469365.8303 331746.64462 -9.9464143058 -187.83293038 8.2455467664 1.120082e+17 5.9644630217e-05 0.0 
-792941.01046 -2581102.2797 1007951.3541 -24.814213154 -40.250982406 24.429595361 1.119888e+17 5.9634299671e-05 0.0 
-2797507.4315 -5626009.2712 -438535.68862 -74.608160795 -136.67488868 -17.491406148 1.119829e+17 5.9631157907e-05 0.0 
-230782.60654 -6216050.1507 -26654.431762 -12.975640985 -150.91577429 -1.9349535063 1.119824e+17 5.9630891656e-05 0.0 
-3138624.4953 -4922688.7016 36162.646694 -84.751151797 -116.70533413 -7.4797121949 1.119765e+17 5.9627749892e-05 0.0 
-837906.92052 2823321.2522 776677.98095 -14.981776106 138.04280037 16.670240064 1.119566e+17 5.9617153095e-05 0.0 
-1748150.0514891308 -10515557.66024076 -1506630.5140527664 -52.6536241721916 -282.7612433387411 -42.940964444285754 1.4996748e+17 7.985803619e-05 0.25354350156447253 
-623255.7381 -8818569.1522 743833.50534 -34.816490476 -232.68879837 22.715460683 1.119421e+17 5.9609431811e-05 0.0 
-2502514.052710143 -8273716.1414533015 -1040947.0127312553 -68.49850842897789 -214.60938068607246 -34.86986058628671 1.4994133e+17 7.984411125300001e-05 0.2534993520465638 
-2257027.524058453 -7180689.66148072 -735879.0820242066 -61.58468772602262 -184.16311996731622 -25.229827492604116 1.4996392e+17 7.9856140482e-05 0.2536118020921299 
-1524459.6816 -11723499.481 -4812884.0576 -46.976815648 -308.25828303 -89.011080176 7.601165e+16 4.047638259e-05 1.0 
-784057.59443 2241473.6758 1231133.0881 -13.518766654 116.42396524 28.110553314 3.805466e+16 2.0264196047e-05 1.0 
-1451521.9354 -2381318.6628 523505.53599 -41.068404764 -36.471955173 14.771736219 3.805054e+16 2.0262002138e-05 1.0 
-467077.96286 -1191462.2262 907811.17123 -14.147076012 3.316077607 23.076598168 3.804986e+16 2.0261640036e-05 1.0 
-1204435.3528 -11545575.632 1211995.2113 -35.500056009 -314.81330888 35.472874108 3.804918e+16 2.0261277935e-05 1.0 
-1916039.42 -9150592.7492 822542.89588 -50.289389037 -241.47620492 27.572039625 3.804918e+16 2.0261277935e-05 1.0 
-589962.16601 2423729.2453 583442.61983 -12.909917869 125.83696565 12.122857631 3.804782e+16 2.0260553731e-05 1.0 
-1279691.0732 -9979367.1916 1313684.5346 -34.389527681 -264.18327414 39.20870794 3.804512e+16 2.0259115975e-05 1.0 
-855969.04766 1350617.5047 1361856.9474 -17.252633832 86.069310739 32.365948072 3.804245e+16 2.0257694194e-05 1.0 
-1579362.435 -4040458.0698 -1657122.2342 -39.809400555 -85.252869255 -48.229917584 3.804046e+16 2.0256634514e-05 1.0 
-1421282.2013 -733615.8517 -1442468.2238 -33.3651739 16.509507215 -40.437173529 3.803848e+16 2.0255580159e-05 1.0 
-1889393.3847 -8645499.2481 1439939.2494 -47.437316998 -223.93326989 41.730063918 3.803717e+16 2.0254882581e-05 1.0 
-97987.054688 -3393857.6751 860424.38904 -6.0274852057 -64.151867484 21.980839646 3.803586e+16 2.0254185003e-05 1.0 
-2385115.4942 -9050659.8661 -965306.79598 -70.201488536 -238.85347623 -32.147869781 3.803399e+16 2.0253189224e-05 1.0 
-1573672.0478 -12299974.211 1122364.9736 -50.416067258 -336.01560705 29.899202944 3.803399e+16 2.0253189224e-05 1.0 
-1193248.9365947316 -3236542.6457768925 -1148622.5511062676 -30.82189668582202 -59.86631451864769 -31.697504557296064 7.605571e+16 4.0499844644e-05 1.0 
-1580117.5954 -12626270.218 610075.15434 -57.943819695 -351.96225124 24.165339559 3.803126e+16 2.0251735492e-05 1.0 
-2300511.2957 1701552.6346 1352307.9015 -57.369086688 89.295780967 45.30098721 3.802991e+16 2.0251016614e-05 1.0 
265438.82568 -4722533.9215 -2695411.5143 -2.9287798699 -107.15143568 -46.018354291 3.802991e+16 2.0251016614e-05 1.0 
424964.6504 -15909059.524 -507909.72716 -12.487609656 -450.13811664 -10.056980884 3.802941e+16 2.0250750363e-05 1.0 
908025.10191 -11774814.138 1169164.8315 12.241211737 -316.17868269 29.87281026 3.802814e+16 2.0250074085e-05 1.0 
-4333026.7289 -3564489.9023 3140640.9989 -104.45652451 -73.057033443 58.381769667 3.802687e+16 2.0249397807e-05 1.0 
-10223220.143 -9229754.5139 2657151.3747 -250.15544701 -232.17411137 53.63539884 3.802687e+16 2.0249397807e-05 1.0 
-188831.10854 -4475690.6673 -31081.825136 -7.5727747845 -96.654041533 -3.5143523575 3.802687e+16 2.0249397807e-05 1.0 
-1504193.0871 -12967248.412 -1919121.3369 -50.35834929 -361.57393197 -51.514561055 3.802656e+16 2.0249232731e-05 1.0 
-1049574.2089 -8171083.9235 -1084820.1901 -31.803776762 -210.11674211 -31.46423342 3.80256e+16 2.0248721529e-05 1.0 
-651203.29426 -14421217.623 -227452.91832 -38.227694662 -401.17180509 24.55433734 3.802458e+16 2.0248178377e-05 1.0 
-2534498.5107 -4918553.292 1392654.7831 -63.728624103 -111.59968559 13.795455998 3.802309e+16 2.0247384948e-05 1.0 
-1582940.8234 -5778145.3208 -1981235.1918 -44.262763876 -138.15547448 -29.625609994 3.802309e+16 2.0247384948e-05 1.0 
-2765887.6841 -7791712.3448 -973062.67868 -79.824757108 -203.60077517 -32.968156761 3.802198e+16 2.024679387e-05 1.0 
-1286896.5015 -13040563.518 829818.74651 -38.561924313 -360.24746953 36.342163516 3.802198e+16 2.024679387e-05 1.0 
-996664.47713 -14151882.038 -2317240.9028 -49.482328683 -396.66378336 -61.607932297 3.802068e+16 2.0246101617e-05 1.0 
1450949.7157 -10698430.89 667828.5237 16.469649649 -284.56766065 -2.2525942499 3.80194e+16 2.0245420014e-05 1.0 
-2390422.5755 1281494.3566 1125975.4264 -65.777629305 76.568829875 37.676021739 3.80194e+16 2.0245420014e-05 1.0 
-448257.3657 -6407360.3551 521485.2423 -16.392652531 -155.90529098 13.067169542 3.801873e+16 2.0245063238e-05 1.0 
-9039459.2046 -6535465.3301 -8617838.8586 -228.97924288 -160.6870723 -200.23240969 3.801873e+16 2.0245063238e-05 1.0 
-1693371.6791 -13042465.73 752206.94486 -56.935619228 -366.34467761 12.984374857 3.801813e+16 2.0244743736e-05 1.0 
-888548.77939 -15879261.243 8739138.1271 -32.302716416 -406.51552359 187.83573878 3.801812e+16 2.0244738411e-05 1.0 
579663.12706 -12786806.882 289038.30998 3.9180820019 -349.0153744 10.254720251 3.801812e+16 2.0244738411e-05 1.0 
-3204679.6403 -13711909.549 382173.65984 -65.846530879 -379.37034341 10.001928924 3.801688e+16 2.0244078108e-05 1.0 
-13471222.258 -18975160.489 -6756833.7061 -333.53848207 -478.67473103 -159.35105119 3.801688e+16 2.0244078108e-05 1.0 
-2848541.6171 -3944518.3608 -6174619.9067 -74.626554318 -86.941380599 -131.94024114 3.801688e+16 2.0244078108e-05 1.0 
-2192229.5271 -7395736.8886 -2089204.5818 -58.140905625 -184.63165128 -29.492204108 3.801688e+16 2.0244078108e-05 1.0 
-1448430.1119 -1149406.6359 -871944.99951 -40.683748323 0.69917511438 1.603345561 3.801688e+16 2.0244078108e-05 1.0 
-3317800.9199 1472327.347 -1376869.8708 -79.254313292 78.823852366 -42.619953005 3.801686e+16 2.0244067458e-05 1.0 
-2378187.2989 -9870180.2403 -1336862.7383 -68.492450227 -264.51483568 -43.159407999 3.801686e+16 2.0244067458e-05 1.0 
-1686406.1457 -1948568.3242 931867.53144 -49.270288811 -23.473169709 28.396982712 3.801686e+16 2.0244067458e-05 1.0 
-1702257.5057 -4458254.7808 -6850258.2798 -49.313616344 -105.33130099 -145.82837315 3.801686e+16 2.0244067458e-05 1.0 
-568978.78195 1146397.447 928206.59553 -31.458123417 73.246836685 13.271438219 3.801623e+16 2.0243731982e-05 1.0 
-2702921.9245 -5249374.6388 2611691.0831 -69.264848877 -121.83598007 41.945185435 3.801566e+16 2.0243428456e-05 1.0 
262821.57696 -8606471.4977 -2013904.3907 4.1859760055 -219.90896776 -54.568651128 3.801566e+16 2.0243428456e-05 1.0 
3107889.403 -11627967.54 -1983328.7248 53.548293284 -310.38721369 -58.64704438 3.80156e+16 2.0243396505e-05 1.0 
-558277.86471 -10081053.253 -4220737.5876 -25.058177214 -263.39677763 -78.477144011 3.80156e+16 2.0243396505e-05 1.0 
-2248536.3888 1370470.2744 397219.99877 -50.587875588 77.752610776 -18.354056734 3.801444e+16 2.0242778803e-05 1.0 
-1703463.2499 -28019984.499 361630.59412 -54.867887648 -666.09778321 5.852913371 3.801435e+16 2.0242730878e-05 1.0 
4171206.6179 -4132253.2267 -3998024.1834 86.228071753 -95.945536489 -79.378446289 3.801435e+16 2.0242730878e-05 1.0 
1051487.7913 -16541190.069 16028083.512 18.233621678 -419.68392208 387.95867126 3.801322e+16 2.024212915e-05 1.0 
-1831628.3139 -6704168.55 1263517.8057 -59.45798129 -170.72640075 33.606832563 3.801311e+16 2.0242070575e-05 1.0 
-1156899.6414 -14889967.651 -854933.62115 -45.388788935 -421.00521985 -44.461724882 3.801311e+16 2.0242070575e-05 1.0 
-139622.01455 546821.93273 -445900.57915 -24.295835317 52.98169597 -11.698266838 3.801249e+16 2.0241740423e-05 1.0 
-553452.66199 -3492240.7162 -3653342.0617 -20.878213493 -71.437674819 -67.672663105 3.8012e+16 2.0241479497e-05 1.0 
-12112760.998 -10828344.765 4955229.9863 -300.37382918 -272.94953785 109.89176375 3.80114e+16 2.0241159996e-05 1.0 
-2199059.7171 -6582095.1172 -1632721.2654 -57.134511606 -160.82353916 -19.552052816 3.80114e+16 2.0241159996e-05 1.0 
-872274.9988 -9899718.2258 -1787153.1398 -39.875922258 -264.95577602 -55.324979214 3.801125e+16 2.024108012e-05 1.0 
32862.521925 -11464288.819 1091900.0597 -18.395801708 -310.41634447 45.425413965 3.801125e+16 2.024108012e-05 1.0 
1681324.4636 -3498959.1627 2243060.9042 21.194045031 -73.839366794 63.174273963 3.801064e+16 2.0240755294e-05 1.0 
-1600121.0008 3018556.9585 -274754.94128 -33.986754945 133.60716685 25.062334333 3.801064e+16 2.0240755294e-05 1.0 
-1351425.5175 -13706449.535 396628.25288 -58.100541867 -385.70629138 15.54385359 3.801003e+16 2.0240430467e-05 1.0 
-3039207.9417 -5789720.7813 4977162.7127 -78.525164405 -137.26132256 101.14908916 3.800959e+16 2.0240196166e-05 1.0 
-5300965.6267 -11414416.931 579678.56137 -121.84672898 -302.04739334 -2.1506659519 3.800959e+16 2.0240196166e-05 1.0 
-2370682.5267 1745557.9953 7243442.687 -60.30869129 64.650432176 143.54336676 3.800959e+16 2.0240196166e-05 1.0 
300915.94461 -10613077.541 -157737.58213 -9.8204677838 -283.84417666 -23.964735822 3.800942e+16 2.0240105641e-05 1.0 
-34202.142314 -7601065.9947 1334118.6045 -13.414283896 -193.4763291 10.179057104 3.800942e+16 2.0240105641e-05 1.0 
-2458794.7408 3836765.9856 11493340.501 -64.123892145 102.42793591 254.32739997 3.800942e+16 2.0240105641e-05 1.0 
-1572372.65 -2398888.7156 2333533.1772 -34.91695078 -34.813422472 60.975761418 3.800839e+16 2.0239557163e-05 1.0 
-1277642.7134 -12840787.154 3138093.4217 -43.238714745 -342.4862307 45.50795802 3.800779e+16 2.0239237662e-05 1.0 
-2080602.6846 -16690740.52 8565781.221 -59.764524286 -426.88501692 179.89942663 3.800719e+16 2.0238918161e-05 1.0 
-22738910.787 -17395687.889 7732523.0106 -582.81752109 -438.48282072 193.51733298 3.800719e+16 2.0238918161e-05 1.0 
-1765815.1734 3402802.0535 16997292.608 -49.641445848 86.499153008 406.3007721 3.8007e+16 2.0238816985e-05 1.0 
-1615209.3468 -12503397.612 3328220.6806 -49.081799002 -333.52814325 50.721271252 3.8007e+16 2.0238816985e-05 1.0 
1518621.8545 -19923130.417 19841241.641 30.895398838 -506.41438691 489.49247988 3.8007e+16 2.0238816985e-05 1.0 
-2528649.5843 18656718.099 -12808523.745 -65.703985129 454.68448685 -300.79361785 3.8007e+16 2.0238816985e-05 1.0 
-1846621.4257 8616572.913 -9353865.8365 -44.22189015 218.73842673 -181.8820881 3.8007e+16 2.0238816985e-05 1.0 
-3903560.1253 -4143522.2046 -14470373.003 -103.27215007 -100.88120367 -344.49823357 3.8007e+16 2.0238816985e-05 1.0 
-1540199.4732 -9711316.5826 -3090107.8267 -45.908279477 -252.16372466 -50.902697096 3.8006e+16 2.0238284483e-05 1.0 
-2945205.8321 -5897051.2533 -5921111.0812 -77.482456752 -141.70961719 -125.16617622 3.8006e+16 2.0238284483e-05 1.0 
1391060.5019 -7270954.1905 1917273.7467 18.962987836 -184.68647832 27.476697353 3.80058e+16 2.0238177982e-05 1.0 
-2406664.9089 -8648613.7472 -47691.390561 -74.505887927 -229.44194652 -11.958255654 3.80058e+16 2.0238177982e-05 1.0 
-2082321.625 3030627.7277 13431125.701 -56.64382681 81.203837619 308.57706247 3.80058e+16 2.0238177982e-05 1.0 
1381053.4487 -6047040.7706 -10510863.99 25.313950011 -151.95914249 -241.40814878 3.80058e+16 2.0238177982e-05 1.0 
846008.24247 -30650061.252 -12529991.615 12.423322535 -771.29249764 -304.8783196 3.80058e+16 2.0238177982e-05 1.0 
-1652424.2407 3065262.1006 1117494.5718 -31.65068585 137.34966982 30.933314758 3.80052e+16 2.0237858481e-05 1.0 
1366320.82 -9339099.1175 2191548.8021 12.354523515 -246.50109264 65.155472432 3.80052e+16 2.0237858481e-05 1.0 
-2333600.8135 -11255123.046 12423784.842 -64.568168668 -284.52782847 291.52639043 3.800481e+16 2.0237650805e-05 1.0 
-406018.37873 -853811.36864 -190641.10183 -28.177339238 7.3660658485 7.7205185307 3.80046e+16 2.023753898e-05 1.0 
-492464.19353 -36702331.917 10231931.486 -20.292273487 -926.6592561 251.96050255 3.80046e+16 2.023753898e-05 1.0 
-4042064.2566 -6428609.8651 5322018.6169 -102.27882905 -155.86685424 109.29497122 3.800422e+16 2.0237336629e-05 1.0 
-4481498.4465 -8707264.097 -1833780.4581 -103.40766868 -221.87530106 -52.443433091 3.800422e+16 2.0237336629e-05 1.0 
-1990974.1885 -11935522.253 3630625.3447 -56.275208439 -316.40969223 58.917244359 3.800401e+16 2.0237224803e-05 1.0 
810327.15658 -15769618.664 -171825.58897 -17.838305486 -438.54591829 -27.601034778 3.800341e+16 2.0236905302e-05 1.0 
-1234112.6167 -20939874.8 21231276.144 -38.237930818 -531.46710347 526.52654866 3.800341e+16 2.0236905302e-05 1.0 
-143211.48475 -11433201.811 -5835020.3879 -15.561804608 -299.71228855 -117.62607091 3.800282e+16 2.0236591125e-05 1.0 
-3432107.0584 -2591784.6456 2768879.4142 -82.862120429 -43.951445344 45.923090868 3.800245e+16 2.02363941e-05 1.0 
-1568088.7467 3504563.013 3361387.0224 -33.088842137 133.64711955 35.721034725 3.800245e+16 2.02363941e-05 1.0 
-1290409.7529 -11601728.876 -4493760.4054 -42.644814568 -304.68651371 -83.445350037 3.800245e+16 2.02363941e-05 1.0 
-3100280.0208 -6482458.0115 -1086460.2856 -76.007857215 -157.83268774 -8.1681212141 3.800245e+16 2.02363941e-05 1.0 
-3548861.4877 -10768443.786 -9360965.7511 -93.689586303 -273.76249292 -210.60923857 3.800245e+16 2.02363941e-05 1.0 
-2293300.1369 -6320148.6252 -3499981.9412 -60.661225071 -153.00111073 -63.955709807 3.800245e+16 2.02363941e-05 1.0 
2123841.65 2506904.3589 -29041982.313 48.371607919 62.153270065 -728.35199663 3.800245e+16 2.02363941e-05 1.0 
-3279910.1209 -5002904.5758 -27277299.727 -89.236979459 -126.69828482 -682.9643101 3.800245e+16 2.02363941e-05 1.0 
11348646.962 5686649.2892 -378381.3578 243.22485611 149.63397854 -4.6946882704 3.800223e+16 2.0236276949e-05 1.0 
-1651323.5172 3121775.7539 24255727.463 -47.524203756 78.326185608 600.95114964 3.800165e+16 2.0235968098e-05 1.0 
-1521306.0062 14837956.35 -9434618.5405 -38.026087854 353.36247315 -194.50960462 3.800128e+16 2.0235771072e-05 1.0 
