#   x1                  x2                  x3                  v1                  v2                  v3                  mass                rel_mass            mat0_frac           mat1_frac           mat2_frac
    1.6098634323e+07    6.2836709831e+07    1.8828456234e+05    4.2692273476e+02    1.5573612255e+03    8.7510832422e+00    1.0828674161e+25    9.0928871202e-01    7.9666456911e-01    2.0333543089e-01    0.0000000000e+00
   -1.6629543740e+08   -6.4330307654e+08   -4.8708056707e+04   -4.4631617134e+03   -1.5962574120e+04    3.1720156293e-02    1.0257725477e+24    8.6134589045e-02    8.2617301292e-01    1.7382698708e-01    0.0000000000e+00
   -1.4641872296e+08   -5.6725791808e+08   -1.8395504979e+06   -3.9870650687e+03   -1.4654318943e+04   -2.3154702285e+00    1.1547855000e+21    9.6967865538e-05    1.0000000000e+00    0.0000000000e+00    0.0000000000e+00
   -1.4989682091e+08   -5.2895601361e+08   -4.7422529932e+06   -3.9794656212e+03   -1.3444749237e+04   -1.1651168672e+02    1.1438971000e+21    9.6053561620e-05    1.0000000000e+00    0.0000000000e+00    0.0000000000e+00
   -1.5410815740e+08   -3.2949133579e+08   -2.7910997988e+07   -3.9808376277e+03   -7.9233857838e+03   -6.1204753624e+02    1.1076981000e+21    9.3013915067e-05    1.0000000000e+00    0.0000000000e+00    0.0000000000e+00
   -1.5374169008e+08   -5.7803818277e+08   -6.3009546797e+06   -4.0081486725e+03   -1.5033042654e+04   -1.5187904549e+02    5.9101810000e+20    4.9628059628e-05    1.0000000000e+00    0.0000000000e+00    0.0000000000e+00
   -1.5231111970e+08   -5.1777155841e+08    5.2851000372e+05   -3.9837482443e+03   -1.3126346687e+04    6.7870519814e+01    5.8480690000e+20    4.9106502329e-05    1.0000000000e+00    0.0000000000e+00    0.0000000000e+00
   -1.4571339256e+08   -3.4939339296e+08    4.2312528680e+07   -3.7945921944e+03   -8.4604536151e+03    9.5322898181e+02    5.6983450000e+20    4.7849263067e-05    1.0000000000e+00    0.0000000000e+00    0.0000000000e+00
   -1.6847641557e+08   -4.2014407374e+08   -1.4184295564e+07   -4.3622124839e+03   -1.0386432669e+04   -2.5813421402e+02    5.6983450000e+20    4.7849263067e-05    1.0000000000e+00    0.0000000000e+00    0.0000000000e+00
   -1.3776908679e+08   -2.5366532752e+08    2.1534696948e+07   -3.5121549569e+03   -5.8486855741e+03    4.0807106808e+02    5.6318930000e+20    4.7291262589e-05    1.0000000000e+00    0.0000000000e+00    0.0000000000e+00
   -1.3924199143e+08   -2.6740965100e+08   -2.2477747710e+07   -3.5507874658e+03   -6.2222954508e+03   -4.7637746616e+02    5.5639070000e+20    4.6720381044e-05    1.0000000000e+00    0.0000000000e+00    0.0000000000e+00
   -1.0212813650e+08   -2.8480273036e+08    1.3399086317e+07   -2.7160161393e+03   -6.6757905656e+03    2.7435216629e+02    5.5176650000e+20    4.6332084859e-05    1.0000000000e+00    0.0000000000e+00    0.0000000000e+00
   -1.4443998439e+08   -5.6572936401e+08    6.2804589352e+06   -3.8669440892e+03   -1.4583749551e+04    2.3384294364e+02    5.4942520000e+20    4.6135484830e-05    1.0000000000e+00    0.0000000000e+00    0.0000000000e+00
   -1.6462680587e+08   -4.8818308947e+08   -1.3402078445e+06   -4.2785415100e+03   -1.2289194041e+04   -2.2051767758e+01    5.4706370000e+20    4.5937188597e-05    1.0000000000e+00    0.0000000000e+00    0.0000000000e+00
   -1.5359792545e+08   -4.2210501265e+08    1.0572678573e+07   -4.0315248100e+03   -1.0450956316e+04    2.8558747619e+02    5.4706370000e+20    4.5937188597e-05    1.0000000000e+00    0.0000000000e+00    0.0000000000e+00
   -8.9956573611e+07   -9.8490842079e+07   -2.5432434431e+07   -2.0627861392e+03   -1.3204225530e+03   -4.8201375131e+02    5.4706370000e+20    4.5937188597e-05    1.0000000000e+00    0.0000000000e+00    0.0000000000e+00
   -1.6563948658e+08   -4.2178582980e+08    3.5020378573e+06   -4.2968246034e+03   -1.0428850213e+04   -2.2681585544e+01    5.4227730000e+20    4.5535272404e-05    1.0000000000e+00    0.0000000000e+00    0.0000000000e+00
   -1.4246771885e+08   -5.0446421406e+08    1.7282043732e+07   -3.8008667766e+03   -1.2705481514e+04    2.3718881076e+02    5.4227730000e+20    4.5535272404e-05    1.0000000000e+00    0.0000000000e+00    0.0000000000e+00
   -1.3009754087e+08   -2.6963688602e+08    3.6638090764e+07   -3.3641058170e+03   -6.2820785409e+03    7.7962337249e+02    5.4227730000e+20    4.5535272404e-05    1.0000000000e+00    0.0000000000e+00    0.0000000000e+00
   -9.2557417436e+07   -2.7807672903e+07   -3.6281001835e+07   -1.6419624370e+03    6.4183473384e+02   -3.0230747608e+02    5.4227730000e+20    4.5535272404e-05    1.0000000000e+00    0.0000000000e+00    0.0000000000e+00
   -1.5973208439e+08   -5.0963654976e+08   -5.9869658807e+06   -4.1410353761e+03   -1.2910974844e+04   -1.5084630217e+02    5.3740200000e+20    4.5125891238e-05    1.0000000000e+00    0.0000000000e+00    0.0000000000e+00
   -1.3417141684e+08   -3.6470305095e+08    2.6424987127e+07   -3.5106957494e+03   -8.8597464848e+03    5.6957531325e+02    5.3740200000e+20    4.5125891238e-05    1.0000000000e+00    0.0000000000e+00    0.0000000000e+00
   -2.1543529003e+07   -1.4271687865e+08   -2.4100895771e+07   -7.2757776942e+02   -2.5135030857e+03   -4.2428275976e+02    2.2906110000e+20    1.9234365122e-05    0.0000000000e+00    1.0000000000e+00    0.0000000000e+00
   -6.5559561403e+06   -2.0937727587e+07   -5.8227680113e+05   -2.6239537484e+02    2.1007298365e+03   -2.2407390900e+02    2.2151350000e+20    1.8600589705e-05    0.0000000000e+00    1.0000000000e+00    0.0000000000e+00
   -1.2857353235e+08   -1.2755935583e+08   -1.1821802019e+08   -3.1521579414e+03   -2.5015005577e+03   -2.5024187293e+03    2.1982420000e+20    1.8458738413e-05    0.0000000000e+00    1.0000000000e+00    0.0000000000e+00
    4.5851607497e+06    6.6634183695e+07    9.7530263721e+05    9.4207059860e+03    5.1458545160e+03    6.8457362212e+02    2.1643040000e+20    1.8173759478e-05    0.0000000000e+00    1.0000000000e+00    0.0000000000e+00
    9.9612873597e+06    7.2212713760e+07    5.1512920650e+05    3.9009949962e+03    3.1114591451e+03   -1.0185584323e+03    2.1643040000e+20    1.8173759478e-05    0.0000000000e+00    1.0000000000e+00    0.0000000000e+00
   -1.1030240589e+08   -1.0917636287e+08   -3.9629058231e+07   -2.5526624633e+03   -1.7560694117e+03   -6.7935940007e+02    2.1643040000e+20    1.8173759478e-05    0.0000000000e+00    1.0000000000e+00    0.0000000000e+00
   -1.9065867546e+08   -4.4938779312e+08    2.7430249705e+07   -4.8717706690e+03   -1.1156256466e+04    5.8140975911e+02    2.0957410000e+20    1.7598032837e-05    0.0000000000e+00    1.0000000000e+00    0.0000000000e+00
   -1.4358682318e+08   -2.5809915470e+08    1.2955473250e+07   -3.6413143271e+03   -5.9638318238e+03    3.1244064639e+02    2.0957410000e+20    1.7598032837e-05    0.0000000000e+00    1.0000000000e+00    0.0000000000e+00
   -1.9741862775e+08   -2.2128938324e+08    7.9038142191e+07   -4.9358338701e+03   -5.0630088985e+03    1.8213543043e+03    2.0784370000e+20    1.7452730359e-05    0.0000000000e+00    1.0000000000e+00    0.0000000000e+00
   -5.7303192684e+07    3.8108839026e+07   -1.0736207202e+07    5.6363022569e+02    2.7011175701e+03    7.9791836086e+02    2.0784370000e+20    1.7452730359e-05    0.0000000000e+00    1.0000000000e+00    0.0000000000e+00
   -1.8127633172e+08   -4.5386565193e+08    1.8418282310e+07   -4.7089142675e+03   -1.1316337158e+04    3.9181212927e+02    2.0764290000e+20    1.7435869092e-05    0.0000000000e+00    1.0000000000e+00    0.0000000000e+00
   -1.3920658338e+08   -2.3815492595e+08   -4.1120316139e+07   -3.5630460803e+03   -5.4348336860e+03   -8.9118598519e+02    2.0764290000e+20    1.7435869092e-05    0.0000000000e+00    1.0000000000e+00    0.0000000000e+00
   -2.5318269538e+08   -6.4836214813e+08    2.0999000981e+06   -6.0286731932e+03   -1.6038720046e+04    4.0413583730e+01    2.0764290000e+20    1.7435869092e-05    0.0000000000e+00    1.0000000000e+00    0.0000000000e+00
   -1.8797049182e+08   -4.7315069614e+08   -4.7917964129e+07   -4.8636389144e+03   -1.1795924226e+04   -9.8644594243e+02    2.0764290000e+20    1.7435869092e-05    0.0000000000e+00    1.0000000000e+00    0.0000000000e+00
   -2.4338915547e+08   -3.2943296345e+08    8.4737280355e+07   -6.1771774155e+03   -7.9600469042e+03    1.9882278748e+03    2.0697590000e+20    1.7379860797e-05    0.0000000000e+00    1.0000000000e+00    0.0000000000e+00
   -2.6931278307e+08   -4.7914140543e+08    7.0095551151e+07   -6.8172882260e+03   -1.1892699106e+04    1.6496890765e+03    2.0697590000e+20    1.7379860797e-05    0.0000000000e+00    1.0000000000e+00    0.0000000000e+00
   -1.5612960081e+08   -5.1688468132e+08   -4.3879734911e+06   -4.1304045020e+03   -1.3149957365e+04   -3.6758099072e+01    2.0684000000e+20    1.7368449212e-05    0.0000000000e+00    1.0000000000e+00    0.0000000000e+00
   -8.0665334584e+07   -2.8806199348e+08   -8.3930380168e+05   -2.2098916293e+03   -6.7534062070e+03   -7.8971416542e+00    2.0684000000e+20    1.7368449212e-05    0.0000000000e+00    1.0000000000e+00    0.0000000000e+00
   -1.4491201111e+08   -4.6435615486e+08    4.0644354682e+06   -3.8283711705e+03   -1.1609657767e+04    8.8345913195e+01    2.0604110000e+20    1.7301365215e-05    0.0000000000e+00    1.0000000000e+00    0.0000000000e+00
   -1.2886659789e+08   -3.9023251317e+08   -6.7082004459e+05   -3.4307363314e+03   -9.5752903966e+03   -2.1822969949e+01    2.0604110000e+20    1.7301365215e-05    0.0000000000e+00    1.0000000000e+00    0.0000000000e+00
   -4.9777115409e+07   -1.2467535852e+08    9.0994701746e+06   -1.3196261432e+03   -1.9842627989e+03    1.0744717362e+02    2.0604110000e+20    1.7301365215e-05    0.0000000000e+00    1.0000000000e+00    0.0000000000e+00
   -2.2865873993e+07   -3.9030972482e+07    1.1805957718e+07   -5.3645194680e+02    1.1468026781e+03    1.3808669495e+02    2.0604110000e+20    1.7301365215e-05    0.0000000000e+00    1.0000000000e+00    0.0000000000e+00
   -1.9712957048e+08   -6.4677887417e+08   -5.8311872679e+06   -3.7745522646e+03   -1.5792926635e+04   -8.0514150752e+01    2.0604110000e+20    1.7301365215e-05    0.0000000000e+00    1.0000000000e+00    0.0000000000e+00
   -1.4407006022e+08   -6.1548540600e+08   -9.2009354838e+06   -4.4033944441e+03   -1.6208341713e+04    4.9145967605e+02    2.0604110000e+20    1.7301365215e-05    0.0000000000e+00    1.0000000000e+00    0.0000000000e+00
   -1.3160410391e+08   -5.1779043321e+08    5.2471347726e+07   -3.5497050947e+03   -1.3018889407e+04    1.0546289887e+03    2.0524610000e+20    1.7234608702e-05    0.0000000000e+00    1.0000000000e+00    0.0000000000e+00
   -1.3131956040e+08   -4.8064345392e+08    9.3174211994e+06   -3.5281524207e+03   -1.2053467962e+04    1.8418699912e+02    2.0524610000e+20    1.7234608702e-05    0.0000000000e+00    1.0000000000e+00    0.0000000000e+00
   -1.0803548483e+08   -3.6197954487e+08    6.1206204920e+07   -2.9037572880e+03   -8.7961368459e+03    1.4303792211e+03    2.0524610000e+20    1.7234608702e-05    0.0000000000e+00    1.0000000000e+00    0.0000000000e+00
   -1.5614314107e+08   -4.8516967508e+08   -3.3526842618e+07   -4.1071632836e+03   -1.2164002573e+04   -6.7599335678e+02    2.0524610000e+20    1.7234608702e-05    0.0000000000e+00    1.0000000000e+00    0.0000000000e+00
   -6.7956144427e+07   -1.9173277369e+08   -7.2256070623e+07   -1.8158288636e+03   -4.0909479724e+03   -1.5339602071e+03    2.0524610000e+20    1.7234608702e-05    0.0000000000e+00    1.0000000000e+00    0.0000000000e+00
   -2.8292798920e+08   -7.6154748439e+08   -9.3956828059e+07   -7.1839620670e+03   -1.8867086877e+04   -2.2366622292e+03    2.0524610000e+20    1.7234608702e-05    0.0000000000e+00    1.0000000000e+00    0.0000000000e+00
   -5.9934079167e+07   -3.0121753045e+08   -1.0386324347e+08   -1.6752785578e+03   -7.1264511677e+03   -2.3671177134e+03    2.0436100000e+20    1.7160286451e-05    0.0000000000e+00    1.0000000000e+00    0.0000000000e+00
   -1.3667711133e+08   -5.4549220498e+08   -8.4405658175e+06   -3.7284945275e+03   -1.3942819754e+04   -1.0733042746e+02    2.0366760000e+20    1.7102061336e-05    0.0000000000e+00    1.0000000000e+00    0.0000000000e+00
   -1.1060176858e+08   -3.3480498997e+08   -9.1063439318e+06   -2.9296024891e+03   -8.0453422313e+03   -1.7108177075e+02    2.0366760000e+20    1.7102061336e-05    0.0000000000e+00    1.0000000000e+00    0.0000000000e+00
   -1.0386883332e+08   -3.8574418454e+08    3.5655509108e+07   -2.8161407828e+03   -9.4216074273e+03    7.5380448939e+02    2.0288370000e+20    1.7036236895e-05    0.0000000000e+00    1.0000000000e+00    0.0000000000e+00
   -2.2948143881e+07   -1.9400629490e+08   -1.9336502598e+08   -7.8675523417e+02   -4.3640817784e+03   -4.4179782662e+03    2.0260780000e+20    1.7013069447e-05    0.0000000000e+00    1.0000000000e+00    0.0000000000e+00
   -1.7515105745e+08   -2.7931548540e+08   -2.1459513650e+07   -4.4217908189e+03   -6.5686060139e+03   -5.0602590345e+02    2.0084610000e+20    1.6865138693e-05    0.0000000000e+00    1.0000000000e+00    0.0000000000e+00
   -1.4823685671e+08   -1.4358050999e+08   -1.3776753706e+07   -3.5540025521e+03   -2.8139010195e+03   -2.8756688427e+02    2.0084610000e+20    1.6865138693e-05    0.0000000000e+00    1.0000000000e+00    0.0000000000e+00
   -1.6405804890e+08   -4.5888515179e+08   -1.2542748152e+07   -4.2184244715e+03   -1.1430471846e+04   -2.2705140101e+02    2.0084610000e+20    1.6865138693e-05    0.0000000000e+00    1.0000000000e+00    0.0000000000e+00
   -4.7854102471e+07    4.7454686457e+07   -2.3106536820e+06    1.3963098281e+03    3.1683635770e+03    3.5900798390e+02    2.0084610000e+20    1.6865138693e-05    0.0000000000e+00    1.0000000000e+00    0.0000000000e+00
   -9.4651018516e+07   -2.7323825664e+08    5.4037553970e+07   -2.5329412500e+03   -6.3642812169e+03    1.2024536834e+03    2.0055300000e+20    1.6840526953e-05    0.0000000000e+00    1.0000000000e+00    0.0000000000e+00
   -8.9388877468e+07   -2.8176987764e+08    8.6569807583e+07   -2.4201966132e+03   -6.6242134443e+03    1.9481388605e+03    2.0055300000e+20    1.6840526953e-05    0.0000000000e+00    1.0000000000e+00    0.0000000000e+00
   -1.2457107999e+08   -4.6991276608e+08   -6.7870786361e+06   -3.3698611742e+03   -1.1747409544e+04   -9.2707555757e+01    2.0055300000e+20    1.6840526953e-05    0.0000000000e+00    1.0000000000e+00    0.0000000000e+00
   -2.1712422002e+08   -2.5160898717e+08    1.4158054911e+08   -5.4983843382e+03   -5.9400048832e+03    3.2798500819e+03    1.9907540000e+20    1.6716452206e-05    0.0000000000e+00    1.0000000000e+00    0.0000000000e+00
   -8.7616706336e+07   -3.8569932288e+08    1.9769810745e+08   -2.3932053549e+03   -9.4126549673e+03    4.7332141279e+03    1.9907540000e+20    1.6716452206e-05    0.0000000000e+00    1.0000000000e+00    0.0000000000e+00
   -4.7833449300e+07   -4.9368760560e+07    5.6434465302e+05   -8.8874380540e+02    5.5144297429e+02   -2.0188901180e+02    1.9907540000e+20    1.6716452206e-05    0.0000000000e+00    1.0000000000e+00    0.0000000000e+00
   -1.5184840330e+08   -6.1003063853e+08    1.0572646702e+07   -4.0877835586e+03   -1.6213838894e+04   -3.3664506430e+02    1.9907540000e+20    1.6716452206e-05    0.0000000000e+00    1.0000000000e+00    0.0000000000e+00
   -1.5247531876e+08   -5.4751997330e+08   -5.1173812652e+06   -4.0687928830e+03   -1.4024512689e+04   -8.3405222881e+01    1.9901550000e+20    1.6711422376e-05    0.0000000000e+00    1.0000000000e+00    0.0000000000e+00
   -1.0074797836e+08   -1.2629146565e+08    1.2273111844e+07   -2.4089370580e+03   -2.1798791773e+03    2.3320978969e+02    1.9901550000e+20    1.6711422376e-05    0.0000000000e+00    1.0000000000e+00    0.0000000000e+00
   -1.0745396579e+08   -2.5820679161e+08    1.0445545137e+08   -2.8254113618e+03   -5.9953792629e+03    2.3232752075e+03    1.9901550000e+20    1.6711422376e-05    0.0000000000e+00    1.0000000000e+00    0.0000000000e+00
   -1.1830261210e+08   -2.8441053371e+08   -2.6746715478e+07   -3.1126775874e+03   -6.6776018725e+03   -5.9629619544e+02    1.9901550000e+20    1.6711422376e-05    0.0000000000e+00    1.0000000000e+00    0.0000000000e+00
   -1.2859145278e+08   -4.4635627226e+08    5.6054806488e+06   -3.4465043744e+03   -1.1082003200e+04    6.3934606390e+01    1.9825130000e+20    1.6647252153e-05    0.0000000000e+00    1.0000000000e+00    0.0000000000e+00
   -7.9857630319e+07   -1.4920576625e+08    1.8295673193e+07   -2.0182741348e+03   -2.7993614131e+03    3.3245090775e+02    1.9825130000e+20    1.6647252153e-05    0.0000000000e+00    1.0000000000e+00    0.0000000000e+00
   -1.4251956938e+08   -4.5348578861e+08   -3.1389244588e+07   -3.7859508719e+03   -1.1293630126e+04   -6.6531708882e+02    1.9825130000e+20    1.6647252153e-05    0.0000000000e+00    1.0000000000e+00    0.0000000000e+00
   -1.4900971863e+08   -5.4014888945e+08   -3.7013490641e+07   -3.9681595861e+03   -1.3699467888e+04   -6.4278194659e+02    1.9825130000e+20    1.6647252153e-05    0.0000000000e+00    1.0000000000e+00    0.0000000000e+00
   -2.3247312262e+08   -5.2235653056e+08   -1.7851382412e+07   -5.7974359786e+03   -1.3090308007e+04   -4.3155776585e+02    1.9818660000e+20    1.6641819264e-05    0.0000000000e+00    1.0000000000e+00    0.0000000000e+00
   -1.4245348364e+08   -2.1245660481e+08   -7.9673445928e+07   -3.5754590604e+03   -4.7443356560e+03   -1.7543335819e+03    1.9818660000e+20    1.6641819264e-05    0.0000000000e+00    1.0000000000e+00    0.0000000000e+00
   -1.7000518168e+08   -3.6699640786e+08    1.4448867504e+08   -4.4087410863e+03   -8.9294608299e+03    3.4204758239e+03    1.9729530000e+20    1.6566976397e-05    0.0000000000e+00    1.0000000000e+00    0.0000000000e+00
   -1.6521675746e+08   -4.2895930135e+08    1.0196478772e+08   -4.2909640392e+03   -1.0570759790e+04    2.3745637945e+03    1.9729530000e+20    1.6566976397e-05    0.0000000000e+00    1.0000000000e+00    0.0000000000e+00
   -1.6493640424e+08   -5.7085314290e+08    1.7451417644e+05   -4.2963796389e+03   -1.4799769999e+04   -1.4022534716e+02    1.9597610000e+20    1.6456202570e-05    0.0000000000e+00    1.0000000000e+00    0.0000000000e+00
   -9.9724490881e+07   -4.4513985394e+08    1.0002585480e+07   -2.7452250915e+03   -1.1052945252e+04    1.6095231772e+02    1.9597610000e+20    1.6456202570e-05    0.0000000000e+00    1.0000000000e+00    0.0000000000e+00
   -1.8128766284e+07   -1.8966189472e+08    6.3010534410e+07   -7.0025223596e+02   -3.9898044902e+03    1.2854690389e+03    1.9597610000e+20    1.6456202570e-05    0.0000000000e+00    1.0000000000e+00    0.0000000000e+00
   -5.9983195347e+07   -5.1632459606e+08    1.7764618636e+08   -1.7597238369e+03   -1.2825218642e+04    4.2177311457e+03    1.9597610000e+20    1.6456202570e-05    0.0000000000e+00    1.0000000000e+00    0.0000000000e+00
   -1.5581699523e+08   -4.6301649360e+08    2.6435446369e+08   -4.0996039955e+03   -1.1447903066e+04    6.4098072045e+03    1.9597610000e+20    1.6456202570e-05    0.0000000000e+00    1.0000000000e+00    0.0000000000e+00
   -3.3620049000e+08   -6.6729092655e+08   -3.0296072970e+07   -8.4165633617e+03   -1.6533183377e+04   -7.5018531298e+02    1.9597610000e+20    1.6456202570e-05    0.0000000000e+00    1.0000000000e+00    0.0000000000e+00
   -9.8660846751e+07   -3.9827561563e+08   -1.7074476013e+07   -2.7041064290e+03   -9.7696458682e+03   -2.9856475040e+02    1.9597610000e+20    1.6456202570e-05    0.0000000000e+00    1.0000000000e+00    0.0000000000e+00
   -1.6134044910e+08   -3.3271688431e+08   -8.6611172976e+07   -4.1961400340e+03   -8.0299000251e+03   -1.9982117538e+03    1.9597610000e+20    1.6456202570e-05    0.0000000000e+00    1.0000000000e+00    0.0000000000e+00
   -3.6725284339e+08   -6.2913079534e+08    4.0562056244e+05   -9.2321481853e+03   -1.5601639788e+04    3.1931068821e+01    1.9597610000e+20    1.6456202570e-05    0.0000000000e+00    1.0000000000e+00    0.0000000000e+00
   -1.3630627104e+07   -2.3400553680e+08   -1.3308346901e+08   -6.0066251738e+02   -5.3377045911e+03   -2.9988167405e+03    1.9597610000e+20    1.6456202570e-05    0.0000000000e+00    1.0000000000e+00    0.0000000000e+00
   -1.8776405469e+08   -5.7618297314e+08   -2.7025280775e+06   -4.5405948067e+03   -1.4833377600e+04   -3.7347098234e+01    1.9550520000e+20    1.6416660883e-05    0.0000000000e+00    1.0000000000e+00    0.0000000000e+00
   -2.0174106727e+08   -5.4201048571e+08   -6.2760138490e+07   -5.1030447514e+03   -1.3651388548e+04   -1.3413440671e+03    1.9550520000e+20    1.6416660883e-05    0.0000000000e+00    1.0000000000e+00    0.0000000000e+00
   -1.9946158228e+08   -3.5444972898e+08    1.6585228007e+08   -5.1234606009e+03   -8.6348428937e+03    3.9606055924e+03    1.9522320000e+20    1.6392981214e-05    0.0000000000e+00    1.0000000000e+00    0.0000000000e+00
   -1.4738098891e+08   -5.2185216548e+08    1.1035630455e+08   -3.8746767099e+03   -1.3011380474e+04    2.4818278645e+03    1.9370460000e+20    1.6265463679e-05    0.0000000000e+00    1.0000000000e+00    0.0000000000e+00
   -1.8199241059e+08   -1.2554205175e+08   -2.9904921837e+07   -4.3315256177e+03   -2.4231698897e+03   -5.8707384293e+02    1.9280000000e+20    1.6189504004e-05    0.0000000000e+00    1.0000000000e+00    0.0000000000e+00
   -7.2900763315e+07   -8.2403119564e+07    9.4327433353e+07   -1.7134354397e+03   -1.0599725066e+03    1.6874246930e+03    1.9189270000e+20    1.6113317609e-05    0.0000000000e+00    1.0000000000e+00    0.0000000000e+00
   -1.1009538893e+08   -2.9842441809e+08   -2.0407431743e+08   -2.9219921474e+03   -7.1557721057e+03   -4.8323974048e+03    1.9189270000e+20    1.6113317609e-05    0.0000000000e+00    1.0000000000e+00    0.0000000000e+00
   -1.5353872117e+08   -3.4423051786e+08    6.7521510603e+07   -4.0055521900e+03   -8.3241190492e+03    1.5088520194e+03    1.9149600000e+20    1.6080006529e-05    0.0000000000e+00    1.0000000000e+00    0.0000000000e+00
   -6.1010793112e+07   -2.9879378018e+08    1.5321262319e+07   -1.7516893469e+03   -7.0413503240e+03    2.9103334543e+02    1.9149600000e+20    1.6080006529e-05    0.0000000000e+00    1.0000000000e+00    0.0000000000e+00
   -5.2996148236e+07   -1.4491465245e+08    2.1630785209e+07   -1.4638352809e+03   -2.6361471007e+03    3.0087356249e+02    1.9149600000e+20    1.6080006529e-05    0.0000000000e+00    1.0000000000e+00    0.0000000000e+00
   -1.8938901947e+08   -5.9687478069e+08    7.6310335004e+07   -4.8125491076e+03   -1.5012791382e+04    1.4072923155e+03    1.9149600000e+20    1.6080006529e-05    0.0000000000e+00    1.0000000000e+00    0.0000000000e+00
   -4.5132003205e+07   -3.4849901533e+08   -1.0993630500e+07   -1.3996876900e+03   -8.4065062366e+03   -1.8265841212e+02    1.9149600000e+20    1.6080006529e-05    0.0000000000e+00    1.0000000000e+00    0.0000000000e+00
   -1.3071778157e+08   -5.0777311285e+08   -3.3686895723e+07   -3.5522874422e+03   -1.2777108326e+04   -6.2841690235e+02    1.9149600000e+20    1.6080006529e-05    0.0000000000e+00    1.0000000000e+00    0.0000000000e+00
   -1.3632485165e+07   -3.5165694596e+08   -6.9487199229e+07   -6.0985943406e+02   -8.4820948881e+03   -1.5540643871e+03    1.9149600000e+20    1.6080006529e-05    0.0000000000e+00    1.0000000000e+00    0.0000000000e+00
   -3.0638816751e+08   -6.4767465126e+08    5.2739344060e+07   -7.6328389186e+03   -1.6010723569e+04    1.1746154289e+03    1.9002110000e+20    1.5956158502e-05    0.0000000000e+00    1.0000000000e+00    0.0000000000e+00
   -9.4026040687e+07   -3.9939980289e+08   -8.5571246874e+07   -2.5906695972e+03   -9.7764115607e+03   -1.9147557768e+03    1.9002110000e+20    1.5956158502e-05    0.0000000000e+00    1.0000000000e+00    0.0000000000e+00
   -1.4007204725e+08   -4.6926795647e+08   -1.4308683264e+08   -3.7203269034e+03   -1.1622754064e+04   -3.3342675131e+03    1.9002110000e+20    1.5956158502e-05    0.0000000000e+00    1.0000000000e+00    0.0000000000e+00
   -4.0824375471e+07   -2.1686643949e+08    1.3988801944e+06   -1.2375421499e+03   -4.7331222359e+03    5.5370782786e+01    1.8855430000e+20    1.5832990637e-05    0.0000000000e+00    1.0000000000e+00    0.0000000000e+00
   -1.0651205425e+08   -5.2738470777e+08    4.0829160206e+07   -3.0120554987e+03   -1.3256287012e+04    7.5256205714e+02    1.8782380000e+20    1.5771650218e-05    0.0000000000e+00    1.0000000000e+00    0.0000000000e+00
   -2.6781576912e+08   -5.2628905274e+08    7.1754308649e+07   -6.7360215901e+03   -1.3084313845e+04    1.5705890440e+03    1.8782380000e+20    1.5771650218e-05    0.0000000000e+00    1.0000000000e+00    0.0000000000e+00
   -1.6488475919e+08   -1.9318419859e+08    3.7266373675e+07   -4.0772234479e+03   -4.2314058765e+03    8.1573838269e+02    1.8730990000e+20    1.5728497801e-05    0.0000000000e+00    1.0000000000e+00    0.0000000000e+00
   -1.8846613759e+08   -5.7432703842e+08   -1.4850056918e+07   -4.5694919821e+03   -1.4742713051e+04   -2.8002601263e+02    1.8730990000e+20    1.5728497801e-05    0.0000000000e+00    1.0000000000e+00    0.0000000000e+00
   -1.4649693930e+08   -5.7877787698e+08   -7.2924642560e+06   -4.0998965876e+03   -1.5010572744e+04   -3.0494339461e+02    1.8709510000e+20    1.5710460947e-05    0.0000000000e+00    1.0000000000e+00    0.0000000000e+00
   -6.8833144294e+07   -3.1920531957e+08    3.4503991689e+07   -1.9578386140e+03   -7.6067286429e+03    7.2013060873e+02    1.8709510000e+20    1.5710460947e-05    0.0000000000e+00    1.0000000000e+00    0.0000000000e+00
   -7.0279886650e+07   -2.8787138977e+08    4.7766602010e+06   -1.9619025043e+03   -6.7473017519e+03    9.8545928594e+01    1.8709510000e+20    1.5710460947e-05    0.0000000000e+00    1.0000000000e+00    0.0000000000e+00
   -5.0074138112e+07   -1.4688711221e+08   -4.6371148626e+05   -1.3863223662e+03   -2.6698598345e+03   -3.1642504895e+01    1.8709510000e+20    1.5710460947e-05    0.0000000000e+00    1.0000000000e+00    0.0000000000e+00
   -2.8364354569e+08   -4.0935848474e+08    1.4406990824e+08   -7.2098896946e+03   -1.0059695206e+04    3.3914076293e+03    1.8709510000e+20    1.5710460947e-05    0.0000000000e+00    1.0000000000e+00    0.0000000000e+00
   -6.4138441023e+06   -1.9675152838e+08   -1.5213842849e+08   -4.2959470419e+02   -4.3858375040e+03   -3.3932504431e+03    1.8709510000e+20    1.5710460947e-05    0.0000000000e+00    1.0000000000e+00    0.0000000000e+00
   -2.7895080777e+08   -5.8977927003e+08   -1.3511542181e+08   -7.0592718628e+03   -1.4641097664e+04   -3.1497208629e+03    1.8709510000e+20    1.5710460947e-05    0.0000000000e+00    1.0000000000e+00    0.0000000000e+00
   -1.0381368280e+08    3.1972972124e+07    6.0453058716e+05   -1.1397893788e+03    1.9978793921e+03   -5.5900681650e+01    1.8638340000e+20    1.5650699173e-05    0.0000000000e+00    1.0000000000e+00    0.0000000000e+00
   -1.4719684737e+08   -4.5756552314e+08   -6.6863634911e+06   -3.9162829779e+03   -1.1434540393e+04   -1.3381688272e+02    1.8636820000e+20    1.5649422822e-05    0.0000000000e+00    1.0000000000e+00    0.0000000000e+00
   -9.3381028217e+07   -5.4093085919e+08   -3.1757242219e+07   -2.7399190599e+03   -1.3612392513e+04   -5.2111835582e+02    1.8636820000e+20    1.5649422822e-05    0.0000000000e+00    1.0000000000e+00    0.0000000000e+00
   -6.4686992577e+07   -1.3077734617e+08    9.6606792782e+06   -1.6416106583e+03   -2.2003353671e+03    1.8458898762e+02    1.8564290000e+20    1.5588519050e-05    0.0000000000e+00    1.0000000000e+00    0.0000000000e+00
   -1.5478546143e+08   -6.7274167252e+08   -1.2063954198e+08   -4.0712880239e+03   -1.6622478204e+04   -2.5878580899e+03    1.8564290000e+20    1.5588519050e-05    0.0000000000e+00    1.0000000000e+00    0.0000000000e+00
   -1.5042937329e+08   -6.6347281402e+08   -4.4967722501e+07   -4.0873380356e+03   -1.6097818646e+04   -2.0313275753e+02    1.8564290000e+20    1.5588519050e-05    0.0000000000e+00    1.0000000000e+00    0.0000000000e+00
   -4.5715415610e+07   -8.0969231665e+07   -8.7814176096e+07   -1.1604395667e+03   -9.6344030871e+02   -1.3995285338e+03    1.8545350000e+20    1.5572615045e-05    0.0000000000e+00    1.0000000000e+00    0.0000000000e+00
   -9.1323177073e+07   -3.4662724143e+08    2.9254256354e+07   -2.5121469912e+03   -8.3605944734e+03    8.0716822885e+02    1.8491920000e+20    1.5527749631e-05    0.0000000000e+00    1.0000000000e+00    0.0000000000e+00
   -6.1815589398e+06    4.2167121564e+07    3.6244415891e+06    1.9279980612e+03    6.3466653625e+03    2.2994137750e+02    1.8491920000e+20    1.5527749631e-05    0.0000000000e+00    1.0000000000e+00    0.0000000000e+00
   -4.6240671435e+07   -7.4858310444e+07    9.7367399293e+07   -1.1585735434e+03   -8.1874313193e+02    1.6288160590e+03    1.8419710000e+20    1.5467114564e-05    0.0000000000e+00    1.0000000000e+00    0.0000000000e+00
   -9.6254512431e+07   -5.6110069072e+08   -1.4282576418e+08   -2.6866809458e+03   -1.3966841666e+04   -3.2608391718e+03    1.8419710000e+20    1.5467114564e-05    0.0000000000e+00    1.0000000000e+00    0.0000000000e+00
   -1.6083425681e+08   -2.2911407196e+08    3.4035133834e+07   -4.0103846811e+03   -5.1910284064e+03    7.6669445235e+02    1.8358260000e+20    1.5415514718e-05    0.0000000000e+00    1.0000000000e+00    0.0000000000e+00
   -1.2546093774e+08   -5.0462724508e+08    2.9484800583e+06   -3.4692284733e+03   -1.2714592043e+04   -4.4559193005e+01    1.8275710000e+20    1.5346197107e-05    0.0000000000e+00    1.0000000000e+00    0.0000000000e+00
    3.6751316921e+07   -2.5415428204e+08    7.8858383271e+07    5.9076398657e+02   -5.8560765919e+03    1.7537864118e+03    1.8275710000e+20    1.5346197107e-05    0.0000000000e+00    1.0000000000e+00    0.0000000000e+00
   -6.1932283644e+07   -1.9133848946e+08    1.0564935895e+08   -1.7103619846e+03   -4.1387174726e+03    2.2390469893e+03    1.8275710000e+20    1.5346197107e-05    0.0000000000e+00    1.0000000000e+00    0.0000000000e+00
   -1.2812506548e+08   -5.5955622377e+08   -1.9710041033e+07   -3.5057835267e+03   -1.4322785116e+04   -4.8954218827e+02    1.8275710000e+20    1.5346197107e-05    0.0000000000e+00    1.0000000000e+00    0.0000000000e+00
   -2.3562662165e+08   -5.6523796841e+08    1.6780415305e+08   -6.0278484435e+03   -1.4037616466e+04    3.9271580944e+03    1.8275710000e+20    1.5346197107e-05    0.0000000000e+00    1.0000000000e+00    0.0000000000e+00
   -1.3077296269e+08   -4.6451112180e+08   -4.9313107181e+06   -3.5343261863e+03   -1.1630280462e+04   -2.1656491229e+02    1.8275710000e+20    1.5346197107e-05    0.0000000000e+00    1.0000000000e+00    0.0000000000e+00
   -1.5237290977e+08   -6.9544902602e+08    7.0860171147e+07   -4.0301855095e+03   -1.6974619579e+04    1.2581304509e+03    1.8275710000e+20    1.5346197107e-05    0.0000000000e+00    1.0000000000e+00    0.0000000000e+00
   -1.5537922434e+08   -6.1839297906e+08    1.0599254172e+06   -4.6234353545e+03   -1.6878828830e+04    3.0379460466e+02    1.8275710000e+20    1.5346197107e-05    0.0000000000e+00    1.0000000000e+00    0.0000000000e+00
   -8.3408247834e+07   -2.2639742629e+08   -1.0552577371e+07   -2.2497062422e+03   -5.0400806428e+03   -1.0871048470e+02    1.8275710000e+20    1.5346197107e-05    0.0000000000e+00    1.0000000000e+00    0.0000000000e+00
    2.6332291022e+07   -1.7559949317e+08   -2.1591429554e+07    2.5310439444e+02   -3.5620248819e+03   -3.0969467432e+02    1.8275710000e+20    1.5346197107e-05    0.0000000000e+00    1.0000000000e+00    0.0000000000e+00
   -2.7133536949e+08   -6.4617470769e+08   -8.9539295627e+06   -6.5817960113e+03   -1.5960888222e+04   -1.6690896670e+02    1.8275710000e+20    1.5346197107e-05    0.0000000000e+00    1.0000000000e+00    0.0000000000e+00
   -2.0533004975e+08   -5.4942642314e+08    1.1307806061e+08   -5.2493822918e+03   -1.3727325762e+04    2.5648816351e+03    1.8264150000e+20    1.5336490122e-05    0.0000000000e+00    1.0000000000e+00    0.0000000000e+00
   -1.4972385884e+08   -7.6284279847e+07    8.9846712850e+07   -3.4437846162e+03   -1.1070558867e+03    1.8379871361e+03    1.8264150000e+20    1.5336490122e-05    0.0000000000e+00    1.0000000000e+00    0.0000000000e+00
   -1.6265482871e+08   -3.4783686127e+08    4.1282743721e+07   -4.1539300041e+03   -8.4134365179e+03    9.9292299792e+02    1.8264150000e+20    1.5336490122e-05    0.0000000000e+00    1.0000000000e+00    0.0000000000e+00
   -1.5280424543e+08   -3.1599930972e+08   -1.1953776599e+08   -3.9460728585e+03   -7.5742778239e+03   -2.7800331466e+03    1.8264150000e+20    1.5336490122e-05    0.0000000000e+00    1.0000000000e+00    0.0000000000e+00
   -1.1684994627e+08   -5.2769501281e+08    1.9490443879e+07   -3.2825841340e+03   -1.3329606041e+04    2.6917607265e+02    1.8132230000e+20    1.5225716296e-05    0.0000000000e+00    1.0000000000e+00    0.0000000000e+00
   -1.0452755583e+08   -4.4503323395e+08    6.9895776044e+07   -2.8727070771e+03   -1.1014848327e+04    1.5458189217e+03    1.8132230000e+20    1.5225716296e-05    0.0000000000e+00    1.0000000000e+00    0.0000000000e+00
   -3.1270822966e+06   -4.0681560001e+08    1.6226224433e+08   -3.4244316109e+02   -9.9644918334e+03    3.8327324522e+03    1.8132230000e+20    1.5225716296e-05    0.0000000000e+00    1.0000000000e+00    0.0000000000e+00
   -1.2996116025e+08   -5.9419258652e+08    1.9821742137e+07   -3.8195416674e+03   -1.5239064676e+04   -4.9395678790e+01    1.8132230000e+20    1.5225716296e-05    0.0000000000e+00    1.0000000000e+00    0.0000000000e+00
   -5.5380767509e+07   -3.4874302855e+08   -1.4107348531e+06   -1.6415926559e+03   -8.4108083891e+03   -4.1878354331e+01    1.8132230000e+20    1.5225716296e-05    0.0000000000e+00    1.0000000000e+00    0.0000000000e+00
   -1.5935589398e+08   -6.3666636546e+08   -1.2116076592e+08   -4.1746236563e+03   -1.5801479247e+04   -2.5743226965e+03    1.8132230000e+20    1.5225716296e-05    0.0000000000e+00    1.0000000000e+00    0.0000000000e+00
   -2.2974547623e+08   -5.6435987557e+08    1.1449084149e+08   -5.8212422101e+03   -1.4082750125e+04    2.6273874402e+03    1.8074710000e+20    1.5177416489e-05    0.0000000000e+00    1.0000000000e+00    0.0000000000e+00
   -1.3360536607e+08   -3.1038526589e+08    1.5305152018e+08   -3.5024589282e+03   -7.4501456398e+03    3.5307155769e+03    1.8060680000e+20    1.5165635434e-05    0.0000000000e+00    1.0000000000e+00    0.0000000000e+00
   -3.1328846424e+08   -6.6695324436e+08   -1.1269080490e+07   -7.7845885220e+03   -1.6463409727e+04   -3.0498433562e+02    1.8060680000e+20    1.5165635434e-05    0.0000000000e+00    1.0000000000e+00    0.0000000000e+00
    7.3806268661e+07   -2.9492209667e+08   -8.9292989782e+07    1.5014574620e+03   -7.0007378630e+03   -2.0070571553e+03    1.8060680000e+20    1.5165635434e-05    0.0000000000e+00    1.0000000000e+00    0.0000000000e+00
   -1.2892628370e+08   -5.0012537068e+08   -1.0828950359e+06   -3.5411904202e+03   -1.2611859204e+04    1.4261985737e+00    1.7989230000e+20    1.5105638543e-05    0.0000000000e+00    1.0000000000e+00    0.0000000000e+00
   -2.7351891674e+08   -7.1687256942e+08    7.1135439337e+07   -6.8691608818e+03   -1.7670181246e+04    1.5879054712e+03    1.7989230000e+20    1.5105638543e-05    0.0000000000e+00    1.0000000000e+00    0.0000000000e+00
   -4.7214052751e+07   -5.0156796864e+08   -1.1933491791e+08   -1.4785022074e+03   -1.2451000993e+04   -2.7436797930e+03    1.7989230000e+20    1.5105638543e-05    0.0000000000e+00    1.0000000000e+00    0.0000000000e+00
   -3.2078387424e+08   -5.7473995652e+08   -1.6689390687e+08   -8.1479697285e+03   -1.4269771937e+04   -3.9684654626e+03    1.7989230000e+20    1.5105638543e-05    0.0000000000e+00    1.0000000000e+00    0.0000000000e+00
   -3.2732711867e+08   -6.7964854174e+08   -1.2132325756e+08   -8.2915454176e+03   -1.6885682954e+04   -2.8410287721e+03    1.7989230000e+20    1.5105638543e-05    0.0000000000e+00    1.0000000000e+00    0.0000000000e+00
   -1.1051321140e+06   -5.2077823439e+07    1.2067211125e+07   -3.8456164850e+02    6.8268419561e+02    2.0805573740e+02    1.7917890000e+20    1.5045734019e-05    0.0000000000e+00    1.0000000000e+00    0.0000000000e+00
   -6.1947578305e+07   -5.3560903463e+08   -3.1218113990e+07   -1.9635447822e+03   -1.3425932728e+04   -5.7473765289e+02    1.7917890000e+20    1.5045734019e-05    0.0000000000e+00    1.0000000000e+00    0.0000000000e+00
   -2.3844408794e+08   -4.9855302808e+08   -1.6283580797e+08   -6.1120196204e+03   -1.2365127927e+04   -3.8337153371e+03    1.7917890000e+20    1.5045734019e-05    0.0000000000e+00    1.0000000000e+00    0.0000000000e+00
   -8.8403436890e+07   -5.2305452992e+07    1.0714215217e+08   -1.9923788100e+03   -4.2177974297e+02    1.8185316801e+03    1.7883590000e+20    1.5016932153e-05    0.0000000000e+00    1.0000000000e+00    0.0000000000e+00
   -1.9368714875e+08   -3.6060459793e+08   -3.8255912856e+07   -4.9410702144e+03   -8.7629540953e+03   -8.3861284480e+02    1.7883590000e+20    1.5016932153e-05    0.0000000000e+00    1.0000000000e+00    0.0000000000e+00
   -1.1761321007e+07   -5.4199913496e+07   -2.1939969563e+06   -4.7398341449e+02    5.9618588321e+02   -1.2097108130e+02    1.7846640000e+20    1.4985905069e-05    0.0000000000e+00    1.0000000000e+00    0.0000000000e+00
   -3.1732675552e+08   -6.3088606015e+08   -4.6755622334e+07   -7.9181021776e+03   -1.5639602253e+04   -1.0259809498e+03    1.7846640000e+20    1.4985905069e-05    0.0000000000e+00    1.0000000000e+00    0.0000000000e+00
    3.3148541837e+07   -4.2335042692e+08    7.6215177859e+07    5.0754934044e+02   -1.0396764315e+04    1.7231449536e+03    1.7704410000e+20    1.4866473889e-05    0.0000000000e+00    1.0000000000e+00    0.0000000000e+00
   -1.1607580288e+08   -6.1470936435e+08    3.0981262558e+07   -3.5745186411e+03   -1.5525400868e+04    1.3836540994e+02    1.7704410000e+20    1.4866473889e-05    0.0000000000e+00    1.0000000000e+00    0.0000000000e+00
   -6.9333215757e+07   -3.3663538538e+08   -1.0841004234e+07   -1.9703525034e+03   -8.0871646466e+03   -2.2252401746e+02    1.7704410000e+20    1.4866473889e-05    0.0000000000e+00    1.0000000000e+00    0.0000000000e+00
   -3.0586002087e+08   -6.1373036210e+08    1.5536635664e+07   -7.5794885248e+03   -1.5226642006e+04    3.0289022602e+02    1.7704410000e+20    1.4866473889e-05    0.0000000000e+00    1.0000000000e+00    0.0000000000e+00
    1.1367571724e+07   -4.4915396298e+08   -1.2388037612e+08   -1.3685617187e+01   -1.1077930722e+04   -2.9048801685e+03    1.7704410000e+20    1.4866473889e-05    0.0000000000e+00    1.0000000000e+00    0.0000000000e+00
   -1.3106827494e+07   -1.1919794651e+08   -1.0242480197e+08   -6.0521102894e+02   -2.1115213297e+03   -1.9027352415e+03    1.7704410000e+20    1.4866473889e-05    0.0000000000e+00    1.0000000000e+00    0.0000000000e+00
   -1.6270620449e+08   -3.2809938123e+08   -2.5213743916e+08   -4.2400642961e+03   -7.9836864570e+03   -6.0286184812e+03    1.7704410000e+20    1.4866473889e-05    0.0000000000e+00    1.0000000000e+00    0.0000000000e+00
   -3.3935149505e+08   -3.8733310308e+08   -1.5848146935e+08   -8.6015905769e+03   -9.4901142986e+03   -3.7806005498e+03    1.7704410000e+20    1.4866473889e-05    0.0000000000e+00    1.0000000000e+00    0.0000000000e+00
   -2.8336385927e+08   -6.7205802036e+08   -3.0247061356e+07   -6.9964688921e+03   -1.6540920425e+04   -6.3829450067e+02    1.7704410000e+20    1.4866473889e-05    0.0000000000e+00    1.0000000000e+00    0.0000000000e+00
   -3.8440900984e+07   -2.9667287796e+08   -8.2765103970e+06   -1.2241229274e+03   -6.9804976507e+03   -2.5795604029e+02    1.7633410000e+20    1.4806854865e-05    0.0000000000e+00    1.0000000000e+00    0.0000000000e+00
   -1.1508176120e+07    3.1368373036e+07   -2.8240262919e+06    1.0367538511e+03    5.1762555510e+03   -1.7852998800e+02    1.7633410000e+20    1.4806854865e-05    0.0000000000e+00    1.0000000000e+00    0.0000000000e+00
   -1.3416225441e+08   -5.4407689532e+08    4.1091893739e+06   -3.7488084930e+03   -1.3885733176e+04    1.9238610214e+02    1.7633410000e+20    1.4806854865e-05    0.0000000000e+00    1.0000000000e+00    0.0000000000e+00
    6.4934439419e+06   -6.7787101952e+07    2.0468104725e+06   -3.1229481460e+02    4.5979262278e+01    2.3607294617e+02    1.7633410000e+20    1.4806854865e-05    0.0000000000e+00    1.0000000000e+00    0.0000000000e+00
    1.4182223871e+06    5.7503955216e+07    2.9087191057e+06    5.2184598695e+03    6.8317064194e+03   -4.0874805910e+03    1.7593480000e+20    1.4773325462e-05    0.0000000000e+00    1.0000000000e+00    0.0000000000e+00
   -1.6198704825e+08   -3.9111884547e+08    2.3586595612e+08   -4.2289464017e+03   -9.5845354041e+03    5.6955751665e+03    1.7593480000e+20    1.4773325462e-05    0.0000000000e+00    1.0000000000e+00    0.0000000000e+00
   -6.8816475268e+06    7.7853226749e+07    1.3600886234e+06    5.9071307010e+03    2.1118093591e+03    3.2672671510e+02    1.7593480000e+20    1.4773325462e-05    0.0000000000e+00    1.0000000000e+00    0.0000000000e+00
   -2.6008005208e+08   -4.6654629057e+08   -2.0425684341e+08   -6.6569238384e+03   -1.1532635221e+04   -4.8784293440e+03    1.7562480000e+20    1.4747294620e-05    0.0000000000e+00    1.0000000000e+00    0.0000000000e+00
   -2.7584529095e+08   -6.6549192407e+08   -6.9151891705e+07   -6.8653837334e+03   -1.6444023087e+04   -1.4784140533e+03    1.7562480000e+20    1.4747294620e-05    0.0000000000e+00    1.0000000000e+00    0.0000000000e+00
   -2.0184356905e+08   -2.4943150772e+08   -1.3090493944e+08   -5.1161092897e+03   -5.8619809037e+03   -3.0019318630e+03    1.7495810000e+20    1.4691311517e-05    0.0000000000e+00    1.0000000000e+00    0.0000000000e+00
   -9.4268875973e+07   -5.2668841865e+08   -1.2581279319e+07   -2.7399433378e+03   -1.3291266239e+04   -3.6074611842e+02    1.7420800000e+20    1.4628325277e-05    0.0000000000e+00    1.0000000000e+00    0.0000000000e+00
   -1.9682951287e+08   -5.0905855502e+08    2.2531084876e+08   -5.1001751189e+03   -1.2610557329e+04    5.3823305755e+03    1.7420800000e+20    1.4628325277e-05    0.0000000000e+00    1.0000000000e+00    0.0000000000e+00
   -9.8400763960e+07   -5.0648962256e+08    5.0462225108e+06   -2.8196692042e+03   -1.2743313620e+04    7.9782268757e+01    1.7420800000e+20    1.4628325277e-05    0.0000000000e+00    1.0000000000e+00    0.0000000000e+00
   -2.6315329758e+08   -6.1207948103e+08    2.9089160913e+07   -6.4202252102e+03   -1.5236695022e+04    4.7483211600e+02    1.7420800000e+20    1.4628325277e-05    0.0000000000e+00    1.0000000000e+00    0.0000000000e+00
    2.7118722082e+07   -2.8884203348e+08   -2.2390440714e+07    3.6476628529e+02   -6.7673046773e+03   -4.5732422551e+02    1.7420800000e+20    1.4628325277e-05    0.0000000000e+00    1.0000000000e+00    0.0000000000e+00
    4.6599921731e+07   -1.9800204504e+08    2.4442547808e+07    7.4452043881e+02   -4.2292059327e+03    6.5884249754e+02    1.7420800000e+20    1.4628325277e-05    0.0000000000e+00    1.0000000000e+00    0.0000000000e+00
   -5.7390594935e+07   -4.1941136467e+08   -2.3814323011e+07   -1.7270600493e+03   -1.0320920898e+04   -4.6116732771e+02    1.7420800000e+20    1.4628325277e-05    0.0000000000e+00    1.0000000000e+00    0.0000000000e+00
   -1.9665500010e+07   -2.5124943896e+08   -4.6804166361e+07   -7.4977078095e+02   -5.7221415967e+03   -9.7335420355e+02    1.7420800000e+20    1.4628325277e-05    0.0000000000e+00    1.0000000000e+00    0.0000000000e+00
   -7.8236795685e+07   -8.9587879151e+07   -5.1346645459e+07   -1.8075160193e+03   -1.0986906733e+03   -7.7654803516e+02    1.7397610000e+20    1.4608852529e-05    0.0000000000e+00    1.0000000000e+00    0.0000000000e+00
   -2.2467487082e+08   -3.5421103677e+08    2.1385220578e+07   -5.6905386354e+03   -8.6031288255e+03    5.5265207209e+02    1.7298890000e+20    1.4525956894e-05    0.0000000000e+00    1.0000000000e+00    0.0000000000e+00
   -2.9192178336e+08   -5.1666660250e+08   -1.5704835111e+08   -7.4337668104e+03   -1.2825144730e+04   -3.7765217141e+03    1.7298890000e+20    1.4525956894e-05    0.0000000000e+00    1.0000000000e+00    0.0000000000e+00
   -2.3793981094e+08   -2.9967273429e+08   -1.6732365434e+08   -6.0519820507e+03   -7.2015612720e+03   -4.0121239405e+03    1.7298890000e+20    1.4525956894e-05    0.0000000000e+00    1.0000000000e+00    0.0000000000e+00
   -8.9754911068e+07   -4.8739245008e+08   -1.3291362976e+06   -2.5882122819e+03   -1.2208995423e+04   -3.5778418127e+01    1.7279310000e+20    1.4509515479e-05    0.0000000000e+00    1.0000000000e+00    0.0000000000e+00
   -2.7771519563e+06   -1.2156769425e+08    9.1988719521e+07   -3.5701691783e+02   -2.1014796452e+03    1.7206540956e+03    1.7279310000e+20    1.4509515479e-05    0.0000000000e+00    1.0000000000e+00    0.0000000000e+00
   -3.3232177641e+08   -6.5083523493e+08    1.5989497700e+08   -8.4275334089e+03   -1.6139673828e+04    3.8190808305e+03    1.7279310000e+20    1.4509515479e-05    0.0000000000e+00    1.0000000000e+00    0.0000000000e+00
   -4.8034622102e+07   -5.5405434901e+08   -6.6037885252e+07   -1.5885509696e+03   -1.3815241547e+04   -1.3582313767e+03    1.7279310000e+20    1.4509515479e-05    0.0000000000e+00    1.0000000000e+00    0.0000000000e+00
   -1.0274807148e+08   -6.0409998249e+08   -1.3290497590e+08   -2.8525591526e+03   -1.5024923775e+04   -2.9467068303e+03    1.7279310000e+20    1.4509515479e-05    0.0000000000e+00    1.0000000000e+00    0.0000000000e+00
    3.2384201671e+07   -2.5554101143e+08   -7.9069054415e+05    4.6618359966e+02   -5.8476330968e+03   -1.0976236450e+02    1.7208610000e+20    1.4450148366e-05    0.0000000000e+00    1.0000000000e+00    0.0000000000e+00
    8.8544942595e+07   -2.0108054515e+08    1.5518060975e+08    1.8188172743e+03   -4.5642865305e+03    3.5124070781e+03    1.7208610000e+20    1.4450148366e-05    0.0000000000e+00    1.0000000000e+00    0.0000000000e+00
   -8.0257089037e+06   -1.0654983666e+08   -4.3451507348e+07   -4.3707794993e+02   -1.4233111838e+03   -6.4533451092e+02    1.7099770000e+20    1.4358754921e-05    0.0000000000e+00    1.0000000000e+00    0.0000000000e+00
   -1.9713571849e+08   -4.1857464577e+08   -1.5070132097e+08   -5.0858121357e+03   -1.0293507040e+04   -3.5561470353e+03    1.7099770000e+20    1.4358754921e-05    0.0000000000e+00    1.0000000000e+00    0.0000000000e+00
   -1.0107342101e+08   -9.8787904553e+07   -1.1582029351e+08   -2.4486803754e+03   -1.7170897050e+03   -2.2495901231e+03    1.7099770000e+20    1.4358754921e-05    0.0000000000e+00    1.0000000000e+00    0.0000000000e+00
   -2.3715519368e+07   -4.0356358648e+08    7.0977033079e+07   -8.8448435528e+02   -9.8844829258e+03    1.6113657564e+03    1.7067300000e+20    1.4331489714e-05    0.0000000000e+00    1.0000000000e+00    0.0000000000e+00
   -6.0383656866e+07   -2.6950916886e+08    1.3792992323e+08   -1.7270584509e+03   -6.3369301970e+03    3.1007310683e+03    1.7067300000e+20    1.4331489714e-05    0.0000000000e+00    1.0000000000e+00    0.0000000000e+00
   -9.8472245863e+07   -4.6316982204e+08    1.2043925366e+07   -2.7725459942e+03   -1.1552798107e+04    3.3521206756e+02    1.7067300000e+20    1.4331489714e-05    0.0000000000e+00    1.0000000000e+00    0.0000000000e+00
   -2.4156434486e+08   -6.9749985855e+08    2.7751069617e+07   -5.9071653655e+03   -1.7036497298e+04    5.0872103339e+02    1.7067300000e+20    1.4331489714e-05    0.0000000000e+00    1.0000000000e+00    0.0000000000e+00
   -1.9998720787e+07   -3.5495683945e+08   -1.2834788711e+08   -7.6972770957e+02   -8.6048164899e+03   -2.9531376149e+03    1.7067300000e+20    1.4331489714e-05    0.0000000000e+00    1.0000000000e+00    0.0000000000e+00
   -3.6549543568e+08   -5.5942948069e+08   -1.0651471530e+08   -9.2289401649e+03   -1.3852300667e+04   -2.5196758046e+03    1.7067300000e+20    1.4331489714e-05    0.0000000000e+00    1.0000000000e+00    0.0000000000e+00
   -9.3961263013e+07   -9.9905915434e+07    1.8799597469e+08   -2.3941486350e+03   -1.9709031553e+03    4.0625414709e+03    1.6999340000e+20    1.4274423392e-05    0.0000000000e+00    1.0000000000e+00    0.0000000000e+00
   -3.0165829093e+07   -3.8933179545e+08    2.3825033029e+07   -1.0457806787e+03   -9.5082818711e+03    5.0324904323e+02    1.6996660000e+20    1.4272172983e-05    0.0000000000e+00    1.0000000000e+00    0.0000000000e+00
   -1.1994826230e+07    1.3148721999e+07    2.5455220004e+06    1.9160723350e+02    3.9226874631e+03   -4.8691698339e+02    1.6996660000e+20    1.4272172983e-05    0.0000000000e+00    1.0000000000e+00    0.0000000000e+00
   -1.3407796576e+08   -6.4114999822e+08    1.0374485756e+07   -4.6314359400e+03   -1.5898784671e+04   -7.1443209036e+02    1.6996660000e+20    1.4272172983e-05    0.0000000000e+00    1.0000000000e+00    0.0000000000e+00
   -7.1076257177e+07   -4.4855841472e+08    1.6809180458e+06   -2.0907383418e+03   -1.1133306242e+04   -8.3862890393e+00    1.6996660000e+20    1.4272172983e-05    0.0000000000e+00    1.0000000000e+00    0.0000000000e+00
   -2.2953795150e+08   -4.8517379526e+08    2.5489905902e+08   -5.9226819340e+03   -1.2026570113e+04    6.1533588591e+03    1.6996660000e+20    1.4272172983e-05    0.0000000000e+00    1.0000000000e+00    0.0000000000e+00
   -2.3713863712e+08   -6.6099282145e+08    1.8154247561e+08   -6.0737546833e+03   -1.6396504860e+04    4.2743467641e+03    1.6996660000e+20    1.4272172983e-05    0.0000000000e+00    1.0000000000e+00    0.0000000000e+00
   -6.1908417267e+07   -4.5882916379e+08   -5.8273715881e+06   -1.8729469927e+03   -1.1402257484e+04   -8.3746539239e+01    1.6996660000e+20    1.4272172983e-05    0.0000000000e+00    1.0000000000e+00    0.0000000000e+00
   -9.1042526985e+07   -5.3163656590e+08    1.2091430231e+07   -2.7082185734e+03   -1.3411040471e+04    4.0147223656e+02    1.6996660000e+20    1.4272172983e-05    0.0000000000e+00    1.0000000000e+00    0.0000000000e+00
    3.6863873213e+07   -1.4744581311e+08   -7.7064923067e+07    4.7874161620e+02   -2.8455440858e+03   -1.5063155104e+03    1.6996660000e+20    1.4272172983e-05    0.0000000000e+00    1.0000000000e+00    0.0000000000e+00
   -1.0964111548e+08   -5.4144308431e+08    1.3168654974e+05   -3.1762281212e+03   -1.3752125235e+04    9.5991492894e-01    1.6926030000e+20    1.4212864650e-05    0.0000000000e+00    1.0000000000e+00    0.0000000000e+00
   -3.2567329253e+08   -6.0603619876e+08    1.5486461444e+07   -8.1206267046e+03   -1.5021215152e+04    2.7886678100e+02    1.6926030000e+20    1.4212864650e-05    0.0000000000e+00    1.0000000000e+00    0.0000000000e+00
    9.1650104308e+04   -4.1396283365e+08   -2.1406491737e+08   -2.6515295933e+02   -1.0181955643e+04   -5.1085708266e+03    1.6926030000e+20    1.4212864650e-05    0.0000000000e+00    1.0000000000e+00    0.0000000000e+00
   -4.7033352656e+07   -4.6667500723e+08    9.5203956196e+06   -1.5132968647e+03   -1.1590772636e+04    1.1262565026e+02    1.6855390000e+20    1.4153547920e-05    0.0000000000e+00    1.0000000000e+00    0.0000000000e+00
    1.6978457184e+07   -1.1704018402e+08    1.0676356711e+07   -2.7235526686e+01   -1.7168130713e+03    2.4016082970e+01    1.6855390000e+20    1.4153547920e-05    0.0000000000e+00    1.0000000000e+00    0.0000000000e+00
   -7.6386066407e+07   -4.8179636011e+08    2.6023408209e+08   -2.1398172925e+03   -1.1924597560e+04    6.2636371176e+03    1.6855390000e+20    1.4153547920e-05    0.0000000000e+00    1.0000000000e+00    0.0000000000e+00
   -5.5580409288e+07   -5.7708691330e+08    5.9888331710e+07   -1.8201093438e+03   -1.4436703405e+04    1.1929100126e+03    1.6714070000e+20    1.4034880871e-05    0.0000000000e+00    1.0000000000e+00    0.0000000000e+00
   -1.0213245443e+08   -6.3138838180e+08    1.2859454492e+07   -3.4201558635e+03   -1.5841751984e+04   -1.5671094325e+02    1.6714070000e+20    1.4034880871e-05    0.0000000000e+00    1.0000000000e+00    0.0000000000e+00
   -1.1212244739e+08   -4.4582506220e+08   -2.6625435852e+08   -3.0176117430e+03   -1.1013191131e+04   -6.4043750354e+03    1.6714070000e+20    1.4034880871e-05    0.0000000000e+00    1.0000000000e+00    0.0000000000e+00
   -3.6331459615e+08   -6.7891937518e+08   -8.8081981530e+07   -9.1709628672e+03   -1.6808343798e+04   -2.0730380930e+03    1.6714070000e+20    1.4034880871e-05    0.0000000000e+00    1.0000000000e+00    0.0000000000e+00
   -5.1089826867e+07    1.8118657257e+07    5.3105289144e+07   -3.8082778701e+02    1.8251937094e+03   -4.4539910703e+02    1.6694260000e+20    1.4018246323e-05    0.0000000000e+00    1.0000000000e+00    0.0000000000e+00
   -1.7708324816e+08   -1.4007495513e+08    1.7091836750e+08   -4.4099289048e+03   -3.0449135623e+03    3.8333830779e+03    1.6694260000e+20    1.4018246323e-05    0.0000000000e+00    1.0000000000e+00    0.0000000000e+00
    1.3485656584e+06    5.1921311718e+07    2.1434965516e+07    1.1346765278e+03    4.1135375054e+03   -4.7352591980e+03    1.6694260000e+20    1.4018246323e-05    0.0000000000e+00    1.0000000000e+00    0.0000000000e+00
   -2.3073032337e+08   -3.7944691837e+08    1.7957268719e+08   -5.9126951270e+03   -9.2805610707e+03    4.3029270192e+03    1.6694260000e+20    1.4018246323e-05    0.0000000000e+00    1.0000000000e+00    0.0000000000e+00
   -2.0365548621e+08   -5.0816334783e+08   -1.5867633628e+08   -5.2392755424e+03   -1.2616216457e+04   -3.7974586795e+03    1.6694260000e+20    1.4018246323e-05    0.0000000000e+00    1.0000000000e+00    0.0000000000e+00
    9.9316481169e+07   -1.8017341062e+08    1.8904404753e+08    2.0636024258e+03   -4.1206819714e+03    4.2988582616e+03    1.6572650000e+20    1.3916129851e-05    0.0000000000e+00    1.0000000000e+00    0.0000000000e+00
   -1.8302258242e+07   -1.9517093596e+08   -8.6628795126e+06   -7.5721323431e+02   -4.1138986660e+03   -2.1763971462e+02    1.6572650000e+20    1.3916129851e-05    0.0000000000e+00    1.0000000000e+00    0.0000000000e+00
   -1.0176744214e+08   -1.5597429259e+08    9.3755970532e+06   -2.4821173199e+03   -3.0392629241e+03    1.7213742930e+02    1.6572650000e+20    1.3916129851e-05    0.0000000000e+00    1.0000000000e+00    0.0000000000e+00
   -1.4929019013e+08   -6.2217579837e+08    1.3853877014e+07   -4.7247393883e+03   -1.6675375827e+04   -7.4739371684e+01    1.6572650000e+20    1.3916129851e-05    0.0000000000e+00    1.0000000000e+00    0.0000000000e+00
   -3.7013268572e+08   -6.7702960053e+08   -6.8110519141e+06   -9.3043999063e+03   -1.6732518139e+04   -1.7349531511e+02    1.6572650000e+20    1.3916129851e-05    0.0000000000e+00    1.0000000000e+00    0.0000000000e+00
   -3.5367977569e+08   -6.2296596467e+08   -4.9535103790e+07   -8.8741956784e+03   -1.5417916526e+04   -1.1479484392e+03    1.6572650000e+20    1.3916129851e-05    0.0000000000e+00    1.0000000000e+00    0.0000000000e+00
