x1	x2	x3	v1	v2	v3	mass	rel_mass	water_fraction
-428458.0617902376 893108.4702992102 13459.643088398538 -8.678109343419317 21.218598484067936 0.2942001537347572 1.7574298245799986e+21 0.9390972140561362 0.17622271783606136 
4359428.441629223 -16654640.978361296 -34895.01157214776 76.20417537638474 -382.19852557225664 -2.716036107432769 3.4319832589999993e+19 0.018339087411107007 0.07883941108668821 
2388994.8767580497 -13772216.552818423 218851.93662467075 38.899126546329946 -314.68522643716744 4.9510715239643845 1.115297729e+19 0.005959685988552998 0.06649062135759774 
-8959.265244698108 -9331452.609470038 290408.3973337266 -21.087328933628704 -175.35678029340002 9.367966078054458 5.87863754e+18 0.003141298764229 0.08165314441180999 
6746864.450427557 -19556963.400661323 148187.453624164 124.82285263134644 -452.10751689144087 1.5322455752444843 9.14204802e+18 0.004885129241638001 0.12882771097109708 
455230.0550817462 -10730300.810685595 1123749.923818848 -28.89344191769637 -222.40605456936518 45.30920149683543 3.68651603e+18 0.001969920440026 0.05916578911507939 
542331.8998093312 -10833268.673911013 -814018.6157179839 -14.101438082530256 -218.51097004555214 -17.988685462358614 3.04559549e+18 0.001627439229618 0.07169530251712068 
9168308.08906674 -20331824.282345317 -836033.3590708608 188.7466913677512 -484.9134309229696 -6.449630913818972 1.75928962e+18 0.000940091011167 0.12393605777784222 
-733967.2044270011 -8276447.45096338 -262502.4904246449 -37.98112766288771 -142.63276541348222 -0.24008977927790798 8.1513921e+17 0.00043557640279999997 0.05365833156277686 
6435182.0371 -17827705.187 -144639.89181 105.75992114 -422.02602458 22.277050877 5.138993e+17 0.0002746063565 0.0 
3250416.2524 -14776390.422 471113.50976 29.669546209 -358.48807424 34.159622329 4.2909568e+17 0.00022929083825 0.10181733827 
981309.1435877932 -10503017.61906133 258728.34684076576 -3.3417959376776563 -201.42224200412616 4.9546430183680945 6.016813e+17 0.00032151339681600003 0.1450703221123874 
2744400.8794239354 -12606598.203898335 95927.26784981186 25.19305022178553 -291.9114783792411 -29.362154400698184 4.2889532e+17 0.000229183774219 0.10168080173968791 
12961007.182254177 -22382389.421614654 -112107.22849678804 284.29938623982446 -537.9497981406031 -1.099649107185188 4.28821e+17 0.000229144060718 0.10168904974336611 
8347065.2971 -16648764.72 3228987.942 168.37257182 -396.61844435 57.958618314 3.0051713e+17 0.00016058382281 0.14532060119 
5944806.28482652 -17901284.767881617 146613.83143194843 93.58123453736377 -428.750465980779 24.44387966953215 5.574664e+17 0.000297886798011 0.0782341321399324 
11293289.40959687 -20586160.659562178 -2137906.970386149 242.91489808555872 -494.1147978122696 -38.96840278687805 3.4408881e+17 0.000183866711679 0.2535165557958317 
-41176.05700393012 -10212601.897991022 -1120900.5420243437 -38.346594075520485 -213.77588600125551 -43.74551675461215 3.854386e+17 0.000205962315182 0.0 
10433622.636411795 -21890413.74240381 -69986.15631599264 221.2997479120603 -521.087885679013 -0.676951164593124 3.0045569e+17 0.00016055099184099998 0.14513684197493482 
11353512.2745609 -22493664.358333994 148757.08109980047 244.4438600792335 -538.0126438646575 3.8677217671720117 3.852443e+17 0.000205858489367 0.0 
2445727.0284 -11220383.947 -714803.91253 17.399500948 -243.88374105 16.805747663 2.568403e+17 0.00013724474617 0.0 
3947913.769486092 -12734612.849245181 1706443.2261800973 58.34821774807369 -290.79241111163816 9.368995326217176 3.0045622e+17 0.000160551275049 0.14514733627588447 
10084488.257 -18738915.143 2815279.077 212.05756624 -446.96542464 53.302587263 1.7201963e+17 9.1920117114e-05 0.25358228012 
5570162.5187 -15057603.17 2060832.1345 98.895402941 -355.59579008 20.882608419 1.7200731e+17 9.1913533819e-05 0.25349684266 
9050263.0122 -6840177.926 25058513.254 206.34127652 -173.00867643 589.30504866 1.3093889e+17 6.996828271e-05 1.0 
1599067.237582339 -11739551.241577901 646395.6711178136 19.924486286637197 -248.33968625504707 12.300315307630346 1.7218315e+17 9.200749538299999e-05 0.253288141145054 
-423840.65975 -8192216.1544 341350.2807 -22.245008031 -140.11962888 3.7848978181 1.285658e+17 6.8700202371e-05 0.0 
1192233.6299 -13206655.643 -602466.60313 5.1685813073 -297.63939268 -6.551202995 1.285523e+17 6.8692988534e-05 0.0 
-277964.73708204203 -9364039.05847352 -1461974.6588119608 -43.46717778634021 -185.06219589457655 -49.57788787086021 3.0062612e+17 0.000160642062524 0.14506530570264486 
-394015.30677581055 -8131384.360822239 -1420857.7633465172 -47.64894640540478 -143.95827618227906 -55.40043114711368 2.569456e+17 0.000137301014099 0.0 
2149238.0872161207 -14946921.377919989 -1012260.8065786647 17.214783169788262 -347.37473182593465 -21.97869044968104 2.569429e+17 0.000137299571331 0.0 
796778.75553 -12716904.722 -1737333.9237 -11.616877713 -282.9380536 -55.944086659 1.284688e+17 6.8648369616e-05 0.0 
8045330.8281 -20621208.781 532422.28074 147.34406405 -483.20961855 18.616440731 1.284553e+17 6.8641155779e-05 0.0 
10137094.621590666 -20729307.593838837 -1396576.1597078985 209.76211932194914 -493.6853770681506 -20.290970492894832 1.720655e+17 9.194462812900001e-05 0.2534668483804133 
495942.35071 -10948940.541 -1003102.5235 -59.990440003 -208.71559228 -38.051420054 1.284445e+17 6.8635384709e-05 0.0 
3943593.3006 -11644004.517 3022758.8687 62.290733823 -259.79025595 39.276303146 1.28431e+17 6.8628170872e-05 0.0 
8760708.4634 -20971856.557 -78819.743353 173.53851496 -489.64166649 -6.9653787513 1.28431e+17 6.8628170872e-05 0.0 
-983208.55868 -8628504.6494 2004597.8533 -48.161816692 -157.55380362 51.687410836 1.28431e+17 6.8628170872e-05 0.0 
6644546.0646 -15749684.54 3179632.0127 127.96769602 -369.42099217 50.644662356 1.284256e+17 6.8625285337e-05 0.0 
6113839.8047 -14762142.478 2680128.4323 112.73885546 -346.63025872 36.311710034 1.284256e+17 6.8625285337e-05 0.0 
13483326.486 -22377360.721 -886662.78244 295.49309526 -540.60872538 -21.715008686 1.284229e+17 6.862384257e-05 0.0 
10875602.77 -21784347.992 278591.04415 231.6435375 -523.4030168 -5.388685989 1.284202e+17 6.8622399803e-05 0.0 
11181379.18 -21456079.837 -1771274.3972 238.6348585 -512.93523086 -34.756560312 1.284202e+17 6.8622399803e-05 0.0 
10096910.836 -20673339.174 -947065.95107 209.07228661 -493.09870126 -9.7754356647 1.284202e+17 6.8622399803e-05 0.0 
2479476.0166 -11510917.003 -282920.65476 20.774329762 -256.26536206 24.293527366 1.284202e+17 6.8622399803e-05 0.0 
12630848.159507522 -20629045.78326698 -3147750.4325311645 277.87942149163257 -497.3231197835067 -63.51250560325745 2.1563167e+17 0.000115224572683 0.4044464804265533 
14216689.888 -20308610.591 -4507416.9149 318.83877755 -491.01551356 -97.725070022 1.284202e+17 6.8622399803e-05 0.0 
11997151.798 -18538162.414 5996626.2704 264.4363085 -446.65203553 129.96792913 1.284094e+17 6.8616628733e-05 0.0 
19086288.492 -23430313.295 460238.74436 440.40669799 -569.88155314 10.225389997 1.284094e+17 6.8616628733e-05 0.0 
4521656.0903 -11950102.166 3043391.7752 72.841678527 -271.3633894 40.222978407 1.28404e+17 6.8613743198e-05 0.0 
12656239.875 -22966859.385 -793996.22186 279.11290419 -550.88672069 -11.28552421 1.28404e+17 6.8613743198e-05 0.0 
23048231.505 -20591342.5 -13430053.275 544.1375343 -504.89831999 -318.64365548 1.28404e+17 6.8613743198e-05 0.0 
5913637.2777 -8726239.8825 -14568034.774 123.20126264 -210.84270366 -322.90070022 1.28404e+17 6.8613743198e-05 0.0 
8974474.8854 -13079825.928 -7169062.834 186.95066857 -311.18564173 -149.8709512 1.28404e+17 6.8613743198e-05 0.0 
2964561.143635262 -11970660.587081352 -1069225.6243678285 31.461810484361646 -264.1903706934198 6.35928563356937 1.7205165e+17 9.193722726599999e-05 0.2536892264619374 
4377375.315093835 -11390827.31862461 -1758961.7644141852 63.26610747191524 -256.7286605623956 -12.002613557118028 2.567998e+17 0.000137223104658 0.0 
12889050.677 -15539416.889 9315122.9241 288.23607388 -374.91065694 209.5966697 1.283985e+17 6.8610804227e-05 0.0 
19916352.701 -19913827.674 7381308.0983 461.65289817 -484.77151572 174.03752514 1.283985e+17 6.8610804227e-05 0.0 
5866516.1864 -13599854.129 3143188.7852 107.21327585 -316.79334354 46.399750556 1.283958e+17 6.860936146e-05 0.0 
9644456.9481 -19396860.347 756129.79633 197.0002025 -464.26966062 4.2896250643 1.283958e+17 6.860936146e-05 0.0 
21672859.592 -20767894.489 5131684.4926 505.03434351 -507.1530779 120.28315429 1.283958e+17 6.860936146e-05 0.0 
3415853.3788 -379360.72029 -11456754.262 61.017064316 -22.213795154 -223.65050194 1.283958e+17 6.860936146e-05 0.0 
16651312.32 -21285359.723 -4899952.9049 379.80896951 -516.02634946 -112.19194071 1.283958e+17 6.860936146e-05 0.0 
5485115.3376 5871056.6654 -15501521.307 117.36972271 123.02811939 -344.24578771 1.283958e+17 6.860936146e-05 0.0 
6103586.7722 -11661583.56 -4201539.3886 108.22757612 -266.76310309 -74.968693551 1.283958e+17 6.860936146e-05 0.0 
1294341.8017 -2908928.6417 -9229352.7439 8.5593392932 -65.192084595 -153.98645033 8.742757e+16 4.6717647709e-05 1.0 
17526332.584 -20894781.562 -5798552.2013 402.37617148 -506.60100197 -132.60233795 8.739163e+16 4.6698442872e-05 1.0 
8266643.1851 -19484017.016 -722458.45029 167.37732593 -461.99362188 0.24636077893 8.73498e+16 4.6676090664e-05 1.0 
16347966.301 -23290152.3 -1257849.9078 371.14483257 -563.7795209 -30.099896155 8.729915e+16 4.6649025416e-05 1.0 
12039669.066126874 -22889612.454669625 -5306.406812171081 262.04692555817275 -549.4575863785524 3.010903173035752 1.3082001e+17 6.9904758195e-05 1.0 
6845630.4137 -12443166.687 8743806.0452 136.49237733 -289.81452977 186.26681675 4.373901e+16 2.3372303043e-05 1.0 
-676987.14124 -13554238.224 -665757.49689 -46.828050585 -306.89142898 -16.433138784 4.373901e+16 2.3372303043e-05 1.0 
4107749.4163 -11358064.67 4662275.1613 66.416268132 -252.22411392 78.752987814 4.373045e+16 2.3367728936e-05 1.0 
1279142.653 -2920911.1006 -8870822.0532 8.6911223567 -63.959321184 -146.08305536 4.373045e+16 2.3367728936e-05 1.0 
3092483.0912 -1215394.39 22360392.665 62.987574225 -38.154134267 517.90786556 4.372876e+16 2.336682587e-05 1.0 
17193608.209218137 -19386220.56190384 5906009.284537194 393.96078986645887 -469.4163114556983 135.4499846389222 8.743616e+16 4.6722237847e-05 1.0 
24098421.324 -19165864.139 -13125411.525 568.6156869 -470.0117694 -311.58892916 4.372876e+16 2.336682587e-05 1.0 
1183735.4995 -8072167.6652 -3517286.3888 -6.6416095589 -149.95319548 -38.038404105 4.372457e+16 2.3364586909e-05 1.0 
19564242.476 -22904712.461 -3527471.5112 453.41822206 -556.1129656 -81.756026342 4.37229e+16 2.336369453e-05 1.0 
399543.14558 -3596688.9487 13158727.593 -3.8865095591 -88.260157054 268.92559648 4.372041e+16 2.3362363978e-05 1.0 
7854251.7504 -8286235.6542 11705277.705 163.26566978 -195.28091462 253.83984206 4.372041e+16 2.3362363978e-05 1.0 
15090955.716 -21161320.802 5198842.9148 341.69927305 -510.95108779 119.37915453 4.372041e+16 2.3362363978e-05 1.0 
852893.99854 -9965474.2496 707527.49316 -17.869814031 -196.49717912 51.246178745 4.372041e+16 2.3362363978e-05 1.0 
15951924.068 -20536981.313 -5434874.8112 363.25035281 -496.43272698 -123.72901593 4.372041e+16 2.3362363978e-05 1.0 
3350044.5042 -5530074.4948 -14904048.379 63.865758215 -135.19660099 -323.68797738 4.372041e+16 2.3362363978e-05 1.0 
14553414.849 -13791808.046 12100418.74 330.52723344 -335.52415633 277.10459067 4.371877e+16 2.3361487631e-05 1.0 
5084754.5706 -7732715.6575 -16674290.487 103.973055 -188.22028838 -375.62877915 4.371877e+16 2.3361487631e-05 1.0 
10508012.082 -7752017.4466 22502571.748 240.51605039 -192.86290017 528.27450958 4.37163e+16 2.3360167766e-05 1.0 
13629131.685 -15407569.376 11660372.278 307.48627702 -372.21756457 268.42941142 4.37163e+16 2.3360167766e-05 1.0 
18071822.943 -17974472.641 3831691.3317 412.45219303 -435.20448793 88.449701858 4.37163e+16 2.3360167766e-05 1.0 
25077741.949 -18585830.196 -14357820.95 592.75682437 -456.12057802 -342.07849938 4.37163e+16 2.3360167766e-05 1.0 
3315111.8627 -365424.12416 -15567754.218 65.649706665 -19.2031872 -338.4768097 4.37163e+16 2.3360167766e-05 1.0 
4701483.8308417555 -7813668.578222671 -16752754.104647147 96.99546192995759 -188.7743109484653 -375.7236300705827 8.731859e+16 4.6659413342e-05 1.0 
971129.24593 -1968331.1332 16497282.335 11.794902026 -55.446978242 360.79642571 4.371549e+16 2.3359734935e-05 1.0 
7366699.9083 -17951895.851 3740485.4046 150.19939487 -419.6172004 69.607415949 4.371549e+16 2.3359734935e-05 1.0 
12490142.464 -8163849.4626 -21595616.335 287.6325239 -203.83210795 -506.5976475 4.371549e+16 2.3359734935e-05 1.0 
1955836.7184 -3031807.2529 -11917432.578 27.593016092 -74.150286497 -235.31856692 4.371549e+16 2.3359734935e-05 1.0 
2500441.7346 -3182297.5382 -15758012.413 47.594592704 -82.282495868 -341.79783208 4.371386e+16 2.3358863931e-05 1.0 
17275640.464 -14160188.81 14061689.919 399.05459356 -346.52541655 327.38762289 4.371223e+16 2.3357992927e-05 1.0 
12975193.659 -15374813.13 10628210.046 291.52362012 -370.19099263 241.47535044 4.371223e+16 2.3357992927e-05 1.0 
2204982.0009 -1727581.1238 20053550.24 41.339444364 -50.207760319 457.57087432 4.371062e+16 2.335713261e-05 1.0 
15121400.308 -22353066.272 -757387.64106 339.11182273 -540.45801785 -18.836972263 4.371062e+16 2.335713261e-05 1.0 
8244696.4438 -6132931.0996 24740215.243 188.29789031 -156.62390278 582.1399036 4.370901e+16 2.3356272294e-05 1.0 
19643107.733 -22184768.509 7530932.3578 457.76372416 -539.78873793 174.5246011 4.370901e+16 2.3356272294e-05 1.0 
15730190.667 -22953277.072 -25634031.631 371.02917029 -564.60220689 -614.61266778 4.370901e+16 2.3356272294e-05 1.0 
11270847.492 -7064778.9192 25203894.26 259.95283047 -178.26514245 595.67354828 4.37074e+16 2.3355411977e-05 1.0 
18663423.598 -15424961.019 -14996115.423 434.98405164 -377.34212101 -352.7547173 4.37074e+16 2.3355411977e-05 1.0 
5332162.1269 -14277243.372 2160387.509 96.576037929 -327.42231542 24.735280086 4.37058e+16 2.3354557003e-05 1.0 
20793875.309 -21592589.168 -6993264.5348 484.23045088 -525.18812228 -165.21891546 4.37058e+16 2.3354557003e-05 1.0 
5499420.781961336 -5643869.529539145 -17044088.647773005 114.86079735568451 -139.92127552810166 -382.7611089890289 8.739288e+16 4.6699110819e-05 1.0 
13540475.02 -18921901.42 -17348385.777 311.98655564 -460.58037401 -409.80868852 4.370263e+16 2.3352863088e-05 1.0 
23395903.198 -23035269.825 -2724533.8406 548.96243326 -560.75853741 -66.353739099 4.369947e+16 2.3351174515e-05 1.0 
26847380.974 -17216687.068 -14519174.126 636.03854351 -423.36483679 -346.43685746 4.369947e+16 2.3351174515e-05 1.0 
-1294501.5832 -754342.20905 12763837.62 -37.169843336 -28.260084873 253.91850397 4.369869e+16 2.3350757716e-05 1.0 
6037118.4833 -15810388.364 3321599.8283 115.8452472 -364.53172206 55.861012636 4.369869e+16 2.3350757716e-05 1.0 
12432742.066 -9666456.4991 -22154362.014 286.90126808 -238.93265936 -520.97023027 4.369869e+16 2.3350757716e-05 1.0 
-3799380.426 2228826.392 -18221978.392 -93.703319668 38.468035192 -408.04882537 4.369869e+16 2.3350757716e-05 1.0 
4154441.7208 -1237857.091 23139294.104 88.96940134 -39.498068948 537.893932 4.36979e+16 2.3350335573e-05 1.0 
18208961.578 -19051699.313 6885437.4786 419.02982551 -462.89951268 159.44595598 4.36979e+16 2.3350335573e-05 1.0 
17750396.627 -14541672.989 -17083196.381 413.72865622 -356.51121741 -403.2250494 4.36979e+16 2.3350335573e-05 1.0 
2495773.3791 -1391623.8885 20849448.661 49.163840912 -43.628961679 477.39664864 4.369712e+16 2.3349918773e-05 1.0 
18982765.034 -17398836.111 8303775.8746 438.03779064 -423.37862962 193.93193327 4.369712e+16 2.3349918773e-05 1.0 
19911621.307 -14760713.046 -17711988.199 467.42472104 -363.23822224 -417.70571386 4.369712e+16 2.3349918773e-05 1.0 
27806721.65 -22048090.889 -1088422.3125 657.51061795 -539.81088928 -26.065021757 4.369634e+16 2.3349501974e-05 1.0 
20897179.193 -18947373.293 -10016240.888 487.82199687 -461.31148467 -236.08305626 4.369634e+16 2.3349501974e-05 1.0 
5241431.2249 546037.6196 -32433618.618 120.09419247 3.0985458617 -773.69670331 4.369634e+16 2.3349501974e-05 1.0 
9756581.3412 -16939934.528 -17978875.54 220.15094562 -411.62474964 -420.60216893 4.369478e+16 2.3348668375e-05 1.0 
-6241021.591 3411694.1868 -16825932.961 -146.76004802 64.359664384 -373.73935384 4.369323e+16 2.334784012e-05 1.0 
12429341.825 -18497827.594 7766549.9231 276.98277745 -444.28967817 174.2058857 4.369168e+16 2.3347011864e-05 1.0 
16761331.292 -21736238.307 5735641.1259 383.713634 -526.87385972 133.58465971 4.369168e+16 2.3347011864e-05 1.0 
-2563172.6219 2701198.8304 -21525217.108 -64.777613813 50.385601176 -494.88264395 4.369014e+16 2.3346188952e-05 1.0 
-2502319.6464 2979349.4393 -18897489.228 -64.266115757 56.225614748 -425.61428203 4.369014e+16 2.3346188952e-05 1.0 
-307133.78119 -5110182.9603 7747556.758 -24.363854389 -101.35053309 118.44803507 4.368938e+16 2.334578284e-05 1.0 
5809934.6359 -9596580.4899 7224540.9407 105.63381525 -215.90501118 141.44901043 4.368938e+16 2.334578284e-05 1.0 
-6927675.792 5097534.3089 -14318407.767 -158.19781565 99.252106198 -311.95624024 4.368938e+16 2.334578284e-05 1.0 
5761274.0094 -2189145.9726 -24793786.36 128.83993731 -62.470965859 -580.40368093 4.368938e+16 2.334578284e-05 1.0 
-5247165.326923301 2653776.942418697 -11128189.473181445 -112.6419373986287 39.22597542962086 -216.8194979817031 8.736513e+16 4.6684282376e-05 1.0 
13856768.684 -20528970.409 25732294.143 324.52412212 -505.13586574 614.91191433 4.368708e+16 2.3344553816e-05 1.0 
4135299.3738 -14262133.894 991431.57839 64.265173442 -328.38309095 -7.1659420548 4.368708e+16 2.3344553816e-05 1.0 
18617550.674 -3737951.999 30198407.222 440.57244757 -97.999115936 724.41516447 4.368708e+16 2.3344553816e-05 1.0 
18219672.709 -11306161.69 17744238.351 423.74043308 -278.50433035 417.29858438 4.368708e+16 2.3344553816e-05 1.0 
5079579.5191 -14480481.442 -808175.07967 82.329901398 -335.34631115 8.7900014399 4.368708e+16 2.3344553816e-05 1.0 
2627985.0291 -12148014.688 -421489.07389 24.064840758 -267.61136012 19.163058655 4.368708e+16 2.3344553816e-05 1.0 
2645726.6353 -2860934.2638 -15616073.642 49.81598216 -77.035150179 -339.33806421 4.368708e+16 2.3344553816e-05 1.0 
7358431.0957 484362.62974 -33327041.089 171.45253931 1.2665575318 -796.93000506 4.368708e+16 2.3344553816e-05 1.0 
3169906.5208 -9757643.6784 4094489.1974 40.855656971 -207.12584632 59.885739075 4.368555e+16 2.3343736248e-05 1.0 
15035608.771 -14724354.777 12425672.147 341.55239071 -357.89886919 286.4843052 4.368555e+16 2.3343736248e-05 1.0 
36998996.41 -15668714.81 23437226.891 889.14817147 -388.72369796 566.63199155 4.368555e+16 2.3343736248e-05 1.0 
13702094.872 -20794833.843 -4393908.0251 305.89323206 -499.53660443 -97.437799549 4.368555e+16 2.3343736248e-05 1.0 
3357060.0231 -14489641.433 403481.10976 34.203018751 -349.06772744 47.098037643 4.368555e+16 2.3343736248e-05 1.0 
1430206.028 1391378.2552 -25660027.604 27.632204845 22.352551682 -600.91541872 4.368555e+16 2.3343736248e-05 1.0 
11594449.067 -7417057.2491 22732051.603 265.734947 -186.0541548 533.79164797 4.368479e+16 2.3343330136e-05 1.0 
11593249.367 -13406058.84 10680272.332 255.97468361 -321.52674553 239.02825788 4.368479e+16 2.3343330136e-05 1.0 
20903846.172 -20388805.927 -6376867.2361 485.91405046 -496.25203109 -149.55179768 4.368479e+16 2.3343330136e-05 1.0 
13271668.566 -139634.80961 -38124461.5 315.11172599 -13.123689955 -917.79502629 4.368479e+16 2.3343330136e-05 1.0 
513704.41769 -17571.018447 19549918.392 4.0860166638 -12.374625749 442.29433423 4.368404e+16 2.3342929367e-05 1.0 
23544759.566 -21686815.868 3515789.697 550.60944587 -529.0616971 82.801564166 4.368404e+16 2.3342929367e-05 1.0 
18077769.361 -14695184.801 -17444600.283 420.52808616 -359.80776555 -411.46254103 4.368404e+16 2.3342929367e-05 1.0 
8359013.507 -6685424.6865 24793715.023 190.98561758 -168.02486045 583.60258167 4.368252e+16 2.3342117142e-05 1.0 
13893890.227 -15182827.903 10870574.314 311.93120688 -366.88089942 248.91417774 4.368252e+16 2.3342117142e-05 1.0 
16663106.229 -1783513.978 -39012229.149 396.31924497 -52.258644429 -941.10311413 4.368252e+16 2.3342117142e-05 1.0 
-1123527.9421 113867.44547 17964615.483 -33.354354661 -9.6834839933 399.05238219 4.368101e+16 2.3341310261e-05 1.0 
19347772.022 -19590910.716 7247917.7914 449.10461687 -475.14834603 170.54028509 4.368101e+16 2.3341310261e-05 1.0 
14208163.51 -7671030.1029 29089423.662 332.89106645 -194.21265047 694.81573619 4.368101e+16 2.3341310261e-05 1.0 
28257891.862 -19794816.588 9509429.9269 669.82656898 -485.96890052 226.60173074 4.368101e+16 2.3341310261e-05 1.0 
19760119.73644414 -12935744.495995095 -17609749.083127026 461.9132320248194 -318.60647608930606 -416.016779652939 8.732587e+16 4.666330347e-05 1.0 
-3262249.5341 -746490.66934 10086280.843 -70.171214433 -30.662161177 176.25555136 4.367876e+16 2.3340107955e-05 1.0 
19895854.167 -22568861.18 -1628897.1266 460.11658513 -548.26992941 -38.393040198 4.367876e+16 2.3340107955e-05 1.0 
23892379.882 -15592155.992 -17876557.626 563.95105744 -383.02623184 -426.63998388 4.367876e+16 2.3340107955e-05 1.0 
-250746.61384 -3268516.4949 10071394.803 -19.564136014 -75.189797997 177.45938592 4.367801e+16 2.3339707186e-05 1.0 
3457342.2226 -4367496.3886 20834740.862 70.798290951 -111.52467994 478.08693244 4.367801e+16 2.3339707186e-05 1.0 
14391575.974 -14579839.733 12424423.826 326.81018683 -352.49519007 285.89751074 4.367801e+16 2.3339707186e-05 1.0 
28838484.037 -18904096.105 -5374841.0188 682.87280345 -463.42723561 -128.66489508 4.367801e+16 2.3339707186e-05 1.0 
4748565.0116 -5447789.0745 16787050.572 98.833033468 -135.4895794 375.5751375 4.367801e+16 2.3339707186e-05 1.0 
30711750.572 -23631963.07 -2358039.7008 730.37087847 -579.90002411 -56.368110469 4.367801e+16 2.3339707186e-05 1.0 
21050772.338 -18637371.568 -10222114.514 490.02921442 -455.67727229 -240.28669131 4.367801e+16 2.3339707186e-05 1.0 
11534328.548 -14089846.458 -21842994.531 265.02171986 -345.1946265 -515.01609091 4.367801e+16 2.3339707186e-05 1.0 
8711267.4625 -5287129.8873 -25159030.694 198.89002441 -136.45927019 -592.04783456 4.367801e+16 2.3339707186e-05 1.0 
3268254.6317 -4549700.5276 -17501408.7 64.40698992 -115.55725763 -390.31026623 4.367801e+16 2.3339707186e-05 1.0 
14738007.526 -19236003.755 -17090625.017 340.49262446 -468.73561374 -404.39512535 4.367726e+16 2.3339306418e-05 1.0 
-510439.61463 -3296503.0187 9736819.3764 -24.173882607 -72.245942791 168.71285048 4.367652e+16 2.3338910992e-05 1.0 
4387402.315 -3107617.8509 -20823142.13 94.65040565 -83.46710251 -476.84419749 4.367652e+16 2.3338910992e-05 1.0 
5993846.0602 -4412153.782 21973385.94 132.18820049 -114.19956773 508.76402026 4.367355e+16 2.3337323948e-05 1.0 
17438585.592 -18326607.802 12497674.984 403.17127554 -445.55763921 293.16867617 4.367355e+16 2.3337323948e-05 1.0 
26215141.857 -19812736.779 8473195.8101 618.9388981 -486.28878504 200.13743653 4.367355e+16 2.3337323948e-05 1.0 
23571692.745 -26223583.332 5973730.2847 556.48406384 -639.71571764 143.46193381 4.367355e+16 2.3337323948e-05 1.0 
19393905.1 -7801681.2939 -27542626.03 458.66315289 -197.21171662 -658.07525526 4.367355e+16 2.3337323948e-05 1.0 
8072053.5069 -5636123.1016 16365308.1 175.9319899 -141.97783828 368.13591134 4.367207e+16 2.3336533098e-05 1.0 
32101977.688 -21580326.711 6829998.2724 765.16780071 -530.48479416 163.81386107 4.367207e+16 2.3336533098e-05 1.0 
40585745.297 -20787500.925 -15842062.466 976.13364453 -513.70287003 -382.07073868 4.367207e+16 2.3336533098e-05 1.0 
22641475.636 -19667977.196 7009446.5793 528.38505354 -480.4582401 164.95634962 4.367133e+16 2.3336137673e-05 1.0 
24588846.463 -22487287.61 -1161979.5537 577.93953678 -549.433617 -27.359689702 4.367133e+16 2.3336137673e-05 1.0 
23211573.899 -12081318.232 23412149.913 549.87939464 -300.191403 559.35623454 4.366766e+16 2.3334176578e-05 1.0 
34722760.789 -13973294.275 25617215.641 833.52668462 -347.35788752 618.12453465 4.366766e+16 2.3334176578e-05 1.0 
22390803.987 -11972784.539 -20013470.227 531.47659698 -296.21681252 -475.53241377 4.366766e+16 2.3334176578e-05 1.0 
21020950.126 -11289878.887 -23630558.665 497.70175739 -280.80597866 -563.91741136 4.366766e+16 2.3334176578e-05 1.0 
6578138.7565 -13367969.235 -12941947.833 137.95002796 -317.15312008 -289.80455588 4.366766e+16 2.3334176578e-05 1.0 
217145.62444 -3023946.0558 16965710.906 -5.2016522192 -79.219410711 372.7781902 4.366693e+16 2.3333786496e-05 1.0 
13173144.503 -28123006.712 16560146.652 304.45317598 -687.1534597 395.21264257 4.366693e+16 2.3333786496e-05 1.0 
17712996.387 -4626120.9394 -34396753.552 420.61528828 -120.92122019 -826.32365732 4.366693e+16 2.3333786496e-05 1.0 
668287.12078 1037533.9038 22262463.623 9.7981807191 12.101272375 512.93822736 4.366621e+16 2.3333401758e-05 1.0 
24088391.827 -20755851.706 3128001.8384 564.47611271 -505.80132815 74.147485808 4.366621e+16 2.3333401758e-05 1.0 
-12836032.861 11660390.015 508003.58143 -288.87461787 246.0441954 9.7168019308 4.366621e+16 2.3333401758e-05 1.0 
19552615.868 -13455162.844 -17395870.499 456.75703203 -329.85154081 -412.12453219 4.366621e+16 2.3333401758e-05 1.0 
3489301.2259 -15190370.39 2083711.2633 61.823849819 -341.44037302 20.341762653 4.366475e+16 2.3332621595e-05 1.0 
10235165.997945225 -10360438.559101118 16672021.043583497 229.9639393749119 -255.15043493353224 381.62614349498324 8.72658e+16 4.6631204566e-05 1.0 
32811982.84 -21800365.959 7149189.2203 781.7126503 -536.19861514 171.5421503 4.366475e+16 2.3332621595e-05 1.0 
-94272.618999 2557862.833 18093757.323 -9.8539184607 47.196493919 404.74827257 4.366475e+16 2.3332621595e-05 1.0 
32485986.456 -21355599.141 -3907957.2367 773.57923478 -524.78139796 -93.30072989 4.366475e+16 2.3332621595e-05 1.0 
39247506.814 -21750817.615 -7094389.7807 941.59228147 -536.58358671 -170.72253226 4.366475e+16 2.3332621595e-05 1.0 
5572433.1175 -9587645.2904 -14959146.32 115.1570928 -228.58804416 -332.97232757 4.366475e+16 2.3332621595e-05 1.0 
5341862.6324 -12334868.552 6849982.3838 98.839911548 -280.32509443 137.9161851 4.36633e+16 2.3331846776e-05 1.0 
15260829.834 -6072796.6467 29731276.663 358.58229747 -155.29044181 710.13763603 4.36633e+16 2.3331846776e-05 1.0 
23592534.085 -14628589.893 16428864.879 555.22363306 -359.67048127 390.58277996 4.36633e+16 2.3331846776e-05 1.0 
35841000.663 -13924827.484 -25541750.785 862.00046188 -347.20567592 -615.91720566 4.36633e+16 2.3331846776e-05 1.0 
1978213.4095 -4199723.63 -13795231.329 31.879431256 -103.34593226 -288.69456688 4.36633e+16 2.3331846776e-05 1.0 
6211927.4312 -16659611.336 6048203.7286 125.30842533 -388.38694947 124.63495894 4.366258e+16 2.3331462038e-05 1.0 
-15440477.626 9909377.9345 -12391015.678 -361.31378508 215.91094326 -284.46011562 4.366258e+16 2.3331462038e-05 1.0 
3622837.0971 -5478471.3246 -15384286.255 69.499206513 -134.41545287 -335.39158689 4.366258e+16 2.3331462038e-05 1.0 
35009657.39 -15187426.106 27405797.376 841.09381631 -377.5646874 661.72929261 4.366186e+16 2.33310773e-05 1.0 
7543244.0427 -12558111.861 -13241508.016 160.0332793 -299.81644621 -298.04147943 4.366186e+16 2.33310773e-05 1.0 
-3071475.0737 -461101.1892 16483112.675 -75.728343687 -23.952261429 358.91555412 4.366114e+16 2.3330692562e-05 1.0 
20195576.165 -19638700.44 7886786.1654 467.46322855 -476.45574429 185.22984919 4.366114e+16 2.3330692562e-05 1.0 
-13217105.755 10730194.101 4436758.4545 -297.65368163 225.16519095 98.868213402 4.366114e+16 2.3330692562e-05 1.0 
20148192.011 -12602261.985 -17792315.386 470.62079492 -311.40088524 -419.37276224 4.366114e+16 2.3330692562e-05 1.0 
4048522.8681 -2918789.8443 23143226.469 87.70581586 -79.722048319 536.93723898 4.366042e+16 2.3330307824e-05 1.0 
19715533.565 -16129279.287 8583881.2878 455.23741942 -392.5083442 200.52346809 4.366042e+16 2.3330307824e-05 1.0 
-7976108.639442998 1968370.3824593716 7339107.397719888 -153.95907674006813 17.355119568118162 128.40085382131772 8.727417e+16 4.6635677146e-05 1.0 
20223186.525 -18725161.796 -8385039.6798 469.6340739 -454.90893539 -196.76176942 4.366042e+16 2.3330307824e-05 1.0 
-17521642.711 11732987.566 14265405.898 -415.23504827 263.27890318 332.57409611 4.366042e+16 2.3330307824e-05 1.0 
8400954.5222 -16495873.174 -3627471.4333 171.28659676 -388.74978594 -68.060123259 4.366042e+16 2.3330307824e-05 1.0 
-8259654.5242 8437457.26 -3559172.3282 -168.49165423 151.97560602 -65.453162499 4.366042e+16 2.3330307824e-05 1.0 
18325971.484 -8795769.8277 -25296233.403 431.14082004 -220.56121266 -602.35311023 4.366042e+16 2.3330307824e-05 1.0 
27493147.95 -13470407.202 24836782.376 656.28671346 -335.02166217 595.62015082 4.36597e+16 2.3329923086e-05 1.0 
31129736.572 -17382385.642 17719637.745 742.53647546 -428.92206498 425.45624662 4.36597e+16 2.3329923086e-05 1.0 
20355172.475 -15961927.475 -13802744.423 476.05620488 -391.01899769 -324.74687451 4.36597e+16 2.3329923086e-05 1.0 
7794053.2527 -4763442.9843 26288826.404 178.28144312 -124.78648353 619.58138684 4.365898e+16 2.3329538348e-05 1.0 
27324322.56 -18780257.816 4178054.471 644.09100322 -460.44186916 99.423673957 4.365898e+16 2.3329538348e-05 1.0 
39847145.084 -19569727.69 -18549904.962 958.39915346 -483.78262039 -448.03659952 4.365898e+16 2.3329538348e-05 1.0 
-7047316.5862 7199658.4629 28297303.326 -171.84151333 159.86860749 671.23534704 4.365612e+16 2.3328010083e-05 1.0 
25770758.704 -18613542.181 -5497648.9174 606.26880844 -454.85189394 -130.40896465 4.365612e+16 2.3328010083e-05 1.0 
22462899.797 -17972036.209 -11012049.463 525.45354347 -439.14366398 -260.26200554 4.365612e+16 2.3328010083e-05 1.0 
6558158.7709 -7711595.0266 25459905.34 147.62954727 -194.02349043 598.54166573 4.36547e+16 2.3327251294e-05 1.0 
25599843.115 -17658417.501 12812729.748 603.99719951 -433.15963964 304.92091845 4.36547e+16 2.3327251294e-05 1.0 
-4903160.9182 242966.34921 16197894.294 -114.54398002 -9.4579988262 353.45898707 4.36547e+16 2.3327251294e-05 1.0 
19580585.75 -22914489.345 -1355607.6618 452.7628682 -555.0967522 -31.441621169 4.36547e+16 2.3327251294e-05 1.0 
-8898961.3408 2705310.6874 4214065.3657 -158.0790596 27.097000687 66.760882949 4.36547e+16 2.3327251294e-05 1.0 
-19593895.604 13557784.759 15118979.0 -467.48820505 309.13645845 356.71018956 4.36547e+16 2.3327251294e-05 1.0 
24158182.23 -14466425.956 -18464807.165 570.12184043 -355.85754011 -440.6005088 4.36547e+16 2.3327251294e-05 1.0 
8960975.7901 -15716064.0 -3616696.8595 183.64573273 -370.74794345 -67.935260653 4.36547e+16 2.3327251294e-05 1.0 
25830387.901 -14722379.976 -27343862.579 615.74664521 -365.16049443 -657.22689709 4.36547e+16 2.3327251294e-05 1.0 
9467647.0058 -6928783.5423 21215071.604 215.26312294 -175.43939765 493.97063966 4.365399e+16 2.33268719e-05 1.0 
32707767.465 -22962989.031 -952939.75414 779.35985749 -563.71299284 -23.199555749 4.365399e+16 2.33268719e-05 1.0 
38477517.275 -17601781.436 -11782314.982 922.46238382 -435.25820279 -283.97273777 4.365399e+16 2.33268719e-05 1.0 
16223221.498 -14499559.128 -20814727.484 378.87855781 -355.69557117 -492.15494632 4.365399e+16 2.33268719e-05 1.0 
30718045.521 -20418279.31 11901673.954 731.16270923 -502.08321378 284.56324786 4.365328e+16 2.3326492506e-05 1.0 
44136664.135 -18220792.862 -27894845.071 1065.0833916 -452.020678 -676.13195413 4.365328e+16 2.3326492506e-05 1.0 
11241429.266 -7640034.0272 20783459.371 255.49362455 -189.69547532 485.10635752 4.365187e+16 2.332573906e-05 1.0 
19710315.893 -14533408.467 24222014.873 465.90714732 -359.07998689 578.17920831 4.365187e+16 2.332573906e-05 1.0 
166343.53921 -1589100.0348 20893260.877 -3.4959568136 -48.368978265 476.56727528 4.365187e+16 2.332573906e-05 1.0 
19651932.492 -16275833.098 8977268.7199 454.06033344 -395.5022571 207.73227937 4.365187e+16 2.332573906e-05 1.0 
799413.33893 -9656274.8766 171745.79209 -29.024325869 -193.01297232 38.897610441 4.365187e+16 2.332573906e-05 1.0 
-17567227.112 13140935.059 -13079863.476 -416.31091372 296.53433976 -305.71884445 4.365187e+16 2.332573906e-05 1.0 
17245682.294 -6388926.4954 -31977003.491 407.9456893 -163.04241157 -766.4946481 4.365187e+16 2.332573906e-05 1.0 
-2693276.5245 3181716.0998 -24108901.103 -69.277999088 62.777506431 -561.43287492 4.365187e+16 2.332573906e-05 1.0 
5423639.6655 360290.51251 -34551743.883 124.62178781 -1.7792365129 -825.9474431 4.365187e+16 2.332573906e-05 1.0 
-2978969.0406 2309476.8239 -22689593.815 -74.840293449 41.991594416 -524.07655419 4.365116e+16 2.3325359666e-05 1.0 
1783392.553 -6013334.2396 12638294.754 24.366399772 -139.56394361 261.02925653 4.364905e+16 2.332423217e-05 1.0 
2802687.5554 -10056762.268 9652036.6424 43.824907489 -227.99763243 195.81979055 4.364905e+16 2.332423217e-05 1.0 
-266831.58426 -7978922.4218 -376918.63732 -47.571959318 -137.6808022 -42.621351996 4.364905e+16 2.332423217e-05 1.0 
-14416064.323 6062034.6818 4196914.3294 -316.76821135 115.66394507 88.891686066 4.364905e+16 2.332423217e-05 1.0 
16791535.016 -16697101.913 -13728460.572 388.37963674 -405.85535424 -320.97374193 4.364905e+16 2.332423217e-05 1.0 
-7499813.4202 4314182.8565 -20238749.081 -179.41920276 87.485747311 -464.04874909 4.364905e+16 2.332423217e-05 1.0 
-265441.33545 1595168.6637 -30587407.364 -11.894792119 27.141397661 -725.37940359 4.364905e+16 2.332423217e-05 1.0 
17147976.187 -14231660.128 15842640.755 396.57545275 -347.66113464 370.32539111 4.364765e+16 2.3323484068e-05 1.0 
6199029.1579 -15453489.581 2400244.1916 114.40225371 -355.74979315 35.244923774 4.364765e+16 2.3323484068e-05 1.0 
186322.03426 3888437.4844 25083852.877 0.12919766556 79.603984609 587.77842632 4.364765e+16 2.3323484068e-05 1.0 
32210671.244 -19998530.253 -4404416.9978 766.36437991 -491.55930923 -104.45607282 4.364765e+16 2.3323484068e-05 1.0 
2759999.6362 9635171.9927 -42709392.657 63.397059647 222.24939001 -1030.3638817 4.364765e+16 2.3323484068e-05 1.0 
13618167.811 -3818337.6066 -41571073.093 323.97613138 -102.61004417 -1001.8604861 4.364765e+16 2.3323484068e-05 1.0 
2470979.9724 -8970549.0769 -15537398.682 43.876284665 -213.76244483 -344.08638468 4.364765e+16 2.3323484068e-05 1.0 
11324255.212 -7785493.3215 22631704.934 258.47980892 -192.21438827 531.81397608 4.364626e+16 2.332274131e-05 1.0 
5825565.7869 -21142049.474 8781171.3281 121.03890802 -503.87185368 197.25749316 4.364626e+16 2.332274131e-05 1.0 
-15522937.363 9011402.858 -12766399.49 -362.26653138 195.05984578 -292.56548744 4.364626e+16 2.332274131e-05 1.0 
-1716194.4519 3829884.6157 -33056782.919 -46.240420554 80.759420105 -788.04973228 4.364626e+16 2.332274131e-05 1.0 
1179290.5738 -4709943.2291 -12953061.878 12.89041839 -112.13070392 -265.46095427 4.364626e+16 2.332274131e-05 1.0 
-5415348.9585 994477.06798 17814908.065 -129.17290495 8.9807604305 396.81980945 4.364486e+16 2.3321993209e-05 1.0 
24669878.861 -19783087.699 2056375.6344 578.24157275 -482.3772108 49.513537851 4.364486e+16 2.3321993209e-05 1.0 
-19459102.687 16162592.115 9683181.7316 -462.85617701 370.1489395 227.83978989 4.364486e+16 2.3321993209e-05 1.0 
10107882.788 -7694088.5145 24870534.66 231.04991075 -191.6432861 586.15228818 4.364417e+16 2.3321624501e-05 1.0 
14156408.598 -14053771.163 15903455.379 324.57886243 -342.73267735 368.8959539 4.364417e+16 2.3321624501e-05 1.0 
-2030454.7691 6829880.4828 -36527891.066 -52.707418953 153.29002306 -875.68468251 4.364417e+16 2.3321624501e-05 1.0 
4756445.4194 2797163.8939 -36465388.561 109.05882202 56.687205985 -873.5665349 4.364417e+16 2.3321624501e-05 1.0 
9442992.5827 -17809350.013 3864974.2453 197.23646428 -421.22040857 77.470376267 4.364347e+16 2.3321250451e-05 1.0 
562740.47349 -1045539.4684 22257127.99 6.5001621499 -36.464111327 511.79231455 4.364347e+16 2.3321250451e-05 1.0 
18687511.345 -19390485.007 8176862.2141 431.31311618 -469.94158694 190.96027327 4.364347e+16 2.3321250451e-05 1.0 
1332524.6349 -10731142.472 225163.46778 -6.6985649659 -212.17644929 37.319305547 4.364347e+16 2.3321250451e-05 1.0 
-18608011.509 15377708.087 -1975467.7782 -438.66576101 347.49186721 -44.634685696 4.364347e+16 2.3321250451e-05 1.0 
19655253.071 -10245145.722 -26114301.815 463.44985767 -255.64496592 -623.32830303 4.364347e+16 2.3321250451e-05 1.0 
-23466186.126 22948608.636 -16508503.375 -566.24501653 540.14171017 -395.58014992 4.364347e+16 2.3321250451e-05 1.0 
5783934.4804 -5989207.4564 -17463564.525 121.18208795 -147.48061474 -392.61350789 4.364347e+16 2.3321250451e-05 1.0 
380998.51437 -4671877.7956 10258109.385 -8.3420616305 -103.52492021 188.96308124 4.364278e+16 2.3320881743e-05 1.0 
6999991.8729 -10845197.789 8175960.9473 139.01215281 -251.34369715 167.42170719 4.364278e+16 2.3320881743e-05 1.0 
9335070.5998 -4180356.1485 30524569.251 216.72700771 -111.21259707 726.23478241 4.364278e+16 2.3320881743e-05 1.0 
29080767.048 -19109164.952 8573797.2405 688.92110997 -469.16885029 205.01889656 4.364278e+16 2.3320881743e-05 1.0 
42052003.585 -18168658.801 -29799910.268 1013.9518852 -450.53465327 -721.98326049 4.364278e+16 2.3320881743e-05 1.0 
-15373529.232 15191310.315 -34259415.674 -374.60622837 355.76222474 -823.42026115 4.364278e+16 2.3320881743e-05 1.0 
-470925.90035 1473780.2207 -28849423.256 -17.753537744 24.799500166 -681.35435393 4.364278e+16 2.3320881743e-05 1.0 
10380863.282 -1379916.142 30323669.026 242.5329073 -44.046182934 721.20625975 4.364209e+16 2.3320513036e-05 1.0 
29731909.168 -18366113.598 9567937.8967 705.04848786 -451.28306683 228.23146232 4.364209e+16 2.3320513036e-05 1.0 
-722358.75148 2851924.9729 36594181.255 -22.447635215 57.557048728 876.36102802 4.364209e+16 2.3320513036e-05 1.0 
33985484.094 -22479254.996 -1171869.1322 810.29308695 -551.7567109 -28.741046466 4.364209e+16 2.3320513036e-05 1.0 
39507714.233 -18767426.745 -20925922.47 949.80516831 -463.48571461 -506.29236914 4.364209e+16 2.3320513036e-05 1.0 
348049.64153 -8194248.7553 489007.68051 -34.840034361 -145.75279855 44.397962458 4.364209e+16 2.3320513036e-05 1.0 
29928439.17 -14205701.719 -31002885.9 716.7344816 -353.22454921 -748.19539223 4.364209e+16 2.3320513036e-05 1.0 
41329967.744 -18898889.653 12157788.308 993.39409587 -467.46636745 293.46822873 4.36414e+16 2.3320144329e-05 1.0 
-11673849.339 3555385.2215 4992539.1739 -239.14685314 53.824240855 98.089477437 4.364071e+16 2.3319775622e-05 1.0 
3482689.52075256 -11813572.002429402 -5458852.300966429 54.99785338690611 -261.22517122707825 -98.68680884131452 8.7243e+16 4.6619021198e-05 1.0 
10019113.937 -5246523.1783 30423172.18 232.72100087 -135.6333644 723.62505261 4.363933e+16 2.3319038207e-05 1.0 
16525644.954 -14479675.241 15253238.52 380.53369069 -352.68965769 356.66310996 4.363933e+16 2.3319038207e-05 1.0 
17008619.681 -10965178.269 27109859.095 399.49871344 -273.03441787 646.41509991 4.363933e+16 2.3319038207e-05 1.0 
28220935.652 -15035288.756 26055566.652 673.74738083 -372.43193331 626.07565957 4.363933e+16 2.3319038207e-05 1.0 
6687004.2028 -16477362.11 2307416.9873 125.53319822 -382.31658486 34.306895519 4.363933e+16 2.3319038207e-05 1.0 
29079345.194 -12526965.559 31222904.188 695.91562856 -312.65128459 752.48027457 4.363933e+16 2.3319038207e-05 1.0 
5172577.1201 6419645.5688 37810652.632 119.57962153 144.76343332 908.60083343 4.363933e+16 2.3319038207e-05 1.0 
31454691.882 -22520913.675 -4826203.6323 748.19832358 -552.24059048 -116.11860048 4.363933e+16 2.3319038207e-05 1.0 
40194169.51 -17360177.042 25206723.436 967.91352744 -430.69037002 610.12741894 4.363933e+16 2.3319038207e-05 1.0 
45154543.371 -24041278.803 8478193.0937 1087.4953002 -593.49297732 205.56827115 4.363933e+16 2.3319038207e-05 1.0 
33109752.377 -20423370.644 -10676787.519 789.49666358 -502.67888976 -255.64130266 4.363933e+16 2.3319038207e-05 1.0 
18715353.988 -2258721.801 -40259925.094 446.62667924 -64.377521533 -971.93406061 4.363933e+16 2.3319038207e-05 1.0 
-27702400.989 23942359.648 -3853379.5315 -667.7641951 563.76250258 -92.239015817 4.363933e+16 2.3319038207e-05 1.0 
12874035.83 -924744.91835 -48185267.741 307.10264594 -32.731405707 -1165.9909214 4.363933e+16 2.3319038207e-05 1.0 
17554074.419 3716118.072 -55794841.243 420.8397875 80.713573437 -1353.4366859 4.363933e+16 2.3319038207e-05 1.0 
13031182.015 -9576618.3835 -21510290.057 299.6482041 -236.31635353 -505.22742214 4.363933e+16 2.3319038207e-05 1.0 
-14126554.1 8182891.6472 -26470958.888 -341.22142427 183.45048212 -628.29950861 4.363933e+16 2.3319038207e-05 1.0 
16373643.752 -8415429.4329 -37295105.226 389.20586074 -213.65299472 -896.98432383 4.363933e+16 2.3319038207e-05 1.0 
1391864.7652 -7095901.4244 9585694.0557 11.549615854 -155.58367058 181.26414548 4.363796e+16 2.3318306136e-05 1.0 
2497398.4137 -11547557.219 13727823.672 42.508186522 -272.21907831 301.4338481 4.363796e+16 2.3318306136e-05 1.0 
17254272.002 -12236227.342 16541992.497 398.70333885 -299.31063494 387.14538978 4.363796e+16 2.3318306136e-05 1.0 
-7164650.7091 991076.32877 16690981.933 -166.29364824 8.0544172191 369.28390712 4.363796e+16 2.3318306136e-05 1.0 
-6153498.1354 3060540.8884 29699987.939 -151.96704563 61.133385441 703.73038176 4.363796e+16 2.3318306136e-05 1.0 
24499706.238 -17382842.862 2272681.7671 572.77741035 -423.59007862 53.380962028 4.363796e+16 2.3318306136e-05 1.0 
5543677.0845 -18793009.693 597347.10355 97.312328809 -433.28442673 3.3177168295 4.363796e+16 2.3318306136e-05 1.0 
-28045854.761 19399573.298 7414771.0767 -674.58626969 453.06534878 176.99348372 4.363796e+16 2.3318306136e-05 1.0 
-23246801.069 15623587.362 5665917.6337 -553.7278074 357.78333056 133.77239342 4.363796e+16 2.3318306136e-05 1.0 
20535492.84658205 -13771510.927593512 -17747467.945464145 479.9420010422476 -337.9837234802315 -418.97059844016445 8.724991e+16 4.6622713613e-05 1.0 
7130101.6934 -13214753.582 -11334211.879 148.26343003 -312.21897616 -250.42834437 4.363796e+16 2.3318306136e-05 1.0 
-7625532.3972 22345031.945 -50463315.393 -188.39888469 532.04295868 -1222.7704227 4.363796e+16 2.3318306136e-05 1.0 
11476650.721 1979342.8903 -49437528.982 272.7252801 37.985212326 -1195.4316142 4.363796e+16 2.3318306136e-05 1.0 
-3677628.8357 14445788.685 -37742415.846 -92.539307585 338.27773312 -906.80334225 4.363796e+16 2.3318306136e-05 1.0 
-336360.77097 7442437.8694 -41783603.005 -12.263781676 169.25266477 -1005.6208212 4.363796e+16 2.3318306136e-05 1.0 
26454897.499 -10236489.291 44008437.234 634.77421602 -257.98321513 1065.4036911 4.363728e+16 2.3317942773e-05 1.0 
34978359.232 -17113882.239 26425611.164 839.41304432 -423.87337898 637.65761738 4.363728e+16 2.3317942773e-05 1.0 
13762268.21 -557715.05637 -44038440.705 328.3127592 -23.919890164 -1064.3525372 4.363728e+16 2.3317942773e-05 1.0 
35280857.933 -6627353.7987 -45113592.216 851.54919084 -170.88239641 -1093.3218094 4.363728e+16 2.3317942773e-05 1.0 
43014900.975 -17111174.693 30895632.27 1037.4680447 -424.98114641 749.21355869 4.363591e+16 2.3317210702e-05 1.0 
29789714.597 -20776821.511 -8485534.8018 707.95558246 -510.22041629 -203.00274298 4.363591e+16 2.3317210702e-05 1.0 
18958886.341 -7052006.4864 33804547.527 450.17502711 -180.05746259 811.51349961 4.363523e+16 2.3316847338e-05 1.0 
30980920.16 -17645798.763 26167246.791 741.50588498 -435.70689628 630.65915619 4.363523e+16 2.3316847338e-05 1.0 
3889635.0687 6935030.0662 -36890884.881 88.609902277 157.17946276 -885.87507376 4.363523e+16 2.3316847338e-05 1.0 
35524439.406 4732986.9741 -67551372.467 859.48630766 105.51850357 -1642.7288166 4.363523e+16 2.3316847338e-05 1.0 
-8061816.0739 2574212.1551 -16929803.435 -188.51602471 45.282152672 -377.6704714 4.363523e+16 2.3316847338e-05 1.0 
-5475015.7739 550441.60223 -14119416.191 -126.00804782 -1.7628271065 -296.76836887 4.363523e+16 2.3316847338e-05 1.0 
-106510.15803 -5439248.8352 10049758.295 -18.78961594 -118.59086633 185.29806318 4.363387e+16 2.3316120611e-05 1.0 
3738202.9108 -10250730.942 7860345.495 61.922513849 -229.96173082 152.32800669 4.363387e+16 2.3316120611e-05 1.0 
36471932.515 -14675134.291 34143015.476 877.67673792 -365.89682506 826.23859495 4.363387e+16 2.3316120611e-05 1.0 
44305988.452 -17898890.915 13177685.92 1066.5094727 -443.42705418 317.79965039 4.363387e+16 2.3316120611e-05 1.0 
19095442.768 -23116015.479 -1439001.4764 441.90212702 -560.68243598 -32.355400729 4.363387e+16 2.3316120611e-05 1.0 
41264165.435 -21195989.168 -14911130.295 992.05070651 -523.89498924 -360.30357912 4.363387e+16 2.3316120611e-05 1.0 
-8527836.8285 14388165.504 -36660482.736 -208.99566868 336.20455933 -880.66702966 4.363387e+16 2.3316120611e-05 1.0 
1597761.2254 6354068.7078 -38412467.601 33.549000688 143.09368117 -921.58162812 4.363387e+16 2.3316120611e-05 1.0 
1231431.5813 -783085.44887 27839028.917 23.383081466 -30.117778466 655.16327017 4.363319e+16 2.3315757247e-05 1.0 
19023460.475 -17765865.004 8691370.0039 437.58551164 -431.27549085 202.58761316 4.363319e+16 2.3315757247e-05 1.0 
-19336207.787 15977082.122 21611406.403 -466.1699677 370.73153162 514.49899275 4.363319e+16 2.3315757247e-05 1.0 
30914837.406 -15531644.256 23568153.658 740.01360563 -384.9285888 567.48099804 4.363319e+16 2.3315757247e-05 1.0 
60338765.562 -28715793.398 -4479604.1855 1460.800119 -708.41527855 -108.97369664 4.363319e+16 2.3315757247e-05 1.0 
20880991.144 -18245208.814 -8711827.7723 485.07528557 -443.50993908 -205.45362305 4.363319e+16 2.3315757247e-05 1.0 
-22080404.633 19146028.808 -16304232.49 -530.96924437 446.69041515 -389.5467417 4.363319e+16 2.3315757247e-05 1.0 
18599607.746 -9988702.3742 -29938739.418 439.66983838 -250.15986697 -716.59200387 4.363319e+16 2.3315757247e-05 1.0 
-404493.39235 -4476052.0062 11556783.145 -21.62403126 -103.69019046 223.87653734 4.363251e+16 2.3315393884e-05 1.0 
6197624.2884 -12597275.898 8828090.4717 122.4240316 -291.81776033 186.38752304 4.363251e+16 2.3315393884e-05 1.0 
-20163886.037 14835626.778 -31598332.354 -489.3966826 346.18718616 -759.08918829 4.363251e+16 2.3315393884e-05 1.0 
3150257.9119 -4918796.3681 -25009797.137 67.262838762 -127.33504632 -583.96029814 4.363251e+16 2.3315393884e-05 1.0 
-685479.36604 -5002420.6741 7708011.5259 -29.734912064 -96.545906535 116.54627408 4.363116e+16 2.33146725e-05 1.0 
18347054.926 -5911150.7642 43491199.836 437.64300672 -153.13226309 1050.454939 4.363116e+16 2.33146725e-05 1.0 
37633197.729 -20220974.328 22696722.602 903.87217503 -499.37928615 548.09360919 4.363116e+16 2.33146725e-05 1.0 
-19359880.558 19632588.539 39016477.31 -472.44023629 464.44264732 942.10302459 4.363116e+16 2.33146725e-05 1.0 
22395344.069 -19553788.394 -5753006.2804 521.71065589 -475.82586398 -135.50715133 4.363116e+16 2.33146725e-05 1.0 
3890329.393 -12359553.853 -2425647.8563 56.875344884 -271.27082235 -30.501557859 4.363116e+16 2.33146725e-05 1.0 
-23785966.319 24018250.679 24456346.667 -577.50754974 568.29829398 588.21415608 4.363116e+16 2.33146725e-05 1.0 
24040395.393 -17719300.111 -11539459.994 564.3901167 -433.47672341 -273.37228273 4.363116e+16 2.33146725e-05 1.0 
557394.6256098517 -8035046.085261057 -321958.0200991664 -27.507592095467338 -140.74689276516443 33.91533912342376 8.724406e+16 4.6619587617e-05 1.0 
5952948.6649 -1406171.0656 -27721093.051 136.36232781 -44.72598416 -655.42360006 4.363116e+16 2.33146725e-05 1.0 
37214299.683 -11079268.854 -48928953.805 898.73741225 -279.26448164 -1187.3357621 4.363116e+16 2.33146725e-05 1.0 
-10406996.681 2980439.1444 -19510486.732 -245.86687022 55.847307595 -447.20067294 4.363116e+16 2.33146725e-05 1.0 
-9232054.7002 2727024.7812 8282898.8379 -190.53703584 37.167197154 158.17299356 4.362913e+16 2.3313587753e-05 1.0 
13458252.596 -20755122.706 -4661754.2126 301.68464864 -496.61682489 -102.18822048 4.362913e+16 2.3313587753e-05 1.0 
-18908495.996 15481581.351 16638341.95 -452.35672721 355.92971429 393.20306555 4.362913e+16 2.3313587753e-05 1.0 
11609709.729 -17031631.33 -6100638.9478 253.31341358 -406.73826071 -132.56685379 4.362913e+16 2.3313587753e-05 1.0 
8001438.32 -16851808.715 6457047.9832 166.94626125 -395.55234067 137.24214935 4.362846e+16 2.3313229732e-05 1.0 
11103520.736 3203919.381 56828656.34 264.72074203 67.612530069 1377.7614313 4.362846e+16 2.3313229732e-05 1.0 
33499569.949 -21545928.404 6373623.9074 798.02779395 -529.43399833 153.44863013 4.362846e+16 2.3313229732e-05 1.0 
-14330513.974 31213589.259 712548.15596 -346.31716293 742.74515264 13.985621792 4.362846e+16 2.3313229732e-05 1.0 
42417236.976 -20814320.356 -30993099.303 1022.5718478 -515.25838293 -751.11279136 4.362846e+16 2.3313229732e-05 1.0 
-16321500.384173688 7750969.267946492 -10901594.099541469 -377.5376703812363 163.7819528674295 -248.00737858134804 8.723267e+16 4.6613501276e-05 1.0 
1069449.8324 -5030299.8925 -11456904.099 8.564766667 -115.1938673 -224.37536345 4.362846e+16 2.3313229732e-05 1.0 
3372428.4483 -5119390.865 22875111.874 70.665471521 -130.76806604 529.42822845 4.362779e+16 2.3312871712e-05 1.0 
15623010.993 -14177974.369 13422349.546 356.2827116 -343.91150538 310.99349946 4.362779e+16 2.3312871712e-05 1.0 
-14649518.780000372 17984369.20777899 39026139.72298328 -358.0296909500983 424.55984492776804 941.7471699665621 8.723419e+16 4.6614313500000006e-05 1.0 
37154619.007 -8994927.6894 45256124.343 896.68140905 -228.17390442 1097.7257973 4.362779e+16 2.3312871712e-05 1.0 
49697687.169 -24740553.988 8120204.4563 1199.0282906 -610.56632716 196.27370137 4.362779e+16 2.3312871712e-05 1.0 
21325575.561 -19726174.677 -3639232.014 494.79106343 -478.86832455 -85.440473371 4.362779e+16 2.3312871712e-05 1.0 
497988.79955 -8872198.9421 976576.15198 -27.583280089 -166.12757366 40.952139248 4.362779e+16 2.3312871712e-05 1.0 
-24589303.208 21508224.568 24383631.293 -595.79754375 506.83395676 586.78295713 4.362779e+16 2.3312871712e-05 1.0 
52483071.04 -23802907.268 -15868630.501 1267.8970183 -588.50121088 -384.59246659 4.362779e+16 2.3312871712e-05 1.0 
24576171.033 -16115566.842 -16119912.218 579.5185237 -395.25949521 -383.77804136 4.362779e+16 2.3312871712e-05 1.0 
-10985551.677 28288232.859 -58551083.714 -269.76066232 677.36688174 -1422.3998094 4.362779e+16 2.3312871712e-05 1.0 
19320761.682 -1457082.263 -49727107.76 463.19950677 -45.094621173 -1203.3474741 4.362779e+16 2.3312871712e-05 1.0 
6207605.4664 -3296919.7462 29772100.839 141.31645959 -89.232908994 705.45841338 4.362712e+16 2.3312513692e-05 1.0 
20158161.421 -16883069.205 11926989.253 468.48122769 -411.48379668 279.6004473 4.362712e+16 2.3312513692e-05 1.0 
16935127.179 -1565585.55 39932396.082 403.02649014 -47.628355251 961.80100459 4.362712e+16 2.3312513692e-05 1.0 
29468362.818 -18236623.502 22656764.525 702.60520482 -449.42545793 545.00591879 4.362712e+16 2.3312513692e-05 1.0 
-8062168.281 2299947.9347 21445472.138 -193.29740441 40.84516156 493.98701258 4.362712e+16 2.3312513692e-05 1.0 
22465454.126 -37552502.199 5052836.4766 532.12640955 -919.2754833 122.03563504 4.362712e+16 2.3312513692e-05 1.0 
-15333500.174 8501266.2353 13941322.543 -358.72610378 183.62067325 319.54188301 4.362712e+16 2.3312513692e-05 1.0 
-8308659.8694 13398441.41 37889408.34 -204.06478634 312.47452763 911.6971833 4.362712e+16 2.3312513692e-05 1.0 
32802354.115 -21650502.353 -7869555.5964 781.33441658 -531.75741508 -188.42083159 4.362712e+16 2.3312513692e-05 1.0 
9195797.6995 -16875950.278 -5111727.6305 192.77681365 -398.48520573 -105.92921438 4.362712e+16 2.3312513692e-05 1.0 
-28811703.678 22145872.591 1124611.7299 -694.25476985 519.58639473 26.617170301 4.362712e+16 2.3312513692e-05 1.0 
16105969.417 -12812776.532 -21874386.851 375.29185715 -314.88034763 -517.54214394 4.362712e+16 2.3312513692e-05 1.0 
-4431796.6581 11833943.321 -36791550.14 -110.72153003 274.62398505 -884.46904804 4.362712e+16 2.3312513692e-05 1.0 
33032722.854 5639302.7601 -60160797.178 797.62364175 128.0652974 -1461.5471017 4.362712e+16 2.3312513692e-05 1.0 
-21795706.614 19082406.757 -27854398.839 -528.94152504 449.07542444 -669.73766979 4.362712e+16 2.3312513692e-05 1.0 
17445081.840858355 -8773188.01501609 -35259104.14571339 413.69562252484036 -221.6976948218332 -846.8165226266865 8.723842e+16 4.6616573836e-05 1.0 
-1562108.4025 -4544437.8121 9359667.1736 -46.250595304 -96.949064405 160.92020797 4.362578e+16 2.3311797652e-05 1.0 
2211957.98 -8497118.0494 5702984.0621 20.375326486 -174.30286289 91.914816053 4.362578e+16 2.3311797652e-05 1.0 
2003253.1146 -12716938.203 7195510.7385 24.263962154 -283.90325508 144.14812601 4.362578e+16 2.3311797652e-05 1.0 
274795.53308 -9119101.5262 21814.338583 -40.018587694 -175.13313123 -33.59293345 4.362578e+16 2.3311797652e-05 1.0 
11239094.904 -18036134.625 5482752.3362 244.90604332 -429.08163204 118.50158558 4.362578e+16 2.3311797652e-05 1.0 
6481903.5913 -14908297.183 2732080.7702 117.92566299 -344.20829112 45.155157971 4.362578e+16 2.3311797652e-05 1.0 
7690234.9663 6479570.9076 59162514.371 182.08433442 147.10488586 1434.7434302 4.362578e+16 2.3311797652e-05 1.0 
32719575.466 -20265387.464 9095704.4575 779.06347017 -497.88702152 218.49114777 4.362578e+16 2.3311797652e-05 1.0 
-12896909.682 4539249.9643 2403885.0122 -268.91641525 76.342072402 47.02384018 4.362578e+16 2.3311797652e-05 1.0 
-18312393.229 17332149.534 -881090.16942 -433.67863099 395.94056969 -21.016845512 4.362578e+16 2.3311797652e-05 1.0 
35901212.768 -16972857.039 -32218158.754 863.16300458 -421.44238216 -779.13011076 4.362578e+16 2.3311797652e-05 1.0 
4514149.0092 -11921279.413 -7521568.297 81.307337914 -270.43045484 -150.33271523 4.362578e+16 2.3311797652e-05 1.0 
-15425308.271 6592096.3569 -4759685.88 -344.63226597 130.19452256 -103.73334767 4.362578e+16 2.3311797652e-05 1.0 
-27558125.282 29548721.747 -11306070.932 -667.29771823 701.99523091 -270.82211089 4.362578e+16 2.3311797652e-05 1.0 
3633946.1993 -6016350.2231 -16736485.087 71.670157529 -147.46886555 -371.27973229 4.362578e+16 2.3311797652e-05 1.0 
-17387231.352 9530595.13 -13042238.367 -408.21013039 208.99637177 -301.08540031 4.362578e+16 2.3311797652e-05 1.0 
-14262179.073 16007529.515 -35678560.326 -347.26229501 375.01563488 -857.97961167 4.362578e+16 2.3311797652e-05 1.0 
256539.28128 2123530.0622 -33177222.004 0.012598165033 40.744253093 -789.87406945 4.362578e+16 2.3311797652e-05 1.0 
-703067.33165 6808733.1655 42180789.878 -21.780758694 154.20004377 1015.1954732 4.362312e+16 2.3310376259e-05 1.0 
23112280.103 -20433739.513 5171183.514 539.63914663 -497.47768004 121.65711156 4.362312e+16 2.3310376259e-05 1.0 
63387545.481 -17566282.024 30374693.324 1537.0822088 -437.21861131 738.52933126 4.362312e+16 2.3310376259e-05 1.0 
77944814.613 -19022713.485 23576145.547 1892.4723057 -473.16325472 573.8028915 4.362312e+16 2.3310376259e-05 1.0 
5463669.9157 1477215.5921 29376543.389 124.31055121 24.599528421 697.09351381 4.362312e+16 2.3310376259e-05 1.0 
67868686.154 -26144741.241 -8444342.7042 1644.9494044 -645.97109349 -205.35780821 4.362312e+16 2.3310376259e-05 1.0 
2192688.9190781564 -9824030.47565806 -1737537.7364692548 13.032058567389612 -197.63061555494195 -6.876022902755162 8.722733e+16 4.6610647803e-05 1.0 
41559039.647 -23906528.78 1086013.4277 998.78985448 -589.36554942 25.96271344 4.362312e+16 2.3310376259e-05 1.0 
62829389.341 -26943462.22 -15474792.973 1522.274456 -665.68359777 -376.9051576 4.362312e+16 2.3310376259e-05 1.0 
-25334856.479 24462792.974 -7023592.1786 -610.77685877 576.11752273 -168.65339235 4.362312e+16 2.3310376259e-05 1.0 
20051523.371 -11381230.074 -28916507.76 473.76607513 -283.11980204 -692.72790706 4.362312e+16 2.3310376259e-05 1.0 
-15392204.948 5760972.7348 -21398514.276 -367.24123214 123.16953442 -500.9809666 4.362312e+16 2.3310376259e-05 1.0 
-3573831.9061 -2033013.0298 -9418153.1708 -78.151626243 -51.674484084 -157.29790091 4.362312e+16 2.3310376259e-05 1.0 
-7718286.4026 2268276.6538 8912277.61 -157.18847538 27.17750588 165.71701851 4.362179e+16 2.3309665563e-05 1.0 
-2748669.7459 26647985.491 66619061.57 -70.816250222 638.23622548 1618.8083312 4.362179e+16 2.3309665563e-05 1.0 
33048072.874 -20318661.012 -2626889.2545 786.2149184 -499.20487625 -63.083566051 4.362179e+16 2.3309665563e-05 1.0 
-20156318.127 14358248.149 15670244.306 -480.96506851 328.38349985 370.50186645 4.362179e+16 2.3309665563e-05 1.0 
-16796407.646 18251497.348 21499230.446 -405.0317878 425.64363769 512.92193951 4.362179e+16 2.3309665563e-05 1.0 
39599654.228 -18558642.888 -21287219.939 951.22359137 -459.24869152 -513.08465676 4.362179e+16 2.3309665563e-05 1.0 
8621252.6277 -13847388.645 -5655993.3118 175.67094406 -323.73957012 -115.84823719 4.362179e+16 2.3309665563e-05 1.0 
26594323.987 2499540.0677 51556815.728 640.71933522 50.999192656 1249.5443773 4.362113e+16 2.3309312886e-05 1.0 
32786663.918 -19854810.345 12150515.942 782.00089489 -488.82850865 290.88602189 4.362113e+16 2.3309312886e-05 1.0 
-3459127.9658 17019288.58 56703017.6 -87.948308921 403.05709112 1375.3087533 4.362113e+16 2.3309312886e-05 1.0 
31723787.022 -23852048.854 -6248511.3372 754.65704931 -584.77399108 -149.88026055 4.362113e+16 2.3309312886e-05 1.0 
-11428059.491 12674750.918 22592681.756 -275.63053923 289.54467362 533.69909195 4.362113e+16 2.3309312886e-05 1.0 
40377853.699 -19952492.352 -18782389.113 969.62816393 -492.48669241 -453.819679 4.362113e+16 2.3309312886e-05 1.0 
-6738305.1539 4143398.168 -11989596.518 -148.79085267 73.238633591 -248.83402338 4.362113e+16 2.3309312886e-05 1.0 
39797497.705 -10555815.168 -50064758.595 961.08011046 -266.3690112 -1215.3375679 4.362113e+16 2.3309312886e-05 1.0 
-26226741.032 28214002.513 -5219705.3451 -633.8219442 667.92879627 -124.14017261 4.362113e+16 2.3309312886e-05 1.0 
8671659.9546 -8603825.2277 -20975179.788 193.8176163 -212.24405356 -487.21579894 4.362113e+16 2.3309312886e-05 1.0 
-8938539.5512 2047603.4743 -6867062.6028 -172.779899 20.591250483 -123.15814002 4.362113e+16 2.3309312886e-05 1.0 
-14021329.464 18751889.245 41078914.129 -343.70398254 443.53177606 990.91718844 4.362047e+16 2.330896021e-05 1.0 
24484451.865 -22609665.234 -2019283.331 574.88175607 -550.74850257 -47.996046513 4.362047e+16 2.330896021e-05 1.0 
-32579548.928 32392686.695 28341832.747 -792.85903706 774.76909429 687.13634059 4.362047e+16 2.330896021e-05 1.0 
21224997.32 -15916182.902 -19232934.729 498.06320313 -390.25388396 -457.44821744 4.362047e+16 2.330896021e-05 1.0 
4504320.4154 -12615304.391 -5064303.3574 78.416175831 -282.59966355 -92.311805322 4.362047e+16 2.330896021e-05 1.0 
58228800.932 -11992856.208 41180465.476 1411.0276526 -301.23435193 1000.4777442 4.36198e+16 2.330860219e-05 1.0 
36047604.235 -11910071.246 -37154156.511 868.67374688 -298.98785083 -900.2440179 4.36198e+16 2.330860219e-05 1.0 
8313683.2736 -16657001.906 3587009.222 167.99069606 -386.9605441 66.869820813 4.361915e+16 2.3308254857e-05 1.0 
990556.43904 -9648290.4767 -506101.82814 -7.5728281925 -185.29494756 -24.114632077 4.361915e+16 2.3308254857e-05 1.0 
31602022.426 -14943291.76 29877531.913 757.81426364 -372.14452958 721.10894724 4.361915e+16 2.3308254857e-05 1.0 
80398378.258 -29578400.202 15590682.203 1952.3600515 -730.89614533 379.77580566 4.361915e+16 2.3308254857e-05 1.0 
20926056.743 -17225600.042 10790640.243 487.4341628 -421.07825747 252.99837333 4.361915e+16 2.3308254857e-05 1.0 
85757005.727 -29924278.067 -14352515.018 2083.582514 -739.54870978 -349.58295751 4.361915e+16 2.3308254857e-05 1.0 
-19162046.174 10496861.956 753977.46011 -444.21176817 227.9693996 16.308248136 4.361915e+16 2.3308254857e-05 1.0 
11975619.91 -18508559.695 -15375080.961 273.39423855 -448.89806554 -357.40347885 4.361915e+16 2.3308254857e-05 1.0 
-21166321.995 12716418.975 -8323625.447 -499.85617515 285.68297396 -196.00792792 4.361915e+16 2.3308254857e-05 1.0 
5501595.2168 -8838455.3471 -18261865.337 115.75726596 -213.92478074 -416.07641551 4.361915e+16 2.3308254857e-05 1.0 
8918701.6115 -17380900.625 13538733.446 195.14382586 -416.78886644 312.10786965 4.361849e+16 2.330790218e-05 1.0 
-13127124.672 4953783.3883 21158725.801 -312.80039064 103.2919377 492.44669481 4.361849e+16 2.330790218e-05 1.0 
16434597.332 -22170222.674 -1436944.1598 372.97404065 -534.02681885 -31.668409194 4.361849e+16 2.330790218e-05 1.0 
-27396465.652 24510345.226 11164351.223 -661.54589165 578.19294342 267.02085719 4.361849e+16 2.330790218e-05 1.0 
14426796.077 -15653820.597 -16730279.745 330.81535426 -380.34176907 -392.79441015 4.361849e+16 2.330790218e-05 1.0 
-26131494.563 18318041.126 -27724244.313 -633.66942834 430.31538576 -666.69000991 4.361849e+16 2.330790218e-05 1.0 
3528143.0324 -6405409.2581 -18992123.035 71.783317283 -160.51583122 -429.26729403 4.361849e+16 2.330790218e-05 1.0 
46570974.9 -5703826.519 46974370.123 1126.4508957 -148.17617805 1140.5372866 4.361783e+16 2.3307549504e-05 1.0 
52013029.105 -17917853.535 39128063.218 1258.2068194 -445.32963238 950.75555313 4.361783e+16 2.3307549504e-05 1.0 
20614670.933 2016749.4394 50028161.986 494.85426789 38.902014905 1211.9319993 4.361783e+16 2.3307549504e-05 1.0 
51086549.259 -23880876.46 9320422.7712 1232.6123194 -589.71262421 226.11212608 4.361783e+16 2.3307549504e-05 1.0 
68925241.457 -18970747.487 -22967046.14 1671.2899389 -471.40846118 -558.09913808 4.361783e+16 2.3307549504e-05 1.0 
19007893.882 -5410945.1741 -31685813.389 451.29274621 -139.97239592 -760.73092082 4.361783e+16 2.3307549504e-05 1.0 
39261441.054 -15596611.899 -48363146.918 948.00819845 -389.34692534 -1174.5593275 4.361783e+16 2.3307549504e-05 1.0 
-5853262.723 832534.03657 -15848244.226 -136.04918427 4.752320363 -344.16692557 4.361717e+16 2.3307196827e-05 1.0 
4594729.5329 -9127576.6333 5971826.8002 78.188676747 -206.59523512 102.14360826 4.361546e+16 2.3306283075e-05 1.0 
11435626.7 -18396285.336 3363256.7493 245.45297538 -440.24564028 67.743664942 4.361546e+16 2.3306283075e-05 1.0 
16215252.232 -16071763.889 6001973.7179 367.13351717 -389.63207237 133.95755561 4.361546e+16 2.3306283075e-05 1.0 
20922860.136 -20444119.529 2680435.4206 485.00663802 -499.05501109 61.39674313 4.361546e+16 2.3306283075e-05 1.0 
21630775.866 -20067876.382 6986338.1011 503.64840742 -490.49849638 163.56741183 4.361546e+16 2.3306283075e-05 1.0 
-8559494.7834 6065445.6012 -8483223.3238 -181.09631861 109.59070801 -171.836521 4.361546e+16 2.3306283075e-05 1.0 
13704075.644 -15045625.281 -5036942.5776 303.19216671 -364.35111824 -106.9427514 4.361546e+16 2.3306283075e-05 1.0 
10623917.116 -12861204.246 -5435475.7013 224.68745704 -308.48039295 -110.6725221 4.361546e+16 2.3306283075e-05 1.0 
20430500.189 -19777049.96 -11923567.608 478.07314275 -484.73586462 -279.89475625 4.361546e+16 2.3306283075e-05 1.0 
10412437.533 -10568410.414 -14530817.284 232.25102531 -258.77916572 -328.54593149 4.361546e+16 2.3306283075e-05 1.0 
19832001.8 -15642205.985 -13467739.797 462.77651637 -384.54054508 -316.30472153 4.361546e+16 2.3306283075e-05 1.0 
9068787.7863 -8482565.3373 -11817402.847 193.21544647 -204.95915242 -257.53237402 4.361546e+16 2.3306283075e-05 1.0 
14709566.608 -451321.10627 45206638.458 350.45608247 -21.04711754 1091.2215425 4.361521e+16 2.3306149485e-05 1.0 
27977913.807 -18368180.009 14257297.007 662.95639957 -450.98904709 340.10117308 4.361521e+16 2.3306149485e-05 1.0 
6370044.3019 -15439719.316 -3910585.9941 121.66026768 -357.13389723 -72.051314037 4.361521e+16 2.3306149485e-05 1.0 
-14695781.661 3792182.2883 8775222.3064 -329.28775566 67.841295068 190.5498261 4.361521e+16 2.3306149485e-05 1.0 
5811720.4732 -14892298.486 -4223986.0307 109.68230713 -342.93057773 -76.84139435 4.361521e+16 2.3306149485e-05 1.0 
-14289037.945 9063396.4673 -27136082.449 -345.50979692 203.95032825 -646.54386081 4.361521e+16 2.3306149485e-05 1.0 
36855086.207 -9129964.5108 -49432749.242 889.64222133 -231.78058132 -1198.8411753 4.361521e+16 2.3306149485e-05 1.0 
-610415.61686 -7955561.8037 -4380231.6328 -34.821449094 -146.66153736 -52.039510593 4.361521e+16 2.3306149485e-05 1.0 
-7994358.8238 2609562.0634 -17776142.878 -187.33321123 46.180903459 -398.81219185 4.361521e+16 2.3306149485e-05 1.0 
-3651768.8499 -1968227.3272 -15020675.33 -86.493702215 -57.397915337 -318.66052373 4.361521e+16 2.3306149485e-05 1.0 
4826629.0556 -12212245.976 7638958.9853 88.024907435 -277.7946369 154.92560642 4.36139e+16 2.3305449476e-05 1.0 
-700442.65817 -8535429.4869 530881.76679 -29.317294112 -142.07191248 -20.593499369 4.36139e+16 2.3305449476e-05 1.0 
808766.81083 -1767398.0023 21066635.299 10.062211899 -51.868935175 480.45664539 4.36139e+16 2.3305449476e-05 1.0 
13524412.75 -15343292.173 12017788.86 304.2592206 -369.05635865 275.08643242 4.36139e+16 2.3305449476e-05 1.0 
-34881560.59 28340258.744 -33842015.188 -849.97247061 676.70674672 -819.59576566 4.36139e+16 2.3305449476e-05 1.0 
18941279.78 -4269066.0024 -39229970.419 451.89389509 -113.06089732 -944.90754993 4.36139e+16 2.3305449476e-05 1.0 
-18322687.807 21148316.621 -26369499.246 -444.01987404 498.02923322 -631.90117327 4.36139e+16 2.3305449476e-05 1.0 
988361.43848 -3939168.6117 -26261634.907 16.065254289 -104.20818265 -614.73658004 4.36139e+16 2.3305449476e-05 1.0 
9500304.2111 -17232824.212 4431828.1585 199.0657775 -413.12940944 87.746915497 4.361375e+16 2.3305369322e-05 1.0 
14564522.051 -7523746.091 31714388.056 343.92335027 -192.51480862 758.81376465 4.361375e+16 2.3305369322e-05 1.0 
14585332.637 -23135387.674 -858187.24182 326.28815913 -558.16952704 -18.403062038 4.361375e+16 2.3305369322e-05 1.0 
52379029.432 -25445527.993 -14179199.075 1265.8803946 -628.52194838 -344.41797976 4.361375e+16 2.3305369322e-05 1.0 
-3323503.859 11698691.045 -35657145.368 -84.214981049 271.58851042 -856.72678566 4.361375e+16 2.3305369322e-05 1.0 
4247225.1233 -10291128.254 6745116.0625 72.213172087 -232.79863482 124.92311543 4.36129e+16 2.3304915117e-05 1.0 
9010176.3506 -21331649.085 -317936.12541 179.70636627 -502.25886517 -15.266151313 4.36129e+16 2.3304915117e-05 1.0 
45005192.313 -15969761.694 30685699.544 1086.7176819 -397.93719123 743.76295297 4.36129e+16 2.3304915117e-05 1.0 
-21567501.901 21006977.347 -2275220.5139 -516.79149704 489.34169825 -54.358544413 4.36129e+16 2.3304915117e-05 1.0 
20277020.907 -18669160.705 -7424990.267 469.73749013 -456.29173205 -173.27220029 4.36129e+16 2.3304915117e-05 1.0 
9098443.2282 -2676675.3372 -26093814.068 210.57018106 -76.367363102 -615.61021806 4.36129e+16 2.3304915117e-05 1.0 
39402454.999 -10410732.386 -47312983.035 952.33494689 -263.07023762 -1148.9204397 4.36129e+16 2.3304915117e-05 1.0 
64245656.044 -17389564.736 55216256.615 1558.9772859 -433.85716373 1343.9691997 4.36126e+16 2.330475481e-05 1.0 
64537818.715 -16121222.827 53003862.77 1565.4166926 -402.45875319 1290.7321708 4.36126e+16 2.330475481e-05 1.0 
36405821.65 -16902367.024 -24224004.83 874.70720107 -418.75707517 -585.65123371 4.36126e+16 2.330475481e-05 1.0 
56741403.492 -17540064.988 -24609745.087 1373.9214573 -436.26601427 -597.28517567 4.36126e+16 2.330475481e-05 1.0 
11484410.595 -18375554.832 2880594.3732 246.25995046 -443.45534583 56.541896882 4.361207e+16 2.33044716e-05 1.0 
19869801.612 -5672293.0677 40707962.312 474.76448904 -148.03326878 983.11347793 4.361207e+16 2.33044716e-05 1.0 
-20248218.679 19324740.521 16984633.096 -487.59244004 451.15510851 405.27837722 4.361207e+16 2.33044716e-05 1.0 
-2919368.9242 8802332.9588 38039181.045 -75.559501258 201.83410507 914.67244377 4.361207e+16 2.33044716e-05 1.0 
-1318744.732 5717825.0652 32984385.779 -35.761297151 125.39763079 788.29622424 4.361207e+16 2.33044716e-05 1.0 
8224078.5373 -20904076.359 254320.31045 157.61768759 -483.73477174 5.5939483536 4.361207e+16 2.33044716e-05 1.0 
55698223.077 -26361622.894 5131846.8503 1346.9619745 -650.98064632 125.07309446 4.361207e+16 2.33044716e-05 1.0 
-10580451.638 12038846.394 -30101295.657 -258.068677 277.8099684 -719.95911451 4.361207e+16 2.33044716e-05 1.0 
-1566915.305 -9313037.2657 64607.022501 -59.137023717 -175.67059598 6.6538701217 4.361207e+16 2.33044716e-05 1.0 
-8700853.5469 4230385.575 28924356.062 -211.71121304 88.554481892 684.91003874 4.361195e+16 2.3304407477e-05 1.0 
45420072.789 -4523217.2541 48700225.76 1099.1709216 -119.894743 1181.938959 4.361195e+16 2.3304407477e-05 1.0 
51334035.975 -22966646.209 21781221.926 1240.2190196 -567.76791791 527.77717853 4.361195e+16 2.3304407477e-05 1.0 
22626458.149 -19957076.396 2271353.3936 527.06346349 -484.62688815 54.39269485 4.361195e+16 2.3304407477e-05 1.0 
-37715241.52 34243733.321 9001451.4426 -916.798756 818.86444763 217.52752639 4.361195e+16 2.3304407477e-05 1.0 
15367857.022 -12129987.168 -15881410.103 356.45968477 -297.54663759 -369.30568435 4.361195e+16 2.3304407477e-05 1.0 
65900821.242 -14381004.653 -53918129.605 1599.5746508 -360.45157172 -1312.1724129 4.361195e+16 2.3304407477e-05 1.0 
1139450.248 -2001012.2002 24613084.578 19.786176889 -58.742621109 572.26644478 4.36113e+16 2.3304060144e-05 1.0 
18751909.075 -18017128.636 8697816.4102 432.86737275 -435.92328723 201.19833025 4.36113e+16 2.3304060144e-05 1.0 
-5683603.6884 -1768280.685 10100873.052 -119.62364179 -50.943144877 184.49575508 4.36113e+16 2.3304060144e-05 1.0 
-8339306.9968 4204684.0781 30683711.209 -205.21073068 89.630865051 728.07091151 4.36113e+16 2.3304060144e-05 1.0 
20854993.244 -19228682.385 8207362.2379 483.5160215 -467.4369408 193.0512315 4.36113e+16 2.3304060144e-05 1.0 
16621515.883 -37261146.152 11304575.538 389.01647793 -911.36015687 273.74817378 4.36113e+16 2.3304060144e-05 1.0 
23479349.329 -8717457.5859 32354686.122 560.85855827 -221.29566584 778.13552871 4.36113e+16 2.3304060144e-05 1.0 
70319032.788 -26051424.569 -2042347.7355 1704.8683657 -644.08302258 -50.24763855 4.36113e+16 2.3304060144e-05 1.0 
10151812.12 -7902472.23 15965245.408 223.8243036 -193.34406776 363.98233811 4.36113e+16 2.3304060144e-05 1.0 
72129719.162 -25909146.378 -25337864.691 1749.6831662 -641.01521613 -617.0015035 4.36113e+16 2.3304060144e-05 1.0 
-27390602.618 20392311.538 -918452.35787 -658.17894324 475.94481062 -21.517508677 4.36113e+16 2.3304060144e-05 1.0 
-42644002.07 35479767.668 -9091964.0137 -1037.4942063 849.56650304 -220.23454564 4.36113e+16 2.3304060144e-05 1.0 
17813961.804 -9978091.119 -25929151.615 418.50742509 -248.53908781 -616.96071542 4.36113e+16 2.3304060144e-05 1.0 
12150431.9 -9975466.0936 -20324772.306 277.31840549 -244.51303446 -475.16266845 4.36113e+16 2.3304060144e-05 1.0 
-30475436.074 30535883.787 -23363675.139 -741.04599013 728.53360441 -564.62333243 4.36113e+16 2.3304060144e-05 1.0 
-19929573.404 9924798.6069 -19962101.302 -477.40444064 223.52470408 -470.71369912 4.36113e+16 2.3304060144e-05 1.0 
-2466308.3601 -3263833.1406 -15443702.324 -63.835237087 -84.501862306 -330.05967646 4.36113e+16 2.3304060144e-05 1.0 
7810748.1717 10054608.8 59849734.526 185.4275765 233.50006336 1451.8011528 4.361065e+16 2.3303712811e-05 1.0 
32819654.081 -23395404.079 4715564.3846 781.56103842 -573.88510636 113.88660961 4.361065e+16 2.3303712811e-05 1.0 
-14995416.459 14785281.686 19520279.179 -359.05783548 339.38760866 463.31220568 4.361065e+16 2.3303712811e-05 1.0 
42589570.447 -21794581.64 -26944831.064 1026.0727501 -538.59895356 -651.97428598 4.361065e+16 2.3303712811e-05 1.0 
4399432.9713 -3705084.1289 7572931.7333 67.503925974 -85.193299316 123.06350366 4.361042e+16 2.3303589909e-05 1.0 
4402901.5346 -8964729.9229 3324935.151 64.138052456 -194.07935312 40.782506299 4.361042e+16 2.3303589909e-05 1.0 
6881749.4281 -15565759.934 3788868.1078 134.57375181 -368.61975189 63.642690607 4.361042e+16 2.3303589909e-05 1.0 
11119382.038 -7175745.2553 23761796.529 256.62943007 -183.53151123 558.85050784 4.361042e+16 2.3303589909e-05 1.0 
-12386513.344 12155209.448 24589347.539 -298.60189471 277.31741194 583.89251999 4.361042e+16 2.3303589909e-05 1.0 
10779301.179 -22238776.166 -69745.40356 230.14825592 -531.48612649 -11.781843396 4.361042e+16 2.3303589909e-05 1.0 
37182089.278 -8332656.8656 44335063.352 897.83766605 -212.25323622 1075.8099856 4.361042e+16 2.3303589909e-05 1.0 
-22801593.464 26331343.118 3578236.6627 -550.47403974 622.32575605 84.302438691 4.361042e+16 2.3303589909e-05 1.0 
29049049.236 -20760470.237 11165256.237 689.83256351 -511.48500037 266.24129213 4.361042e+16 2.3303589909e-05 1.0 
-11140159.783 13667985.803 -10100779.857 -258.88761266 299.92255523 -230.37244141 4.361042e+16 2.3303589909e-05 1.0 
33348955.327 -20023160.527 12612878.682 795.95332042 -494.69180966 301.36615228 4.361042e+16 2.3303589909e-05 1.0 
-24574498.68 21938623.479 -7778717.7929 -591.7685255 514.5435104 -184.79765816 4.361042e+16 2.3303589909e-05 1.0 
53239198.357 -19654107.854 21668400.913 1287.9474912 -487.5285165 525.40395314 4.361042e+16 2.3303589909e-05 1.0 
-13549106.477 12301974.111 -11760701.798 -316.55201559 271.97434758 -271.65900438 4.361042e+16 2.3303589909e-05 1.0 
15447869.078 -22987724.785 -449440.72347 346.83515082 -556.29926044 -7.5581120442 4.361042e+16 2.3303589909e-05 1.0 
538378.07039 -815501.31444 -10662812.36 0.25174189082 -31.654552139 -193.36026942 4.361042e+16 2.3303589909e-05 1.0 
60947344.726 -25493653.726 -23202848.408 1476.5532171 -630.72963242 -563.63375901 4.361042e+16 2.3303589909e-05 1.0 
5313890.297 11945445.879 -46292509.042 124.24459325 279.57472338 -1119.1432583 4.361042e+16 2.3303589909e-05 1.0 
2841667.1098 -10243773.627 -2120675.4543 29.738612993 -221.72024903 -11.996450159 4.361042e+16 2.3303589909e-05 1.0 
11362176.951 -21139299.771 -2173238.3788 241.32792822 -505.22089302 -41.501501706 4.361042e+16 2.3303589909e-05 1.0 
19151601.794 -20342388.742 -4938321.1784 441.07145179 -495.82738546 -113.50115413 4.361042e+16 2.3303589909e-05 1.0 
4297641.7725 -3304030.3963 -20220905.765 93.10734717 -89.894330247 -463.23779119 4.361042e+16 2.3303589909e-05 1.0 
31641838.128 -21926268.741 -14253420.902 754.95861191 -541.11453429 -341.40544223 4.361042e+16 2.3303589909e-05 1.0 
14595464.894 -983203.89791 -48573444.143 349.01714596 -34.966852389 -1175.7634723 4.361042e+16 2.3303589909e-05 1.0 
43594021.255 -15003146.894 -43492944.265 1053.9138603 -374.87949652 -1056.6007623 4.361042e+16 2.3303589909e-05 1.0 
34965446.18 -6963453.6576 -42853596.127 844.3848529 -179.51596101 -1038.0661714 4.361042e+16 2.3303589909e-05 1.0 
2076514.751 -10399426.409 -2020193.7241 16.282479034 -220.15693816 -7.1656631671 4.361042e+16 2.3303589909e-05 1.0 
962366.30345 -7952316.6926 -1153244.1899 -14.508689694 -141.98347577 19.321206162 4.361042e+16 2.3303589909e-05 1.0 
30059728.146 -11713410.671 -34752064.241 721.17656472 -294.83279102 -839.82257083 4.361042e+16 2.3303589909e-05 1.0 
26234101.85 -8264238.1692 -35235515.371 629.03346263 -211.16237567 -849.85405513 4.361042e+16 2.3303589909e-05 1.0 
12777852.895 11560782.141 56866755.089 305.82989365 271.91551115 1380.6086014 4.360935e+16 2.3303018145e-05 1.0 
60178943.829 -23549532.766 -18805451.503 1456.2803963 -582.12535273 -457.47564951 4.360935e+16 2.3303018145e-05 1.0 
3322580.7662 -12154028.327 -2177966.8722 44.818864307 -264.59197534 -21.676147393 4.360935e+16 2.3303018145e-05 1.0 
-13618376.723 3169568.0166 -19900870.81 -322.82063135 60.811467767 -460.2945337 4.360935e+16 2.3303018145e-05 1.0 
-3461198.2241 -2193947.2946 -10262803.713 -76.958880473 -56.8868806 -181.99793571 4.360935e+16 2.3303018145e-05 1.0 
9762206.3623 -15093004.879 5270219.4219 206.14640271 -360.53249762 106.13572346 4.360879e+16 2.3302718905e-05 1.0 
-6198198.1217 6985077.5778 32532912.85 -153.43046789 155.84953179 776.89967757 4.360879e+16 2.3302718905e-05 1.0 
9923772.7794 -21924234.73 187529.52083 209.49808817 -523.53287772 6.4168848218 4.360879e+16 2.3302718905e-05 1.0 
26683433.994 -21835450.689 -1783063.0999 628.81962608 -536.12347109 -41.820948537 4.360879e+16 2.3302718905e-05 1.0 
-5272588.792 17102572.968 -18315034.349 -129.61302158 394.15088011 -427.71097308 4.360879e+16 2.3302718905e-05 1.0 
25805605.536 -11989024.184 -25967728.679 615.50787463 -298.88583511 -623.45685859 4.360879e+16 2.3302718905e-05 1.0 
8878185.1619 -9771424.6317 22190687.817 199.9576516 -240.53392529 518.55317733 4.360871e+16 2.3302676156e-05 1.0 
15502736.954 -13481335.836 23657147.617 362.01138006 -331.944152 561.21178876 4.360871e+16 2.3302676156e-05 1.0 
51726018.605 -13155982.845 58162892.569 1253.4469806 -330.87147784 1414.7292776 4.360871e+16 2.3302676156e-05 1.0 
69398250.55 -21036440.126 35721326.119 1683.3367075 -521.98000273 869.34374054 4.360871e+16 2.3302676156e-05 1.0 
6355207.6917 -12747404.077 -8898271.4131 125.27621955 -296.7953186 -190.59404026 4.360871e+16 2.3302676156e-05 1.0 
73888665.856 -23305581.628 -40541262.452 1793.9739135 -578.03094159 -986.93254998 4.360871e+16 2.3302676156e-05 1.0 
-5975902.7372 17536529.356 -54749107.271 -149.57329109 415.29771844 -1326.6514936 4.360871e+16 2.3302676156e-05 1.0 
7491952.032 9658390.5388 -56717220.939 177.58530327 224.08928129 -1374.394161 4.360871e+16 2.3302676156e-05 1.0 
3573469.2758 -10166169.985 5029364.8132 55.510624053 -227.08730711 79.858649533 4.360799e+16 2.3302291418e-05 1.0 
5553259.7386 -18421115.922 -521177.84652 86.836011749 -433.69016859 -35.223635143 4.360799e+16 2.3302291418e-05 1.0 
-5434483.9978 7224262.6947 36718502.633 -135.51985387 162.21437104 881.23283434 4.360799e+16 2.3302291418e-05 1.0 
11733828.6 -19374493.798 2168209.7579 251.7378083 -465.78663344 41.703546906 4.360799e+16 2.3302291418e-05 1.0 
50441224.809 -20610605.802 43940527.883 1221.3403903 -512.24681167 1067.8805407 4.360799e+16 2.3302291418e-05 1.0 
-25088638.288 21737374.953 -5771806.1161 -603.66743864 509.31447005 -139.44638768 4.360799e+16 2.3302291418e-05 1.0 
23200293.142 -21863378.781 3690944.5007 543.23012133 -534.77545655 85.379957327 4.360799e+16 2.3302291418e-05 1.0 
69114076.423 -24915435.342 20970833.05 1676.5235345 -617.21987961 509.2462177 4.360799e+16 2.3302291418e-05 1.0 
-24926890.732 23733015.421 -8930156.5055 -602.00946743 559.44543571 -212.55908466 4.360799e+16 2.3302291418e-05 1.0 
26950451.651 -8083214.7383 -35252844.489 645.62639232 -205.76891563 -850.75797227 4.360799e+16 2.3302291418e-05 1.0 
11942815.623 -15068929.672 -4743669.2089 258.8192766 -363.86895315 -97.63162985 4.360799e+16 2.3302291418e-05 1.0 
20720370.958 -18081679.601 -12082805.301 483.77540754 -443.57116053 -283.90862305 4.360799e+16 2.3302291418e-05 1.0 
12361239.504 -9893007.6766 -18115194.208 282.78998876 -246.8920546 -419.05300147 4.360799e+16 2.3302291418e-05 1.0 
34080327.576 -12013044.402 38344070.537 819.86094559 -300.90937665 927.42982006 4.360742e+16 2.3301986834e-05 1.0 
19387324.039 3085499.0525 57815559.252 466.29909654 64.804874195 1402.1114216 4.360742e+16 2.3301986834e-05 1.0 
30365243.124 -20256240.286 9788515.3356 720.70880055 -497.10501484 233.71702734 4.360742e+16 2.3301986834e-05 1.0 
-14902768.937 14432485.721 -14307350.641 -353.65248888 327.27534624 -335.31243033 4.360742e+16 2.3301986834e-05 1.0 
44097564.076 -12000956.025 -43825083.942 1065.338002 -301.27366886 -1063.051436 4.360742e+16 2.3301986834e-05 1.0 
29263081.222 2553339.2147 -64878375.3 707.67207828 51.773958031 -1576.6540596 4.360742e+16 2.3301986834e-05 1.0 
17761690.194 6748032.9415 59907237.815 427.07360979 154.06290823 1454.532927 4.360719e+16 2.3301863931e-05 1.0 
-14843468.33 23702281.808 40136601.172 -362.55736729 563.76998649 971.03097339 4.360719e+16 2.3301863931e-05 1.0 
59106378.038 -25382316.326 -5879963.1201 1431.4262808 -627.44978504 -142.92074849 4.360719e+16 2.3301863931e-05 1.0 
3014740.2291 5208605.1976 -12317704.799 59.852109758 97.038075567 -254.51278709 4.360719e+16 2.3301863931e-05 1.0 
5813553.0917 -18825132.701 -551070.46132 96.382592261 -447.53958016 -26.731271828 4.36064e+16 2.3301441788e-05 1.0 
10722225.949 -15412829.798 5140442.6676 228.78847038 -369.95292463 105.42292524 4.36064e+16 2.3301441788e-05 1.0 
26814148.401 -9117348.4437 26758773.369 640.237202 -231.55035321 641.6154423 4.36064e+16 2.3301441788e-05 1.0 
-13073766.947 25746179.722 14596786.848 -314.56708693 606.68845138 349.08536561 4.36064e+16 2.3301441788e-05 1.0 
10698695.916 5441718.0774 59339760.661 255.50760648 121.63679073 1440.1424654 4.36064e+16 2.3301441788e-05 1.0 
10062623.52 -19845427.202 420828.84908 205.78550325 -477.51307052 -0.85254142185 4.36064e+16 2.3301441788e-05 1.0 
35324102.201 -4254289.7 52603260.553 853.17110481 -113.39570053 1277.0947732 4.36064e+16 2.3301441788e-05 1.0 
-26086077.976 29386426.822 17632907.886 -632.67423817 699.54371019 425.23608083 4.36064e+16 2.3301441788e-05 1.0 
52471518.13 -19770645.364 17241460.838 1267.8239927 -490.1007474 418.47528523 4.36064e+16 2.3301441788e-05 1.0 
-13623203.292 13858023.272 -16366851.541 -324.44443611 314.0635653 -382.92820028 4.36064e+16 2.3301441788e-05 1.0 
9281679.2665 -21715319.845 501144.67775 190.00182115 -514.65081502 16.087837259 4.36064e+16 2.3301441788e-05 1.0 
-1101093.0763 -9354247.897 2299800.8615 -54.780409201 -182.48547009 64.578789233 4.36064e+16 2.3301441788e-05 1.0 
26295859.634 -22080293.805 457978.6035 618.9102071 -541.68794769 11.479670576 4.36064e+16 2.3301441788e-05 1.0 
-3409651.4714 6360599.1549 -25738223.315 -84.597479982 136.96215203 -606.23602193 4.36064e+16 2.3301441788e-05 1.0 
59599265.089 -26847200.485 -5421746.4615 1442.2252153 -663.66155011 -131.84268546 4.36064e+16 2.3301441788e-05 1.0 
-13174746.081 13804804.356 -36559756.869 -322.159477 322.44152929 -879.8950925 4.36064e+16 2.3301441788e-05 1.0 
40627662.568 -13245141.159 -32591159.743 979.77947431 -330.97392663 -790.04944353 4.36064e+16 2.3301441788e-05 1.0 
4741508.0009 -2568689.0136 -22355659.564 103.41303704 -72.023860299 -517.86369427 4.36064e+16 2.3301441788e-05 1.0 
-6719987.7883 130170.8656 10530627.52 -141.33854974 -14.249819629 201.21735791 4.360613e+16 2.3301297512e-05 1.0 
-2269122.505 9998995.6785 47788431.199 -59.774976533 231.48134919 1154.2132999 4.360613e+16 2.3301297512e-05 1.0 
24495604.331 -19937061.733 3870519.9434 572.99788993 -486.13796956 91.428547915 4.360613e+16 2.3301297512e-05 1.0 
-27720302.618 18184908.759 11101990.613 -666.46801834 423.52664845 265.50990928 4.360613e+16 2.3301297512e-05 1.0 
-23650005.538 28177736.11 6193668.4532 -571.84084577 667.77706368 148.60850223 4.360613e+16 2.3301297512e-05 1.0 
31303008.433 -17834935.381 -28392226.938 749.28660604 -441.24384513 -684.35493068 4.360613e+16 2.3301297512e-05 1.0 
8766220.0147 -12411209.0 -12440106.901 187.45471881 -294.96835028 -278.65029964 4.360613e+16 2.3301297512e-05 1.0 
5056994.5474 -12582266.027 3196129.005 86.573091372 -291.9471853 43.782181984 4.360562e+16 2.3301024989e-05 1.0 
6879356.9142 -17214791.483 1283498.5193 126.13493481 -411.08586819 5.9887819485 4.360562e+16 2.3301024989e-05 1.0 
7888795.8532 11695972.234 56769297.995 187.61391995 273.45443634 1377.3131439 4.360562e+16 2.3301024989e-05 1.0 
-3887953.434 9217467.4727 38036425.646 -96.995974 209.68712851 914.77587652 4.360562e+16 2.3301024989e-05 1.0 
22574515.93 -20944823.401 3884036.2551 526.6167035 -513.5285183 89.448877994 4.360562e+16 2.3301024989e-05 1.0 
46240958.948 -21954041.598 36620755.657 1116.9379707 -544.67829405 889.25397048 4.360562e+16 2.3301024989e-05 1.0 
-24343189.501 22776530.366 -6362591.7001 -586.03030147 534.16292473 -151.45837977 4.360562e+16 2.3301024989e-05 1.0 
30661898.18 -9244227.1874 33922914.391 736.73336189 -233.8335219 819.24093493 4.360562e+16 2.3301024989e-05 1.0 
-18280089.201 18525669.707 17554566.745 -440.30821155 431.49085577 420.33534387 4.360562e+16 2.3301024989e-05 1.0 
10416470.903 -21186028.988 -1567929.877 216.96529669 -505.33819524 -29.330849903 4.360562e+16 2.3301024989e-05 1.0 
54108950.919 -8681156.149 -35371174.691 1310.1063586 -220.46909649 -859.0255658 4.360562e+16 2.3301024989e-05 1.0 
18554201.691 -1832111.6829 -41294617.07 443.47985873 -54.651055643 -996.32884675 4.360562e+16 2.3301024989e-05 1.0 
12045675.91 -20509188.714 -2137876.3949 260.8020112 -498.44895172 -37.219401851 4.360562e+16 2.3301024989e-05 1.0 
5252690.2284 -11802814.296 -4961494.43 93.276333507 -272.14051056 -87.273187314 4.360562e+16 2.3301024989e-05 1.0 
17178581.416 -19215117.766 -6378003.9459 392.73607417 -468.08363862 -144.55064685 4.360562e+16 2.3301024989e-05 1.0 
6180885.2843 -8702369.9238 -9744075.2534 122.06475939 -205.59239674 -198.88478016 4.360562e+16 2.3301024989e-05 1.0 
35908862.954 -13792462.02 -32028553.983 863.35442019 -345.57903417 -774.4238751 4.360562e+16 2.3301024989e-05 1.0 
29974674.347 -8776681.658 -38948045.551 721.72305734 -224.6489713 -940.95346661 4.360562e+16 2.3301024989e-05 1.0 
20541183.682 -6460877.279 41384264.741 489.59936122 -165.81892319 998.72054808 4.360549e+16 2.3300955522e-05 1.0 
31539383.901 -17499821.478 26497730.852 754.46233233 -433.05989825 637.39639617 4.360549e+16 2.3300955522e-05 1.0 
2791953.4745 19512651.971 -64772494.358 63.541875075 464.76616453 -1573.6721677 4.360549e+16 2.3300955522e-05 1.0 
37269249.829 2003372.1307 -70915446.524 902.52829069 38.355475782 -1724.7146978 4.360549e+16 2.3300955522e-05 1.0 
9291980.1187 -7570608.3214 24946541.1 211.84222088 -188.57760571 586.29996813 4.360485e+16 2.3300613533e-05 1.0 
12349886.062 -15551129.394 16410282.508 280.66766397 -378.00873117 380.75527134 4.360485e+16 2.3300613533e-05 1.0 
7897917.7307 -17529712.431 2863873.8403 159.27156289 -408.75413282 49.39414219 4.360485e+16 2.3300613533e-05 1.0 
-14216634.376 6187056.7291 6990946.7123 -315.76116754 120.31893371 151.81987486 4.360485e+16 2.3300613533e-05 1.0 
8283862.9438 -17466358.692 -8188128.7178 176.59172864 -414.0662153 -178.52523948 4.360485e+16 2.3300613533e-05 1.0 
-21005704.277 9966552.5671 -6554885.3144 -492.91247778 218.62907615 -150.47561453 4.360485e+16 2.3300613533e-05 1.0 
-7416099.5463 16799867.166 -60195257.627 -184.02717441 397.20227476 -1460.6773358 4.360485e+16 2.3300613533e-05 1.0 
9806411.159 4828163.0024 -53137635.512 232.73295173 106.82496779 -1285.9481192 4.360485e+16 2.3300613533e-05 1.0 
344373.90632 -5931243.657 -9745129.5269 -9.686954605 -128.91903379 -179.05682545 4.360485e+16 2.3300613533e-05 1.0 
14603173.897 -16103018.846 8021316.5817 328.8130297 -391.09103853 179.3937697 4.360484e+16 2.3300608189e-05 1.0 
36351411.453 -23547265.096 4784849.2253 868.89041392 -580.87292581 115.38352786 4.360484e+16 2.3300608189e-05 1.0 
-13471295.18 10110190.477 -30893024.033 -326.97349029 230.12722785 -739.55592195 4.360484e+16 2.3300608189e-05 1.0 
8000659.1726 -19118833.152 7055174.9437 170.29646354 -452.09608811 153.61639391 4.360421e+16 2.3300271544e-05 1.0 
32876993.919 10815952.807 81562322.01 796.42789323 253.14468809 1985.2687003 4.360421e+16 2.3300271544e-05 1.0 
52993917.211 -27696115.069 407462.63143 1279.568013 -682.58403846 9.6331516854 4.360421e+16 2.3300271544e-05 1.0 
7786966.9988 -17127446.385 -2368330.2177 154.42833622 -399.29611291 -37.719044017 4.360421e+16 2.3300271544e-05 1.0 
-137071.02406 11558088.929 22779743.093 -5.793644626 261.55647259 534.61075993 4.360421e+16 2.3300271544e-05 1.0 
58970831.951 -24194006.387 -26120108.229 1427.38892 -598.324584 -634.23255177 4.360421e+16 2.3300271544e-05 1.0 
15620416.308 -18607021.881 8243370.6205 355.09280558 -452.38963895 187.61952156 4.360407e+16 2.3300196734e-05 1.0 
31755764.74 -14639817.725 23362116.985 759.49146244 -365.26024389 561.53088787 4.360407e+16 2.3300196734e-05 1.0 
-27667280.299 20243607.015 -149001.96993 -665.89814314 472.91329418 -4.0482592813 4.360407e+16 2.3300196734e-05 1.0 
7260854.6902 15438121.727 52870112.07 172.42245056 365.28135521 1282.0264894 4.360407e+16 2.3300196734e-05 1.0 
-13231410.129 21157145.844 38974416.555 -324.46269476 502.59363209 942.00412772 4.360407e+16 2.3300196734e-05 1.0 
27969121.495 -20094576.958 5213622.2247 660.20744471 -494.35517707 123.93039383 4.360407e+16 2.3300196734e-05 1.0 
-10778055.06 8727744.7176 -21894515.453 -257.36892438 191.45570494 -514.63751557 4.360407e+16 2.3300196734e-05 1.0 
46508213.501 -24832462.958 8194860.33 1120.210295 -613.72181604 197.89012771 4.360407e+16 2.3300196734e-05 1.0 
-24366899.127 19803610.311 -21219346.154 -590.06754254 465.040816 -508.97818051 4.360407e+16 2.3300196734e-05 1.0 
3989398.6648 -15243247.195 765610.59417 37.126438245 -312.97465315 31.411328217 4.360407e+16 2.3300196734e-05 1.0 
-20558884.309 18900183.468 38470345.816 -500.79505567 446.12943289 928.51217901 4.360357e+16 2.3299929554e-05 1.0 
20731322.196 -20080384.005 -8157963.2071 481.38403172 -487.66823685 -192.26972472 4.360357e+16 2.3299929554e-05 1.0 
-20478970.855 16263233.463 23707497.274 -494.42545563 377.9068196 566.04930691 4.360357e+16 2.3299929554e-05 1.0 
-29760548.253 30593705.615 45585211.546 -727.04657706 732.60378173 1105.8449017 4.360357e+16 2.3299929554e-05 1.0 
31443381.308 -20907016.245 -8440807.273 747.40625772 -513.16091661 -201.222423 4.360357e+16 2.3299929554e-05 1.0 
20993698.407 -17945515.462 -8843005.0556 486.68962448 -437.64511207 -207.01393693 4.360357e+16 2.3299929554e-05 1.0 
-25142741.482 23488212.904 24206773.215 -609.83165543 554.94894278 582.26737597 4.360357e+16 2.3299929554e-05 1.0 
18799094.696 -19364054.535 -11678687.446 435.5862979 -470.67581553 -274.25810633 4.360357e+16 2.3299929554e-05 1.0 
10027257.67 -5895930.403 17876425.139 225.89891801 -151.28571201 408.72233766 4.360331e+16 2.3299790621e-05 1.0 
-6120484.0146 11331442.549 16358763.086 -145.77228372 248.84635695 373.47860193 4.360331e+16 2.3299790621e-05 1.0 
3218836.0421 -12437327.641 -906928.11972 36.372674527 -282.66237011 15.694120343 4.360331e+16 2.3299790621e-05 1.0 
15052250.956 -22938592.638 -196348.71902 338.14090024 -555.42886227 -0.76886343055 4.360331e+16 2.3299790621e-05 1.0 
-144156.14054 -3111700.1333 -12031923.58 -13.085912974 -80.034889606 -235.81078975 4.360331e+16 2.3299790621e-05 1.0 
57425538.775 -29696291.841 -38937740.406 1391.1452509 -734.36697941 -946.60262191 4.360331e+16 2.3299790621e-05 1.0 
10550134.3 2435632.4088 -52593521.185 250.62888448 48.233996939 -1273.5643568 4.360331e+16 2.3299790621e-05 1.0 
13322004.9 -17893919.818 5893649.0312 295.79103015 -432.98618853 128.40486429 4.360255e+16 2.3299384509e-05 1.0 
33448654.173 -9364908.0724 31843764.687 803.67832762 -237.93555796 768.39305781 4.360255e+16 2.3299384509e-05 1.0 
-27510540.029 19046588.616 11399813.615 -663.22981172 444.33490032 273.0643001 4.360255e+16 2.3299384509e-05 1.0 
25718697.329 -23628890.291 782094.47594 604.79804745 -579.59309673 18.247840849 4.360255e+16 2.3299384509e-05 1.0 
-6969483.8025 5399426.3818 -20435084.795 -165.95338618 110.07676217 -471.9125744 4.360255e+16 2.3299384509e-05 1.0 
57707478.718 -27604977.289 2070332.5504 1395.6557056 -681.97119667 49.995665883 4.360255e+16 2.3299384509e-05 1.0 
-16406523.636 14911050.966 -35113756.886 -399.02201117 348.42644415 -845.37497484 4.360255e+16 2.3299384509e-05 1.0 
16182308.466 -12949801.955 30325251.306 380.71704415 -321.51514201 725.14817261 4.360229e+16 2.3299245576e-05 1.0 
17736341.398 -12538747.121 26220900.016 416.23871438 -310.40095728 625.05466049 4.360229e+16 2.3299245576e-05 1.0 
10873029.877 -18139776.254 4341039.6193 232.83746844 -431.69189612 91.353776205 4.360229e+16 2.3299245576e-05 1.0 
26620079.101 6341983.6357 56055009.049 641.38804417 143.95532668 1359.8928885 4.360229e+16 2.3299245576e-05 1.0 
47543394.035 -21216586.751 18811521.524 1146.2551365 -524.50687662 455.73985166 4.360229e+16 2.3299245576e-05 1.0 
58578911.15 -16155340.724 -43515980.476 1419.2781447 -403.2364522 -1057.5069176 4.360229e+16 2.3299245576e-05 1.0 
-25107963.111 19279474.769 -7467788.3953 -602.32602857 448.2806319 -176.82417456 4.360229e+16 2.3299245576e-05 1.0 
-2336843.0961 22952486.863 -73070363.11 -61.70490918 548.37501901 -1776.6272282 4.360229e+16 2.3299245576e-05 1.0 
6841896.7124 13640379.67 -66161449.071 161.06201915 321.59596901 -1606.7882751 4.360229e+16 2.3299245576e-05 1.0 
2247725.4444 -6127963.2549 6453446.4364 25.485159194 -131.03620702 91.87815354 4.360105e+16 2.3298582971e-05 1.0 
8575938.9526 -5506024.3984 5821848.1573 159.78698075 -126.86921616 107.52922348 4.360105e+16 2.3298582971e-05 1.0 
2532827.2901 5083097.6708 31799126.427 55.659081494 110.90544036 758.44145893 4.360105e+16 2.3298582971e-05 1.0 
31595471.219 -21121003.192 -2089525.39 750.40630601 -520.48305494 -48.994420205 4.360105e+16 2.3298582971e-05 1.0 
1122114.1821 8350830.3788 -37085396.153 23.518673518 188.96704215 -890.90810819 4.360105e+16 2.3298582971e-05 1.0 
50666052.198 -23918613.13 -14282568.577 1222.8361065 -592.02144643 -346.38429621 4.360105e+16 2.3298582971e-05 1.0 
3344224.3639 8879148.8242 -44921290.242 77.142497108 203.70651247 -1084.5173297 4.360105e+16 2.3298582971e-05 1.0 
1852497.9601 -9163647.9311 -3722617.0178 12.993751747 -187.02311241 -44.474744911 4.360105e+16 2.3298582971e-05 1.0 
38147344.254 -10234592.504 -47788690.747 921.26196341 -259.84628474 -1159.4182501 4.360105e+16 2.3298582971e-05 1.0 
13957582.285 -19906968.753 8008889.1242 315.91586592 -479.60779618 181.52635809 4.360102e+16 2.3298566941e-05 1.0 
40955087.831 -5947916.9025 75651558.984 991.99456548 -155.37333389 1841.2682581 4.360102e+16 2.3298566941e-05 1.0 
57243501.373 -21681850.196 11302872.812 1383.778993 -536.62850218 273.48619866 4.360102e+16 2.3298566941e-05 1.0 
67851577.501 -20803039.312 -44251272.785 1645.891052 -516.79713439 -1076.8167719 4.360102e+16 2.3298566941e-05 1.0 
-29645277.814 27753135.692 -24395515.414 -719.98235377 660.21993812 -588.55198324 4.360102e+16 2.3298566941e-05 1.0 
3209117.2747 -6569747.6762 -18836706.787 65.039865754 -161.99621124 -425.65560855 4.360102e+16 2.3298566941e-05 1.0 
