#   x1                  x2                  x3                  v1                  v2                  v3                  mass                rel_mass            mat0_frac           mat1_frac           mat2_frac
    1.0409931395e+04    8.0126115545e+02   -1.6421913216e+02    3.1766335296e-01   -2.0713973903e-01    1.5867214977e-01    1.8805940975e+21    9.9910759105e-01    8.0075286551e-01    1.9924713449e-01    0.0000000000e+00
    8.2260813251e+06   -7.5186356572e+06    6.2882115273e+06    2.3400694884e+02   -2.2865555813e+02    1.8015193994e+02    4.4222410000e+16    2.3494142402e-05    0.0000000000e+00    1.0000000000e+00    0.0000000000e+00
    1.1008880146e+07   -7.1311674519e+06    1.0349198842e+07    3.3530252323e+02   -2.2725940039e+02    3.2069651256e+02    4.4216230000e+16    2.3490859139e-05    0.0000000000e+00    1.0000000000e+00    0.0000000000e+00
    1.3626002761e+07   -8.9413869066e+06    1.0648525413e+07    4.2645671844e+02   -2.8934791591e+02    3.3693734260e+02    4.4214870000e+16    2.3490136608e-05    0.0000000000e+00    1.0000000000e+00    0.0000000000e+00
   -3.0447888426e+05    4.3065132182e+05    7.6618133318e+05    8.2375474281e+01   -1.8825197250e+02   -3.7403344443e+02    4.4213520000e+16    2.3489419391e-05    0.0000000000e+00    1.0000000000e+00    0.0000000000e+00
   -4.8415402974e+06    6.1126029484e+06    8.8451962423e+06   -1.4235050143e+02    1.6970914591e+02    2.4884666911e+02    4.4210820000e+16    2.3487984955e-05    0.0000000000e+00    1.0000000000e+00    0.0000000000e+00
    1.0722795948e+07   -7.2065937067e+06   -9.8690454528e+06    3.2587047219e+02   -2.2944873811e+02   -3.0260455084e+02    4.4210820000e+16    2.3487984955e-05    0.0000000000e+00    1.0000000000e+00    0.0000000000e+00
   -4.0790220734e+06    3.2374812124e+06    6.8654386869e+06   -1.0506104765e+02    7.0221127594e+01    1.6216680959e+02    4.4208140000e+16    2.3486561146e-05    0.0000000000e+00    1.0000000000e+00    0.0000000000e+00
    8.0616898742e+06   -6.7200496782e+06    3.9285073550e+05    2.0981543677e+02   -1.9063755164e+02    1.0432147005e+01    4.4208140000e+16    2.3486561146e-05    0.0000000000e+00    1.0000000000e+00    0.0000000000e+00
    3.1059655345e+06   -2.6969098362e+06    1.4192650833e+06   -1.8940574971e+01   -9.2562065522e+00   -4.5533448943e+00    4.4207480000e+16    2.3486210506e-05    0.0000000000e+00    1.0000000000e+00    0.0000000000e+00
    3.6177671151e+06   -1.8786091104e+06   -1.0428248619e+07    9.4267661604e+01   -5.8775291827e+01   -2.8999568423e+02    4.4207480000e+16    2.3486210506e-05    0.0000000000e+00    1.0000000000e+00    0.0000000000e+00
   -3.0984719128e+06    2.2769451811e+06   -7.2870344935e+06   -7.8235360733e+01    4.3205313292e+01   -1.6686781485e+02    4.4207480000e+16    2.3486210506e-05    0.0000000000e+00    1.0000000000e+00    0.0000000000e+00
   -8.2248877730e+05    3.5839215678e+06    1.7444233877e+07   -3.0183558071e+01    1.0661047360e+02    5.4517457619e+02    4.4206150000e+16    2.3485503914e-05    0.0000000000e+00    1.0000000000e+00    0.0000000000e+00
    9.3164265974e+06   -6.4761484985e+06    6.9844614400e+06    2.6794591974e+02   -1.9797396423e+02    2.0731105604e+02    4.4206150000e+16    2.3485503914e-05    0.0000000000e+00    1.0000000000e+00    0.0000000000e+00
    5.0799957838e+06   -4.1603309107e+06   -8.1607082714e+06    1.3166003422e+02   -1.2247473695e+02   -2.1818895852e+02    4.4206150000e+16    2.3485503914e-05    0.0000000000e+00    1.0000000000e+00    0.0000000000e+00
   -2.0630798433e+06    1.5645980444e+06   -9.1137831508e+05    8.5074447950e+01   -9.0705189798e+01    4.5686632967e+01    4.4205480000e+16    2.3485147961e-05    0.0000000000e+00    1.0000000000e+00    0.0000000000e+00
    6.5643505850e+05   -6.1557342057e+04   -5.4024685205e+06    4.2892386358e+00   -1.4599795771e+01   -5.4487900677e+01    4.4205480000e+16    2.3485147961e-05    0.0000000000e+00    1.0000000000e+00    0.0000000000e+00
    1.0141554325e+06   -9.3635800294e+05   -4.2403392478e+06   -6.3065393411e+00   -1.3646181183e+01    2.3280493514e+00    4.4205480000e+16    2.3485147961e-05    0.0000000000e+00    1.0000000000e+00    0.0000000000e+00
   -1.9041320453e+06    1.3233295310e+06   -8.4245704622e+04    1.2687254731e+02   -1.2152846129e+02    3.5135405995e+00    4.4204160000e+16    2.3484446682e-05    0.0000000000e+00    1.0000000000e+00    0.0000000000e+00
    2.4759176579e+05   -8.0445830946e+05   -7.7712072394e+05   -1.3519704006e+02    1.9503041373e+02    2.7862682821e+02    4.4204160000e+16    2.3484446682e-05    0.0000000000e+00    1.0000000000e+00    0.0000000000e+00
   -1.5433191274e+06    5.3336184992e+05   -2.5009449884e+06    4.0256315146e+01   -4.1243193446e+01    9.4380209079e+01    4.4202840000e+16    2.3483745402e-05    0.0000000000e+00    1.0000000000e+00    0.0000000000e+00
    1.9444554576e+05   -6.4315267909e+05   -8.9397732173e+06   -2.8917002334e+00   -2.6097613441e+01   -2.1983603297e+02    4.4202600000e+16    2.3483617897e-05    0.0000000000e+00    1.0000000000e+00    0.0000000000e+00
    2.8103411531e+05   -1.5794101819e+06   -8.9534144035e+06   -1.2342636722e+00   -5.1240970894e+01   -2.2113164606e+02    4.4202600000e+16    2.3483617897e-05    0.0000000000e+00    1.0000000000e+00    0.0000000000e+00
    3.9718720268e+05   -1.6060650621e+06    5.2092215531e+05   -1.1920080214e+02    1.8676289531e+02   -1.2433628810e+02    4.4201280000e+16    2.3482916617e-05    0.0000000000e+00    1.0000000000e+00    0.0000000000e+00
   -4.6578462898e+06    3.6418389624e+06   -1.2189193266e+07   -1.4185402404e+02    9.9813432082e+01   -3.6105112705e+02    4.4200210000e+16    2.3482348156e-05    0.0000000000e+00    1.0000000000e+00    0.0000000000e+00
   -3.6575616143e+06    3.9891531694e+06   -1.0745994010e+07   -1.1057424830e+02    1.0821927674e+02   -3.0587351756e+02    4.4200210000e+16    2.3482348156e-05    0.0000000000e+00    1.0000000000e+00    0.0000000000e+00
    4.2782527387e+06   -3.7371582823e+06    5.4995066037e+06    8.6444062891e+01   -9.2651305186e+01    1.2009655120e+02    4.4199560000e+16    2.3482002829e-05    0.0000000000e+00    1.0000000000e+00    0.0000000000e+00
    1.8687870546e+06   -2.5142987425e+06   -1.4298302527e+06   -6.5241403270e+01    3.1609671702e+01    2.8073041965e+01    4.4199560000e+16    2.3482002829e-05    0.0000000000e+00    1.0000000000e+00    0.0000000000e+00
   -6.1114266164e+06    5.2466308297e+06    2.9515799089e+06   -1.5171236885e+02    1.1706396199e+02    6.7822104989e+01    4.4199560000e+16    2.3482002829e-05    0.0000000000e+00    1.0000000000e+00    0.0000000000e+00
    6.9262157693e+06   -3.6884795405e+06   -4.0892808173e+06    1.6322374130e+02   -9.7199542733e+01   -9.9119109450e+01    4.4199560000e+16    2.3482002829e-05    0.0000000000e+00    1.0000000000e+00    0.0000000000e+00
   -7.7402617557e+06    8.2575662460e+06   -6.8992369223e+06   -2.3284017008e+02    2.3797696319e+02   -2.0124757731e+02    4.4199560000e+16    2.3482002829e-05    0.0000000000e+00    1.0000000000e+00    0.0000000000e+00
    6.3394966808e+05    7.5393520839e+05   -1.1350332117e+07    1.3271444631e+01    1.3695500237e+01   -3.1754545695e+02    4.4199560000e+16    2.3482002829e-05    0.0000000000e+00    1.0000000000e+00    0.0000000000e+00
    4.7703957412e+06   -3.5561092471e+06    8.9060220073e+06    1.2384269870e+02   -1.0604239953e+02    2.4195540162e+02    4.4197600000e+16    2.3480961535e-05    0.0000000000e+00    1.0000000000e+00    0.0000000000e+00
    9.6316988428e+05   -1.8451138063e+06    4.8189306861e+06   -5.4369355913e+00   -3.2793553039e+01    3.7884424457e+01    4.4197600000e+16    2.3480961535e-05    0.0000000000e+00    1.0000000000e+00    0.0000000000e+00
   -2.3275587791e+06    1.0566904736e+06   -7.6641625719e+05    1.0428269544e+02   -8.3781421024e+01    4.0948863877e+01    4.4197600000e+16    2.3480961535e-05    0.0000000000e+00    1.0000000000e+00    0.0000000000e+00
    1.0304241087e+06   -9.5176742210e+05   -4.4470206697e+06   -1.0869581540e+01   -1.6867617304e+01   -8.5407671717e+00    4.4197600000e+16    2.3480961535e-05    0.0000000000e+00    1.0000000000e+00    0.0000000000e+00
   -2.3542681146e+06    2.1407905632e+05   -2.4022067641e+06    3.4834702225e+01   -3.4807924469e+01    6.5647014921e+01    4.4197340000e+16    2.3480823405e-05    0.0000000000e+00    1.0000000000e+00    0.0000000000e+00
   -5.4108227326e+06    3.6282765330e+06    2.5604347872e+06   -1.0966678364e+02    5.7902709670e+01    4.8682112263e+01    4.4196300000e+16    2.3480270881e-05    0.0000000000e+00    1.0000000000e+00    0.0000000000e+00
    3.7890608433e+04   -1.1089309699e+05   -9.8010943288e+06   -2.8751924714e+00   -1.3579417908e+01   -2.5453336184e+02    4.4196300000e+16    2.3480270881e-05    0.0000000000e+00    1.0000000000e+00    0.0000000000e+00
