#   x1                  x2                  x3                  v1                  v2                  v3                  mass                rel_mass            mat0_frac           mat1_frac           mat2_frac
    1.0915105742e+04   -8.6180873925e+03    1.4135877928e+04    2.4092931937e-01   -1.9687561570e-01    5.9561319079e-01    1.8784513813e+21    9.9665180944e-01    9.0369395415e-01    9.6306045855e-02    0.0000000000e+00
    1.8600155527e+06   -1.7118261305e+06   -1.7138314507e+06   -7.8099018058e+01    6.1421554941e+01    8.7951504247e+01    3.8028570000e+16    2.0176856042e-05    0.0000000000e+00    1.0000000000e+00    0.0000000000e+00
   -9.0673085998e+05    1.1441073749e+06    2.0438477727e+04    2.2340851347e+02   -2.2097373372e+02    1.3854913351e+00    3.8026680000e+16    2.0175853262e-05    0.0000000000e+00    1.0000000000e+00    0.0000000000e+00
   -1.7714983996e+07    1.3420663646e+07    1.3567831138e+06   -4.4703619112e+02    3.4148198706e+02    3.4279728543e+01    3.8025420000e+16    2.0175184743e-05    0.0000000000e+00    1.0000000000e+00    0.0000000000e+00
   -1.4442871425e+06   -5.6838184687e+05    1.1669948534e+07   -3.1358362897e+01   -1.4520875927e+01    2.4754304103e+02    3.8024790000e+16    2.0174850483e-05    0.0000000000e+00    1.0000000000e+00    0.0000000000e+00
    2.0033424449e+06   -1.2506865699e+06    4.9891444744e+05   -1.5850289109e+02    9.8104978646e+01   -3.8573051951e+01    3.8024170000e+16    2.0174521529e-05    0.0000000000e+00    1.0000000000e+00    0.0000000000e+00
    1.0453778055e+06   -7.6042741772e+05    8.1493273491e+05   -2.0295214880e+02    1.4141929183e+02   -1.7891558594e+02    3.8022920000e+16    2.0173858316e-05    0.0000000000e+00    1.0000000000e+00    0.0000000000e+00
   -1.2954020889e+07    8.3296942480e+06    1.9011562815e+07   -3.3083174727e+02    2.1404256415e+02    4.8515601025e+02    3.8022920000e+16    2.0173858316e-05    0.0000000000e+00    1.0000000000e+00    0.0000000000e+00
   -1.2678905131e+07    9.1634769913e+06    1.6441120249e+07   -3.2133077776e+02    2.3353845630e+02    4.1612870897e+02    3.8022920000e+16    2.0173858316e-05    0.0000000000e+00    1.0000000000e+00    0.0000000000e+00
   -2.2144968643e+07    1.1546772241e+07    1.1255394641e+07   -5.7206765171e+02    2.9860887913e+02    2.8931978772e+02    3.8022920000e+16    2.0173858316e-05    0.0000000000e+00    1.0000000000e+00    0.0000000000e+00
   -1.1351666693e+07    8.9956735536e+06   -7.7098746829e+06   -2.7044964720e+02    2.1784514184e+02   -1.8407182871e+02    3.8022920000e+16    2.0173858316e-05    0.0000000000e+00    1.0000000000e+00    0.0000000000e+00
   -3.8607691084e+05   -9.3610092393e+05    6.6337148709e+06   -5.7432837391e+00   -1.3497295744e+01    6.5589573765e+01    3.8022920000e+16    2.0173858316e-05    0.0000000000e+00    1.0000000000e+00    0.0000000000e+00
    2.7785793884e+06   -2.8872272193e+06    1.0019827012e+07    5.7521030149e+01   -6.2736035429e+01    2.0037140824e+02    3.8022920000e+16    2.0173858316e-05    0.0000000000e+00    1.0000000000e+00    0.0000000000e+00
   -1.9476912416e+07    1.3545190277e+07    5.7704069300e+05   -4.9540652493e+02    3.4613761334e+02    1.4255291360e+01    3.8022920000e+16    2.0173858316e-05    0.0000000000e+00    1.0000000000e+00    0.0000000000e+00
   -1.6636664805e+07    1.1989445073e+07    9.7833741574e+05   -4.1520147422e+02    3.0119456149e+02    2.5797591885e+01    3.8022920000e+16    2.0173858316e-05    0.0000000000e+00    1.0000000000e+00    0.0000000000e+00
   -9.4999760500e+06    6.6406675594e+06    1.6652073618e+06   -1.9964883913e+02    1.4215106335e+02    3.5038665288e+01    3.8022920000e+16    2.0173858316e-05    0.0000000000e+00    1.0000000000e+00    0.0000000000e+00
    9.8338385806e+06   -6.7036659485e+06   -1.1793414827e+07    2.3717056878e+02   -1.6281163310e+02   -2.8355707236e+02    3.8022920000e+16    2.0173858316e-05    0.0000000000e+00    1.0000000000e+00    0.0000000000e+00
   -1.8990136382e+06    1.7880117710e+06   -1.4777940247e+07   -4.5190857164e+01    4.2361285738e+01   -3.4580212663e+02    3.8022920000e+16    2.0173858316e-05    0.0000000000e+00    1.0000000000e+00    0.0000000000e+00
   -8.6096535555e+06    8.0478975997e+06   -3.2717450526e+06   -1.8304789748e+02    1.7838106771e+02   -6.7837639791e+01    3.8021690000e+16    2.0173205713e-05    0.0000000000e+00    1.0000000000e+00    0.0000000000e+00
   -1.2543846579e+07    1.0819880113e+07   -1.0021280860e+07   -3.0954589624e+02    2.7073491300e+02   -2.4733470367e+02    3.8021690000e+16    2.0173205713e-05    0.0000000000e+00    1.0000000000e+00    0.0000000000e+00
   -3.4478367183e+05    1.5332163710e+06   -5.4141852188e+06    1.0540769954e+00    1.1897724986e+01   -1.7787564774e+01    3.8021690000e+16    2.0173205713e-05    0.0000000000e+00    1.0000000000e+00    0.0000000000e+00
   -2.0443578841e+06    1.4377960450e+06   -2.4940795824e+07   -5.2118889457e+01    3.5884398892e+01   -6.3875561613e+02    3.8021690000e+16    2.0173205713e-05    0.0000000000e+00    1.0000000000e+00    0.0000000000e+00
    6.2997960650e+06   -3.1873340294e+06   -2.7360033880e+07    1.6466709388e+02   -8.3927252475e+01   -7.0722371804e+02    3.8021690000e+16    2.0173205713e-05    0.0000000000e+00    1.0000000000e+00    0.0000000000e+00
    1.0034554935e+07   -8.6172850367e+06   -7.6132603973e+06    2.3450557234e+02   -2.0581419835e+02   -1.7736379267e+02    3.8021690000e+16    2.0173205713e-05    0.0000000000e+00    1.0000000000e+00    0.0000000000e+00
    8.1882635519e+06   -5.8122109241e+06   -1.2318932690e+07    1.9395508482e+02   -1.3881076395e+02   -2.9221587556e+02    3.8021690000e+16    2.0173205713e-05    0.0000000000e+00    1.0000000000e+00    0.0000000000e+00
   -6.5948438869e+06    6.9098996797e+06   -2.9291461510e+06   -1.2076987944e+02    1.3654310375e+02   -5.4726711702e+01    3.8021070000e+16    2.0172876759e-05    0.0000000000e+00    1.0000000000e+00    0.0000000000e+00
   -3.3759395766e+06    4.8052217463e+05   -1.9930689992e+07   -8.3763309396e+01    1.0305372039e+01   -4.9749962468e+02    3.8021070000e+16    2.0172876759e-05    0.0000000000e+00    1.0000000000e+00    0.0000000000e+00
   -5.6508857234e+06    2.9549747729e+06   -1.4482271891e+07   -1.3494218126e+02    7.1201802650e+01   -3.4316307756e+02    3.8020450000e+16    2.0172547805e-05    0.0000000000e+00    1.0000000000e+00    0.0000000000e+00
   -4.6658072471e+06    1.7005403731e+06   -2.3128309054e+07   -1.1881683957e+02    4.3684148049e+01   -5.8860987766e+02    3.8020450000e+16    2.0172547805e-05    0.0000000000e+00    1.0000000000e+00    0.0000000000e+00
    1.3940504093e+07   -1.1370793590e+07   -1.5211434089e+07    3.5334307320e+02   -2.9164770193e+02   -3.8627826676e+02    3.8020450000e+16    2.0172547805e-05    0.0000000000e+00    1.0000000000e+00    0.0000000000e+00
    8.1803489333e+06   -5.5653608473e+06   -1.2037916534e+07    1.9278955889e+02   -1.3450271797e+02   -2.8428094839e+02    3.8020450000e+16    2.0172547805e-05    0.0000000000e+00    1.0000000000e+00    0.0000000000e+00
    2.3119245329e+04    3.5703202439e+06    2.3440470366e+07    4.6829081592e-01    9.3017028949e+01    5.9652834023e+02    3.8019840000e+16    2.0172224157e-05    0.0000000000e+00    1.0000000000e+00    0.0000000000e+00
   -1.4292034643e+07    1.1800587497e+07    3.5437997698e+06   -3.5041069473e+02    2.9361261501e+02    8.7548039787e+01    3.8019840000e+16    2.0172224157e-05    0.0000000000e+00    1.0000000000e+00    0.0000000000e+00
   -2.6002411586e+07    1.8398909638e+07   -5.9305307712e+06   -6.7842738012e+02    4.8220986315e+02   -1.5502650144e+02    3.8019840000e+16    2.0172224157e-05    0.0000000000e+00    1.0000000000e+00    0.0000000000e+00
    9.9111674575e+06   -6.1332380307e+06   -1.4038426424e+07    2.4266982812e+02   -1.5018051382e+02   -3.4415262924e+02    3.8019840000e+16    2.0172224157e-05    0.0000000000e+00    1.0000000000e+00    0.0000000000e+00
    1.7080528930e+06   -2.9984081750e+06    5.1168453040e+06    7.9628040068e+00   -3.0625892655e+01    3.2503909116e+01    3.8019840000e+16    2.0172224157e-05    0.0000000000e+00    1.0000000000e+00    0.0000000000e+00
   -2.1086784832e+07    1.3037441292e+07    2.5834723562e+07   -5.5190324072e+02    3.4170804926e+02    6.7731819309e+02    3.8019840000e+16    2.0172224157e-05    0.0000000000e+00    1.0000000000e+00    0.0000000000e+00
   -1.2278778501e+07    7.5941087130e+06   -1.7426753750e+07   -3.1043895768e+02    1.9261779195e+02   -4.4208058125e+02    3.8019840000e+16    2.0172224157e-05    0.0000000000e+00    1.0000000000e+00    0.0000000000e+00
    1.5731876811e+07   -1.1024624893e+07    3.1916889717e+06    3.8856787718e+02   -2.7519391376e+02    7.9227698540e+01    3.8019840000e+16    2.0172224157e-05    0.0000000000e+00    1.0000000000e+00    0.0000000000e+00
   -9.1123925971e+05    5.0448576523e+05    1.4340611336e+07   -2.1104492665e+01    1.3059947722e+01    3.3074310937e+02    3.8019220000e+16    2.0171895203e-05    0.0000000000e+00    1.0000000000e+00    0.0000000000e+00
    5.9408462523e+06   -4.3930157469e+06    1.7932689941e+06    7.7613468109e+01   -6.2315328882e+01    2.4600969992e+01    3.8019220000e+16    2.0171895203e-05    0.0000000000e+00    1.0000000000e+00    0.0000000000e+00
    1.3816669007e+07   -8.7602933431e+06   -1.4571009985e+06    3.3069023795e+02   -2.1011401651e+02   -3.4467159222e+01    3.8019220000e+16    2.0171895203e-05    0.0000000000e+00    1.0000000000e+00    0.0000000000e+00
   -6.5150432211e+06    4.7176478939e+06    6.5538839016e+06   -1.2734040041e+02    9.4249892143e+01    1.2788394596e+02    3.8019220000e+16    2.0171895203e-05    0.0000000000e+00    1.0000000000e+00    0.0000000000e+00
    7.0323152546e+06   -5.8444692855e+06   -3.0244290036e+06    1.2803766985e+02   -1.1058252234e+02   -5.3884624406e+01    3.8019220000e+16    2.0171895203e-05    0.0000000000e+00    1.0000000000e+00    0.0000000000e+00
   -2.3599977449e+07    1.4282124772e+07   -7.5549473204e+06   -6.0964251821e+02    3.7071181838e+02   -1.9626794600e+02    3.8019220000e+16    2.0171895203e-05    0.0000000000e+00    1.0000000000e+00    0.0000000000e+00
   -1.5462903643e+07    1.3097409576e+07   -6.5016973064e+06   -3.8732885318e+02    3.3130547208e+02   -1.6277785487e+02    3.8019220000e+16    2.0171895203e-05    0.0000000000e+00    1.0000000000e+00    0.0000000000e+00
    3.7541174274e+06   -2.5256834082e+06   -8.6372992815e+06    7.0752450633e+01   -4.7097149293e+01   -1.6089012719e+02    3.8019220000e+16    2.0171895203e-05    0.0000000000e+00    1.0000000000e+00    0.0000000000e+00
   -6.5810130385e+06    3.4804826440e+06    8.3086854374e+06   -1.3503809861e+02    7.0118137718e+01    1.7163779640e+02    3.8019220000e+16    2.0171895203e-05    0.0000000000e+00    1.0000000000e+00    0.0000000000e+00
    6.6493765105e+06   -5.0565296143e+06    6.8151432327e+06    1.3279982941e+02   -1.0520589004e+02    1.3517816166e+02    3.8019220000e+16    2.0171895203e-05    0.0000000000e+00    1.0000000000e+00    0.0000000000e+00
    5.2726020753e+06   -4.0530926676e+06    1.8648224137e+06    5.5636737608e+01   -4.9450643034e+01    1.3311941465e+01    3.8019220000e+16    2.0171895203e-05    0.0000000000e+00    1.0000000000e+00    0.0000000000e+00
   -2.5908207060e+07    1.9521160643e+07   -5.8810959360e+06   -6.7597131453e+02    5.1153585230e+02   -1.5399125286e+02    3.8019220000e+16    2.0171895203e-05    0.0000000000e+00    1.0000000000e+00    0.0000000000e+00
   -1.2569944450e+07    2.9693010445e+06   -3.0055896232e+07   -3.2861073882e+02    7.6366470104e+01   -7.8413800922e+02    3.8019220000e+16    2.0171895203e-05    0.0000000000e+00    1.0000000000e+00    0.0000000000e+00
   -2.1748346985e+06    3.7704953532e+05   -7.4760108935e+06   -3.3027039593e+01    3.5007008823e+00   -1.0594208841e+02    3.8019220000e+16    2.0171895203e-05    0.0000000000e+00    1.0000000000e+00    0.0000000000e+00
   -1.5117266886e+06    1.4415997133e+06    4.8000844111e+05    1.6539019401e+02   -1.3042995234e+02   -5.3682098166e+01    3.8018610000e+16    2.0171571555e-05    0.0000000000e+00    1.0000000000e+00    0.0000000000e+00
   -9.5812375157e+06    8.3588815628e+06   -7.7538370523e+06   -2.2227992662e+02    1.9871892280e+02   -1.7865597778e+02    3.8018610000e+16    2.0171571555e-05    0.0000000000e+00    1.0000000000e+00    0.0000000000e+00
   -1.1472330101e+07    9.4926626279e+06   -9.3848861614e+06   -2.7918472981e+02    2.3271500430e+02   -2.2689171106e+02    3.8018610000e+16    2.0171571555e-05    0.0000000000e+00    1.0000000000e+00    0.0000000000e+00
    4.9037880581e+06   -4.8389680012e+06   -2.2039145561e+07    1.2535697451e+02   -1.2541219696e+02   -5.5889924136e+02    3.8018610000e+16    2.0171571555e-05    0.0000000000e+00    1.0000000000e+00    0.0000000000e+00
   -9.8071266111e+06    7.9372964332e+06    2.0419816201e+07   -2.4914087373e+02    2.0403743367e+02    5.2022456645e+02    3.8018000000e+16    2.0171247906e-05    0.0000000000e+00    1.0000000000e+00    0.0000000000e+00
   -6.0189500432e+06    4.7390126516e+06    1.8989381823e+07   -1.5026339593e+02    1.1991485594e+02    4.7484518735e+02    3.8018000000e+16    2.0171247906e-05    0.0000000000e+00    1.0000000000e+00    0.0000000000e+00
    1.5409267304e+07   -9.0798248386e+06    3.9878411733e+06    3.7747976059e+02   -2.2309191734e+02    9.7551134164e+01    3.8018000000e+16    2.0171247906e-05    0.0000000000e+00    1.0000000000e+00    0.0000000000e+00
   -4.0979145325e+06    3.6631458027e+06    1.1188222368e+06   -8.9012028856e+00    1.9778098296e+01   -3.5284378953e+00    3.8018000000e+16    2.0171247906e-05    0.0000000000e+00    1.0000000000e+00    0.0000000000e+00
   -9.3429476318e+06    6.0992637268e+06    6.9081687505e+06   -2.0683858663e+02    1.3712779180e+02    1.5525914021e+02    3.8018000000e+16    2.0171247906e-05    0.0000000000e+00    1.0000000000e+00    0.0000000000e+00
    1.0270518067e+07   -8.7267535708e+06   -8.2168046156e+06    2.4239550647e+02   -2.0821987454e+02   -1.9386330175e+02    3.8018000000e+16    2.0171247906e-05    0.0000000000e+00    1.0000000000e+00    0.0000000000e+00
   -4.4395714727e+06    4.3974806048e+06   -8.5602665314e+06   -8.8475113632e+01    9.1747012157e+01   -1.6846497233e+02    3.8018000000e+16    2.0171247906e-05    0.0000000000e+00    1.0000000000e+00    0.0000000000e+00
   -2.3418615312e+07    1.2604814999e+07    6.7785579401e+06   -6.0408469577e+02    3.2498933023e+02    1.7568151966e+02    3.8018000000e+16    2.0171247906e-05    0.0000000000e+00    1.0000000000e+00    0.0000000000e+00
   -2.1442800955e+07    1.4037915219e+07    6.4618222931e+06   -5.5186780631e+02    3.6232189879e+02    1.6527356505e+02    3.8018000000e+16    2.0171247906e-05    0.0000000000e+00    1.0000000000e+00    0.0000000000e+00
    6.3638400135e+06   -8.7279622307e+06    2.4017635384e+07    1.6203626433e+02   -2.2632199468e+02    6.1738591155e+02    3.8018000000e+16    2.0171247906e-05    0.0000000000e+00    1.0000000000e+00    0.0000000000e+00
   -7.3511068803e+06    5.3254213615e+06    1.0313058814e+07   -1.6682190959e+02    1.2263069529e+02    2.3383002957e+02    3.8018000000e+16    2.0171247906e-05    0.0000000000e+00    1.0000000000e+00    0.0000000000e+00
    3.9431462361e+06   -2.2659336939e+06    3.2226586979e+06    1.1994417291e+01   -6.1791147990e+00    8.5937759305e+00    3.8017390000e+16    2.0170924258e-05    0.0000000000e+00    1.0000000000e+00    0.0000000000e+00
   -4.3260390460e+06    4.5405870427e+06   -3.4284913507e+05   -2.5471675364e+01    4.3462474308e+01   -3.3098297698e+00    3.8017390000e+16    2.0170924258e-05    0.0000000000e+00    1.0000000000e+00    0.0000000000e+00
    8.0767543224e+06   -7.0893733950e+06   -2.1699136728e+07    2.0664022803e+02   -1.8223944490e+02   -5.5334232904e+02    3.8017390000e+16    2.0170924258e-05    0.0000000000e+00    1.0000000000e+00    0.0000000000e+00
    3.1079002202e+06   -4.9847166862e+06    1.9090725854e+07    7.7382709060e+01   -1.2766764627e+02    4.7472589287e+02    3.8017390000e+16    2.0170924258e-05    0.0000000000e+00    1.0000000000e+00    0.0000000000e+00
    1.1084984129e+07   -8.6095626677e+06   -2.3870099836e+06    2.5267223068e+02   -2.0048218471e+02   -5.3919788699e+01    3.8017390000e+16    2.0170924258e-05    0.0000000000e+00    1.0000000000e+00    0.0000000000e+00
    1.8228459001e+06   -1.8938184208e+06   -6.2348423310e+06    1.9845254325e+01   -2.3419886055e+01   -6.2701274543e+01    3.8017390000e+16    2.0170924258e-05    0.0000000000e+00    1.0000000000e+00    0.0000000000e+00
   -6.2683195932e+05    8.4598308020e+05    4.3108997013e+04    2.8038248927e+02   -2.8872866095e+02    4.5167402220e+01    3.8016780000e+16    2.0170600610e-05    0.0000000000e+00    1.0000000000e+00    0.0000000000e+00
   -1.0960524076e+07    4.9075413212e+06   -2.2977388012e+07   -2.8119986404e+02    1.2634098488e+02   -5.8982948333e+02    3.8016780000e+16    2.0170600610e-05    0.0000000000e+00    1.0000000000e+00    0.0000000000e+00
   -1.8811482432e+06    1.8101816064e+06   -1.6602154678e+07   -4.5888778616e+01    4.5446153810e+01   -3.9967790598e+02    3.8016780000e+16    2.0170600610e-05    0.0000000000e+00    1.0000000000e+00    0.0000000000e+00
   -4.2972433456e+05   -3.8597102758e+05   -1.0071282742e+07   -8.7607425984e+00   -1.0349158577e+01   -1.9316176022e+02    3.8016780000e+16    2.0170600610e-05    0.0000000000e+00    1.0000000000e+00    0.0000000000e+00
    7.2616492530e+06   -6.5252351423e+06   -2.9328913472e+06    1.3840041601e+02   -1.3056932734e+02   -5.0460981133e+01    3.8016780000e+16    2.0170600610e-05    0.0000000000e+00    1.0000000000e+00    0.0000000000e+00
    1.0186270256e+07   -7.5565248215e+06   -1.8026494477e+07    2.5712600265e+02   -1.9255305433e+02   -4.5419508432e+02    3.8016780000e+16    2.0170600610e-05    0.0000000000e+00    1.0000000000e+00    0.0000000000e+00
    8.1331251687e+06   -3.8192394033e+06    1.7184793855e+07    2.0369608970e+02   -9.5479299938e+01    4.2496371736e+02    3.8015570000e+16    2.0169958619e-05    0.0000000000e+00    1.0000000000e+00    0.0000000000e+00
   -1.3372589201e+07    9.3779752063e+06    1.5948198997e+07   -3.3786900421e+02    2.3803385627e+02    4.0544808000e+02    3.8015570000e+16    2.0169958619e-05    0.0000000000e+00    1.0000000000e+00    0.0000000000e+00
   -2.2551303256e+07    1.3270055277e+07    1.1719680921e+07   -5.8348247255e+02    3.4466698433e+02    3.0181264518e+02    3.8015570000e+16    2.0169958619e-05    0.0000000000e+00    1.0000000000e+00    0.0000000000e+00
   -1.0078339982e+07    4.3769623257e+06    1.6337578109e+07   -2.5138810146e+02    1.0854212712e+02    4.0579448958e+02    3.8015570000e+16    2.0169958619e-05    0.0000000000e+00    1.0000000000e+00    0.0000000000e+00
   -2.1617142198e+07    1.4873286660e+07    9.3296907368e+05   -5.5495549772e+02    3.8266885193e+02    2.5246968353e+01    3.8015570000e+16    2.0169958619e-05    0.0000000000e+00    1.0000000000e+00    0.0000000000e+00
   -2.1599033001e+07    1.3702950259e+07   -1.2222843475e+07   -5.5809501159e+02    3.5450459505e+02   -3.1662086358e+02    3.8015570000e+16    2.0169958619e-05    0.0000000000e+00    1.0000000000e+00    0.0000000000e+00
    2.5365038468e+07   -1.5898394390e+07   -3.8535936134e+06    6.5762476679e+02   -4.1375389646e+02   -1.0057491061e+02    3.8015570000e+16    2.0169958619e-05    0.0000000000e+00    1.0000000000e+00    0.0000000000e+00
    2.0123923504e+07   -1.1036504552e+07    2.0591502343e+07    5.2370093395e+02   -2.8734896222e+02    5.3470392392e+02    3.8014360000e+16    2.0169316628e-05    0.0000000000e+00    1.0000000000e+00    0.0000000000e+00
    2.3709779339e+07   -1.0792960599e+07    2.0721146084e+07    6.1905001827e+02   -2.8137034488e+02    5.4103904228e+02    3.8014360000e+16    2.0169316628e-05    0.0000000000e+00    1.0000000000e+00    0.0000000000e+00
    1.4684085372e+06   -3.4693758884e+06    3.3212645747e+07    3.7837303929e+01   -9.1855636871e+01    8.6699368625e+02    3.8014360000e+16    2.0169316628e-05    0.0000000000e+00    1.0000000000e+00    0.0000000000e+00
   -4.9809837237e+06    3.1290184776e+06    2.4918034434e+07   -1.2820979353e+02    8.0689749550e+01    6.3905263342e+02    3.8014360000e+16    2.0169316628e-05    0.0000000000e+00    1.0000000000e+00    0.0000000000e+00
   -2.6463273334e+06    3.8261566684e+06    2.4235634743e+07   -6.7485817827e+01    9.9887311212e+01    6.1902040758e+02    3.8013760000e+16    2.0168998285e-05    0.0000000000e+00    1.0000000000e+00    0.0000000000e+00
    2.6138395853e+07   -1.5158318673e+07    2.2655314602e+06    6.7856593752e+02   -3.9415098449e+02    5.8887282841e+01    3.8013760000e+16    2.0168998285e-05    0.0000000000e+00    1.0000000000e+00    0.0000000000e+00
    2.1657983155e+07   -1.3640676556e+07   -5.1254887416e+06    5.5632911647e+02   -3.5121321607e+02   -1.3084325640e+02    3.8013760000e+16    2.0168998285e-05    0.0000000000e+00    1.0000000000e+00    0.0000000000e+00
   -2.6483464305e+07    2.2201041364e+07   -6.6221558449e+06   -6.9211918351e+02    5.8329553352e+02   -1.7338343543e+02    3.8013760000e+16    2.0168998285e-05    0.0000000000e+00    1.0000000000e+00    0.0000000000e+00
    6.5156225731e+06   -3.5979013442e+06   -1.1887222037e+07    1.4880083553e+02   -8.1229623595e+01   -2.7220114584e+02    3.8013760000e+16    2.0168998285e-05    0.0000000000e+00    1.0000000000e+00    0.0000000000e+00
   -2.2982773694e+07    1.5632695943e+07   -2.9402577181e+07   -6.0405602066e+02    4.1203830223e+02   -7.7370813459e+02    3.8013760000e+16    2.0168998285e-05    0.0000000000e+00    1.0000000000e+00    0.0000000000e+00
    4.6841465636e+06   -3.6313114683e+06   -1.5640683711e+07    1.1353213514e+02   -8.7878924679e+01   -3.7596700683e+02    3.8013760000e+16    2.0168998285e-05    0.0000000000e+00    1.0000000000e+00    0.0000000000e+00
   -3.3045625175e+06    1.5137349994e+06    4.9420160387e+06   -2.5260137327e+01    8.4883421491e+00    3.2916185748e+01    3.8013760000e+16    2.0168998285e-05    0.0000000000e+00    1.0000000000e+00    0.0000000000e+00
   -1.7368546168e+07    9.1941058472e+06    1.2270980331e+07   -4.4159572935e+02    2.3306975667e+02    3.1081259665e+02    3.8013760000e+16    2.0168998285e-05    0.0000000000e+00    1.0000000000e+00    0.0000000000e+00
    7.4972067831e+06   -5.7622001645e+06    1.5329025503e+07    1.8228224733e+02   -1.4226594199e+02    3.7490375449e+02    3.8013760000e+16    2.0168998285e-05    0.0000000000e+00    1.0000000000e+00    0.0000000000e+00
   -2.8425222496e+06    1.6784351812e+06   -8.9112434127e+06   -5.1871511697e+01    3.0523887010e+01   -1.6278384672e+02    3.8013760000e+16    2.0168998285e-05    0.0000000000e+00    1.0000000000e+00    0.0000000000e+00
    1.8246356793e+07   -1.1678253133e+07   -7.1115758790e+06    4.6094152452e+02   -2.9739806973e+02   -1.8031386003e+02    3.8013760000e+16    2.0168998285e-05    0.0000000000e+00    1.0000000000e+00    0.0000000000e+00
    2.2597107987e+06   -3.3735036364e+06   -1.6216391623e+07    5.3673210722e+01   -8.2897275781e+01   -3.9015110582e+02    3.8013760000e+16    2.0168998285e-05    0.0000000000e+00    1.0000000000e+00    0.0000000000e+00
   -4.4262399142e+06    8.8283340597e+06    2.4556840954e+07   -1.1197930869e+02    2.2939586100e+02    6.3127931661e+02    3.8013160000e+16    2.0168679943e-05    0.0000000000e+00    1.0000000000e+00    0.0000000000e+00
   -3.5655608019e+07    2.2018161210e+07    7.6204081209e+06   -9.3902285257e+02    5.8116344734e+02    2.0033002993e+02    3.8013160000e+16    2.0168679943e-05    0.0000000000e+00    1.0000000000e+00    0.0000000000e+00
   -2.4824829670e+07    1.2952115517e+07    6.5729085666e+06   -6.4258498058e+02    3.3520129185e+02    1.6927396503e+02    3.8013160000e+16    2.0168679943e-05    0.0000000000e+00    1.0000000000e+00    0.0000000000e+00
   -2.7157397855e+07    1.7918113835e+07   -2.6161573924e+07   -7.1496562949e+02    4.7267172666e+02   -6.8924390003e+02    3.8013160000e+16    2.0168679943e-05    0.0000000000e+00    1.0000000000e+00    0.0000000000e+00
   -1.1194223736e+06    3.6856751421e+06    1.2654739843e+07   -2.1624429393e+01    8.6123371790e+01    2.8271665858e+02    3.8011970000e+16    2.0168048563e-05    0.0000000000e+00    1.0000000000e+00    0.0000000000e+00
   -1.8626518649e+07    1.1380845256e+07    1.4947916854e+07   -4.7864239377e+02    2.9419630505e+02    3.8360115711e+02    3.8011970000e+16    2.0168048563e-05    0.0000000000e+00    1.0000000000e+00    0.0000000000e+00
    2.8507171671e+07   -1.6959605879e+07   -3.8880523483e+06    7.4396628547e+02   -4.4301109618e+02   -1.0095165769e+02    3.8011970000e+16    2.0168048563e-05    0.0000000000e+00    1.0000000000e+00    0.0000000000e+00
   -2.2161439027e+07    1.4051969080e+07    8.8548376729e+05   -5.6838651789e+02    3.6246474444e+02    2.2846007291e+01    3.8011970000e+16    2.0168048563e-05    0.0000000000e+00    1.0000000000e+00    0.0000000000e+00
   -1.8253454201e+07    1.2262679635e+07   -6.9845635532e+06   -4.6270228755e+02    3.1157270896e+02   -1.7767048988e+02    3.8011970000e+16    2.0168048563e-05    0.0000000000e+00    1.0000000000e+00    0.0000000000e+00
    2.0496701025e+07   -1.3891010277e+07    2.2106854581e+07    5.3410752251e+02   -3.6370799346e+02    5.7680251560e+02    3.8011970000e+16    2.0168048563e-05    0.0000000000e+00    1.0000000000e+00    0.0000000000e+00
   -7.5082290921e+06    5.7494917030e+06   -1.5644005581e+07   -1.8339308899e+02    1.4175252738e+02   -3.8386147920e+02    3.8011970000e+16    2.0168048563e-05    0.0000000000e+00    1.0000000000e+00    0.0000000000e+00
   -4.0409513266e+06    1.5273629095e+06    2.2193180209e+07   -1.0359875346e+02    3.9430312173e+01    5.6221711370e+02    3.8011370000e+16    2.0167730221e-05    0.0000000000e+00    1.0000000000e+00    0.0000000000e+00
    1.5917065754e+07   -8.4675105199e+06    3.8680525924e+07    4.1899754761e+02   -2.2286682212e+02    1.0197530104e+03    3.8010780000e+16    2.0167417184e-05    0.0000000000e+00    1.0000000000e+00    0.0000000000e+00
    2.1907987859e+07   -7.0060196554e+06    1.6597223855e+07    5.6632517751e+02   -1.7958908394e+02    4.2987613978e+02    3.8010780000e+16    2.0167417184e-05    0.0000000000e+00    1.0000000000e+00    0.0000000000e+00
    1.9048951713e+07   -1.0009039994e+07   -2.5793733338e+07    4.9756011050e+02   -2.6136783864e+02   -6.7345701027e+02    3.8010780000e+16    2.0167417184e-05    0.0000000000e+00    1.0000000000e+00    0.0000000000e+00
   -1.3082966769e+07    8.6871697826e+06   -1.8365520447e+07   -3.3350367620e+02    2.2270220238e+02   -4.6804820187e+02    3.8010780000e+16    2.0167417184e-05    0.0000000000e+00    1.0000000000e+00    0.0000000000e+00
    2.1053120306e+05   -1.0671602937e+05   -6.2479035328e+06    1.6052605424e-01    9.9981286793e-01   -4.7592002783e+01    3.8010780000e+16    2.0167417184e-05    0.0000000000e+00    1.0000000000e+00    0.0000000000e+00
   -6.4641940031e+06    4.9127839121e+06   -5.4761992503e+06   -1.2062514861e+02    9.6589540473e+01   -9.8813662543e+01    3.8010780000e+16    2.0167417184e-05    0.0000000000e+00    1.0000000000e+00    0.0000000000e+00
    1.0356783792e+06   -4.0389439815e+06    3.2806167613e+07    2.5618015086e+01   -1.0580563061e+02    8.5630552472e+02    3.8010780000e+16    2.0167417184e-05    0.0000000000e+00    1.0000000000e+00    0.0000000000e+00
   -1.4823970199e+07    6.5737794891e+06    3.2595357426e+07   -3.8897470775e+02    1.7228199624e+02    8.5443571968e+02    3.8010780000e+16    2.0167417184e-05    0.0000000000e+00    1.0000000000e+00    0.0000000000e+00
   -3.7916832159e+06    1.9021653045e+06   -4.3816510130e+06   -2.6712590169e+01    1.0701436332e+01   -2.9022070123e+01    3.8010780000e+16    2.0167417184e-05    0.0000000000e+00    1.0000000000e+00    0.0000000000e+00
    2.1532995062e+07   -1.5391765799e+07   -1.1024292948e+06    5.5318036337e+02   -3.9750265403e+02   -2.8843416060e+01    3.8010780000e+16    2.0167417184e-05    0.0000000000e+00    1.0000000000e+00    0.0000000000e+00
   -3.2067369648e+06   -2.4669087152e+05   -1.1073940549e+07   -6.8672573320e+01   -9.3813969090e+00   -2.3184781294e+02    3.8010780000e+16    2.0167417184e-05    0.0000000000e+00    1.0000000000e+00    0.0000000000e+00
    1.0437189866e+07   -8.2910505357e+06   -4.0350951865e+06    2.3591437780e+02   -1.9208209387e+02   -9.0031653290e+01    3.8010780000e+16    2.0167417184e-05    0.0000000000e+00    1.0000000000e+00    0.0000000000e+00
    9.5111458306e+06   -8.7628538685e+06   -2.6928237648e+07    2.4720538844e+02   -2.2919333889e+02   -6.9801147792e+02    3.8010780000e+16    2.0167417184e-05    0.0000000000e+00    1.0000000000e+00    0.0000000000e+00
    5.0115709313e+06   -3.8768906636e+06   -1.0777704261e+07    1.1212711701e+02   -8.9339790214e+01   -2.3277121085e+02    3.8010780000e+16    2.0167417184e-05    0.0000000000e+00    1.0000000000e+00    0.0000000000e+00
   -6.0845708855e+06    7.1752028320e+06    3.3058606264e+07   -1.5917567311e+02    1.8930965395e+02    8.6398240843e+02    3.8009590000e+16    2.0166785804e-05    0.0000000000e+00    1.0000000000e+00    0.0000000000e+00
    7.5075909910e+06   -5.7147828322e+06    1.1691606615e+07    1.7535546311e+02   -1.3578944489e+02    2.7295035104e+02    3.8009590000e+16    2.0166785804e-05    0.0000000000e+00    1.0000000000e+00    0.0000000000e+00
    1.6329086023e+07   -1.0348425161e+07    4.7441009396e+06    4.0590757297e+02   -2.5854927648e+02    1.1600830541e+02    3.8009590000e+16    2.0166785804e-05    0.0000000000e+00    1.0000000000e+00    0.0000000000e+00
    1.6444361402e+06   -1.0390616253e+06    2.8926834198e+05   -2.0199321163e+02    1.2710161587e+02   -3.1785731619e+01    3.8009590000e+16    2.0166785804e-05    0.0000000000e+00    1.0000000000e+00    0.0000000000e+00
    1.0790993482e+07   -7.2488614842e+06   -1.1778438329e+07    2.6180083552e+02   -1.7814734750e+02   -2.8710606086e+02    3.8009590000e+16    2.0166785804e-05    0.0000000000e+00    1.0000000000e+00    0.0000000000e+00
    2.5716152628e+07   -1.3583102086e+07   -1.6100243842e+07    6.7194549658e+02   -3.5469932055e+02   -4.1903967154e+02    3.8009590000e+16    2.0166785804e-05    0.0000000000e+00    1.0000000000e+00    0.0000000000e+00
   -1.5288734790e+07    1.2473083033e+07   -2.2798330234e+07   -3.9631205795e+02    3.2559122693e+02   -5.9103712687e+02    3.8009590000e+16    2.0166785804e-05    0.0000000000e+00    1.0000000000e+00    0.0000000000e+00
   -4.1550919036e+05    6.0681407573e+05   -1.8857451740e+07   -1.0915148178e+01    1.6521371436e+01   -4.6487912907e+02    3.8009590000e+16    2.0166785804e-05    0.0000000000e+00    1.0000000000e+00    0.0000000000e+00
    9.4677189709e+06   -6.8052912963e+06    1.1537969837e+07    2.2688207054e+02   -1.6630170077e+02    2.7397441829e+02    3.8009590000e+16    2.0166785804e-05    0.0000000000e+00    1.0000000000e+00    0.0000000000e+00
   -2.9901620600e+07    1.4990948198e+07    1.9042416342e+07   -7.8543530276e+02    3.9355775875e+02    5.0013849073e+02    3.8009590000e+16    2.0166785804e-05    0.0000000000e+00    1.0000000000e+00    0.0000000000e+00
    6.3027622799e+06   -4.6300657984e+06    2.3916115631e+07    1.6182228219e+02   -1.1975265818e+02    6.1248118033e+02    3.8009590000e+16    2.0166785804e-05    0.0000000000e+00    1.0000000000e+00    0.0000000000e+00
    1.7768930795e+07   -1.1713874450e+07    5.0304569772e+06    4.4673309777e+02   -2.9680899972e+02    1.2615904304e+02    3.8009590000e+16    2.0166785804e-05    0.0000000000e+00    1.0000000000e+00    0.0000000000e+00
    9.2789510030e+06   -1.0602607919e+07   -5.0635447992e+06    2.1298704766e+02   -2.5214160346e+02   -1.1572307832e+02    3.8009590000e+16    2.0166785804e-05    0.0000000000e+00    1.0000000000e+00    0.0000000000e+00
    1.1998625579e+07   -9.5128259828e+06   -2.5630207268e+07    3.1164521930e+02   -2.4859697636e+02   -6.6383102279e+02    3.8009590000e+16    2.0166785804e-05    0.0000000000e+00    1.0000000000e+00    0.0000000000e+00
   -2.1889595351e+06   -1.8345055162e+06    2.5797534397e+07   -5.8555445346e+01   -4.6591835767e+01    6.6275111348e+02    3.8008410000e+16    2.0166159730e-05    0.0000000000e+00    1.0000000000e+00    0.0000000000e+00
   -1.1820693045e+07    7.4944755488e+06    1.8772581746e+06   -2.6905063795e+02    1.7398093893e+02    4.3471941589e+01    3.8008410000e+16    2.0166159730e-05    0.0000000000e+00    1.0000000000e+00    0.0000000000e+00
   -1.4194199436e+07    9.3459561390e+06    1.5199937298e+05   -3.4083529516e+02    2.2753973659e+02    4.6533392730e+00    3.8008410000e+16    2.0166159730e-05    0.0000000000e+00    1.0000000000e+00    0.0000000000e+00
    8.8342726483e+06   -6.2964808399e+06   -2.1431021988e+07    2.2503966330e+02   -1.6085474782e+02   -5.4596468400e+02    3.8008410000e+16    2.0166159730e-05    0.0000000000e+00    1.0000000000e+00    0.0000000000e+00
   -1.2851248636e+07    7.8491186067e+06    4.2811966105e+05   -2.9894604365e+02    1.8579812729e+02    1.2781468087e+01    3.8008410000e+16    2.0166159730e-05    0.0000000000e+00    1.0000000000e+00    0.0000000000e+00
   -1.0800697653e+07    7.3993999217e+06    1.5411415479e+07   -2.6962920874e+02    1.8498787163e+02    3.8400597242e+02    3.8008410000e+16    2.0166159730e-05    0.0000000000e+00    1.0000000000e+00    0.0000000000e+00
   -5.6170938639e+06    2.7747433459e+06   -9.6232424173e+06   -1.1734259747e+02    5.6675690255e+01   -2.0190769642e+02    3.8008410000e+16    2.0166159730e-05    0.0000000000e+00    1.0000000000e+00    0.0000000000e+00
   -7.5272542329e+06    2.7272830536e+06   -1.8733578112e+07   -1.8735653416e+02    6.6262999205e+01   -4.6815430018e+02    3.8008410000e+16    2.0166159730e-05    0.0000000000e+00    1.0000000000e+00    0.0000000000e+00
    2.3898975127e+07   -1.3579871991e+07   -3.3328260521e+06    6.1575642720e+02   -3.5144463713e+02   -8.5690653230e+01    3.8008410000e+16    2.0166159730e-05    0.0000000000e+00    1.0000000000e+00    0.0000000000e+00
   -6.0344821438e+06    2.4560893235e+06   -1.3970061631e+07   -1.4293671918e+02    5.6640977347e+01   -3.2912958656e+02    3.8008410000e+16    2.0166159730e-05    0.0000000000e+00    1.0000000000e+00    0.0000000000e+00
   -1.3386282436e+07    9.2675886635e+06    1.6080018557e+07   -3.3870071770e+02    2.3856421688e+02    4.0498836671e+02    3.8007230000e+16    2.0165533657e-05    0.0000000000e+00    1.0000000000e+00    0.0000000000e+00
   -2.1989921340e+05   -1.0852361392e+06    2.0323452345e+07   -7.0909763460e+00   -2.7044660906e+01    5.0825083164e+02    3.8007230000e+16    2.0165533657e-05    0.0000000000e+00    1.0000000000e+00    0.0000000000e+00
    3.1962685681e+07   -1.2405186748e+07    2.4013969050e+05    8.3556791173e+02   -3.2308910647e+02    5.8181644701e+00    3.8007230000e+16    2.0165533657e-05    0.0000000000e+00    1.0000000000e+00    0.0000000000e+00
   -2.0904493892e+07    1.5255161247e+07    9.3595975591e+06   -5.3820532292e+02    3.9531110119e+02    2.4058015458e+02    3.8007230000e+16    2.0165533657e-05    0.0000000000e+00    1.0000000000e+00    0.0000000000e+00
    2.4603352268e+07   -1.6908668705e+07   -1.4370178027e+07    6.4138694928e+02   -4.4208615380e+02   -3.7453281646e+02    3.8007230000e+16    2.0165533657e-05    0.0000000000e+00    1.0000000000e+00    0.0000000000e+00
   -5.5072793004e+06    2.8900263570e+06   -1.8310574554e+07   -1.3649099015e+02    7.2607227589e+01   -4.5301260333e+02    3.8007230000e+16    2.0165533657e-05    0.0000000000e+00    1.0000000000e+00    0.0000000000e+00
   -2.0622096829e+07    1.3753975124e+07    8.7802167819e+05   -5.2670563546e+02    3.5201467599e+02    2.2595663882e+01    3.8007230000e+16    2.0165533657e-05    0.0000000000e+00    1.0000000000e+00    0.0000000000e+00
    1.8096531671e+07   -1.8576563039e+07    2.2873509904e+07    4.7265120237e+02   -4.8859293661e+02    5.9645363561e+02    3.8007230000e+16    2.0165533657e-05    0.0000000000e+00    1.0000000000e+00    0.0000000000e+00
   -1.7056404540e+07    8.8246281184e+06    1.5382723282e+07   -4.3622565558e+02    2.2579732081e+02    3.9323405689e+02    3.8007230000e+16    2.0165533657e-05    0.0000000000e+00    1.0000000000e+00    0.0000000000e+00
   -2.6600433460e+07    1.2135255980e+07   -1.1887181216e+07   -6.9278466332e+02    3.1542884697e+02   -3.0843487361e+02    3.8007230000e+16    2.0165533657e-05    0.0000000000e+00    1.0000000000e+00    0.0000000000e+00
    2.9615467145e+07   -1.8570699197e+07    9.5289561604e+06    7.7545544762e+02   -4.8774912515e+02    2.4823487396e+02    3.8007230000e+16    2.0165533657e-05    0.0000000000e+00    1.0000000000e+00    0.0000000000e+00
   -6.4603639856e+06    6.3106769913e+06   -8.8856749463e+05   -1.0879734957e+02    1.1439977508e+02   -1.4131235600e+01    3.8007230000e+16    2.0165533657e-05    0.0000000000e+00    1.0000000000e+00    0.0000000000e+00
    1.0884920755e+07   -7.5579717060e+06   -1.1839378152e+07    2.6436794195e+02   -1.8559686093e+02   -2.8646281852e+02    3.8007230000e+16    2.0165533657e-05    0.0000000000e+00    1.0000000000e+00    0.0000000000e+00
