x1	x2	x3	v1	v2	v3	mass	rel_mass	water_fraction
-26083.882048202504 56609.23337662159 16413.797551467727 -2.3424375352641422 2.3346324207986835 0.6342834344272607 1.4656538863e+23 0.9998453208473072 0.09981681059554243 
-38968399.592 -21709935.268 4930487.8147 -1119.0939339 -467.19493145 106.4526727 2.845012e+18 1.9408210646e-05 1.0 
-51804017.198 -42131984.377 12367683.635 -1637.2362045 -1201.3225565 360.99548786 2.842478e+18 1.9390924108e-05 1.0 
-48336322.469 -21689759.749 564665.40522 -1441.6982982 -508.87904601 19.638760084 2.841635e+18 1.9385173299e-05 1.0 
-45326431.589 -35607291.963 -2665119.6886 -1397.4868411 -950.74121457 -57.7287624 2.835764e+18 1.9345122289e-05 1.0 
-33069323.855 -10632292.92 -9087359.9407 -864.46038057 -114.14635792 -131.24778725 2.834161e+18 1.9334186883e-05 1.0 
-51798601.36 -33136974.347 -11763139.124 -1612.1288843 -900.18375281 -332.57650333 2.833263e+18 1.9328060872e-05 1.0 
-31531064.974 -18113309.324 -1115171.1802 -830.16586571 -284.05538869 -18.934519032 2.826633e+18 1.9282832087e-05 1.0 
-44713091.747 -38932674.836 2660851.6934 -1387.3637611 -1057.8200099 66.695004072 2.815172e+18 1.9204647003e-05 1.0 
