#   x1                  x2                  x3                  v1                  v2                  v3                  mass                rel_mass            mat0_frac           mat1_frac           mat2_frac
    3.7423854233e+03   -7.6917305418e+03    6.4966704144e+02    2.2409027768e-01   -3.3841813079e-01    5.3279407953e-02    1.8830513826e+21    9.9909243672e-01    9.0148637050e-01    9.8513629496e-02    0.0000000000e+00
    2.1976855190e+06   -3.6915943746e+06   -8.8954749175e+06    5.6111796687e+01   -9.8226783193e+01   -2.2300465187e+02    3.8022920000e+16    2.0173858316e-05    0.0000000000e+00    1.0000000000e+00    0.0000000000e+00
   -3.7416358269e+06    2.0015005502e+06   -8.7583774911e+06   -9.3684688883e+01    4.8229106338e+01   -2.1946437801e+02    3.8019840000e+16    2.0172224157e-05    0.0000000000e+00    1.0000000000e+00    0.0000000000e+00
   -2.7587011891e+06    5.2250815143e+06    1.0467551040e+06   -2.5612849836e+01    7.5244233722e+01    9.5665472968e+00    3.8018000000e+16    2.0171247906e-05    0.0000000000e+00    1.0000000000e+00    0.0000000000e+00
   -1.5116489486e+07    1.5061214612e+07    4.5983097085e+06   -4.7072734978e+02    4.7223899313e+02    1.4238863507e+02    3.8018000000e+16    2.0171247906e-05    0.0000000000e+00    1.0000000000e+00    0.0000000000e+00
   -9.8266413827e+06    6.3562838494e+06    8.3131400042e+05   -2.7038171650e+02    1.7370306704e+02    2.1857472448e+01    3.8018000000e+16    2.0171247906e-05    0.0000000000e+00    1.0000000000e+00    0.0000000000e+00
    3.6351869580e+05    1.7006587466e+06    7.5021997207e+06    8.9864056842e+00    4.0055354366e+01    1.5299216984e+02    3.8015570000e+16    2.0169958619e-05    0.0000000000e+00    1.0000000000e+00    0.0000000000e+00
    4.3750728771e+06   -3.7267768190e+06    8.6842661964e+06    1.1249188383e+02   -9.6646418824e+01    2.2630418067e+02    3.8014360000e+16    2.0169316628e-05    0.0000000000e+00    1.0000000000e+00    0.0000000000e+00
    1.1005976449e+06   -3.9236016053e+06    1.0489779474e+07    2.6813502200e+01   -1.0916484312e+02    2.8247501378e+02    3.8014360000e+16    2.0169316628e-05    0.0000000000e+00    1.0000000000e+00    0.0000000000e+00
    8.2857163911e+05   -7.2221996970e+05    5.6166434726e+06    9.9495820306e+00   -1.0149668312e+01    6.2065458194e+01    3.8014360000e+16    2.0169316628e-05    0.0000000000e+00    1.0000000000e+00    0.0000000000e+00
   -8.9927915936e+06    9.9568560621e+06   -4.7575951464e+06   -2.5912179724e+02    2.9262682836e+02   -1.4081919987e+02    3.8013760000e+16    2.0168998285e-05    0.0000000000e+00    1.0000000000e+00    0.0000000000e+00
    1.1288499299e+06   -3.2103939514e+05   -1.6484566292e+06   -1.0541015783e+02    4.3489411490e+01    1.8045158979e+02    3.8013760000e+16    2.0168998285e-05    0.0000000000e+00    1.0000000000e+00    0.0000000000e+00
   -2.7180926811e+06    3.4452175704e+06   -2.0281648535e+06   -3.6536571972e+00    1.7457473196e+01   -2.0620809735e+00    3.8013760000e+16    2.0168998285e-05    0.0000000000e+00    1.0000000000e+00    0.0000000000e+00
    1.4422823719e+06    1.8083892713e+06   -9.4494882144e+06    3.7975940985e+01    5.0429332066e+01   -2.3539109756e+02    3.8013760000e+16    2.0168998285e-05    0.0000000000e+00    1.0000000000e+00    0.0000000000e+00
   -3.7004911877e+06    2.9096166194e+06    3.9979043957e+06   -5.2859129453e+01    4.0862210774e+01    5.4911354959e+01    3.8013760000e+16    2.0168998285e-05    0.0000000000e+00    1.0000000000e+00    0.0000000000e+00
    1.3562596480e+06   -2.0481611724e+06    1.6585998896e+06   -5.9714026738e+01    6.9071205541e+01   -7.1146397556e+01    3.8013760000e+16    2.0168998285e-05    0.0000000000e+00    1.0000000000e+00    0.0000000000e+00
    8.9486683015e+05    1.2223079824e+06   -1.2696512042e+07    2.7247329977e+01    3.5472433417e+01   -3.5911428004e+02    3.8013760000e+16    2.0168998285e-05    0.0000000000e+00    1.0000000000e+00    0.0000000000e+00
    4.8213091575e+06   -7.9319185120e+06   -2.4530471502e+07    1.5043185310e+02   -2.5214935931e+02   -7.7688553371e+02    3.8013760000e+16    2.0168998285e-05    0.0000000000e+00    1.0000000000e+00    0.0000000000e+00
   -1.6682216863e+06    2.1337698962e+06    2.2464875423e+06    3.4800312372e+01   -3.1441613212e+01   -5.3838521461e+01    3.8013160000e+16    2.0168679943e-05    0.0000000000e+00    1.0000000000e+00    0.0000000000e+00
   -8.2708575967e+06    8.7704046251e+06    2.4538546801e+06   -2.2809522962e+02    2.4776187406e+02    6.8347247422e+01    3.8013160000e+16    2.0168679943e-05    0.0000000000e+00    1.0000000000e+00    0.0000000000e+00
   -8.2568845866e+06    6.2658486486e+06    5.8306526469e+06   -2.2708581292e+02    1.7266632169e+02    1.6173586514e+02    3.8013160000e+16    2.0168679943e-05    0.0000000000e+00    1.0000000000e+00    0.0000000000e+00
    1.1990306658e+07   -8.4679874047e+06   -6.2725086181e+06    3.5808399128e+02   -2.5264910024e+02   -1.8857607690e+02    3.8011970000e+16    2.0168048563e-05    0.0000000000e+00    1.0000000000e+00    0.0000000000e+00
   -2.1695654357e+06    1.3818481161e+06   -5.1754763482e+06   -2.8556026491e+01    1.6878526046e+01   -5.8039063642e+01    3.8011970000e+16    2.0168048563e-05    0.0000000000e+00    1.0000000000e+00    0.0000000000e+00
    2.8306058210e+06   -3.1045301558e+06    5.4061678537e+06    5.0760888591e+01   -5.7602568599e+01    9.0469096204e+01    3.8011370000e+16    2.0167730221e-05    0.0000000000e+00    1.0000000000e+00    0.0000000000e+00
    5.3432545950e+06    1.0602189357e+05    2.2188962678e+07    1.6831220142e+02    4.7840331100e+00    6.9507474828e+02    3.8010780000e+16    2.0167417184e-05    0.0000000000e+00    1.0000000000e+00    0.0000000000e+00
    1.5973388072e+07   -1.0413324907e+07    1.4275396962e+07    5.0208029524e+02   -3.2709321047e+02    4.4894894667e+02    3.8010780000e+16    2.0167417184e-05    0.0000000000e+00    1.0000000000e+00    0.0000000000e+00
   -2.5483055717e+05    7.5117183460e+05   -3.4922059887e+05    1.7707488842e+02   -3.5037937850e+02    2.2272634544e+02    3.8010780000e+16    2.0167417184e-05    0.0000000000e+00    1.0000000000e+00    0.0000000000e+00
    3.1740485816e+06   -5.7271560757e+06    7.5010219806e+06    7.9172944996e+01   -1.5169624433e+02    1.8654887644e+02    3.8010780000e+16    2.0167417184e-05    0.0000000000e+00    1.0000000000e+00    0.0000000000e+00
   -5.1895588317e+06    3.1854246030e+06    2.3171014898e+07   -1.6480001284e+02    1.0102656123e+02    7.2845635461e+02    3.8010780000e+16    2.0167417184e-05    0.0000000000e+00    1.0000000000e+00    0.0000000000e+00
    2.4944535539e+06   -2.7522259171e+06    2.8762351767e+05   -4.3607627079e+01    3.5807218409e+01   -3.8379924535e+00    3.8010780000e+16    2.0167417184e-05    0.0000000000e+00    1.0000000000e+00    0.0000000000e+00
    5.2597251966e+06   -5.6386120438e+06   -7.0816007374e+06    1.3679814716e+02   -1.5063774656e+02   -1.8191434952e+02    3.8010780000e+16    2.0167417184e-05    0.0000000000e+00    1.0000000000e+00    0.0000000000e+00
   -9.4309065285e+06    9.3447333346e+06    1.6687895301e+07   -2.9396069205e+02    2.9373351038e+02    5.1770754200e+02    3.8009590000e+16    2.0166785804e-05    0.0000000000e+00    1.0000000000e+00    0.0000000000e+00
   -1.5304766154e+07    1.3088753651e+07    3.3631751063e+06   -4.7325570478e+02    4.0676185436e+02    1.0537625033e+02    3.8009590000e+16    2.0166785804e-05    0.0000000000e+00    1.0000000000e+00    0.0000000000e+00
   -1.3682237636e+07    1.0715357681e+07    1.2692250278e+07   -4.2615671698e+02    3.3453824379e+02    3.9486241955e+02    3.8009590000e+16    2.0166785804e-05    0.0000000000e+00    1.0000000000e+00    0.0000000000e+00
    2.5942450102e+06   -2.8874633241e+06    5.2525081163e+06    4.0476590278e+01   -5.1761189067e+01    8.1540527129e+01    3.8009590000e+16    2.0166785804e-05    0.0000000000e+00    1.0000000000e+00    0.0000000000e+00
   -3.7545421884e+05    2.6428459754e+06    7.2555966686e+06   -7.5207422429e+00    6.2282816273e+01    1.4705569429e+02    3.8008410000e+16    2.0166159730e-05    0.0000000000e+00    1.0000000000e+00    0.0000000000e+00
   -1.2469959587e+07    1.2946858591e+07   -7.5646974626e+06   -3.8288626402e+02    4.0099899101e+02   -2.3236892509e+02    3.8008410000e+16    2.0166159730e-05    0.0000000000e+00    1.0000000000e+00    0.0000000000e+00
    2.8935260838e+06    5.6280797502e+05   -1.7287383841e+07    8.8152272432e+01    1.9506251442e+01   -5.2486431399e+02    3.8008410000e+16    2.0166159730e-05    0.0000000000e+00    1.0000000000e+00    0.0000000000e+00
   -9.2549030786e+06    3.3597882866e+06    1.7699104664e+07   -2.8822761695e+02    1.0282386013e+02    5.4827808342e+02    3.8008410000e+16    2.0166159730e-05    0.0000000000e+00    1.0000000000e+00    0.0000000000e+00
   -5.4554471598e+06    1.6056490311e+06   -9.7438103325e+06   -1.4889422381e+02    3.9451277082e+01   -2.6295767735e+02    3.8008410000e+16    2.0166159730e-05    0.0000000000e+00    1.0000000000e+00    0.0000000000e+00
   -3.5903268770e+06    1.8008085273e+06   -7.8153157826e+06   -8.6435136449e+01    4.0824562738e+01   -1.8129852974e+02    3.8008410000e+16    2.0166159730e-05    0.0000000000e+00    1.0000000000e+00    0.0000000000e+00
   -5.3801554035e+06    3.6364999775e+06    2.1795531048e+07   -1.6754839176e+02    1.1362787439e+02    6.8326801625e+02    3.8007230000e+16    2.0165533657e-05    0.0000000000e+00    1.0000000000e+00    0.0000000000e+00
    1.6900303179e+07   -1.0672417022e+07    2.0565464479e+06    5.2302613972e+02   -3.2917601430e+02    6.3989988247e+01    3.8007230000e+16    2.0165533657e-05    0.0000000000e+00    1.0000000000e+00    0.0000000000e+00
    1.4281739681e+07   -9.7722999631e+06   -8.5203805463e+06    4.4002298739e+02   -3.0101683055e+02   -2.6090329000e+02    3.8007230000e+16    2.0165533657e-05    0.0000000000e+00    1.0000000000e+00    0.0000000000e+00
   -1.4394689243e+07    8.2584052838e+06   -1.6149633206e+06   -4.3436454570e+02    2.4716877849e+02   -4.9485060457e+01    3.8007230000e+16    2.0165533657e-05    0.0000000000e+00    1.0000000000e+00    0.0000000000e+00
   -1.4506596062e+07    8.8828023519e+06   -1.1785606927e+07   -4.5083930387e+02    2.7508051489e+02   -3.6520321262e+02    3.8007230000e+16    2.0165533657e-05    0.0000000000e+00    1.0000000000e+00    0.0000000000e+00
