#   x1                  x2                  x3                  v1                  v2                  v3                  mass                rel_mass            mat0_frac           mat1_frac           mat2_frac
    1.9977316167e+06   -1.6264429557e+06   -1.6900125818e+04   -5.5889804106e+01   -4.2811533542e+01   -8.0442760144e-01    1.1776021987e+24    9.1911696074e-01    8.9986089456e-01    1.0013910544e-01    0.0000000000e+00
   -2.2515228567e+07    1.9831302269e+07   -6.7874136331e+04    6.3653887424e+02    5.3305474900e+02   -3.8791971035e-01    1.0272384163e+23    8.0175822715e-02    9.0112967293e-01    9.8870327072e-02    0.0000000000e+00
   -5.4834276245e+06    6.1724813959e+06    4.6009946841e+05    2.4653128587e+03   -8.6081409073e+02    2.5632115983e+00    6.8359880000e+19    5.3354796050e-05    1.0000000000e+00    0.0000000000e+00    0.0000000000e+00
   -2.3012949765e+06    6.5814355104e+06   -2.3263194726e+06    2.4030813301e+03   -1.7234394791e+03    6.5576834683e+01    2.4524670000e+19    1.9141472543e-05    0.0000000000e+00    1.0000000000e+00    0.0000000000e+00
   -1.0518670811e+07   -4.9002086095e+06    2.7121981830e+06   -3.4714503220e+02    1.4125998429e+03   -1.2454379506e+03    2.3057500000e+19    1.7996348296e-05    0.0000000000e+00    1.0000000000e+00    0.0000000000e+00
   -9.5886236452e+06    1.2224544801e+07   -8.1382724601e+06    1.6200425037e+03    7.3991484075e+02   -2.2035057101e+02    2.2723160000e+19    1.7735396367e-05    0.0000000000e+00    1.0000000000e+00    0.0000000000e+00
   -6.6858079642e+07   -4.7100788371e+06   -5.1659953410e+06   -1.4191100714e+03    3.4985763968e+02   -1.7568085649e+02    2.2445130000e+19    1.7518394320e-05    0.0000000000e+00    1.0000000000e+00    0.0000000000e+00
   -4.3429006914e+07    1.0558591777e+07   -9.7251685427e+05   -1.0691191125e+02    8.6108586192e+02   -1.3522584122e+02    2.2417340000e+19    1.7496704261e-05    0.0000000000e+00    1.0000000000e+00    0.0000000000e+00
   -4.4977994371e+06    1.5122697257e+07   -8.7104326879e+06    1.6472647458e+03    2.9932782249e+02    3.3229070882e+01    2.2389560000e+19    1.7475022008e-05    0.0000000000e+00    1.0000000000e+00    0.0000000000e+00
   -5.2538432523e+07    4.4089337237e+06   -6.6596558310e+06   -7.4798306493e+02    6.9489585475e+02   -4.4913878092e+02    2.2334000000e+19    1.7431657501e-05    0.0000000000e+00    1.0000000000e+00    0.0000000000e+00
   -7.1556953812e+07   -6.8041629548e+06   -2.0087336828e+06   -1.6227531857e+03    2.5560069536e+02   -6.2979360166e+00    2.2334000000e+19    1.7431657501e-05    0.0000000000e+00    1.0000000000e+00    0.0000000000e+00
   -2.2502406771e+07    1.7944039934e+07   -5.5648235195e+06    8.5038870669e+02   -1.8037480489e+02    6.4953839631e+02    2.2334000000e+19    1.7431657501e-05    0.0000000000e+00    1.0000000000e+00    0.0000000000e+00
   -5.9883575815e+07   -1.2533845722e+07   -1.1687698357e+07   -1.3389734922e+03    1.3655810693e+02    3.1918611611e+01    2.2222910000e+19    1.7344951903e-05    0.0000000000e+00    1.0000000000e+00    0.0000000000e+00
   -9.9751656809e+06    1.5311219719e+07    1.3586526130e+07    1.0679208924e+03    3.3821288486e+02    3.0339992854e+02    2.2167360000e+19    1.7301595201e-05    0.0000000000e+00    1.0000000000e+00    0.0000000000e+00
    1.4140294639e+06   -8.0787880080e+06   -2.7078152077e+06   -3.3543140109e+03   -7.8262378565e+02    9.2679274968e+02    2.2158990000e+19    1.7295062427e-05    0.0000000000e+00    1.0000000000e+00    0.0000000000e+00
   -6.2970638742e+07   -1.5998134636e+07    3.5863921501e+06   -1.4417786985e+03    7.1342754342e+01   -1.5399005136e+02    2.2139590000e+19    1.7279920753e-05    0.0000000000e+00    1.0000000000e+00    0.0000000000e+00
   -2.7452612995e+07    2.0498049131e+07    2.9829308190e+06    1.2990229664e+03    1.4965416420e+03   -3.3509715017e+02    2.2139590000e+19    1.7279920753e-05    0.0000000000e+00    1.0000000000e+00    0.0000000000e+00
   -8.4800345031e+07   -3.7021351357e+07    3.8250333491e+07   -2.4706564112e+03   -8.0933889807e+02    9.1129856028e+02    2.2056280000e+19    1.7214897408e-05    0.0000000000e+00    1.0000000000e+00    0.0000000000e+00
   -7.2776194003e+07   -3.5374277519e+07    3.9683038729e+07   -2.0747238059e+03   -7.2546699982e+02    8.8960104603e+02    2.2050760000e+19    1.7210589055e-05    0.0000000000e+00    1.0000000000e+00    0.0000000000e+00
   -7.6344417752e+06    1.0467858391e+07    8.0526280922e+06    1.9104007689e+03    5.7004426703e+02    2.0268848683e+02    2.2028510000e+19    1.7193222960e-05    0.0000000000e+00    1.0000000000e+00    0.0000000000e+00
   -3.7691698232e+07    1.5408512540e+07   -1.1591500948e+07   -9.3288896518e+01    1.2813902207e+03   -1.1678199600e+02    2.1893210000e+19    1.7087621489e-05    0.0000000000e+00    1.0000000000e+00    0.0000000000e+00
   -1.0654885899e+08   -3.0080031494e+07   -4.0928827999e+06   -3.0777296074e+03   -5.9726239560e+02   -4.0883938201e+01    2.1893210000e+19    1.7087621489e-05    0.0000000000e+00    1.0000000000e+00    0.0000000000e+00
   -7.6675318756e+07   -2.2345002748e+07   -7.0108326865e+05   -1.9533634677e+03   -1.8947765143e+02    1.6873284003e+01    2.1893210000e+19    1.7087621489e-05    0.0000000000e+00    1.0000000000e+00    0.0000000000e+00
   -5.1825261149e+07   -1.2004417922e+06    3.5459440923e+06   -7.9327989049e+02    6.1458045835e+02    3.0118248988e+02    2.1889620000e+19    1.7084819498e-05    0.0000000000e+00    1.0000000000e+00    0.0000000000e+00
   -5.7360657414e+07   -1.8420830499e+07   -2.2770632407e+06   -1.2786031257e+03    4.9912691974e+01    2.4379596108e+02    2.1841870000e+19    1.7047550686e-05    0.0000000000e+00    1.0000000000e+00    0.0000000000e+00
   -5.9218389281e+07   -7.2413543307e+06   -2.5079816174e+06   -1.1633710930e+03    3.8593160286e+02   -2.1072531807e+02    2.1834060000e+19    1.7041454992e-05    0.0000000000e+00    1.0000000000e+00    0.0000000000e+00
   -2.2541401928e+07    1.9232537157e+07   -7.1763089833e+06    9.7568375729e+02   -8.1093677508e+01    3.1791837627e+02    2.1765900000e+19    1.6988256202e-05    0.0000000000e+00    1.0000000000e+00    0.0000000000e+00
   -2.4585539566e+07    2.2191717147e+07   -9.2074957127e+05    8.7575051974e+02    4.9834611061e+02   -1.2567072026e+03    2.1750680000e+19    1.6976377012e-05    0.0000000000e+00    1.0000000000e+00    0.0000000000e+00
   -7.0939752756e+07   -2.7514198166e+07   -1.4306269902e+07   -1.8660652309e+03   -3.7798971488e+02   -1.2900622319e+02    2.1740840000e+19    1.6968696905e-05    0.0000000000e+00    1.0000000000e+00    0.0000000000e+00
   -2.0782259417e+07    1.5683469299e+07   -8.1732119223e+06    7.1777242804e+02    1.4079549904e+03   -4.6812988328e+02    2.1722880000e+19    1.6954679148e-05    0.0000000000e+00    1.0000000000e+00    0.0000000000e+00
   -7.1895989291e+07   -3.3661129653e+07    9.2975484651e+06   -1.9201952413e+03   -5.4568098855e+02    4.8083399172e+01    2.1722880000e+19    1.6954679148e-05    0.0000000000e+00    1.0000000000e+00    0.0000000000e+00
   -5.0977952919e+07   -7.2361072360e+05   -8.0724731917e+06   -7.7918212347e+02    6.6846957340e+02   -3.7025233995e+02    2.1722880000e+19    1.6954679148e-05    0.0000000000e+00    1.0000000000e+00    0.0000000000e+00
   -9.5296170137e+07   -4.0020278817e+07   -2.2004524033e+07   -2.7640767966e+03   -8.7843506233e+02   -5.1422416200e+02    2.1722880000e+19    1.6954679148e-05    0.0000000000e+00    1.0000000000e+00    0.0000000000e+00
   -4.2600389128e+07    1.9160053190e+06   -4.5625865511e+06   -3.7534917639e+02    7.8077895475e+02   -4.8321839598e+02    2.1691100000e+19    1.6929874900e-05    0.0000000000e+00    1.0000000000e+00    0.0000000000e+00
   -6.7697535522e+07   -1.7583471054e+07    4.9082284813e+06   -1.6004430459e+03    4.0000795677e+01    2.1291078329e+02    2.1666420000e+19    1.6910612193e-05    0.0000000000e+00    1.0000000000e+00    0.0000000000e+00
   -2.6239355951e+07    2.8799270793e+07   -5.2718542723e+06    4.9884673456e+02    5.6425057661e+02   -7.3205150464e+02    2.1641870000e+19    1.6891450950e-05    0.0000000000e+00    1.0000000000e+00    0.0000000000e+00
    1.1406179630e+07   -2.9721460910e+05   -8.0956026806e+05    1.8740454584e+02   -2.4666984405e+03    2.1223755903e+03    2.1593110000e+19    1.6853393835e-05    0.0000000000e+00    1.0000000000e+00    0.0000000000e+00
   -9.3389599359e+07   -6.0575322532e+07   -2.6946770769e+07   -2.7952913845e+03   -1.5260015217e+03   -6.6150084040e+02    2.1593110000e+19    1.6853393835e-05    0.0000000000e+00    1.0000000000e+00    0.0000000000e+00
   -5.9992601254e+07   -1.7851349161e+07   -6.4193024187e+06   -1.3526609779e+03    3.3642932301e+01    9.3954910654e+01    2.1556000000e+19    1.6824429529e-05    0.0000000000e+00    1.0000000000e+00    0.0000000000e+00
   -4.6360525001e+07   -2.8532012120e+07    6.6624025892e+06   -1.0310563895e+03   -1.6090207246e+02   -1.7738303530e+02    2.1544810000e+19    1.6815695749e-05    0.0000000000e+00    1.0000000000e+00    0.0000000000e+00
   -6.0230715552e+06   -9.5753503385e+06   -6.2104706797e+05   -2.0601027211e+03    1.1045152517e+03    1.1333901810e+03    2.1544810000e+19    1.6815695749e-05    0.0000000000e+00    1.0000000000e+00    0.0000000000e+00
