#   x1                  x2                  x3                  v1                  v2                  v3                  mass                rel_mass            mat0_frac           mat1_frac           mat2_frac
    8.2781607699e+05    5.7908585167e+05    1.8798431172e+05    2.9952109619e+01    2.7143712040e+00    9.1025236066e+00    1.1834830486e+25    9.9130826626e-01    8.0929459968e-01    1.9070540032e-01    0.0000000000e+00
   -4.7686460089e+06    1.9751129405e+07    3.0261951407e+06    4.7229517169e+03    1.7451872724e+03   -3.3757791707e+02    1.1791297000e+21    9.8766181735e-05    8.0619468749e-01    1.9380531251e-01    0.0000000000e+00
   -1.1753510041e+07    2.3378429091e+07    2.3903362771e+06    2.7898415283e+03    4.2605881980e+03    5.7380526695e+02    1.1440892000e+21    9.5831121758e-05    8.1846931166e-01    1.8153068834e-01    0.0000000000e+00
   -3.3650850712e+07   -7.2839831538e+06    1.5944250746e+06   -4.4679898309e+03    4.4454478682e+03    3.1565890826e+02    9.9914600000e+20    8.3690399297e-05    7.2247889698e-01    2.7752110302e-01    0.0000000000e+00
   -1.6950860105e+07    2.0981722057e+07    3.0878418885e+06    1.7092414459e+03    5.0646224932e+03    5.7425632710e+02    9.6158820000e+20    8.0544485408e-05    0.0000000000e+00    1.0000000000e+00    0.0000000000e+00
   -5.3788376806e+06    1.8892457712e+07    1.6167051723e+06    4.8780699869e+03    2.8022593875e+03   -1.1075096843e+03    9.0893370000e+20    7.6134042760e-05    1.0000000000e+00    0.0000000000e+00    0.0000000000e+00
   -1.3871853801e+06    1.8195925970e+07   -2.0675357022e+06    5.1472363457e+03    5.0696746938e+02    7.8909467439e+02    8.6680730000e+20    7.2605454109e-05    1.0000000000e+00    0.0000000000e+00    0.0000000000e+00
   -1.1871512358e+07    2.0785491870e+07   -3.5237054373e+06    3.5777878327e+03    4.0449291614e+03   -3.8386590037e+02    8.1069770000e+20    6.7905605610e-05    0.0000000000e+00    1.0000000000e+00    0.0000000000e+00
   -3.3278711584e+07    6.0490533807e+06    2.1616677272e+05   -3.3141866788e+03    6.0611494583e+03   -2.0434064904e+02    7.9578900000e+20    6.6656824094e-05    1.0000000000e+00    0.0000000000e+00    0.0000000000e+00
   -3.0114015724e+07    7.8949519488e+06    5.3587757054e+05   -2.6044093725e+03    6.6796843907e+03    3.2183986201e+02    7.8448600000e+20    6.5710062977e-05    0.0000000000e+00    1.0000000000e+00    0.0000000000e+00
   -3.4660986860e+07   -3.1489355364e+06    9.1213496672e+05   -4.1749380633e+03    4.8073622943e+03    1.3682837416e+02    7.7224060000e+20    6.4684364615e-05    1.0000000000e+00    0.0000000000e+00    0.0000000000e+00
   -3.2427892839e+07    7.7848924788e+05    8.8255741014e+05   -3.3761811386e+03    5.5480391297e+03   -1.7698684708e+02    7.5598080000e+20    6.3322412353e-05    1.0000000000e+00    0.0000000000e+00    0.0000000000e+00
   -3.1743361709e+07   -1.0186290904e+07    1.2734794032e+05   -4.4345373308e+03    3.8861688854e+03    2.4643011081e+02    7.3816390000e+20    6.1830034387e-05    0.0000000000e+00    1.0000000000e+00    0.0000000000e+00
   -3.3288863759e+07    7.8426324705e+06    5.0652749779e+05   -3.0549633315e+03    6.6403129588e+03    2.7203304611e+02    7.2800150000e+20    6.0978812130e-05    1.0000000000e+00    0.0000000000e+00    0.0000000000e+00
   -3.2067764755e+07    7.1701377646e+06    9.8676565977e+05   -2.6641001290e+03    6.4048003163e+03   -4.6052405210e+01    7.2625720000e+20    6.0832706192e-05    1.0000000000e+00    0.0000000000e+00    0.0000000000e+00
   -8.2819952061e+06    2.2773964988e+07   -1.9671460104e+06    3.4752183523e+03    3.2687389022e+03   -7.1278060238e+01    7.1069060000e+20    5.9528817701e-05    1.0000000000e+00    0.0000000000e+00    0.0000000000e+00
   -2.1207065083e+06    1.3900790272e+07    2.9112029828e+06    6.4326166317e+03   -3.8323850054e+01   -2.1858616578e+03    6.7824160000e+20    5.6810826770e-05    0.0000000000e+00    1.0000000000e+00    0.0000000000e+00
   -6.3683613758e+06    1.3441713192e+07   -4.0492172922e+05    5.0353459860e+03    2.2858165756e+03    9.0234187714e+02    6.6379200000e+20    5.5600500358e-05    0.0000000000e+00    1.0000000000e+00    0.0000000000e+00
   -3.2198848955e+07    6.4238513915e+06   -3.1154711802e+05   -3.4605295125e+03    6.3451838155e+03   -2.6113997622e+02    5.7456350000e+20    4.8126548809e-05    0.0000000000e+00    1.0000000000e+00    0.0000000000e+00
   -1.9293031591e+07    1.6760935481e+07    1.5058246886e+06    7.4016227317e+02    6.8991943312e+03   -9.3030776543e+01    5.6526600000e+20    4.7347772247e-05    0.0000000000e+00    1.0000000000e+00    0.0000000000e+00
   -1.3366533312e+07    1.8998333650e+07   -4.3307263964e+06    3.0637408175e+03    3.4036516224e+03   -3.3192298289e+01    5.6313260000e+20    4.7169074541e-05    0.0000000000e+00    1.0000000000e+00    0.0000000000e+00
   -3.1413188204e+07   -3.6862522348e+06    1.0632011281e+06   -3.7532823904e+03    4.9625397788e+03    3.9571361379e+02    5.4618710000e+20    4.5749686722e-05    0.0000000000e+00    1.0000000000e+00    0.0000000000e+00
   -1.0341078148e+07    2.1368608473e+07    3.9270330339e+06    3.4063464530e+03    3.0673682991e+03    9.5184397673e+01    5.4226960000e+20    4.5421549354e-05    0.0000000000e+00    1.0000000000e+00    0.0000000000e+00
   -3.4516960120e+07    9.6793200762e+06    7.5324586815e+04   -3.4002032242e+03    6.5656170872e+03   -1.3572653404e+02    5.1720660000e+20    4.3322224052e-05    0.0000000000e+00    1.0000000000e+00    0.0000000000e+00
   -2.8112212315e+07   -9.4361642663e+06    9.6728238459e+04   -3.8300857692e+03    4.3501669026e+03    2.0095685584e+02    4.8059070000e+20    4.0255205527e-05    0.0000000000e+00    1.0000000000e+00    0.0000000000e+00
   -1.6970191697e+07    2.0618527235e+07   -2.6662040260e+06    1.6947790833e+03    4.9714591554e+03    1.9039678091e+02    4.7329240000e+20    3.9643885819e-05    0.0000000000e+00    1.0000000000e+00    0.0000000000e+00
   -6.5799773059e+06    1.5630925335e+07    2.8770023797e+06    4.6675953891e+03    1.7246480195e+03   -5.0271917879e+02    4.5255100000e+20    3.7906546083e-05    0.0000000000e+00    1.0000000000e+00    0.0000000000e+00
   -2.7304417118e+07   -2.6314334243e+05    2.7973941526e+05   -2.6506777337e+03    5.2143030992e+03    3.7560342766e+01    4.4753600000e+20    3.7486479994e-05    0.0000000000e+00    1.0000000000e+00    0.0000000000e+00
   -2.7952554423e+07   -1.5685449110e+07    2.6498165130e+05   -4.4405065471e+03    3.3944967753e+03   -6.3439700746e+01    4.3888630000e+20    3.6761964411e-05    0.0000000000e+00    1.0000000000e+00    0.0000000000e+00
   -2.5595043642e+07    6.8939454270e+06    4.5990736673e+05   -1.5307627298e+03    6.0670679025e+03    9.9446722807e+01    4.3400000000e+20    3.6352678482e-05    0.0000000000e+00    1.0000000000e+00    0.0000000000e+00
   -3.4558523583e+07   -2.2108444371e+06    2.7239079566e+06   -4.0883967945e+03    4.8339940644e+03    5.1682882541e+02    4.3242700000e+20    3.6220920963e-05    0.0000000000e+00    1.0000000000e+00    0.0000000000e+00
   -2.9251577257e+07    7.6238488203e+06   -6.3353708920e+05   -2.2564986341e+03    6.5273258597e+03    2.7901784312e+02    4.2660870000e+20    3.5733568915e-05    0.0000000000e+00    1.0000000000e+00    0.0000000000e+00
   -6.6704802794e+06    1.5769811312e+07   -2.9812375800e+06    5.1074093244e+03    2.6265576138e+03    2.9270140975e+02    4.2019380000e+20    3.5196244497e-05    0.0000000000e+00    1.0000000000e+00    0.0000000000e+00
   -9.3533911694e+06    1.8234709536e+07    4.3337016166e+06    3.6617353067e+03    2.1559260089e+03   -4.9293789073e+02    4.0974190000e+20    3.4320773160e-05    0.0000000000e+00    1.0000000000e+00    0.0000000000e+00
   -3.0646547253e+07    8.5814584474e+05    1.3114023953e+06   -3.4629976250e+03    5.5100805210e+03   -2.9774617817e+01    4.0487220000e+20    3.3912877680e-05    0.0000000000e+00    1.0000000000e+00    0.0000000000e+00
   -7.0727396557e+06    1.8512822209e+07    2.6498176202e+06    3.9245940147e+03    2.5594104197e+03   -5.5014877735e+02    4.0323050000e+20    3.3775365716e-05    0.0000000000e+00    1.0000000000e+00    0.0000000000e+00
   -3.7369703182e+06    1.7839337531e+07    3.5306400578e+06    5.3641520894e+03    1.0628264721e+03   -8.2504170129e+02    3.8346890000e+20    3.2120095921e-05    0.0000000000e+00    1.0000000000e+00    0.0000000000e+00
   -7.3308087450e+06    2.4229396446e+07   -1.1955110470e+06    3.3689614803e+03    3.4531356406e+03   -1.1892511947e+02    3.4430310000e+20    2.8839492845e-05    0.0000000000e+00    1.0000000000e+00    0.0000000000e+00
   -3.1683483284e+07    4.9340545111e+06   -1.3854050408e+06   -3.1639884311e+03    5.9968303905e+03   -3.9937250868e+02    3.4430310000e+20    2.8839492845e-05    0.0000000000e+00    1.0000000000e+00    0.0000000000e+00
   -7.9345492525e+06    1.9260074588e+07   -2.1902351247e+06    4.0757751616e+03    2.9469889249e+03    5.2414630944e+02    3.4045900000e+20    2.8517503602e-05    0.0000000000e+00    1.0000000000e+00    0.0000000000e+00
   -3.3367228929e+07   -4.9616834416e+06   -8.6764107187e+05   -4.5112347994e+03    4.7496194194e+03    1.1902713823e+02    3.4045900000e+20    2.8517503602e-05    0.0000000000e+00    1.0000000000e+00    0.0000000000e+00
   -3.1029897573e+07   -4.0604137698e+05    1.0072021245e+06   -3.2359328683e+03    5.5028972886e+03    2.0457028719e+02    3.3568480000e+20    2.8117607387e-05    0.0000000000e+00    1.0000000000e+00    0.0000000000e+00
   -1.2538847631e+07   -1.1031393391e+07   -2.1688467680e+06   -3.0619753793e+03    6.0233809696e+03    6.8593679433e+02    3.3473390000e+20    2.8037958166e-05    0.0000000000e+00    1.0000000000e+00    0.0000000000e+00
   -3.1440431218e+07   -1.6643913631e+07   -8.7471560830e+05   -4.9056255677e+03    2.9962351477e+03    3.6886796426e+01    3.2905480000e+20    2.7562265778e-05    0.0000000000e+00    1.0000000000e+00    0.0000000000e+00
   -2.8276961903e+07    9.2368919001e+06   -1.2117823324e+06   -1.7876318290e+03    6.7841758237e+03   -1.5729017238e+02    3.2717140000e+20    2.7404508555e-05    0.0000000000e+00    1.0000000000e+00    0.0000000000e+00
   -3.1981136290e+07   -1.1722767103e+07    7.0453879662e+05   -4.6617036101e+03    3.7756504307e+03    3.2126818983e+02    3.2717140000e+20    2.7404508555e-05    0.0000000000e+00    1.0000000000e+00    0.0000000000e+00
   -2.5694368026e+06    1.1722850347e+07    2.8542283921e+06    6.7394331805e+03   -6.2991908219e+02   -1.6077896562e+03    3.2529250000e+20    2.7247128261e-05    0.0000000000e+00    1.0000000000e+00    0.0000000000e+00
   -2.8743566826e+07    9.9885076157e+06   -1.3422035420e+05   -1.8876981162e+03    6.9003873377e+03    1.8618064168e+01    3.2341810000e+20    2.7090124896e-05    0.0000000000e+00    1.0000000000e+00    0.0000000000e+00
   -2.6325136936e+07   -5.0066263734e+06   -1.7457820325e+05   -3.0387827903e+03    4.9898866685e+03   -3.9816358966e+02    3.2341810000e+20    2.7090124896e-05    0.0000000000e+00    1.0000000000e+00    0.0000000000e+00
   -6.8289131179e+06    1.6405519453e+07    4.6527489461e+06    4.7780477967e+03    1.6252655104e+03   -9.3833004076e+02    3.2154790000e+20    2.6933473330e-05    0.0000000000e+00    1.0000000000e+00    0.0000000000e+00
   -3.3103874699e+07   -5.2971305125e+06    3.9327782128e+05   -4.3834159482e+03    4.7630317936e+03    2.1031216401e+02    3.1968200000e+20    2.6777181942e-05    0.0000000000e+00    1.0000000000e+00    0.0000000000e+00
   -3.1351994951e+07    3.7336029081e+06   -3.3064168239e+05   -3.2830304848e+03    5.9399319829e+03   -1.5373230385e+02    3.1782010000e+20    2.6621225600e-05    0.0000000000e+00    1.0000000000e+00    0.0000000000e+00
   -3.3799073704e+07   -6.5272239281e+06   -6.9034383985e+05   -4.2830633435e+03    4.4018894223e+03    1.8494600890e+02    3.1782010000e+20    2.6621225600e-05    0.0000000000e+00    1.0000000000e+00    0.0000000000e+00
   -1.0449214709e+07    1.8932145307e+07   -2.2258889599e+06    3.5786760762e+03    3.6571648096e+03    1.9397481035e+02    3.1782010000e+20    2.6621225600e-05    0.0000000000e+00    1.0000000000e+00    0.0000000000e+00
   -3.0819635511e+07   -1.2735883075e+07   -5.8007286785e+05   -4.7424633254e+03    3.4125044589e+03   -2.9813353765e+01    3.0856630000e+20    2.5846109434e-05    0.0000000000e+00    1.0000000000e+00    0.0000000000e+00
   -1.2394144966e+07    2.0588483229e+07    3.4585857330e+06    3.0378210668e+03    4.5631540773e+03    1.3306966411e+02    3.0672580000e+20    2.5691945598e-05    0.0000000000e+00    1.0000000000e+00    0.0000000000e+00
   -1.3353025882e+07    2.0765407109e+07   -1.7991946596e+06    2.5663891763e+03    5.3259938876e+03    4.2957850150e+02    3.0672580000e+20    2.5691945598e-05    0.0000000000e+00    1.0000000000e+00    0.0000000000e+00
   -3.0215096551e+07   -1.3360698703e+07    1.7990901597e+06   -4.4801898538e+03    3.6139240205e+03   -2.4570070328e+02    3.0488840000e+20    2.5538041424e-05    0.0000000000e+00    1.0000000000e+00    0.0000000000e+00
   -3.1410093312e+07   -9.1611837053e+06    2.6475522324e+06   -4.1634168007e+03    4.2059712747e+03    2.8928375173e+02    3.0488840000e+20    2.5538041424e-05    0.0000000000e+00    1.0000000000e+00    0.0000000000e+00
   -1.3318038266e+07    2.1711072160e+07    3.5308541657e+06    3.1634790836e+03    3.7802145777e+03    3.6139540853e+01    3.0122240000e+20    2.5230970182e-05    0.0000000000e+00    1.0000000000e+00    0.0000000000e+00
   -3.2330116616e+07    5.7515060796e+06    1.1322908689e+06   -3.1790770125e+03    6.3838074001e+03   -1.9322376586e+02    3.0122240000e+20    2.5230970182e-05    0.0000000000e+00    1.0000000000e+00    0.0000000000e+00
   -3.2700590606e+07   -1.0616025982e+07    3.0213051234e+06   -4.5928800030e+03    4.0159404238e+03   -4.3284969130e+01    2.9939350000e+20    2.5077777984e-05    0.0000000000e+00    1.0000000000e+00    0.0000000000e+00
   -3.2576154566e+07   -1.3736954029e+07    3.6623740766e+05   -4.7709769614e+03    3.4680902798e+03   -2.2098161247e+01    2.9848010000e+20    2.5001269836e-05    0.0000000000e+00    1.0000000000e+00    0.0000000000e+00
   -2.8508318438e+07   -2.0215290013e+07   -8.1045017298e+05   -4.8797613992e+03    2.5905611705e+03    1.5376657949e+02    2.9210230000e+20    2.4467052986e-05    0.0000000000e+00    1.0000000000e+00    0.0000000000e+00
   -1.9535097916e+07    1.8490381657e+07    2.4361492503e+06    8.4350860117e+02    6.6281917106e+03   -5.8566144606e+01    2.9119340000e+20    2.4390921766e-05    0.0000000000e+00    1.0000000000e+00    0.0000000000e+00
   -2.8096220082e+07   -2.2385626538e+07    6.4945572507e+05   -5.0504317977e+03    2.1955468500e+03   -1.1083691007e+02    2.9028490000e+20    2.4314824051e-05    0.0000000000e+00    1.0000000000e+00    0.0000000000e+00
   -2.9920387870e+07    1.0325533165e+07   -1.0354210181e+06   -2.7125476519e+03    7.3066857759e+03   -9.9472146754e+01    2.9028490000e+20    2.4314824051e-05    0.0000000000e+00    1.0000000000e+00    0.0000000000e+00
   -2.4277464885e+07   -2.7812289372e+07    6.4385881675e+05   -5.0174540453e+03    1.4926362243e+03    3.7155074894e+01    2.9028490000e+20    2.4314824051e-05    0.0000000000e+00    1.0000000000e+00    0.0000000000e+00
   -2.7504294575e+07   -1.7738999523e+07    8.3741113885e+05   -4.5707284405e+03    2.9957111784e+03    3.5090726101e+02    2.9028490000e+20    2.4314824051e-05    0.0000000000e+00    1.0000000000e+00    0.0000000000e+00
   -3.2811252806e+07    4.1893845059e+06    1.6670322693e+05   -3.4893300476e+03    5.9751878297e+03    6.1729625351e+01    2.8937690000e+20    2.4238768216e-05    0.0000000000e+00    1.0000000000e+00    0.0000000000e+00
   -8.9452754088e+06    1.9044729617e+07   -4.0138586759e+06    4.2543606667e+03    2.2715668218e+03    4.1888111103e+02    2.8665560000e+20    2.4010826871e-05    0.0000000000e+00    1.0000000000e+00    0.0000000000e+00
   -3.3954253816e+07    4.1457453295e+06   -1.0335716720e+06   -3.7459824401e+03    6.0900431003e+03    3.6103876839e+02    2.8465270000e+20    2.3843060097e-05    0.0000000000e+00    1.0000000000e+00    0.0000000000e+00
   -1.2958358373e+07    1.4572255486e+07    3.4289848336e+06    3.7012872372e+03    2.9334724533e+03   -7.9269124439e+02    2.8372480000e+20    2.3765337401e-05    0.0000000000e+00    1.0000000000e+00    0.0000000000e+00
   -1.3009682145e+07    1.8071230415e+07    2.4689588082e+05    2.5478591775e+03    6.1470390519e+03   -3.9664962376e+02    2.8279890000e+20    2.3687782228e-05    0.0000000000e+00    1.0000000000e+00    0.0000000000e+00
   -3.5608433171e+07   -7.6165504004e+06    2.8389944475e+05   -4.5134271987e+03    3.9842964707e+03    1.5212129643e+02    2.8187510000e+20    2.3610402955e-05    0.0000000000e+00    1.0000000000e+00    0.0000000000e+00
   -3.4113790517e+07   -4.7277754468e+06    2.7606003308e+06   -4.4586604634e+03    4.4957300680e+03    6.7584982430e+02    2.7728410000e+20    2.3225851925e-05    0.0000000000e+00    1.0000000000e+00    0.0000000000e+00
   -3.0460701661e+07   -6.7805620000e+06   -1.9517077685e+06   -3.9948851496e+03    4.4387128299e+03   -4.5389792060e+00    2.7670400000e+20    2.3177261629e-05    0.0000000000e+00    1.0000000000e+00    0.0000000000e+00
   -2.8953907495e+07   -1.3648231260e+07   -3.0411462619e+06   -4.8371346039e+03    2.9833653189e+03   -3.2638347033e+02    2.7399490000e+20    2.2950342179e-05    0.0000000000e+00    1.0000000000e+00    0.0000000000e+00
   -3.6121820164e+07    3.2878904326e+06   -1.2145970806e+06   -3.9929725268e+03    5.6438475950e+03    1.3047099190e+01    2.7364340000e+20    2.2920899860e-05    0.0000000000e+00    1.0000000000e+00    0.0000000000e+00
   -9.9274335554e+06    1.6411604578e+07   -3.4727487923e+06    3.8238415023e+03    1.8969764573e+03    5.0990015299e+02    2.7218960000e+20    2.2799126763e-05    0.0000000000e+00    1.0000000000e+00    0.0000000000e+00
   -3.0199062975e+07    6.5367265978e+06    2.7011583384e+06   -2.4830661361e+03    6.5541159368e+03    2.4869719275e+01    2.7218960000e+20    2.2799126763e-05    0.0000000000e+00    1.0000000000e+00    0.0000000000e+00
   -2.6469974083e+07   -1.1689153980e+07   -1.5728923247e+06   -3.6518992716e+03    3.9567074065e+03   -4.4140775216e+02    2.7218960000e+20    2.2799126763e-05    0.0000000000e+00    1.0000000000e+00    0.0000000000e+00
   -1.4184054741e+07   -2.1397078664e+07    2.6549933985e+06   -4.5183123960e+03    2.9271293143e+03    5.0774170028e+02    2.7183300000e+20    2.2769257258e-05    0.0000000000e+00    1.0000000000e+00    0.0000000000e+00
   -2.7933074759e+07   -1.6143611368e+07   -1.3045431962e+06   -4.4768184135e+03    3.1729168383e+03   -2.0741781520e+02    2.7128700000e+20    2.2723523243e-05    0.0000000000e+00    1.0000000000e+00    0.0000000000e+00
   -4.7674685192e+06    1.4996142859e+07   -6.4229268559e+05    5.7597737924e+03    2.7098507873e+03    6.5062069151e+01    2.7128700000e+20    2.2723523243e-05    0.0000000000e+00    1.0000000000e+00    0.0000000000e+00
   -1.0990492033e+07    1.8147291947e+07    3.4960864027e+06    3.5258556581e+03    3.1340220781e+03   -4.7488265284e+02    2.7002900000e+20    2.2618150733e-05    0.0000000000e+00    1.0000000000e+00    0.0000000000e+00
   -1.5082431262e+07    1.6173459499e+07    3.7365909013e+06    2.7586653601e+03    2.7426097296e+03   -5.9196624005e+02    2.6857980000e+20    2.2496762941e-05    0.0000000000e+00    1.0000000000e+00    0.0000000000e+00
   -3.1977217008e+07    2.5402027819e+06    1.1130828481e+06   -3.3858856398e+03    5.7123587372e+03   -2.3385932934e+02    2.6857980000e+20    2.2496762941e-05    0.0000000000e+00    1.0000000000e+00    0.0000000000e+00
   -2.9838559319e+07    4.3829507062e+06    6.6989853601e+05   -2.8739956152e+03    5.5746103673e+03   -4.7112176578e+01    2.6823100000e+20    2.2467546779e-05    0.0000000000e+00    1.0000000000e+00    0.0000000000e+00
   -3.6679386514e+07   -7.3001928687e+06   -1.3926443772e+06   -4.7577540604e+03    4.1224665823e+03    3.6014646276e+02    2.6823100000e+20    2.2467546779e-05    0.0000000000e+00    1.0000000000e+00    0.0000000000e+00
   -1.1008345444e+07    2.0293524315e+07    5.6319521299e+06    3.4358879548e+03    3.3163345736e+03    1.9125598461e+02    2.6767740000e+20    2.2421176173e-05    0.0000000000e+00    1.0000000000e+00    0.0000000000e+00
   -1.0412649684e+07    1.6173460895e+07   -2.2574659448e+06    4.3015188394e+03    2.2194165881e+03    1.0480677534e+03    2.6767740000e+20    2.2421176173e-05    0.0000000000e+00    1.0000000000e+00    0.0000000000e+00
   -5.3765955205e+06    2.2454622598e+07   -2.1568672163e+06    4.3712855796e+03    2.5200301037e+03   -6.5394126100e+01    2.6677500000e+20    2.2345589406e-05    0.0000000000e+00    1.0000000000e+00    0.0000000000e+00
   -2.5431959440e+07    1.2244662375e+07   -1.1789851548e+06   -1.5624855135e+03    7.3769829773e+03    9.2006785539e+01    2.6587250000e+20    2.2269994262e-05    0.0000000000e+00    1.0000000000e+00    0.0000000000e+00
   -2.6088399311e+07   -2.3960399557e+07   -1.9544380401e+06   -5.1363557415e+03    1.8772698613e+03    9.9186015162e+01    2.6554470000e+20    2.2242537101e-05    0.0000000000e+00    1.0000000000e+00    0.0000000000e+00
   -3.0774159587e+07   -2.4743407849e+06   -5.6675702623e+05   -3.7868754914e+03    5.1341402499e+03    2.6123665347e+02    2.6465200000e+20    2.2167762824e-05    0.0000000000e+00    1.0000000000e+00    0.0000000000e+00
   -2.6675605206e+07    6.9075374352e+06   -9.0553854513e+05   -1.9110087307e+03    6.2594040702e+03   -3.2616529096e+02    2.6316470000e+20    2.2043183703e-05    0.0000000000e+00    1.0000000000e+00    0.0000000000e+00
    5.9878252832e+07   -1.8219660921e+07   -2.9176897460e+07    2.4396753198e+03   -3.2783212258e+03   -5.3288526036e+02    2.6316470000e+20    2.2043183703e-05    0.0000000000e+00    1.0000000000e+00    0.0000000000e+00
   -1.3330988767e+07    1.9338248672e+07    5.0453475763e+06    2.8380412319e+03    3.8542161138e+03    5.1287853301e+00    2.6316470000e+20    2.2043183703e-05    0.0000000000e+00    1.0000000000e+00    0.0000000000e+00
   -3.6909288787e+07    2.8757409441e+05   -1.6814520775e+06   -4.5709552271e+03    5.5232320064e+03   -6.4296002618e+02    2.6287060000e+20    2.2018549319e-05    0.0000000000e+00    1.0000000000e+00    0.0000000000e+00
    1.5851316663e+07    5.1973281590e+06    2.1039575662e+06    3.0943355988e+03   -5.6550690966e+03   -4.1318492247e+02    2.6135890000e+20    2.1891926406e-05    0.0000000000e+00    1.0000000000e+00    0.0000000000e+00
   -2.1428722452e+07   -7.3084180681e+06   -9.4322399869e+04   -2.8285383093e+03    5.2680459189e+03    1.2926759862e+02    2.6109420000e+20    2.1869754623e-05    0.0000000000e+00    1.0000000000e+00    0.0000000000e+00
   -3.0956473381e+07   -5.1988837566e+06   -2.6455955130e+05   -3.7312628311e+03    4.6514857045e+03    3.7234966316e+02    2.5955230000e+20    2.1740602100e-05    0.0000000000e+00    1.0000000000e+00    0.0000000000e+00
   -2.9707694272e+07   -9.2363021493e+06   -3.0680147401e+05   -3.8707301700e+03    4.2025218622e+03    3.2846045589e+01    2.5774490000e+20    2.1589210784e-05    0.0000000000e+00    1.0000000000e+00    0.0000000000e+00
   -2.4308657727e+07   -2.1083960140e+07   -6.2195358419e+05   -4.7564591069e+03    2.4496029117e+03   -6.5375981368e+01    2.5755550000e+20    2.1573346274e-05    0.0000000000e+00    1.0000000000e+00    0.0000000000e+00
   -1.4585738090e+07    2.1467306499e+07    3.2313186351e+06    1.8277516000e+03    4.4067435446e+03    9.0351888189e+02    2.5755550000e+20    2.1573346274e-05    0.0000000000e+00    1.0000000000e+00    0.0000000000e+00
   -3.2990815595e+07   -8.4176180589e+06    2.6772645055e+06   -4.1844431795e+03    4.0705454825e+03    2.4007722103e+02    2.5593640000e+20    2.1437727330e-05    0.0000000000e+00    1.0000000000e+00    0.0000000000e+00
   -2.7121838523e+07    5.1233560499e+06    4.5591657937e+04   -2.3601929020e+03    6.0096385476e+03    3.3219966091e+02    2.5593640000e+20    2.1437727330e-05    0.0000000000e+00    1.0000000000e+00    0.0000000000e+00
   -1.6405724674e+07    2.2113392049e+07   -2.4741999970e+06    1.5700697780e+03    4.6736175170e+03   -5.5149742822e+02    2.5579260000e+20    2.1425682364e-05    0.0000000000e+00    1.0000000000e+00    0.0000000000e+00
    8.5810744418e+07    2.7043358834e+07    2.0781371666e+07    5.1680025744e+03   -7.3217691643e+02    9.1291396178e+02    2.5491270000e+20    2.1351980240e-05    0.0000000000e+00    1.0000000000e+00    0.0000000000e+00
   -1.5253301531e+07    1.9388350453e+07   -6.3351816297e+06    2.3612779824e+03    4.3465814678e+03   -5.2450831270e+02    2.5412650000e+20    2.1286126609e-05    0.0000000000e+00    1.0000000000e+00    0.0000000000e+00
   -2.4924428495e+07   -3.0849831446e+07   -6.8972126872e+05   -5.2315221547e+03    8.7801362425e+02    1.5000284334e+02    2.5412650000e+20    2.1286126609e-05    0.0000000000e+00    1.0000000000e+00    0.0000000000e+00
   -1.2935735122e+07    1.9265253335e+07    3.4618590464e+06    3.4646733406e+03    4.1082706316e+03   -4.6153767003e+02    2.5231520000e+20    2.1134408622e-05    0.0000000000e+00    1.0000000000e+00    0.0000000000e+00
   -3.2981073679e+06    1.6225253078e+07    4.4823571700e+06    5.3388094850e+03    3.8642472477e+02   -1.5095264452e+03    2.5231520000e+20    2.1134408622e-05    0.0000000000e+00    1.0000000000e+00    0.0000000000e+00
   -4.8760578283e+06    1.4082343977e+07   -4.4842250631e+06    5.5801747606e+03    7.9564560782e+02    1.7682162390e+03    2.5227870000e+20    2.1131351311e-05    0.0000000000e+00    1.0000000000e+00    0.0000000000e+00
   -1.1206422984e+07    1.3626124174e+07   -4.1430121603e+06    4.1424663076e+03    1.5945847880e+03    9.9510531913e+02    2.5227870000e+20    2.1131351311e-05    0.0000000000e+00    1.0000000000e+00    0.0000000000e+00
   -2.6798478215e+07    1.0765623211e+07    5.0005782752e+05   -1.9823982221e+03    7.3257301498e+03    4.0807630344e+00    2.5052710000e+20    2.0984633911e-05    0.0000000000e+00    1.0000000000e+00    0.0000000000e+00
   -4.8796967414e+06    2.3395020424e+07    2.5369457857e+06    4.6822099883e+03    2.8100294090e+03    1.9849952773e+02    2.5050210000e+20    2.0982539863e-05    0.0000000000e+00    1.0000000000e+00    0.0000000000e+00
   -1.7592772668e+06    8.8452438963e+06    7.1746751165e+06    5.8162007991e+03    3.5436805293e+03   -3.2202237418e+03    2.4868710000e+20    2.0830511956e-05    0.0000000000e+00    1.0000000000e+00    0.0000000000e+00
   -1.9134554724e+07   -2.3647275886e+07    1.7708468966e+06   -4.8521844313e+03    2.1416301917e+03    1.4893089500e+01    2.4868710000e+20    2.0830511956e-05    0.0000000000e+00    1.0000000000e+00    0.0000000000e+00
    4.2536434233e+07    4.5781081830e+07    1.3883068382e+07    3.3434034666e+03   -3.0423907110e+02    1.8487420136e+03    2.4777880000e+20    2.0754430993e-05    0.0000000000e+00    1.0000000000e+00    0.0000000000e+00
    3.8079867879e+07   -7.7144477973e+06    2.0433188225e+07    4.7495764634e+01   -3.4280461966e+03    1.7949109181e+02    2.4703350000e+20    2.0692003226e-05    0.0000000000e+00    1.0000000000e+00    0.0000000000e+00
   -2.5123321020e+07    9.0194439904e+06    6.0415309252e+05   -1.8317546623e+03    6.6075100291e+03    2.8906142436e+02    2.4703350000e+20    2.0692003226e-05    0.0000000000e+00    1.0000000000e+00    0.0000000000e+00
    5.9198265269e+07   -1.2410006437e+06   -2.6324418027e+07    2.5732937540e+03   -2.7608202792e+03   -7.8141571784e+02    2.4703350000e+20    2.0692003226e-05    0.0000000000e+00    1.0000000000e+00    0.0000000000e+00
   -6.2583894479e+06    1.5367461663e+07    6.1131830767e+06    5.0894935588e+03    1.5997517051e+03   -1.2666149749e+03    2.4686990000e+20    2.0678299773e-05    0.0000000000e+00    1.0000000000e+00    0.0000000000e+00
   -3.0713097935e+07   -1.8733819635e+06    9.4773487985e+05   -3.5758337965e+03    5.0418779710e+03    2.6406731109e+02    2.4686990000e+20    2.0678299773e-05    0.0000000000e+00    1.0000000000e+00    0.0000000000e+00
    2.1066736674e+06    1.5000808028e+07   -2.7016001303e+06    6.1440597153e+03   -1.5276579332e+03    2.1572027051e+03    2.4686990000e+20    2.0678299773e-05    0.0000000000e+00    1.0000000000e+00    0.0000000000e+00
   -2.6878119546e+07   -2.0639102366e+06   -1.5391358112e+06   -2.7860633339e+03    5.5812147101e+03   -2.1444191653e+01    2.4686990000e+20    2.0678299773e-05    0.0000000000e+00    1.0000000000e+00    0.0000000000e+00
   -3.8081939030e+06    1.1952893317e+07   -5.5341490301e+06    8.3316995555e+03    1.1095002231e+03    4.0432024501e+03    2.4529100000e+20    2.0546048059e-05    0.0000000000e+00    1.0000000000e+00    0.0000000000e+00
   -5.3505085721e+06    1.3111058803e+07   -2.7812699176e+06    5.8222937550e+03    1.5930741200e+02    1.7235636296e+03    2.4505030000e+20    2.0525886562e-05    0.0000000000e+00    1.0000000000e+00    0.0000000000e+00
   -3.3315351248e+07    1.1381600619e+06   -5.6564609159e+05   -4.0246756663e+03    5.5648221084e+03   -2.4883708042e+02    2.4505030000e+20    2.0525886562e-05    0.0000000000e+00    1.0000000000e+00    0.0000000000e+00
   -1.7775774210e+06    1.6673990644e+07    3.9324433350e+06    6.1099631335e+03    1.7326130008e+02   -1.2888029813e+03    2.4505030000e+20    2.0525886562e-05    0.0000000000e+00    1.0000000000e+00    0.0000000000e+00
   -3.5788343446e+07   -9.9227530920e+06    1.6950408946e+06   -4.4913128931e+03    3.8407476535e+03    3.1148449122e+02    2.4505030000e+20    2.0525886562e-05    0.0000000000e+00    1.0000000000e+00    0.0000000000e+00
   -3.0209898043e+07   -1.8548196804e+07    1.8215824520e+06   -5.0617854262e+03    2.9406029751e+03   -6.2130594132e+01    2.4505030000e+20    2.0525886562e-05    0.0000000000e+00    1.0000000000e+00    0.0000000000e+00
   -2.1579994313e+07    1.9554006846e+07   -3.3247381584e+06    9.2450246256e+02    5.4091171192e+03   -1.2904226090e+03    2.4442070000e+20    2.0473150050e-05    0.0000000000e+00    1.0000000000e+00    0.0000000000e+00
   -7.9559776939e+06    1.7235061233e+07    4.4974230755e+06    4.6776398044e+03    2.0839208166e+03   -5.9247406001e+02    2.4181310000e+20    2.0254732436e-05    0.0000000000e+00    1.0000000000e+00    0.0000000000e+00
    5.4024614572e+07   -5.0307289976e+06    2.1283615584e+07    2.0608427069e+03   -2.9564768070e+03   -4.6242173390e+02    2.4181310000e+20    2.0254732436e-05    0.0000000000e+00    1.0000000000e+00    0.0000000000e+00
   -1.0903145056e+07    1.6549410221e+07    3.2492224838e+06    3.6040818534e+03    2.9407446494e+03   -1.1416157132e+03    2.4181310000e+20    2.0254732436e-05    0.0000000000e+00    1.0000000000e+00    0.0000000000e+00
   -3.2356200444e+07   -1.3887127491e+07    3.3525074440e+06   -5.2365598807e+03    3.0212676504e+03   -1.9822078955e+02    2.4140290000e+20    2.0220373291e-05    0.0000000000e+00    1.0000000000e+00    0.0000000000e+00
   -3.0408583670e+07    9.9752652616e+06    1.3225888376e+06   -1.9034954272e+03    6.6537930558e+03   -5.8102163163e+02    2.4140290000e+20    2.0220373291e-05    0.0000000000e+00    1.0000000000e+00    0.0000000000e+00
   -1.5327787879e+07    2.0767454816e+07    4.5146317039e+06    2.3182686582e+03    4.0147087803e+03    4.1756639814e+01    2.4140290000e+20    2.0220373291e-05    0.0000000000e+00    1.0000000000e+00    0.0000000000e+00
   -9.2098735224e+06    1.8748068882e+07    1.9385571778e+06    4.0259688156e+03    4.9491140760e+03    1.2893753410e+01    2.4140290000e+20    2.0220373291e-05    0.0000000000e+00    1.0000000000e+00    0.0000000000e+00
   -2.2430397352e+07   -3.7706976533e+06   -2.6452179249e+06   -2.0034779973e+03    4.9060281788e+03   -4.5891933498e+02    2.4140290000e+20    2.0220373291e-05    0.0000000000e+00    1.0000000000e+00    0.0000000000e+00
   -2.5645791748e+07   -2.2199067999e+07    2.7282727437e+06   -4.9559044643e+03    2.3160334260e+03    3.6325172875e+00    2.4140290000e+20    2.0220373291e-05    0.0000000000e+00    1.0000000000e+00    0.0000000000e+00
   -1.6220046325e+07   -2.7331559260e+07   -1.9791671872e+06   -4.7632771684e+03    1.8278567074e+03    7.4611239587e+01    2.4140290000e+20    2.0220373291e-05    0.0000000000e+00    1.0000000000e+00    0.0000000000e+00
    3.6698706545e+07   -6.5211860549e+07   -1.2632820464e+07    3.3355518133e+02   -4.9721498231e+03   -2.1593225694e+03    2.4007720000e+20    2.0109330098e-05    0.0000000000e+00    1.0000000000e+00    0.0000000000e+00
    5.4249193120e+07    3.5648106515e+06    2.5056031964e+07    2.0563083648e+03   -2.2330110499e+03    1.8306820164e+03    2.3957450000e+20    2.0067222975e-05    0.0000000000e+00    1.0000000000e+00    0.0000000000e+00
   -3.1245727112e+07    9.7544356772e+05   -2.6237493892e+05   -3.4025142795e+03    5.5016021534e+03   -3.1979790604e+02    2.3957450000e+20    2.0067222975e-05    0.0000000000e+00    1.0000000000e+00    0.0000000000e+00
   -9.6589901496e+06    1.5363745950e+07    6.3348536745e+06    4.4054356893e+03    2.3129182013e+03   -1.9858958928e+02    2.3865910000e+20    1.9990547302e-05    0.0000000000e+00    1.0000000000e+00    0.0000000000e+00
   -5.3672852041e+06    1.6696092874e+07   -3.3463730552e+06    5.3854373232e+03    1.4546574358e+03    1.2600138490e+03    2.3865910000e+20    1.9990547302e-05    0.0000000000e+00    1.0000000000e+00    0.0000000000e+00
    5.9209487071e+07    6.0338271799e+07   -1.1763946233e+07    4.3065539327e+03    1.4086908752e+03   -1.3570219293e+03    2.3834310000e+20    1.9964078532e-05    0.0000000000e+00    1.0000000000e+00    0.0000000000e+00
   -1.8610473192e+07    2.0791393752e+07    2.7869576967e+06    1.6749125320e+03    6.8551925560e+03   -3.3631841907e+01    2.3682540000e+20    1.9836953048e-05    0.0000000000e+00    1.0000000000e+00    0.0000000000e+00
   -8.4761878549e+06   -3.0064081140e+07    1.3813623239e+06   -4.3421140546e+03    1.1294017130e+03    7.4104620468e+01    2.3682540000e+20    1.9836953048e-05    0.0000000000e+00    1.0000000000e+00    0.0000000000e+00
   -3.5601331965e+07   -4.7056418247e+06   -9.6920116903e+04   -4.4945658935e+03    4.9647909932e+03   -3.3298204398e+02    2.3590720000e+20    1.9760042842e-05    0.0000000000e+00    1.0000000000e+00    0.0000000000e+00
    4.3430322270e+07   -2.2708140475e+07    2.7025025660e+06    4.6319067589e+01   -3.3744905830e+03    1.7749842713e+03    2.3590720000e+20    1.9760042842e-05    0.0000000000e+00    1.0000000000e+00    0.0000000000e+00
   -8.9906839059e+06   -2.6417698775e+07    2.1774216001e+05   -4.7579235501e+03    1.7568700036e+03    6.2477103828e+01    2.3590720000e+20    1.9760042842e-05    0.0000000000e+00    1.0000000000e+00    0.0000000000e+00
   -4.5555184610e+06    2.0731036652e+07   -2.9623671635e+06    4.5949237817e+03    1.8235899732e+03    5.9881229296e+02    2.3590720000e+20    1.9760042842e-05    0.0000000000e+00    1.0000000000e+00    0.0000000000e+00
   -2.0779562588e+07    5.8100130228e+06   -1.8012031160e+06   -8.2071979377e+01    5.9847525698e+03   -1.1093855604e+03    2.3590720000e+20    1.9760042842e-05    0.0000000000e+00    1.0000000000e+00    0.0000000000e+00
   -6.7474080098e+07   -5.6459668920e+07    6.4423425831e+06   -7.9402215220e+02    4.8542983724e+02    5.8007059859e+02    2.3487870000e+20    1.9673893695e-05    0.0000000000e+00    1.0000000000e+00    0.0000000000e+00
   -2.9821765827e+07   -9.0691150457e+06    1.0022355702e+06   -3.8151944746e+03    4.0386915394e+03   -5.0509825761e+02    2.3406760000e+20    1.9605954392e-05    0.0000000000e+00    1.0000000000e+00    0.0000000000e+00
    4.3988437068e+07   -3.0262945316e+07    2.8932110819e+07    8.8085820682e+02   -3.3497896922e+03    1.5482638183e+03    2.3314620000e+20    1.9528776147e-05    0.0000000000e+00    1.0000000000e+00    0.0000000000e+00
   -8.7167580231e+06   -3.2233182681e+07   -4.7546323223e+06   -3.9243864727e+03    2.9615719837e+02    6.7500801360e+02    2.3228290000e+20    1.9456464472e-05    0.0000000000e+00    1.0000000000e+00    0.0000000000e+00
    1.7109790832e+07   -2.5969694122e+07   -3.3215212793e+07   -1.8422392352e+03   -9.4764121296e+02   -3.5014553889e+03    2.3228290000e+20    1.9456464472e-05    0.0000000000e+00    1.0000000000e+00    0.0000000000e+00
    3.8898146240e+07    5.7821963267e+07    1.7255267571e+07    3.4364654816e+03    7.1856235175e+02    1.5529465349e+03    2.3228290000e+20    1.9456464472e-05    0.0000000000e+00    1.0000000000e+00    0.0000000000e+00
    2.5267236203e+07   -1.4188408421e+07   -2.1728246189e+07   -1.8025970636e+03   -3.0585170303e+03   -8.5700983477e+02    2.3222370000e+20    1.9451505765e-05    0.0000000000e+00    1.0000000000e+00    0.0000000000e+00
   -3.0065796547e+07   -1.8362944758e+07   -6.9344352658e+04   -4.5852560838e+03    3.1274658778e+03   -4.0694396714e+01    2.3222370000e+20    1.9451505765e-05    0.0000000000e+00    1.0000000000e+00    0.0000000000e+00
   -3.0209111528e+07   -4.0121369484e+05   -5.2194369824e+05   -3.3521523376e+03    5.1970718541e+03    2.0861075913e+02    2.3222370000e+20    1.9451505765e-05    0.0000000000e+00    1.0000000000e+00    0.0000000000e+00
   -3.3410193625e+07    1.7933988239e+05    2.7688719003e+06   -3.6463761573e+03    5.2424531827e+03    2.9668171279e+02    2.3141790000e+20    1.9384010400e-05    0.0000000000e+00    1.0000000000e+00    0.0000000000e+00
    2.6946922267e+07   -1.8669680959e+07   -7.8445482799e+06   -2.2512657414e+03   -2.6103521163e+03   -2.8707438097e+03    2.3055290000e+20    1.9311556329e-05    0.0000000000e+00    1.0000000000e+00    0.0000000000e+00
   -1.7977902202e+07    1.9725234723e+07    4.3681734879e+06    1.8734192022e+03    4.5153909269e+03    4.9006758119e+02    2.3037520000e+20    1.9296671834e-05    0.0000000000e+00    1.0000000000e+00    0.0000000000e+00
   -2.9915281719e+07    2.2585924085e+06   -6.9704369307e+05   -3.3812124386e+03    5.7518363063e+03   -3.3286202157e+02    2.3037520000e+20    1.9296671834e-05    0.0000000000e+00    1.0000000000e+00    0.0000000000e+00
   -1.2128654733e+07   -3.0089516531e+07   -6.6090973819e+05   -4.6192680223e+03    1.1753797180e+03   -1.6061646568e+02    2.3037520000e+20    1.9296671834e-05    0.0000000000e+00    1.0000000000e+00    0.0000000000e+00
   -2.9760341557e+07   -3.0479213177e+07   -1.0650235173e+06   -5.7513192278e+03    5.1793602473e+02   -1.1891874411e+02    2.2852160000e+20    1.9141410717e-05    0.0000000000e+00    1.0000000000e+00    0.0000000000e+00
    7.7145389183e+07    9.4923095403e+05   -3.8098627247e+07    4.2333597075e+03   -2.1678157052e+03   -1.8193234928e+03    2.2852160000e+20    1.9141410717e-05    0.0000000000e+00    1.0000000000e+00    0.0000000000e+00
   -3.1341452537e+07    8.3787830904e+06   -5.9968651211e+05   -2.3152017375e+03    6.6599491416e+03    5.2496379299e+01    2.2852160000e+20    1.9141410717e-05    0.0000000000e+00    1.0000000000e+00    0.0000000000e+00
   -3.1155430784e+07   -9.8307616373e+06   -2.1045089762e+06   -4.3803051216e+03    4.0401874530e+03   -2.2720957180e+01    2.2852160000e+20    1.9141410717e-05    0.0000000000e+00    1.0000000000e+00    0.0000000000e+00
   -1.0195826236e+07    1.6551608932e+07   -6.4176595959e+06    3.7835207075e+03    2.3761619076e+03    8.3348763068e+01    2.2852160000e+20    1.9141410717e-05    0.0000000000e+00    1.0000000000e+00    0.0000000000e+00
   -1.5496868892e+07   -2.8071293098e+07    1.9228754285e+06   -4.5864163359e+03    1.5974317002e+03    2.0177486778e+02    2.2852160000e+20    1.9141410717e-05    0.0000000000e+00    1.0000000000e+00    0.0000000000e+00
   -1.9458820296e+07    1.3891814954e+07   -3.3906379679e+06    1.8409059817e+03    2.7480674496e+03    3.1834841795e+01    2.2795810000e+20    1.9094210868e-05    0.0000000000e+00    1.0000000000e+00    0.0000000000e+00
   -3.5190565387e+07   -1.3264660954e+07    1.7923251426e+06   -5.1668104322e+03    3.4588168493e+03    1.3489013255e+02    2.2759290000e+20    1.9063621011e-05    0.0000000000e+00    1.0000000000e+00    0.0000000000e+00
   -2.9631286034e+07    5.1568024918e+06   -4.8704276018e+05   -2.5842781679e+03    6.2562517260e+03   -5.3362172275e+02    2.2759290000e+20    1.9063621011e-05    0.0000000000e+00    1.0000000000e+00    0.0000000000e+00
   -9.2444971258e+06   -3.3383666661e+07    1.0390682382e+06   -4.5455244903e+03    4.9225256828e+02    2.2140698193e+02    2.2666270000e+20    1.8985705661e-05    0.0000000000e+00    1.0000000000e+00    0.0000000000e+00
   -1.2131723270e+07   -2.7338467088e+07   -2.9323325955e+06   -4.4572069312e+03    1.8997038345e+03   -9.5743076352e+01    2.2622800000e+20    1.8949294350e-05    0.0000000000e+00    1.0000000000e+00    0.0000000000e+00
   -2.1222934371e+07   -1.8879640479e+07    1.4470068899e+06   -4.1865696460e+03    3.1757674121e+03    1.1815459751e+02    2.2622800000e+20    1.8949294350e-05    0.0000000000e+00    1.0000000000e+00    0.0000000000e+00
   -1.3388242041e+07    1.5907311294e+07   -2.2288321380e+06    3.2882615761e+03    3.1454644689e+03    6.0992156757e+02    2.2622800000e+20    1.8949294350e-05    0.0000000000e+00    1.0000000000e+00    0.0000000000e+00
   -7.5529469426e+06    1.7169873055e+07    1.0829774292e+06    4.0787324855e+03    4.1494343976e+03   -6.1117165668e+01    2.2573110000e+20    1.8907673046e-05    0.0000000000e+00    1.0000000000e+00    0.0000000000e+00
   -2.9295771626e+07    1.4058784667e+07    1.9113138782e+06   -1.4156531785e+03    6.8441182505e+03    5.8583897878e+02    2.2573110000e+20    1.8907673046e-05    0.0000000000e+00    1.0000000000e+00    0.0000000000e+00
   -3.3567001268e+07   -9.5479235949e+06   -1.0767946814e+05   -4.3866574480e+03    4.2198766048e+03   -2.7088729271e+02    2.2573110000e+20    1.8907673046e-05    0.0000000000e+00    1.0000000000e+00    0.0000000000e+00
   -1.5342475013e+07    1.8837486727e+07   -2.8735517608e+06    2.3479164544e+03    5.1085422129e+03   -3.6643853525e+02    2.2573110000e+20    1.8907673046e-05    0.0000000000e+00    1.0000000000e+00    0.0000000000e+00
   -3.0081584642e+07   -2.0237064697e+07    8.4206347168e+05   -4.9178205698e+03    2.5007007024e+03   -5.9213881143e+01    2.2479810000e+20    1.8829523163e-05    0.0000000000e+00    1.0000000000e+00    0.0000000000e+00
   -1.9446016222e+07   -2.7146141786e+07    1.2899050317e+06   -4.8606174301e+03    1.4035539104e+03    1.9107095645e+02    2.2479810000e+20    1.8829523163e-05    0.0000000000e+00    1.0000000000e+00    0.0000000000e+00
   -2.3227638904e+07   -2.4350150956e+07   -6.4625043641e+05   -4.7980879650e+03    2.0761021314e+03    1.4727900481e+01    2.2479810000e+20    1.8829523163e-05    0.0000000000e+00    1.0000000000e+00    0.0000000000e+00
   -2.5559118226e+07   -1.3936725924e+07    5.5612804099e+06   -4.1998519055e+03    3.3957508525e+03   -3.5835205813e+02    2.2479810000e+20    1.8829523163e-05    0.0000000000e+00    1.0000000000e+00    0.0000000000e+00
   -2.1145502362e+06    1.9518099890e+07   -2.5527476203e+06    4.9669292844e+03    6.4326281186e+02    7.9740374726e+02    2.2479810000e+20    1.8829523163e-05    0.0000000000e+00    1.0000000000e+00    0.0000000000e+00
    5.1237077422e+07    6.7174811622e+07   -7.5376137276e+06    4.1372366877e+03    1.7222421432e+03   -1.1809873647e+03    2.2479810000e+20    1.8829523163e-05    0.0000000000e+00    1.0000000000e+00    0.0000000000e+00
    1.7264136185e+07   -8.0735504732e+06    1.7723128894e+07   -2.9903813878e+03   -4.4366682575e+03    6.1762094276e+02    2.2363140000e+20    1.8731798117e-05    0.0000000000e+00    1.0000000000e+00    0.0000000000e+00
   -9.1720465365e+06    1.3240159380e+07   -1.6236325770e+05    4.2308281581e+03    1.9862558771e+03    1.6435606004e+03    2.2276540000e+20    1.8659260284e-05    0.0000000000e+00    1.0000000000e+00    0.0000000000e+00
   -3.1542430712e+07   -1.3682830184e+06   -2.5717803729e+05   -3.3282824290e+03    4.8604797781e+03   -2.2644057747e+02    2.2105010000e+20    1.8515583442e-05    0.0000000000e+00    1.0000000000e+00    0.0000000000e+00
   -2.9862486999e+07   -1.7443818506e+07   -5.5335111050e+06    2.3412796121e+03    2.5426100709e+03    2.5865628160e+03    2.2103230000e+20    1.8514092480e-05    0.0000000000e+00    1.0000000000e+00    0.0000000000e+00
   -9.5934294167e+05    1.9987580594e+07    3.1231037592e+06    5.2551852200e+03    4.7277353449e+02   -1.2594048926e+03    2.1929770000e+20    1.8368799032e-05    0.0000000000e+00    1.0000000000e+00    0.0000000000e+00
   -9.3952625920e+06    7.8074909437e+06   -5.1971141271e+05    3.3607591020e+03    6.6578957799e+03   -5.6437183385e+02    2.1929770000e+20    1.8368799032e-05    0.0000000000e+00    1.0000000000e+00    0.0000000000e+00
   -2.2903680610e+07    1.1410009608e+07   -2.8090474197e+04   -7.7947835198e+02    6.5696759444e+03   -8.1106211262e+02    2.1916590000e+20    1.8357759210e-05    0.0000000000e+00    1.0000000000e+00    0.0000000000e+00
   -2.8994523504e+07   -9.7196564172e+06    2.0887206279e+06   -4.2322447790e+03    4.1056567276e+03    4.0443311521e+02    2.1916590000e+20    1.8357759210e-05    0.0000000000e+00    1.0000000000e+00    0.0000000000e+00
   -3.1419141285e+07   -6.8090458920e+06   -8.1678228488e+05   -4.2832603591e+03    4.4733376929e+03   -8.2369171476e+01    2.1916590000e+20    1.8357759210e-05    0.0000000000e+00    1.0000000000e+00    0.0000000000e+00
   -8.5528615151e+06    1.5507977168e+07   -4.1083857433e+06    4.2218758329e+03    1.4168337902e+03    8.1338218387e+02    2.1916590000e+20    1.8357759210e-05    0.0000000000e+00    1.0000000000e+00    0.0000000000e+00
   -2.5620688494e+07   -4.5361339435e+07   -1.3607514547e+07    1.7445867433e+02    1.7010651220e+03    1.6250233014e+03    2.1842960000e+20    1.8296085299e-05    0.0000000000e+00    1.0000000000e+00    0.0000000000e+00
    1.8265359501e+06   -1.8439032082e+07   -6.3792337324e+06   -6.0388578819e+03   -2.5135017994e+03    2.4678536161e+03    2.1842960000e+20    1.8296085299e-05    0.0000000000e+00    1.0000000000e+00    0.0000000000e+00
   -3.7718135715e+07    5.5948478904e+06    1.1795737796e+06   -4.1606581680e+03    5.9977183875e+03   -2.3558431433e+02    2.1756100000e+20    1.8223329685e-05    0.0000000000e+00    1.0000000000e+00    0.0000000000e+00
   -1.0938881115e+07    1.4497660420e+07   -2.5990447642e+06    4.1772816011e+03    2.2927631256e+03    1.2681505154e+03    2.1756100000e+20    1.8223329685e-05    0.0000000000e+00    1.0000000000e+00    0.0000000000e+00
    6.3435238065e+07    4.7054987764e+07    2.8443972027e+07    3.9418283137e+03    4.9050609963e+02    1.9482716130e+03    2.1727420000e+20    1.8199306763e-05    0.0000000000e+00    1.0000000000e+00    0.0000000000e+00
   -2.6986380442e+07   -1.9584028969e+07    4.5711256568e+06   -5.0521568869e+03    2.3922584458e+03    5.3274151777e+01    2.1727420000e+20    1.8199306763e-05    0.0000000000e+00    1.0000000000e+00    0.0000000000e+00
   -5.0684293696e+07   -5.1937765337e+07   -9.4422395795e+06   -2.7872879965e+02    9.1851730039e+02    8.0146565831e+02    2.1727420000e+20    1.8199306763e-05    0.0000000000e+00    1.0000000000e+00    0.0000000000e+00
   -2.5950293824e+07    9.9140292404e+06   -7.2884905873e+05   -1.6257066735e+03    7.0054266458e+03   -2.3917256663e+02    2.1727420000e+20    1.8199306763e-05    0.0000000000e+00    1.0000000000e+00    0.0000000000e+00
    3.5666580870e+07    5.3864544197e+06    1.6713855399e+06   -8.7202040352e+02   -3.2577844026e+03   -2.9472049081e+02    2.1727420000e+20    1.8199306763e-05    0.0000000000e+00    1.0000000000e+00    0.0000000000e+00
   -1.0308001181e+07    1.7972886816e+07   -4.7187512037e+06    3.7242715262e+03    2.3740102416e+03    1.8890436524e+02    2.1727420000e+20    1.8199306763e-05    0.0000000000e+00    1.0000000000e+00    0.0000000000e+00
   -2.8609672259e+07    1.0455456871e+07    1.7110216965e+06   -1.8615169895e+03    7.2098669783e+03   -6.3123677261e+01    2.1727420000e+20    1.8199306763e-05    0.0000000000e+00    1.0000000000e+00    0.0000000000e+00
   -1.8178006036e+07   -2.7733059092e+07    4.6691128776e+06   -4.6603639470e+03    1.6872395895e+03    2.3905391249e+02    2.1632550000e+20    1.8119841818e-05    0.0000000000e+00    1.0000000000e+00    0.0000000000e+00
   -3.2465879812e+07    1.0670715456e+07    6.8393050745e+05   -2.9190084715e+03    6.7754316686e+03   -8.1721275348e+01    2.1632550000e+20    1.8119841818e-05    0.0000000000e+00    1.0000000000e+00    0.0000000000e+00
   -3.0838459420e+07    1.8667441450e+06   -1.5890760302e+06   -3.3277462647e+03    5.6335215136e+03   -3.1031121141e+02    2.1632550000e+20    1.8119841818e-05    0.0000000000e+00    1.0000000000e+00    0.0000000000e+00
   -1.9667900805e+07   -1.9973693416e+07   -4.5865073718e+04   -4.2403614313e+03    3.0471620657e+03    3.3288472415e+02    2.1632550000e+20    1.8119841818e-05    0.0000000000e+00    1.0000000000e+00    0.0000000000e+00
   -7.3308206791e+06    9.8081062262e+06    9.0216475822e+05    6.2240401348e+03    6.3704534710e+02    1.8444993492e+03    2.1582200000e+20    1.8077667685e-05    0.0000000000e+00    1.0000000000e+00    0.0000000000e+00
   -2.8165189052e+07    4.3838268747e+06    6.4937015190e+05   -2.5558146337e+03    5.9358232257e+03   -4.1636285672e+02    2.1537470000e+20    1.8040200973e-05    0.0000000000e+00    1.0000000000e+00    0.0000000000e+00
   -1.2813518841e+07   -1.6950479369e+06   -1.1915708487e+06    3.0281112455e+02    7.7307767417e+03    5.2683314335e+01    2.1442190000e+20    1.7960392604e-05    0.0000000000e+00    1.0000000000e+00    0.0000000000e+00
   -1.6530810883e+06    1.7673728835e+07   -3.2575388355e+06    5.6293862180e+03    6.6923344042e+02    1.8225593710e+03    2.1442190000e+20    1.7960392604e-05    0.0000000000e+00    1.0000000000e+00    0.0000000000e+00
   -2.7543071115e+07   -1.8642698960e+07   -2.1094370906e+06   -4.6891981786e+03    2.9435807738e+03    6.0924338328e+01    2.1408030000e+20    1.7931779528e-05    0.0000000000e+00    1.0000000000e+00    0.0000000000e+00
   -3.0329297498e+07   -1.1823602845e+07    1.6463189905e+06   -4.2984961598e+03    3.8790654564e+03    3.8022239190e+01    2.1346690000e+20    1.7880399959e-05    0.0000000000e+00    1.0000000000e+00    0.0000000000e+00
   -2.7914515090e+07    1.1096416873e+07   -1.1837599022e+05   -1.7880516188e+03    7.3617999374e+03    4.1118469764e+00    2.1346690000e+20    1.7880399959e-05    0.0000000000e+00    1.0000000000e+00    0.0000000000e+00
   -8.6823502196e+06    1.7468403065e+07   -4.0355611173e+06    4.4244517047e+03    2.2297916891e+03    2.6778460471e+02    2.1346690000e+20    1.7880399959e-05    0.0000000000e+00    1.0000000000e+00    0.0000000000e+00
   -8.3549525730e+06    1.6731087827e+07    3.0246890489e+06    4.6332643904e+03    2.5146563075e+03   -1.2887400951e+03    2.1320830000e+20    1.7858739124e-05    0.0000000000e+00    1.0000000000e+00    0.0000000000e+00
   -1.1538279306e+07    1.4963680570e+07    4.2932122982e+06    3.8944875422e+03    3.0112910603e+03   -7.3619331154e+02    2.1320830000e+20    1.7858739124e-05    0.0000000000e+00    1.0000000000e+00    0.0000000000e+00
    3.7919192059e+07    2.5391888824e+07    1.0633332352e+07    2.2348063484e+03   -2.0415662341e+03    2.3073384525e+03    2.1320830000e+20    1.7858739124e-05    0.0000000000e+00    1.0000000000e+00    0.0000000000e+00
   -2.8134891757e+07   -4.6942359068e+06    5.2760680983e+05   -3.3669718008e+03    4.7875871667e+03    2.0164922741e+02    2.1250960000e+20    1.7800214662e-05    0.0000000000e+00    1.0000000000e+00    0.0000000000e+00
   -3.2064670115e+07   -5.5364814146e+06   -1.7497972452e+06   -4.2977576094e+03    4.6187606878e+03    2.4886222579e+02    2.1250960000e+20    1.7800214662e-05    0.0000000000e+00    1.0000000000e+00    0.0000000000e+00
   -5.7865837563e+06    1.5043923187e+07   -4.4474855345e+06    5.1059657160e+03    1.0935464576e+03    1.1556643078e+03    2.1250960000e+20    1.7800214662e-05    0.0000000000e+00    1.0000000000e+00    0.0000000000e+00
   -3.2345470761e+07    1.2604162767e+07    2.5975438798e+05   -2.2103351968e+03    6.9676007394e+03   -1.6629842562e+02    2.1155000000e+20    1.7719836712e-05    0.0000000000e+00    1.0000000000e+00    0.0000000000e+00
   -2.8904179800e+07   -2.4492532921e+06   -9.4063535766e+05   -3.0634220613e+03    5.0264283854e+03    9.6350378850e+02    2.1146170000e+20    1.7712440533e-05    0.0000000000e+00    1.0000000000e+00    0.0000000000e+00
   -8.2031421816e+06    1.7906839637e+07   -2.0155641449e+06    4.4787331123e+03    3.3334000555e+03    9.2168505423e+02    2.1058810000e+20    1.7639266109e-05    0.0000000000e+00    1.0000000000e+00    0.0000000000e+00
   -4.0013068196e+06    1.3640469318e+07    3.2939672937e+06    6.5229069253e+03    9.0585392786e+02   -1.2690063350e+03    2.1058710000e+20    1.7639182348e-05    0.0000000000e+00    1.0000000000e+00    0.0000000000e+00
   -2.9015083661e+07   -2.5518500563e+07    1.1993871286e+06   -4.9955468093e+03    1.8033594925e+03    7.7711248055e+01    2.1058710000e+20    1.7639182348e-05    0.0000000000e+00    1.0000000000e+00    0.0000000000e+00
   -3.5110601799e+06    1.5445799179e+07    1.3814674682e+06    5.6906015273e+03    7.1045885507e+02   -2.1598019166e+03    2.1058710000e+20    1.7639182348e-05    0.0000000000e+00    1.0000000000e+00    0.0000000000e+00
    8.0615297578e+07    1.2271633880e+07    2.2881602293e+06    4.7831245140e+03   -1.6754837668e+03   -3.5684283676e+01    2.1058710000e+20    1.7639182348e-05    0.0000000000e+00    1.0000000000e+00    0.0000000000e+00
   -2.8654911357e+07    1.9194199318e+06    1.2951571308e+06   -2.8694483561e+03    5.3543087121e+03   -5.3264196638e+02    2.1058710000e+20    1.7639182348e-05    0.0000000000e+00    1.0000000000e+00    0.0000000000e+00
   -2.8605189618e+07   -6.8213641302e+06   -1.4314612122e+06   -4.0477218077e+03    4.2689542482e+03    1.7965674851e+02    2.1058710000e+20    1.7639182348e-05    0.0000000000e+00    1.0000000000e+00    0.0000000000e+00
   -3.7427204992e+07   -2.4340643908e+07    4.8457188047e+06    1.7046323056e+03    2.3002881408e+03    1.6097081104e+03    2.1058710000e+20    1.7639182348e-05    0.0000000000e+00    1.0000000000e+00    0.0000000000e+00
   -6.8390476726e+06    1.2467698580e+07    1.5957183658e+07    5.8219431779e+03    1.8310358308e+03   -3.3197676171e+03    2.1058710000e+20    1.7639182348e-05    0.0000000000e+00    1.0000000000e+00    0.0000000000e+00
    4.6832955264e+07    3.3885239721e+07   -2.4223844981e+07    2.8635022917e+03   -9.0734287310e+02   -1.6710958363e+03    2.1058710000e+20    1.7639182348e-05    0.0000000000e+00    1.0000000000e+00    0.0000000000e+00
    5.2934790932e+07    3.4740094149e+07   -3.2706219380e+07    3.5127350734e+03   -8.9598279849e+02   -1.0357127852e+03    2.1058710000e+20    1.7639182348e-05    0.0000000000e+00    1.0000000000e+00    0.0000000000e+00
   -3.0720763326e+07    2.2005676173e+06    8.1859199592e+05   -3.3520707302e+03    5.3228376295e+03   -5.2472045357e+02    2.0971140000e+20    1.7565832024e-05    0.0000000000e+00    1.0000000000e+00    0.0000000000e+00
   -3.1830951531e+07   -1.5573279857e+07    1.5145563229e+06   -4.9585743399e+03    3.2638041389e+03   -2.9907418066e+01    2.0971140000e+20    1.7565832024e-05    0.0000000000e+00    1.0000000000e+00    0.0000000000e+00
   -5.9589986749e+06    2.3872217206e+07   -1.8873967189e+06    4.0514594570e+03    3.1515444160e+03    1.3889300585e+01    2.0962370000e+20    1.7558486102e-05    0.0000000000e+00    1.0000000000e+00    0.0000000000e+00
   -1.2923535094e+07    1.5935688930e+07    2.6233312443e+06    3.1156582207e+03    2.7218188890e+03   -1.0548112221e+03    2.0883470000e+20    1.7492397938e-05    0.0000000000e+00    1.0000000000e+00    0.0000000000e+00
    4.8117759088e+07    5.3761472343e+07    2.9627242862e+07    3.7941033400e+03    3.8405685209e+02    1.6553969263e+03    2.0883470000e+20    1.7492397938e-05    0.0000000000e+00    1.0000000000e+00    0.0000000000e+00
    3.4175335395e+07    4.2157533975e+07   -9.9799340261e+06    3.1387863422e+03   -7.5996839252e+02   -1.6137503424e+03    2.0883470000e+20    1.7492397938e-05    0.0000000000e+00    1.0000000000e+00    0.0000000000e+00
   -1.6052947812e+07    2.3714395962e+07   -1.2684302763e+06    1.4516417752e+03    5.4808731829e+03   -1.0100468818e+03    2.0768730000e+20    1.7396289497e-05    0.0000000000e+00    1.0000000000e+00    0.0000000000e+00
   -5.3507807589e+07   -2.8850855425e+07    1.0171755117e+06    7.4050607046e+02    1.2742701930e+03   -1.3956150993e+03    2.0768730000e+20    1.7396289497e-05    0.0000000000e+00    1.0000000000e+00    0.0000000000e+00
    2.6818571061e+07   -1.9028256670e+06    1.8817079601e+07   -1.2582394970e+03   -3.9132718198e+03    1.8547851620e+03    2.0768730000e+20    1.7396289497e-05    0.0000000000e+00    1.0000000000e+00    0.0000000000e+00
   -2.2907982320e+07   -2.8688136289e+07   -2.8632301246e+06   -5.2079351724e+03    1.1100414418e+03   -1.9852773626e+02    2.0768730000e+20    1.7396289497e-05    0.0000000000e+00    1.0000000000e+00    0.0000000000e+00
   -1.8274144855e+07   -2.3620063945e+07   -3.0064345026e+06   -4.5691349727e+03    2.3484453997e+03   -3.2874824308e+01    2.0768730000e+20    1.7396289497e-05    0.0000000000e+00    1.0000000000e+00    0.0000000000e+00
   -3.2901260303e+07   -3.8409655537e+06   -2.5045245255e+05   -3.7300616254e+03    4.6334573222e+03    1.7135732596e+00    2.0768730000e+20    1.7396289497e-05    0.0000000000e+00    1.0000000000e+00    0.0000000000e+00
   -2.5545758942e+07    1.9329399086e+07    2.9272669125e+04   -6.2185921536e+02    7.2316684032e+03    1.4177498969e+02    2.0768730000e+20    1.7396289497e-05    0.0000000000e+00    1.0000000000e+00    0.0000000000e+00
   -5.8907027014e+06    1.7308151898e+07    4.1076818719e+06    5.1062234161e+03    1.3695785740e+03   -8.5304131817e+02    2.0768730000e+20    1.7396289497e-05    0.0000000000e+00    1.0000000000e+00    0.0000000000e+00
   -3.2111679926e+07    2.4040306084e+06   -1.0790672831e+06   -3.2670202297e+03    5.6645763300e+03    2.0598085716e+02    2.0768730000e+20    1.7396289497e-05    0.0000000000e+00    1.0000000000e+00    0.0000000000e+00
   -6.8971519157e+06    1.9044699448e+07    4.4199881212e+06    4.4499053171e+03    1.9935662608e+03   -2.0598909531e+02    2.0768730000e+20    1.7396289497e-05    0.0000000000e+00    1.0000000000e+00    0.0000000000e+00
   -2.3078587880e+06    2.0455959491e+07    2.6891758764e+06    5.0453647128e+03    1.3896251835e+03   -5.6267253801e+02    2.0768730000e+20    1.7396289497e-05    0.0000000000e+00    1.0000000000e+00    0.0000000000e+00
   -8.2178411538e+06    1.7781942085e+07   -5.7766230980e+06    4.4652619230e+03    2.2583808400e+03    5.4682117879e+02    2.0768730000e+20    1.7396289497e-05    0.0000000000e+00    1.0000000000e+00    0.0000000000e+00
    2.5098645568e+07   -7.7483369367e+06    2.1074374153e+07   -2.1648551125e+03   -3.0348575673e+03    1.6541624967e+03    2.0574010000e+20    1.7233188263e-05    0.0000000000e+00    1.0000000000e+00    0.0000000000e+00
    5.7708820445e+07    2.4027706084e+07    2.0718094049e+07    3.3946862987e+03   -1.3960924284e+03    1.7704571261e+03    2.0574010000e+20    1.7233188263e-05    0.0000000000e+00    1.0000000000e+00    0.0000000000e+00
   -1.1242262094e+07    1.9641928780e+07    4.0925027605e+06    3.8078824107e+03    3.2680067539e+03   -1.4426666245e+02    2.0574010000e+20    1.7233188263e-05    0.0000000000e+00    1.0000000000e+00    0.0000000000e+00
   -2.4931861819e+07    1.1842358489e+07    7.9127304733e+05   -1.3241564036e+03    7.0055524776e+03   -1.3411212974e+02    2.0574010000e+20    1.7233188263e-05    0.0000000000e+00    1.0000000000e+00    0.0000000000e+00
   -4.9164800660e+06    1.1808031612e+07    1.8551103010e+05    4.8249016419e+03    5.6013265011e+02   -2.8236692159e+02    2.0574010000e+20    1.7233188263e-05    0.0000000000e+00    1.0000000000e+00    0.0000000000e+00
   -1.8579901800e+07    1.3467142946e+07    1.1889218274e+06    4.1371618119e+02    6.8465724100e+03    3.7265848529e+02    2.0574010000e+20    1.7233188263e-05    0.0000000000e+00    1.0000000000e+00    0.0000000000e+00
   -2.9511601197e+07   -4.0809117346e+06   -3.2278484352e+04   -3.3360709810e+03    4.8022262912e+03    3.9627129679e+01    2.0574010000e+20    1.7233188263e-05    0.0000000000e+00    1.0000000000e+00    0.0000000000e+00
   -7.7403157169e+06    2.1046573918e+07   -2.6504786937e+06    3.5073120276e+03    2.4001824884e+03    5.7500527895e+02    2.0574010000e+20    1.7233188263e-05    0.0000000000e+00    1.0000000000e+00    0.0000000000e+00
   -1.4131158895e+07   -2.6200250736e+07   -1.0132058645e+06   -4.8692510568e+03    1.9830290648e+03   -3.6529152481e+02    2.0574010000e+20    1.7233188263e-05    0.0000000000e+00    1.0000000000e+00    0.0000000000e+00
   -2.9900675389e+07    1.4693292595e+07   -2.9325793386e+05   -1.4955807245e+03    7.2614643525e+03   -1.8056993663e+02    2.0574010000e+20    1.7233188263e-05    0.0000000000e+00    1.0000000000e+00    0.0000000000e+00
    2.2840336722e+07   -2.1391658615e+07    1.8312601256e+07   -2.1823604451e+03   -2.7433786658e+03   -7.4392018553e+02    2.0531630000e+20    1.7197689956e-05    0.0000000000e+00    1.0000000000e+00    0.0000000000e+00
   -5.1665322557e+06    1.5024508242e+07    3.4933833874e+06    5.8750360400e+03    1.6226911661e+03   -1.5380569333e+03    2.0531630000e+20    1.7197689956e-05    0.0000000000e+00    1.0000000000e+00    0.0000000000e+00
    6.4373173214e+07    4.5540823355e+06   -3.4263100735e+07    3.2588837033e+03   -2.3044873467e+03   -1.2258172173e+03    2.0531630000e+20    1.7197689956e-05    0.0000000000e+00    1.0000000000e+00    0.0000000000e+00
   -3.9820640373e+07   -8.2865930469e+06    1.8806170830e+07    2.2298552280e+03    2.5768782473e+03    1.1104070481e+02    2.0378140000e+20    1.7069123767e-05    0.0000000000e+00    1.0000000000e+00    0.0000000000e+00
   -3.1839372773e+07   -6.4989458829e+06    1.1594554021e+06   -3.6036944717e+03    4.2783745056e+03    2.7825453392e+02    2.0378140000e+20    1.7069123767e-05    0.0000000000e+00    1.0000000000e+00    0.0000000000e+00
   -9.6351079971e+06    2.3540981861e+07    2.6560989380e+06    3.5184101722e+03    3.8566095781e+03    2.9109351450e+02    2.0354930000e+20    1.7049682623e-05    0.0000000000e+00    1.0000000000e+00    0.0000000000e+00
    5.2895914013e+07    5.9433104565e+07    1.6343725903e+07    3.9180595862e+03    1.1112346966e+03    1.6105559493e+03    2.0354930000e+20    1.7049682623e-05    0.0000000000e+00    1.0000000000e+00    0.0000000000e+00
    5.8718708443e+07    4.1582225876e+06   -1.8882340207e+07    2.6713120271e+03   -2.5119256005e+03    5.0057484520e+02    2.0354930000e+20    1.7049682623e-05    0.0000000000e+00    1.0000000000e+00    0.0000000000e+00
   -3.4282953702e+06    1.2536876775e+07    3.6322138680e+05    6.1451406448e+03    3.7714854365e+02    4.0088641057e+02    2.0279760000e+20    1.6986718778e-05    0.0000000000e+00    1.0000000000e+00    0.0000000000e+00
   -1.7741454659e+07    1.7317216759e+07   -3.9175293419e+06    1.8778168303e+03    3.8651757441e+03   -2.9425142777e+02    2.0279760000e+20    1.6986718778e-05    0.0000000000e+00    1.0000000000e+00    0.0000000000e+00
   -9.0592636104e+06    1.4274857990e+07    4.0625700078e+06    4.4919013541e+03    1.8014121823e+03   -9.6742226164e+02    2.0279760000e+20    1.6986718778e-05    0.0000000000e+00    1.0000000000e+00    0.0000000000e+00
   -1.3948148464e+07    1.9552221363e+07   -2.2871197203e+06    2.2957241497e+03    4.9287763994e+03   -2.2288917524e+01    2.0279760000e+20    1.6986718778e-05    0.0000000000e+00    1.0000000000e+00    0.0000000000e+00
    8.1930433776e+07   -2.8332847685e+06   -3.8089242490e+07    4.5850628245e+03   -2.4143096631e+03   -1.8747536973e+03    2.0279760000e+20    1.6986718778e-05    0.0000000000e+00    1.0000000000e+00    0.0000000000e+00
   -1.0242620522e+07    1.8059365557e+07   -1.7067320245e+05    3.1294942368e+03    4.7458842032e+03   -1.7606598859e+02    2.0279760000e+20    1.6986718778e-05    0.0000000000e+00    1.0000000000e+00    0.0000000000e+00
   -3.4888766822e+07   -8.3106281737e+06    2.4060002624e+06   -4.1843650959e+03    4.1739550250e+03    6.0533191566e+01    2.0279760000e+20    1.6986718778e-05    0.0000000000e+00    1.0000000000e+00    0.0000000000e+00
   -3.1463189565e+07   -1.9823324648e+07    3.3382085530e+06   -5.1988363627e+03    2.6215357982e+03    3.1946558031e+01    2.0279760000e+20    1.6986718778e-05    0.0000000000e+00    1.0000000000e+00    0.0000000000e+00
   -1.1769100542e+07    2.2532931842e+07    5.1751032576e+06    2.9258774669e+03    3.3733408298e+03    6.2072166637e+02    2.0279760000e+20    1.6986718778e-05    0.0000000000e+00    1.0000000000e+00    0.0000000000e+00
    4.2749348649e+07   -5.6869728690e+06    2.7229321276e+07    7.0037978335e+02   -2.8044011507e+03    2.0026874414e+03    2.0181060000e+20    1.6904045751e-05    0.0000000000e+00    1.0000000000e+00    0.0000000000e+00
   -3.1143009829e+07   -1.7355007120e+07    2.2703028723e+05   -4.8922249426e+03    2.9465617064e+03    1.6033055982e+02    2.0181060000e+20    1.6904045751e-05    0.0000000000e+00    1.0000000000e+00    0.0000000000e+00
   -2.8743130044e+07   -5.2091704006e+06   -1.7518926003e+06   -3.6592680395e+03    4.5802685992e+03    2.1944818112e+02    2.0181060000e+20    1.6904045751e-05    0.0000000000e+00    1.0000000000e+00    0.0000000000e+00
   -1.2326921526e+07    2.1648322609e+07    2.3939830339e+06    3.4449125395e+03    4.8323336714e+03   -5.7290725146e+02    2.0181060000e+20    1.6904045751e-05    0.0000000000e+00    1.0000000000e+00    0.0000000000e+00
   -3.2403940506e+07   -1.7862063235e+07   -1.6255909699e+06   -4.7551144452e+03    2.8435127288e+03   -1.3439229910e+02    2.0181060000e+20    1.6904045751e-05    0.0000000000e+00    1.0000000000e+00    0.0000000000e+00
   -6.7442284564e+06    2.1944294562e+07   -3.0560994636e+06    4.5205664787e+03    2.6560858428e+03   -3.8151568191e+02    2.0181060000e+20    1.6904045751e-05    0.0000000000e+00    1.0000000000e+00    0.0000000000e+00
    4.2147468593e+07    6.3399474791e+07    3.1602076743e+07    3.7529195004e+03    1.1915287100e+03    1.7442351944e+03    2.0177630000e+20    1.6901172717e-05    0.0000000000e+00    1.0000000000e+00    0.0000000000e+00
   -1.4258465720e+07    1.9895673654e+07    4.1552227506e+06    2.2014766693e+03    3.4260352077e+03   -2.2379264531e+02    2.0177630000e+20    1.6901172717e-05    0.0000000000e+00    1.0000000000e+00    0.0000000000e+00
   -2.0372881634e+07    1.4693005500e+07    1.5921958463e+06   -5.8429245192e+01    6.8782011326e+03   -2.3218523558e+02    2.0082040000e+20    1.6821104686e-05    0.0000000000e+00    1.0000000000e+00    0.0000000000e+00
   -3.8537625410e+07   -6.9344840026e+07    4.0339840002e+07   -6.7462635075e+02   -2.6050594296e+02   -3.9546957717e+02    1.9999690000e+20    1.6752126735e-05    0.0000000000e+00    1.0000000000e+00    0.0000000000e+00
   -7.9821808708e+06   -1.3370364365e+07    4.6680250539e+04   -2.2845392834e+03    4.8599484880e+03    3.9158137322e+03    1.9999690000e+20    1.6752126735e-05    0.0000000000e+00    1.0000000000e+00    0.0000000000e+00
    1.9936702099e+07   -1.7015286054e+07    2.0320621934e+07   -9.2825283047e+01   -5.8422437643e+03    2.1005001550e+03    1.9982680000e+20    1.6737878831e-05    0.0000000000e+00    1.0000000000e+00    0.0000000000e+00
    5.3586564174e+07    3.3630159218e+07    1.7810778879e+07    3.3241025547e+03   -8.1351256769e+02    1.9361088078e+03    1.9982680000e+20    1.6737878831e-05    0.0000000000e+00    1.0000000000e+00    0.0000000000e+00
   -2.9482366534e+07   -1.4523852725e+07   -6.3826714457e+05   -4.4079905930e+03    3.3078109543e+03   -5.3715510070e+01    1.9982680000e+20    1.6737878831e-05    0.0000000000e+00    1.0000000000e+00    0.0000000000e+00
   -3.2581548574e+06    1.9192882028e+07    3.9691034075e+06    5.5713294874e+03    1.0659015462e+03   -8.9577716973e+02    1.9982680000e+20    1.6737878831e-05    0.0000000000e+00    1.0000000000e+00    0.0000000000e+00
   -1.0286646551e+07    2.0343310777e+07   -4.0322774656e+06    3.1992105182e+03    2.2726617183e+03   -1.8705680120e+02    1.9982680000e+20    1.6737878831e-05    0.0000000000e+00    1.0000000000e+00    0.0000000000e+00
    6.2173991746e+07    3.2408792470e+07   -1.0442021456e+07    3.2563359209e+03   -1.5012775425e+02    6.3954677379e+02    1.9882970000e+20    1.6654359808e-05    0.0000000000e+00    1.0000000000e+00    0.0000000000e+00
   -5.5564433674e+06   -1.4513766813e+07   -9.3428971242e+05   -4.9725678858e+03    1.2721054738e+03    5.6333364971e+03    1.9821050000e+20    1.6602494420e-05    0.0000000000e+00    1.0000000000e+00    0.0000000000e+00
   -6.5167317643e+06    2.0190015411e+07    3.2184728100e+06    4.3153933480e+03    3.1099297602e+03    1.0508337656e+03    1.9782910000e+20    1.6570547619e-05    0.0000000000e+00    1.0000000000e+00    0.0000000000e+00
   -2.1490207614e+07    3.4465077452e+06   -4.0232359344e+06   -1.3540405311e+03    6.2711957335e+03   -3.1927473384e+02    1.9782910000e+20    1.6570547619e-05    0.0000000000e+00    1.0000000000e+00    0.0000000000e+00
    7.4687851422e+07   -3.1806722883e+07    4.8268948757e+07    3.8584609859e+03   -3.7588228614e+03    2.5690156245e+03    1.9731450000e+20    1.6527443729e-05    0.0000000000e+00    1.0000000000e+00    0.0000000000e+00
   -3.6644210247e+07   -6.1149492493e+06   -2.8082396837e+05   -4.9994815467e+03    4.3386240130e+03    5.4450508137e+02    1.9641650000e+20    1.6452225514e-05    0.0000000000e+00    1.0000000000e+00    0.0000000000e+00
   -2.7936408872e+07    6.8932812642e+06    1.5832982939e+06   -2.2322028786e+03    6.4656317704e+03   -7.7877513788e+01    1.9581670000e+20    1.6401985107e-05    0.0000000000e+00    1.0000000000e+00    0.0000000000e+00
   -2.5924125141e+07   -5.8053335777e+06    1.0558038067e+06   -2.6937975065e+03    4.5737329507e+03   -1.7585044788e+01    1.9581670000e+20    1.6401985107e-05    0.0000000000e+00    1.0000000000e+00    0.0000000000e+00
   -3.3626797454e+07    5.8711579432e+06    1.8089322722e+06   -3.0793097008e+03    5.9385845630e+03    8.6629503722e+01    1.9581670000e+20    1.6401985107e-05    0.0000000000e+00    1.0000000000e+00    0.0000000000e+00
   -1.1600880340e+07    1.8288882618e+07   -4.7857839849e+06    3.5018088036e+03    2.8130369616e+03   -1.4559381667e+02    1.9581670000e+20    1.6401985107e-05    0.0000000000e+00    1.0000000000e+00    0.0000000000e+00
   -2.6875795638e+07   -2.0991102070e+07   -1.6070111586e+06   -4.9323924101e+03    2.3641746842e+03   -4.7491798828e+01    1.9581670000e+20    1.6401985107e-05    0.0000000000e+00    1.0000000000e+00    0.0000000000e+00
    3.2925427417e+06    2.0543596317e+07   -7.3830879882e+04    5.8047805210e+03    3.2780714330e+02   -7.0058803876e+02    1.9581670000e+20    1.6401985107e-05    0.0000000000e+00    1.0000000000e+00    0.0000000000e+00
   -9.6004763384e+06    2.2548149733e+07   -1.8274726902e+06    3.7475706439e+03    3.7220274630e+03    4.2453533978e+01    1.9581670000e+20    1.6401985107e-05    0.0000000000e+00    1.0000000000e+00    0.0000000000e+00
   -2.2508179046e+06   -1.4818329540e+07    9.1148185475e+06   -5.4865428523e+03   -1.3587540917e+03   -4.1065810183e+03    1.9461410000e+20    1.6301253008e-05    0.0000000000e+00    1.0000000000e+00    0.0000000000e+00
   -2.3503292450e+07    1.2351367545e+07    5.6007017979e+06   -9.6775391475e+01    3.4771435858e+03    8.2759665923e+02    1.9461410000e+20    1.6301253008e-05    0.0000000000e+00    1.0000000000e+00    0.0000000000e+00
   -1.7932833417e+07    1.0038714638e+07   -4.7883513623e+06    4.6709508279e+02    6.2403729593e+03   -9.4015022785e+02    1.9461410000e+20    1.6301253008e-05    0.0000000000e+00    1.0000000000e+00    0.0000000000e+00
    1.8257529357e+07   -7.6744173213e+06   -1.1317230071e+07   -2.1796858667e+02   -6.2619211862e+03   -2.4347997984e+03    1.9461410000e+20    1.6301253008e-05    0.0000000000e+00    1.0000000000e+00    0.0000000000e+00
   -3.2789998717e+07   -1.3272145208e+07   -2.1146732306e+06   -4.9342358715e+03    3.6905220603e+03   -2.0398926512e+02    1.9378850000e+20    1.6232099157e-05    0.0000000000e+00    1.0000000000e+00    0.0000000000e+00
   -6.9717252251e+07   -6.0696221260e+07    2.4713400220e+06   -9.2646530486e+02    3.1961014767e+02    4.2790468151e+02    1.9378850000e+20    1.6232099157e-05    0.0000000000e+00    1.0000000000e+00    0.0000000000e+00
   -2.7882460285e+07   -2.6992432658e+06    3.1714174592e+05   -3.1480247971e+03    4.9898305392e+03   -1.0294637988e+02    1.9378850000e+20    1.6232099157e-05    0.0000000000e+00    1.0000000000e+00    0.0000000000e+00
    7.3409224951e+05    2.0167956539e+07    2.9964796304e+06    5.2405450830e+03    5.3047056740e+02   -3.9094893474e+02    1.9378850000e+20    1.6232099157e-05    0.0000000000e+00    1.0000000000e+00    0.0000000000e+00
   -3.4992294846e+07    2.6850451870e+06    6.3344186709e+05   -3.9419065650e+03    5.6340234447e+03    3.4840700742e+02    1.9378850000e+20    1.6232099157e-05    0.0000000000e+00    1.0000000000e+00    0.0000000000e+00
   -1.9964360391e+07    1.1705745368e+07    5.9382191008e+05   -3.9012346880e+01    6.6178958299e+03    5.8062013822e+00    1.9280280000e+20    1.6149535021e-05    0.0000000000e+00    1.0000000000e+00    0.0000000000e+00
   -1.3380624737e+07    1.7009524063e+07   -6.0516573461e+06    2.9657835861e+03    3.1461663534e+03   -7.0192816370e+02    1.9280280000e+20    1.6149535021e-05    0.0000000000e+00    1.0000000000e+00    0.0000000000e+00
   -1.9992499834e+07    2.2599544269e+07    5.3147299827e+06    2.8791375810e+02    5.4124356979e+03    1.1675745712e+03    1.9276820000e+20    1.6146636858e-05    0.0000000000e+00    1.0000000000e+00    0.0000000000e+00
   -9.5790479990e+06   -3.1884930816e+07   -1.1138554739e+06   -4.4097419865e+03    1.0661215924e+03   -4.5979045737e+01    1.9276820000e+20    1.6146636858e-05    0.0000000000e+00    1.0000000000e+00    0.0000000000e+00
   -2.7348074045e+07   -3.0954897357e+07   -3.9560842592e+06   -5.3971716357e+03    8.3340894178e+02   -3.3977269113e+02    1.9276820000e+20    1.6146636858e-05    0.0000000000e+00    1.0000000000e+00    0.0000000000e+00
    1.9971537834e+07   -1.6634803481e+07   -1.9407937981e+07   -4.7106928642e+01   -5.7933615513e+03   -2.4730231708e+03    1.9276820000e+20    1.6146636858e-05    0.0000000000e+00    1.0000000000e+00    0.0000000000e+00
   -2.9643585956e+07   -1.3493604325e+07    3.3943301476e+06   -4.6802440015e+03    3.5003769044e+03   -7.0829816304e+01    1.9276820000e+20    1.6146636858e-05    0.0000000000e+00    1.0000000000e+00    0.0000000000e+00
    2.6554058323e+06    1.8558181212e+07    8.1094349079e+06    6.5589205593e+03   -1.3648283574e+03   -3.3259630117e+03    1.9276820000e+20    1.6146636858e-05    0.0000000000e+00    1.0000000000e+00    0.0000000000e+00
   -9.3085677825e+06    1.3784653097e+07   -3.2226915473e+06    4.1106878468e+03    1.2465717426e+03    1.2801235250e+03    1.9276820000e+20    1.6146636858e-05    0.0000000000e+00    1.0000000000e+00    0.0000000000e+00
   -3.3312347564e+07    2.3330359442e+06    2.5364268117e+06   -3.1556268634e+03    5.7981769120e+03    2.9904770305e+02    1.9276820000e+20    1.6146636858e-05    0.0000000000e+00    1.0000000000e+00    0.0000000000e+00
   -4.3646117310e+06    1.6588005155e+07    2.8813897608e+06    4.8635748706e+03    1.0259033526e+03   -1.3893821598e+03    1.9276820000e+20    1.6146636858e-05    0.0000000000e+00    1.0000000000e+00    0.0000000000e+00
   -5.3301681700e+06   -3.1175840910e+07   -5.4480720433e+06   -3.2585412639e+03    5.6779420603e+02    1.4687373490e+03    1.9174340000e+20    1.6060797630e-05    0.0000000000e+00    1.0000000000e+00    0.0000000000e+00
   -1.0558063042e+07    1.3744851362e+07   -5.6578699057e+06    3.8762849375e+03    1.7861098543e+03    6.8055347291e+02    1.9174340000e+20    1.6060797630e-05    0.0000000000e+00    1.0000000000e+00    0.0000000000e+00
   -8.6367904960e+06    1.3531311199e+07   -1.6683642702e+06    4.8060961737e+03    1.1547433273e+03    1.6586493851e+03    1.9174340000e+20    1.6060797630e-05    0.0000000000e+00    1.0000000000e+00    0.0000000000e+00
   -2.2455170829e+06    1.9421785063e+07   -4.4712344390e+06    4.8795246039e+03    6.9224504735e+02   -2.5751373965e+02    1.9174340000e+20    1.6060797630e-05    0.0000000000e+00    1.0000000000e+00    0.0000000000e+00
    5.0290086707e+07    7.1760599695e+06    2.9740355183e+07    1.7713492335e+03   -2.2154908359e+03    2.4392336644e+03    1.8968040000e+20    1.5887996764e-05    0.0000000000e+00    1.0000000000e+00    0.0000000000e+00
   -5.6637573188e+06   -2.7196265170e+07    8.7274291661e+05   -4.6157742847e+03    1.7945343834e+03    4.3325374781e+02    1.8968040000e+20    1.5887996764e-05    0.0000000000e+00    1.0000000000e+00    0.0000000000e+00
   -2.7730392127e+07    1.5862643456e+07    1.8499365283e+06   -5.3039691519e+02    6.9271664223e+03    4.9439583308e+02    1.8968040000e+20    1.5887996764e-05    0.0000000000e+00    1.0000000000e+00    0.0000000000e+00
   -2.8133759396e+07   -3.0587780292e+06    2.5193202168e+06   -2.6459452858e+03    4.9056246948e+03    2.6017481663e+02    1.8968040000e+20    1.5887996764e-05    0.0000000000e+00    1.0000000000e+00    0.0000000000e+00
   -3.2093207309e+07   -2.0815642359e+07   -1.7533090905e+06   -5.3504527657e+03    2.3180894025e+03    2.0926258834e+02    1.8968040000e+20    1.5887996764e-05    0.0000000000e+00    1.0000000000e+00    0.0000000000e+00
    1.4629201747e+07   -1.0929065764e+07   -1.7166703435e+07   -3.3564869845e+03   -4.6418927702e+03   -8.6091161769e+02    1.8968040000e+20    1.5887996764e-05    0.0000000000e+00    1.0000000000e+00    0.0000000000e+00
   -3.1748782216e+07    8.3743031431e+06    1.6110469042e+06   -2.7177301455e+03    6.3528423726e+03   -2.6141880295e+02    1.8968040000e+20    1.5887996764e-05    0.0000000000e+00    1.0000000000e+00    0.0000000000e+00
   -7.9564534887e+07   -1.0638342564e+08   -1.5930865018e+07   -1.9142832615e+03   -1.7844608090e+03    1.9117249272e+02    1.8968040000e+20    1.5887996764e-05    0.0000000000e+00    1.0000000000e+00    0.0000000000e+00
   -3.2018468560e+07    1.3036664876e+07   -1.6100473701e+06   -1.7419770600e+03    6.2815565055e+03   -2.7593550085e+02    1.8968040000e+20    1.5887996764e-05    0.0000000000e+00    1.0000000000e+00    0.0000000000e+00
   -2.4432920246e+07   -1.2088894425e+07    6.9449069337e+05   -3.7697750376e+03    4.1655757383e+03    2.4898158835e+02    1.8968040000e+20    1.5887996764e-05    0.0000000000e+00    1.0000000000e+00    0.0000000000e+00
   -2.9289807103e+07   -1.6021554352e+07   -1.6418209638e+06   -4.8992709864e+03    3.4679810919e+03   -2.8552288729e+02    1.8968040000e+20    1.5887996764e-05    0.0000000000e+00    1.0000000000e+00    0.0000000000e+00
   -2.9576033430e+07    1.6484166401e+07    1.7941467078e+06   -1.3703649990e+03    7.1178257052e+03   -6.0342424196e+02    1.8968040000e+20    1.5887996764e-05    0.0000000000e+00    1.0000000000e+00    0.0000000000e+00
   -1.0456541260e+07    2.3559312417e+07   -2.7850082645e+06    3.1660759963e+03    4.0776713647e+03   -7.5861726432e+02    1.8968040000e+20    1.5887996764e-05    0.0000000000e+00    1.0000000000e+00    0.0000000000e+00
   -3.6523441371e+07   -2.7184743463e+06   -1.4068462197e+06   -4.4791189412e+03    4.7878619789e+03   -4.9679943645e+01    1.8968040000e+20    1.5887996764e-05    0.0000000000e+00    1.0000000000e+00    0.0000000000e+00
   -1.7421710303e+07    1.8981348044e+07   -5.6963201630e+06    1.7662984696e+03    3.6508670145e+03   -1.3538019917e+03    1.8968040000e+20    1.5887996764e-05    0.0000000000e+00    1.0000000000e+00    0.0000000000e+00
   -3.2489242302e+07    1.5620996063e+05   -8.4132857929e+05   -3.7713589057e+03    5.2155080687e+03    4.9621697389e+02    1.8915020000e+20    1.5843586188e-05    0.0000000000e+00    1.0000000000e+00    0.0000000000e+00
   -1.2015162290e+08   -1.3727550994e+08   -2.0959090252e+07   -3.2808818849e+03   -3.2041263119e+03   -1.5244191378e+02    1.8915020000e+20    1.5843586188e-05    0.0000000000e+00    1.0000000000e+00    0.0000000000e+00
   -2.8615534538e+07    4.1211856416e+05    5.4073317096e+05   -2.9989561743e+03    5.0850512787e+03    6.8956950053e+02    1.8823020000e+20    1.5766525210e-05    0.0000000000e+00    1.0000000000e+00    0.0000000000e+00
   -5.4261850976e+07   -3.4589566498e+07    7.8288593559e+06    3.0755941060e+02    1.1410811218e+03   -1.2988316334e+03    1.8759800000e+20    1.5713570917e-05    0.0000000000e+00    1.0000000000e+00    0.0000000000e+00
   -3.5018937251e+06    1.5130720585e+07    5.6682879112e+06    5.2163003398e+03   -9.2807354273e+01   -1.2314864759e+03    1.8759800000e+20    1.5713570917e-05    0.0000000000e+00    1.0000000000e+00    0.0000000000e+00
   -5.4375412640e+06    2.1453632624e+07   -3.6970563135e+06    4.8028974799e+03    2.4872776906e+03   -1.3733343249e+01    1.8759800000e+20    1.5713570917e-05    0.0000000000e+00    1.0000000000e+00    0.0000000000e+00
   -1.5534816374e+07    1.1563507458e+07    4.2630809296e+06    2.5697107331e+03    1.7203133794e+03   -1.6456015036e+02    1.8549490000e+20    1.5537411198e-05    0.0000000000e+00    1.0000000000e+00    0.0000000000e+00
   -2.3741235057e+07    2.0216719734e+07    1.2670515209e+05   -7.0303267855e+02    4.7803466334e+03   -1.0364947710e+02    1.8549490000e+20    1.5537411198e-05    0.0000000000e+00    1.0000000000e+00    0.0000000000e+00
   -1.1155802094e+06    1.4672609898e+07    3.9569189402e+06    6.0056046554e+03   -3.2419745314e+02   -2.0595987523e+03    1.8549490000e+20    1.5537411198e-05    0.0000000000e+00    1.0000000000e+00    0.0000000000e+00
    3.9774956409e+05    1.5512939429e+07    3.9178654887e+06    5.9120223188e+03   -1.0944767727e+03   -1.8497717940e+03    1.8549490000e+20    1.5537411198e-05    0.0000000000e+00    1.0000000000e+00    0.0000000000e+00
   -2.4452256038e+07    2.2314043432e+07    2.6175946136e+06   -3.9328090392e+02    6.1574588124e+03    6.8152474591e+01    1.8545200000e+20    1.5533817811e-05    0.0000000000e+00    1.0000000000e+00    0.0000000000e+00
    3.0809286179e+06    1.6052348053e+07   -4.0148300818e+06    6.1477864793e+03   -8.4896651672e+02    4.4144031582e+03    1.8358350000e+20    1.5377308641e-05    0.0000000000e+00    1.0000000000e+00    0.0000000000e+00
   -2.1782269111e+07   -1.9168449208e+07    9.8350395911e+04   -4.6093171370e+03    2.8594084014e+03   -1.2448195123e+02    1.8336950000e+20    1.5359383588e-05    0.0000000000e+00    1.0000000000e+00    0.0000000000e+00
   -5.2279101882e+06    2.5159775578e+07   -7.9021849948e+05    4.4634280756e+03    5.0490256136e+03   -5.7996533648e+02    1.8170070000e+20    1.5219601675e-05    0.0000000000e+00    1.0000000000e+00    0.0000000000e+00
   -3.9708368059e+07   -1.2760175397e+07    1.5582942834e+07    2.1949985003e+03    2.5342846887e+03    6.6551561478e+02    1.8170070000e+20    1.5219601675e-05    0.0000000000e+00    1.0000000000e+00    0.0000000000e+00
   -1.7926798711e+07   -1.9742731130e+07    1.8793702321e+06   -4.3629748906e+03    3.1096784400e+03   -3.0800412172e+01    1.8122030000e+20    1.5179362443e-05    0.0000000000e+00    1.0000000000e+00    0.0000000000e+00
   -8.7376179696e+06    1.0797891483e+07   -4.1528825237e+06    5.2930483629e+03    8.6316985403e+02    1.2657736333e+03    1.8122030000e+20    1.5179362443e-05    0.0000000000e+00    1.0000000000e+00    0.0000000000e+00
   -5.8939026016e+06    1.7875153369e+07    5.4126689351e+06    4.7251946716e+03    1.8537951063e+03   -8.3366154844e+02    1.8122030000e+20    1.5179362443e-05    0.0000000000e+00    1.0000000000e+00    0.0000000000e+00
    3.2267149001e+07   -2.2598384889e+06    2.3673519615e+07   -1.0927395205e+03   -2.0875277391e+03    2.4981226126e+03    1.8075360000e+20    1.5140270750e-05    0.0000000000e+00    1.0000000000e+00    0.0000000000e+00
   -2.6825197800e+07   -1.3514989384e+07    2.8169978951e+06   -4.3300197718e+03    3.5209365730e+03    1.0999976431e+02    1.8075360000e+20    1.5140270750e-05    0.0000000000e+00    1.0000000000e+00    0.0000000000e+00
   -1.1962589488e+07    1.5841962338e+07    6.3076155985e+06    2.8597615699e+03    2.0762330026e+03    4.3271668467e+02    1.8013600000e+20    1.5088539380e-05    0.0000000000e+00    1.0000000000e+00    0.0000000000e+00
   -2.6111489913e+07   -9.2869564785e+05    1.7005890865e+06   -2.4422845273e+03    5.0756847565e+03    1.6510908299e+02    1.8013600000e+20    1.5088539380e-05    0.0000000000e+00    1.0000000000e+00    0.0000000000e+00
   -2.0087853431e+07   -2.4654621858e+07    2.2350996718e+06   -4.4091219155e+03    2.0799393657e+03    1.9056537795e+02    1.8013600000e+20    1.5088539380e-05    0.0000000000e+00    1.0000000000e+00    0.0000000000e+00
   -1.1203274186e+07   -2.6115179803e+07   -1.9476351896e+06   -4.6356913317e+03    1.5612317760e+03    9.8408325920e+00    1.8013600000e+20    1.5088539380e-05    0.0000000000e+00    1.0000000000e+00    0.0000000000e+00
   -2.7193763056e+07    1.0406811639e+07   -1.6594633637e+06   -9.8908193761e+02    6.3677603392e+03    1.0978308627e+03    1.8013600000e+20    1.5088539380e-05    0.0000000000e+00    1.0000000000e+00    0.0000000000e+00
   -2.9565877378e+07   -2.0406032601e+07    2.7215477001e+06   -4.7889255387e+03    2.1348471119e+03   -8.7206697056e+01    1.7904510000e+20    1.4997163489e-05    0.0000000000e+00    1.0000000000e+00    0.0000000000e+00
   -3.9750005968e+07   -3.7959492587e+06   -1.0950343501e+06   -4.8002150545e+03    4.3984516917e+03   -3.3552477650e+02    1.7904510000e+20    1.4997163489e-05    0.0000000000e+00    1.0000000000e+00    0.0000000000e+00
   -3.3016021862e+07    9.4123704020e+05   -2.0383620262e+06   -2.9733342927e+03    5.3918481862e+03    1.0318045393e+02    1.7904510000e+20    1.4997163489e-05    0.0000000000e+00    1.0000000000e+00    0.0000000000e+00
   -1.5176759550e+07   -2.6515590474e+07    1.8024064053e+06   -4.7517457046e+03    1.6967538214e+03    3.1755033328e+02    1.7904510000e+20    1.4997163489e-05    0.0000000000e+00    1.0000000000e+00    0.0000000000e+00
   -3.1432513310e+07    1.0230730993e+07   -2.0415274279e+06   -2.1721800458e+03    6.4035992487e+03   -4.9829137863e+02    1.7904510000e+20    1.4997163489e-05    0.0000000000e+00    1.0000000000e+00    0.0000000000e+00
   -1.5363065446e+07    2.2881966403e+07    3.3701167647e+06    1.7724930558e+03    5.6296166105e+03    3.5825328928e+02    1.7904510000e+20    1.4997163489e-05    0.0000000000e+00    1.0000000000e+00    0.0000000000e+00
