#   x1                  x2                  x3                  v1                  v2                  v3                  mass                rel_mass            mat0_frac           mat1_frac           mat2_frac
   -9.0037689665e+04    4.0890335841e+05    9.8668287288e+03   -1.7862343808e+00    1.0131948689e+01    1.7802465681e+00    1.2753428223e+24    9.9540338830e-01    9.0348203392e-01    9.6517966081e-02    0.0000000000e+00
    1.8867485296e+07   -3.5805813267e+07    5.1861734026e+06   -3.5231335290e+02   -1.8626091400e+02   -3.0339000533e+01    6.4702680000e+19    5.0500356281e-05    1.0000000000e+00    0.0000000000e+00    0.0000000000e+00
    4.8726823627e+07   -8.1191240545e+07   -2.5554352438e+07    1.0562884256e+03   -2.1256014564e+03   -5.8790469680e+02    2.4927550000e+19    1.9455919851e-05    0.0000000000e+00    1.0000000000e+00    0.0000000000e+00
    1.2470753989e+07   -4.0341824022e+07    5.4463893136e+07    3.4071672451e+01   -9.1721002906e+02    9.7752228561e+02    2.4840850000e+19    1.9388250615e-05    0.0000000000e+00    1.0000000000e+00    0.0000000000e+00
    5.1020211690e+07   -7.7777820071e+07   -2.8331483555e+07    1.0923930906e+03   -2.0369023218e+03   -6.8892525686e+02    2.4840850000e+19    1.9388250615e-05    0.0000000000e+00    1.0000000000e+00    0.0000000000e+00
    2.6638920893e+07   -5.6808167630e+07   -5.3073655575e+07    4.0024516452e+02   -1.3872592711e+03   -1.1699805390e+03    2.4840850000e+19    1.9388250615e-05    0.0000000000e+00    1.0000000000e+00    0.0000000000e+00
    2.1788805204e+06   -4.8312865654e+07   -1.4111055455e+07   -3.6238702135e+02   -5.4797577737e+02   -6.9231181984e+01    2.4754360000e+19    1.9320745285e-05    0.0000000000e+00    1.0000000000e+00    0.0000000000e+00
    1.9396320293e+07   -6.5732061148e+07   -1.0925407783e+07    9.2626385280e+01   -1.3764116179e+03   -1.8573297079e+02    2.4696810000e+19    1.9275827586e-05    0.0000000000e+00    1.0000000000e+00    0.0000000000e+00
    1.7636913195e+07   -4.4380143108e+07    7.2017915677e+07    2.3352523623e+02   -1.1710643080e+03    1.6236688407e+03    2.4668070000e+19    1.9253396053e-05    0.0000000000e+00    1.0000000000e+00    0.0000000000e+00
   -2.5360195212e+06   -1.1633832485e+07   -2.8239855166e+06   -7.6445701714e+02    2.5041410798e+03    8.7926472524e+02    2.4668070000e+19    1.9253396053e-05    0.0000000000e+00    1.0000000000e+00    0.0000000000e+00
    1.2587936929e+06   -3.9603598793e+07   -9.0079754517e+06   -4.3610676256e+02   -8.4482131925e+01    1.6896635436e+02    2.4668070000e+19    1.9253396053e-05    0.0000000000e+00    1.0000000000e+00    0.0000000000e+00
    6.5442053532e+07   -7.9084009250e+07    2.5499176763e+07    1.5459617115e+03   -2.1301345691e+03    6.4584802379e+02    2.4639350000e+19    1.9230980131e-05    0.0000000000e+00    1.0000000000e+00    0.0000000000e+00
   -6.5612636413e+06   -2.4046706390e+07   -2.1258866568e+06   -5.2466853359e+02    1.1264735806e+03   -3.0368604499e+01    2.4581970000e+19    1.9186195117e-05    0.0000000000e+00    1.0000000000e+00    0.0000000000e+00
    3.5267318994e+07   -5.4393076774e+07    2.7375247439e+07    4.8177825574e+02   -1.1906062984e+03    5.3087906626e+02    2.4524670000e+19    1.9141472543e-05    0.0000000000e+00    1.0000000000e+00    0.0000000000e+00
    2.6565019670e+06   -1.6181511382e+07   -2.5255235497e+07   -4.1083244244e+02    8.3538001112e+01    7.2293837931e+02    2.4524670000e+19    1.9141472543e-05    0.0000000000e+00    1.0000000000e+00    0.0000000000e+00
    5.2924789771e+07   -7.6612177525e+07   -5.6483344881e+06    1.1083275902e+03   -1.9739587367e+03   -1.3432745591e+02    2.4438870000e+19    1.9074505756e-05    0.0000000000e+00    1.0000000000e+00    0.0000000000e+00
    2.0356062015e+07   -9.5302263980e+07   -6.3514459612e+06    2.7834542892e+02   -2.4516660757e+03   -1.0473383522e+02    2.4438870000e+19    1.9074505756e-05    0.0000000000e+00    1.0000000000e+00    0.0000000000e+00
    4.7507848617e+07   -4.7484547474e+07   -4.8158657173e+07    9.3515757178e+02   -1.2086635526e+03   -1.0437075869e+03    2.4438870000e+19    1.9074505756e-05    0.0000000000e+00    1.0000000000e+00    0.0000000000e+00
    1.1218415004e+07   -4.0572483468e+07    2.0137713824e+07   -2.3188716874e+02   -4.5197797247e+02   -2.6836991093e+01    2.4410300000e+19    1.9052206909e-05    0.0000000000e+00    1.0000000000e+00    0.0000000000e+00
    3.3022933823e+07   -5.5461538938e+07    6.3646705115e+07    6.2987803842e+02   -1.4469447365e+03    1.4848824373e+03    2.4410300000e+19    1.9052206909e-05    0.0000000000e+00    1.0000000000e+00    0.0000000000e+00
    4.5931364885e+07   -9.5955122365e+07    3.8948411015e+07    1.0307933136e+03   -2.6208461558e+03    1.0222666025e+03    2.4410300000e+19    1.9052206909e-05    0.0000000000e+00    1.0000000000e+00    0.0000000000e+00
    1.1943143846e+07   -4.0713204325e+07   -3.7504948360e+06   -3.7237105019e+02   -2.2957353232e+02    1.6668209677e+01    2.4410300000e+19    1.9052206909e-05    0.0000000000e+00    1.0000000000e+00    0.0000000000e+00
    1.4191794822e+07   -3.5730791777e+07   -2.5526557047e+07   -2.1016729439e+02   -3.5928964116e+02   -1.1036438189e+02    2.4410300000e+19    1.9052206909e-05    0.0000000000e+00    1.0000000000e+00    0.0000000000e+00
    4.2276198841e+07   -7.1560870777e+07    6.7150147349e+06    7.5894008335e+02   -1.7371518429e+03    1.6836335341e+02    2.4381760000e+19    1.9029931477e-05    0.0000000000e+00    1.0000000000e+00    0.0000000000e+00
   -8.1152099420e+06   -2.7747336419e+07    1.2846896328e+07   -3.6268281485e+02    3.8828717872e+02   -5.9728434563e+02    2.4353240000e+19    1.9007671654e-05    0.0000000000e+00    1.0000000000e+00    0.0000000000e+00
    2.1756316859e+07   -8.7193705499e+07   -5.1923743571e+06    2.7424278345e+02   -2.1625498878e+03   -1.1217633198e+02    2.4296250000e+19    1.8963191035e-05    0.0000000000e+00    1.0000000000e+00    0.0000000000e+00
    3.9421928810e+06   -2.9387912028e+07    8.1058887292e+06   -5.7973118077e+02    4.1591769406e+02   -4.1062709847e+02    2.4239330000e+19    1.8918765050e-05    0.0000000000e+00    1.0000000000e+00    0.0000000000e+00
   -5.4067187552e+06   -4.4089455316e+07    5.1732008561e+06   -5.0902189639e+02   -2.1189857271e+02    6.5010830623e+00    2.4012340000e+19    1.8741599655e-05    0.0000000000e+00    1.0000000000e+00    0.0000000000e+00
    9.4668405414e+06   -4.5842414155e+07   -4.7437598786e+07   -4.8456434067e+01   -1.0089927162e+03   -7.7440481818e+02    2.4012340000e+19    1.8741599655e-05    0.0000000000e+00    1.0000000000e+00    0.0000000000e+00
    3.9446095805e+07   -5.2681699926e+07    4.0502389575e+07    6.7811726694e+02   -1.2723290834e+03    8.1625486842e+02    2.3984040000e+19    1.8719511542e-05    0.0000000000e+00    1.0000000000e+00    0.0000000000e+00
    8.9994281618e+07   -1.1100679200e+08    1.3771497941e+07    2.3784100012e+03   -3.1920031990e+03    3.7920206474e+02    2.3955760000e+19    1.8697439039e-05    0.0000000000e+00    1.0000000000e+00    0.0000000000e+00
    7.5755190463e+06   -2.2691752344e+07   -2.5727761387e+07   -4.1020109004e+02   -1.5221276036e+01    3.6719631554e+02    2.3955760000e+19    1.8697439039e-05    0.0000000000e+00    1.0000000000e+00    0.0000000000e+00
    5.5407896359e+07   -9.4097684825e+07    4.3495945586e+07    1.3161463353e+03   -2.6018821266e+03    1.1339622619e+03    2.3899230000e+19    1.8653317449e-05    0.0000000000e+00    1.0000000000e+00    0.0000000000e+00
   -4.5981278097e+06   -3.2182938921e+07    8.5075652272e+06   -5.0716525545e+02    4.1054158331e+02   -1.9913012825e+02    2.3899230000e+19    1.8653317449e-05    0.0000000000e+00    1.0000000000e+00    0.0000000000e+00
   -3.9355179885e+06   -7.0722687279e+06    8.3461981277e+05   -2.7163828551e+02    3.7521557596e+03    8.7131062883e+01    2.3899230000e+19    1.8653317449e-05    0.0000000000e+00    1.0000000000e+00    0.0000000000e+00
    3.6774079388e+07   -7.6995389263e+07    5.8596824598e+07    7.7473260558e+02   -2.0711732803e+03    1.4426049529e+03    2.3842770000e+19    1.8609250494e-05    0.0000000000e+00    1.0000000000e+00    0.0000000000e+00
    6.6226472210e+07   -9.0866322987e+07    1.6592165395e+07    1.5840304512e+03   -2.4990009871e+03    4.0893799173e+02    2.3758180000e+19    1.8543228110e-05    0.0000000000e+00    1.0000000000e+00    0.0000000000e+00
    1.5366656652e+07   -5.4841798874e+07   -6.2056675248e+07    1.6359037217e+02   -1.4055749278e+03   -1.3353253696e+03    2.3758180000e+19    1.8543228110e-05    0.0000000000e+00    1.0000000000e+00    0.0000000000e+00
    2.1000766654e+07   -4.1862930510e+07    1.4876387936e+07   -9.5925532198e+01   -5.3560699104e+02    4.8319392179e+01    2.3730010000e+19    1.8521241462e-05    0.0000000000e+00    1.0000000000e+00    0.0000000000e+00
    9.6392919189e+07   -1.1611640291e+08   -2.8636667221e+07    2.5908116316e+03   -3.3770255898e+03   -7.8455896340e+02    2.3730010000e+19    1.8521241462e-05    0.0000000000e+00    1.0000000000e+00    0.0000000000e+00
    6.4230305715e+07   -6.8962062677e+07   -4.0029094469e+07    1.4750341905e+03   -1.8618495151e+03   -9.9768303882e+02    2.3730010000e+19    1.8521241462e-05    0.0000000000e+00    1.0000000000e+00    0.0000000000e+00
    3.0559019837e+07   -6.6900599155e+07   -3.0668136647e+07    4.4889928544e+02   -1.5934760719e+03   -6.3243888045e+02    2.3730010000e+19    1.8521241462e-05    0.0000000000e+00    1.0000000000e+00    0.0000000000e+00
    6.8817510944e+07   -7.3464087443e+07    1.0470413926e+07    1.5995192841e+03   -1.9499646401e+03    2.6385478448e+02    2.3673720000e+19    1.8477307192e-05    0.0000000000e+00    1.0000000000e+00    0.0000000000e+00
   -1.9022187445e+06   -9.6383065963e+06   -3.5522417622e+06   -7.2803329841e+02    2.4938036554e+03    1.7524951415e+03    2.3673720000e+19    1.8477307192e-05    0.0000000000e+00    1.0000000000e+00    0.0000000000e+00
    5.0189808489e+07   -5.9477374562e+07   -1.6466141016e+07    9.1954371698e+02   -1.4342530827e+03   -3.4625593677e+02    2.3561280000e+19    1.8389547920e-05    0.0000000000e+00    1.0000000000e+00    0.0000000000e+00
    5.6533785071e+07   -4.4270798242e+07   -3.5899898030e+07    1.1151019742e+03   -1.1042810459e+03   -7.6039800397e+02    2.3561280000e+19    1.8389547920e-05    0.0000000000e+00    1.0000000000e+00    0.0000000000e+00
    3.7424272419e+07   -6.1754482116e+07    4.4542647100e+07    6.6993239890e+02   -1.5414405767e+03    9.9699487157e+02    2.3505130000e+19    1.8345722919e-05    0.0000000000e+00    1.0000000000e+00    0.0000000000e+00
    4.8175989222e+07   -6.0190615307e+07   -9.3753658063e+06    8.5107742157e+02   -1.4211901444e+03   -2.0049239439e+02    2.3505130000e+19    1.8345722919e-05    0.0000000000e+00    1.0000000000e+00    0.0000000000e+00
    7.1741251935e+07   -9.1595348484e+07   -1.8348453162e+07    1.7659064367e+03   -2.5397005920e+03   -4.7229434154e+02    2.3505130000e+19    1.8345722919e-05    0.0000000000e+00    1.0000000000e+00    0.0000000000e+00
    7.7267589567e+07   -7.4237710228e+07   -6.8995110835e+07    1.9852753499e+03   -2.1226628059e+03   -1.8467692357e+03    2.3505130000e+19    1.8345722919e-05    0.0000000000e+00    1.0000000000e+00    0.0000000000e+00
    4.3609723083e+07   -8.2334420891e+07   -6.5481197564e+07    9.8367251159e+02   -2.2866332244e+03   -1.6842952795e+03    2.3505130000e+19    1.8345722919e-05    0.0000000000e+00    1.0000000000e+00    0.0000000000e+00
    4.8347922957e+07   -1.0038191181e+08    2.4789872322e+07    1.0949022665e+03   -2.7410160190e+03    6.4146108647e+02    2.3477080000e+19    1.8323829932e-05    0.0000000000e+00    1.0000000000e+00    0.0000000000e+00
   -2.7089678695e+06   -3.2147499944e+07   -2.8429017408e+07   -3.3276245243e+02   -3.0164276862e+02    1.4899443528e+02    2.3477080000e+19    1.8323829932e-05    0.0000000000e+00    1.0000000000e+00    0.0000000000e+00
    7.6640921511e+06   -3.8475873375e+07    1.4430429856e+07   -3.7032519165e+02   -1.9766850325e+02   -1.1512275376e+02    2.3449030000e+19    1.8301936944e-05    0.0000000000e+00    1.0000000000e+00    0.0000000000e+00
   -2.4014432681e+06   -2.4303659429e+07    3.9416977620e+07   -2.8122457208e+02   -3.7663064570e+02    9.8391143659e+01    2.3392980000e+19    1.8258189993e-05    0.0000000000e+00    1.0000000000e+00    0.0000000000e+00
   -4.0167822937e+06   -5.5127754003e+06    1.5413264228e+06    7.2462666518e+02    3.0757893205e+03   -2.7254716452e+03    2.3392980000e+19    1.8258189993e-05    0.0000000000e+00    1.0000000000e+00    0.0000000000e+00
    6.0740222389e+07   -4.8753325305e+07    4.4974362264e+07    1.3190642702e+03   -1.2677097746e+03    1.0510630450e+03    2.3392980000e+19    1.8258189993e-05    0.0000000000e+00    1.0000000000e+00    0.0000000000e+00
    1.3598329984e+07   -1.0283005524e+08    1.9274117301e+07    9.9277526769e+01   -2.7131292174e+03    4.9362170230e+02    2.3392980000e+19    1.8258189993e-05    0.0000000000e+00    1.0000000000e+00    0.0000000000e+00
    2.9714378172e+07   -9.6889531240e+07   -2.4747482960e+07    5.4895708673e+02   -2.5700915321e+03   -5.8865454045e+02    2.3392980000e+19    1.8258189993e-05    0.0000000000e+00    1.0000000000e+00    0.0000000000e+00
    4.7470730841e+07   -8.5506201681e+07   -5.7476177281e+07    1.0929732374e+03   -2.3573344157e+03   -1.4819954113e+03    2.3392980000e+19    1.8258189993e-05    0.0000000000e+00    1.0000000000e+00    0.0000000000e+00
    8.9431807357e+07   -1.1606741691e+08   -1.3762172540e+07    2.3699072969e+03   -3.3476777384e+03   -3.8593030294e+02    2.3281000000e+19    1.8170789751e-05    0.0000000000e+00    1.0000000000e+00    0.0000000000e+00
    2.8618320334e+07   -6.7125929698e+07   -7.0004853499e+07    5.4632030186e+02   -1.8153440443e+03   -1.7134274082e+03    2.3281000000e+19    1.8170789751e-05    0.0000000000e+00    1.0000000000e+00    0.0000000000e+00
   -6.6225006414e+06   -1.5877831146e+07    2.5461266094e+07   -2.0223474368e+02   -7.5405744321e+00   -7.9971955505e+02    2.3225070000e+19    1.8127136459e-05    0.0000000000e+00    1.0000000000e+00    0.0000000000e+00
    3.4327590222e+07   -6.6237892733e+07    9.4343094999e+07    7.7660854052e+02   -1.8947547301e+03    2.4785408509e+03    2.3225070000e+19    1.8127136459e-05    0.0000000000e+00    1.0000000000e+00    0.0000000000e+00
    1.7360736184e+07   -9.1561940123e+07    1.7518555759e+07    1.9219524017e+02   -2.3250665120e+03    3.7485369023e+02    2.3225070000e+19    1.8127136459e-05    0.0000000000e+00    1.0000000000e+00    0.0000000000e+00
    6.7026241295e+07   -6.9993480532e+07   -2.8087875325e+07    1.5481241171e+03   -1.8691842677e+03   -6.9203698184e+02    2.3225070000e+19    1.8127136459e-05    0.0000000000e+00    1.0000000000e+00    0.0000000000e+00
    4.9477069294e+07   -9.3371384677e+07   -6.0321860654e+07    1.1701051648e+03   -2.6073386784e+03   -1.6107890467e+03    2.3225070000e+19    1.8127136459e-05    0.0000000000e+00    1.0000000000e+00    0.0000000000e+00
   -1.1033833430e+07    1.9082460144e+07   -6.8309530524e+07   -3.4637640231e+02    2.1616322893e+02   -1.3390858105e+03    2.3225070000e+19    1.8127136459e-05    0.0000000000e+00    1.0000000000e+00    0.0000000000e+00
    6.5644212701e+05   -4.2815316820e+07    5.5172078743e+07   -1.9205290929e+02   -1.0142778142e+03    9.4673328489e+02    2.3169180000e+19    1.8083514388e-05    0.0000000000e+00    1.0000000000e+00    0.0000000000e+00
    3.4484462206e+07   -7.0467338558e+07    4.8762747828e+07    6.4889355006e+02   -1.8216583696e+03    1.1317160253e+03    2.3169180000e+19    1.8083514388e-05    0.0000000000e+00    1.0000000000e+00    0.0000000000e+00
    9.2642507513e+07   -8.7191748797e+07    9.5051736845e+06    2.3893902413e+03   -2.4670796303e+03    2.5342796086e+02    2.3113320000e+19    1.8039915732e-05    0.0000000000e+00    1.0000000000e+00    0.0000000000e+00
    7.6676647963e+07   -7.2622230899e+07   -8.7502465439e+07    2.0020953497e+03   -2.1173541238e+03   -2.3814468887e+03    2.3113320000e+19    1.8039915732e-05    0.0000000000e+00    1.0000000000e+00    0.0000000000e+00
   -8.7895524950e+06   -2.5467472161e+07    3.4076682687e+07   -3.1541172465e+02   -3.2915651249e+02   -1.2038427268e+02    2.3085400000e+19    1.8018124209e-05    0.0000000000e+00    1.0000000000e+00    0.0000000000e+00
    1.7659345076e+07   -4.8164600934e+07    8.2178203041e+07    2.7459076513e+02   -1.3204781786e+03    1.9732252418e+03    2.3085400000e+19    1.8018124209e-05    0.0000000000e+00    1.0000000000e+00    0.0000000000e+00
    5.6497294108e+07   -1.0922538597e+08    5.7360007698e+07    1.4034947199e+03   -3.1108409868e+03    1.5563328567e+03    2.3057500000e+19    1.7996348296e-05    0.0000000000e+00    1.0000000000e+00    0.0000000000e+00
    7.9077943023e+07   -9.0664472704e+07    3.5297862483e+07    1.9986745588e+03   -2.5574437847e+03    9.3936407391e+02    2.3057500000e+19    1.7996348296e-05    0.0000000000e+00    1.0000000000e+00    0.0000000000e+00
    8.8071357416e+06   -3.1496921235e+07   -5.5797775437e+07   -3.1834163115e+01   -7.5293914211e+02   -8.9339624310e+02    2.3057500000e+19    1.7996348296e-05    0.0000000000e+00    1.0000000000e+00    0.0000000000e+00
   -7.8526372183e+06   -1.7151256385e+07   -1.1382485626e+07    1.2089310496e+00    7.0182396088e+02    1.3249527392e+03    2.3057500000e+19    1.7996348296e-05    0.0000000000e+00    1.0000000000e+00    0.0000000000e+00
    2.2447051599e+07   -7.1775814336e+07    9.4850641303e+07    4.5091675384e+02   -2.0376202064e+03    2.4998641747e+03    2.3029600000e+19    1.7974572383e-05    0.0000000000e+00    1.0000000000e+00    0.0000000000e+00
    4.8398535671e+07   -6.6584590442e+07    3.0641449970e+07    9.5671236998e+02   -1.6853727098e+03    6.9490427190e+02    2.3029600000e+19    1.7974572383e-05    0.0000000000e+00    1.0000000000e+00    0.0000000000e+00
    7.6344169110e+07   -7.0588024808e+07    4.1418754457e+07    1.8560716624e+03   -1.9599079498e+03    1.0697194947e+03    2.3001700000e+19    1.7952796469e-05    0.0000000000e+00    1.0000000000e+00    0.0000000000e+00
    5.7049354253e+07   -6.7245180114e+07   -3.5056466861e+06    1.1670902426e+03   -1.7038900497e+03   -9.0933499199e+01    2.3001700000e+19    1.7952796469e-05    0.0000000000e+00    1.0000000000e+00    0.0000000000e+00
    7.4741861782e+07   -1.0856445974e+08   -3.4470970291e+07    1.9252847738e+03   -3.0932174503e+03   -9.4673107736e+02    2.3001700000e+19    1.7952796469e-05    0.0000000000e+00    1.0000000000e+00    0.0000000000e+00
    6.4613874909e+07   -4.3119484850e+07   -6.8928078618e+07    1.5310802215e+03   -1.2034382043e+03   -1.7396093095e+03    2.3001700000e+19    1.7952796469e-05    0.0000000000e+00    1.0000000000e+00    0.0000000000e+00
    1.3223975557e+07   -6.8096819220e+07   -4.1733475750e+07    6.7128524903e+01   -1.6297403016e+03   -8.4383937320e+02    2.3001700000e+19    1.7952796469e-05    0.0000000000e+00    1.0000000000e+00    0.0000000000e+00
    2.6948413857e+07   -2.5038480737e+07   -5.3257754216e+07    3.3395997694e+02   -6.1408788433e+02   -8.9273643300e+02    2.3001700000e+19    1.7952796469e-05    0.0000000000e+00    1.0000000000e+00    0.0000000000e+00
    7.4328876554e+07   -1.1208234108e+08   -1.7021808731e+07    1.9036080553e+03   -3.1874407441e+03   -4.6249623949e+02    2.2945940000e+19    1.7909275863e-05    0.0000000000e+00    1.0000000000e+00    0.0000000000e+00
   -1.5299210615e+06   -3.6637027956e+07   -1.8830332918e+07   -4.0407243124e+02   -1.6575648098e+02    2.1605765146e+02    2.2945940000e+19    1.7909275863e-05    0.0000000000e+00    1.0000000000e+00    0.0000000000e+00
    3.9445019917e+07   -5.9263224640e+07    5.3540987848e+07    7.7222227080e+02   -1.5410579320e+03    1.2118835830e+03    2.2890210000e+19    1.7865778672e-05    0.0000000000e+00    1.0000000000e+00    0.0000000000e+00
   -1.4518417391e+06   -6.7198610395e+07    2.4172944453e+06   -3.6660782048e+02   -1.2979038096e+03   -1.8123347165e+01    2.2890210000e+19    1.7865778672e-05    0.0000000000e+00    1.0000000000e+00    0.0000000000e+00
    3.0672885509e+07   -1.9823752140e+07    1.0071492430e+08    6.6840684756e+02   -6.3492653571e+02    2.5636733462e+03    2.2890210000e+19    1.7865778672e-05    0.0000000000e+00    1.0000000000e+00    0.0000000000e+00
    4.7990763137e+07   -5.2810701719e+07    9.8701672772e+07    1.1633944074e+03   -1.5437890334e+03    2.6025169825e+03    2.2890210000e+19    1.7865778672e-05    0.0000000000e+00    1.0000000000e+00    0.0000000000e+00
    6.0761113343e+07   -9.7473600704e+07    3.8060757565e+07    1.4683955797e+03   -2.7149449265e+03    1.0051875200e+03    2.2890210000e+19    1.7865778672e-05    0.0000000000e+00    1.0000000000e+00    0.0000000000e+00
    3.0682025847e+07   -3.8932476322e+07    1.0148220911e+08    6.7656265842e+02   -1.1522827485e+03    2.6233348019e+03    2.2890210000e+19    1.7865778672e-05    0.0000000000e+00    1.0000000000e+00    0.0000000000e+00
    1.0731996056e+08   -9.8691350808e+07   -1.7866683385e+07    2.8792627911e+03   -2.8577937839e+03   -5.0411714514e+02    2.2890210000e+19    1.7865778672e-05    0.0000000000e+00    1.0000000000e+00    0.0000000000e+00
    4.2729439564e+07   -6.3141566003e+07   -4.4567299124e+07    8.2784585870e+02   -1.6055452604e+03   -1.0258852853e+03    2.2890210000e+19    1.7865778672e-05    0.0000000000e+00    1.0000000000e+00    0.0000000000e+00
   -8.8712832275e+06   -3.0484127432e+07   -3.2527237880e+07   -3.6311724788e+02   -3.7787246816e+02    5.9222355093e+01    2.2890210000e+19    1.7865778672e-05    0.0000000000e+00    1.0000000000e+00    0.0000000000e+00
   -5.5982099740e+06    6.9591764489e+06   -5.6195317377e+07   -2.4666515602e+02   -9.4913527995e+01   -7.5093280876e+02    2.2890210000e+19    1.7865778672e-05    0.0000000000e+00    1.0000000000e+00    0.0000000000e+00
   -1.0018282592e+07   -2.7250294368e+07    2.9678986867e+07   -3.5402011895e+02   -2.1559548231e+02   -2.2131734562e+02    2.2834500000e+19    1.7822297090e-05    0.0000000000e+00    1.0000000000e+00    0.0000000000e+00
    3.9427800468e+07   -8.2223512791e+07    9.6717794707e+07    9.3955295589e+02   -2.3724951345e+03    2.6015852382e+03    2.2834500000e+19    1.7822297090e-05    0.0000000000e+00    1.0000000000e+00    0.0000000000e+00
    7.3385022249e+07   -7.5156577187e+07    2.9753383919e+07    1.7548537599e+03   -2.0566557720e+03    7.8714525927e+02    2.2834500000e+19    1.7822297090e-05    0.0000000000e+00    1.0000000000e+00    0.0000000000e+00
    9.4655816389e+07   -1.3207275780e+08    1.7907431462e+06    2.5615264013e+03   -3.8530420956e+03    5.0476829632e+01    2.2834500000e+19    1.7822297090e-05    0.0000000000e+00    1.0000000000e+00    0.0000000000e+00
    4.1102830529e+07   -6.3394785574e+07   -9.5485618270e+07    9.6764158648e+02   -1.8235970900e+03   -2.5206907170e+03    2.2834500000e+19    1.7822297090e-05    0.0000000000e+00    1.0000000000e+00    0.0000000000e+00
    1.8236587588e+06   -5.0345593090e+07   -3.6556537581e+07   -2.4000882876e+02   -9.9051025882e+02   -4.5963799342e+02    2.2834500000e+19    1.7822297090e-05    0.0000000000e+00    1.0000000000e+00    0.0000000000e+00
   -7.7265027821e+06    3.9406398302e+06   -5.7986706866e+07   -2.5400159669e+02   -1.5747616326e+02   -8.2300604135e+02    2.2834500000e+19    1.7822297090e-05    0.0000000000e+00    1.0000000000e+00    0.0000000000e+00
    1.4032850809e+07   -2.4337067521e+07    8.2250287036e+07    1.9298114538e+02   -7.3125951744e+02    1.8640680086e+03    2.2806660000e+19    1.7800568007e-05    0.0000000000e+00    1.0000000000e+00    0.0000000000e+00
    5.9740934603e+07   -4.0814403900e+07    8.0205318672e+07    1.4351314622e+03   -1.1753989691e+03    2.0418133373e+03    2.2806660000e+19    1.7800568007e-05    0.0000000000e+00    1.0000000000e+00    0.0000000000e+00
    2.4524154702e+07   -1.0243044650e+08   -1.5827894831e+06    4.0759395803e+02   -2.7084145169e+03   -4.8753998998e+01    2.2806660000e+19    1.7800568007e-05    0.0000000000e+00    1.0000000000e+00    0.0000000000e+00
    1.3580692471e+07   -3.1386044322e+07    1.0561636115e+08    2.3663702741e+02   -9.6491262202e+02    2.6976236214e+03    2.2723160000e+19    1.7735396367e-05    0.0000000000e+00    1.0000000000e+00    0.0000000000e+00
    9.3710566662e+07   -9.0281575044e+07    1.1064109331e+08    2.5673334290e+03   -2.6872483784e+03    3.1233542041e+03    2.2723160000e+19    1.7735396367e-05    0.0000000000e+00    1.0000000000e+00    0.0000000000e+00
    6.7216888278e+07   -1.1827912118e+08    4.8881394758e+07    1.7176773903e+03   -3.3994218995e+03    1.3298629056e+03    2.2639700000e+19    1.7670255948e-05    0.0000000000e+00    1.0000000000e+00    0.0000000000e+00
    5.6046361176e+07   -1.2431320629e+08    2.0666046624e+07    1.3910903995e+03   -3.5315171149e+03    5.6510128159e+02    2.2639700000e+19    1.7670255948e-05    0.0000000000e+00    1.0000000000e+00    0.0000000000e+00
    8.6189177401e+07   -1.1593177751e+08   -5.2568985346e+07    2.2936193390e+03   -3.3722959678e+03   -1.4543752725e+03    2.2639700000e+19    1.7670255948e-05    0.0000000000e+00    1.0000000000e+00    0.0000000000e+00
    3.0322931082e+06   -3.0490225377e+07   -5.9671875001e+07   -1.2845998377e+02   -7.6406025196e+02   -1.0053095083e+03    2.2639700000e+19    1.7670255948e-05    0.0000000000e+00    1.0000000000e+00    0.0000000000e+00
    4.6974331898e+07   -7.1293367743e+07    9.9142468078e+07    1.1534044251e+03   -2.0509474914e+03    2.6908563283e+03    2.2611900000e+19    1.7648558084e-05    0.0000000000e+00    1.0000000000e+00    0.0000000000e+00
   -1.2249542845e+05   -7.4245954154e+07   -1.9046813632e+07   -2.9972867822e+02   -1.6342816668e+03   -3.7150680527e+02    2.2611900000e+19    1.7648558084e-05    0.0000000000e+00    1.0000000000e+00    0.0000000000e+00
    1.9637136800e+07   -1.4084065320e+06    1.0517366443e+08    4.0562112590e+02   -1.6691641597e+02    2.6756144919e+03    2.2556290000e+19    1.7605154553e-05    0.0000000000e+00    1.0000000000e+00    0.0000000000e+00
    8.8511913752e+07   -7.4852568179e+07    8.6383939558e+07    2.3563512264e+03   -2.2002177885e+03    2.3738129368e+03    2.2556290000e+19    1.7605154553e-05    0.0000000000e+00    1.0000000000e+00    0.0000000000e+00
    1.0140775531e+08   -1.2532751937e+08   -3.0533012221e+07    2.7448241465e+03   -3.6624490298e+03   -8.4896715331e+02    2.2556290000e+19    1.7605154553e-05    0.0000000000e+00    1.0000000000e+00    0.0000000000e+00
    1.7014090512e+07   -9.0296797923e+07   -3.4676916560e+07    1.9787347065e+02   -2.3340805913e+03   -8.2152479918e+02    2.2556290000e+19    1.7605154553e-05    0.0000000000e+00    1.0000000000e+00    0.0000000000e+00
    9.2257265529e+07   -1.1892250798e+08   -8.1347569115e+07    2.5041287218e+03   -3.4976894493e+03   -2.2986027567e+03    2.2556290000e+19    1.7605154553e-05    0.0000000000e+00    1.0000000000e+00    0.0000000000e+00
    3.5119138407e+06   -6.0222293538e+07   -2.3461648806e+07   -2.3803904718e+02   -1.1601496035e+03   -3.0624010191e+02    2.2556290000e+19    1.7605154553e-05    0.0000000000e+00    1.0000000000e+00    0.0000000000e+00
    7.2054678693e+07   -1.2603175455e+08   -4.7023814041e+07    1.8758068949e+03   -3.6456965846e+03   -1.3090199337e+03    2.2472910000e+19    1.7540076573e-05    0.0000000000e+00    1.0000000000e+00    0.0000000000e+00
    5.1336204695e+07   -9.5651437643e+07   -6.5159417686e+07    1.2234907041e+03   -2.6966948746e+03   -1.7363806374e+03    2.2472910000e+19    1.7540076573e-05    0.0000000000e+00    1.0000000000e+00    0.0000000000e+00
    8.5648365299e+05   -5.3221158982e+07    1.8263692929e+07   -3.3135744769e+02   -8.2131437645e+02    1.1798544244e+02    2.2445130000e+19    1.7518394320e-05    0.0000000000e+00    1.0000000000e+00    0.0000000000e+00
   -1.3486356760e+07    8.7612591343e+06    2.6169634078e+07    2.2720508405e+01   -4.8622729845e+02   -6.3979582380e+02    2.2445130000e+19    1.7518394320e-05    0.0000000000e+00    1.0000000000e+00    0.0000000000e+00
    9.6457657992e+07   -1.1002960478e+08    8.6248445076e+06    2.5525358880e+03   -3.1801814524e+03    2.2850187972e+02    2.2445130000e+19    1.7518394320e-05    0.0000000000e+00    1.0000000000e+00    0.0000000000e+00
    4.2849166877e+07   -3.9184970278e+07   -7.7175696869e+07    9.2282823720e+02   -1.0839979504e+03   -1.8845886010e+03    2.2445130000e+19    1.7518394320e-05    0.0000000000e+00    1.0000000000e+00    0.0000000000e+00
    3.8880235106e+07   -8.8483637423e+07    7.2926751617e+07    8.7816968691e+02   -2.4863009378e+03    1.9007734056e+03    2.2417340000e+19    1.7496704261e-05    0.0000000000e+00    1.0000000000e+00    0.0000000000e+00
   -8.3597674532e+05   -3.4634872403e+07    5.3517403849e+06   -5.3400021697e+02    2.6042024305e+02   -2.2267618913e+02    2.2417340000e+19    1.7496704261e-05    0.0000000000e+00    1.0000000000e+00    0.0000000000e+00
    6.2871799262e+07   -1.1896413471e+08   -1.9565308751e+07    1.5593508415e+03   -3.3716698023e+03   -5.2617746843e+02    2.2417340000e+19    1.7496704261e-05    0.0000000000e+00    1.0000000000e+00    0.0000000000e+00
    4.5663083711e+07   -9.3851748199e+07   -6.4256838233e+07    1.0621492394e+03   -2.6359551136e+03   -1.6745729029e+03    2.2417340000e+19    1.7496704261e-05    0.0000000000e+00    1.0000000000e+00    0.0000000000e+00
   -3.9129419134e+06   -4.0273036862e+06   -1.4678465462e+07    4.8588710701e+01   -4.1580444014e+01    2.2326380361e+03    2.2417340000e+19    1.7496704261e-05    0.0000000000e+00    1.0000000000e+00    0.0000000000e+00
    5.7671929342e+07   -1.0159901132e+08    6.7979779805e+07    1.4381700270e+03   -2.9075054549e+03    1.8288262457e+03    2.2389560000e+19    1.7475022008e-05    0.0000000000e+00    1.0000000000e+00    0.0000000000e+00
   -7.0482102435e+06   -7.5669521942e+06    5.0667607799e+07   -2.7223015117e+02   -3.2500201537e+02    4.5891621226e+02    2.2389560000e+19    1.7475022008e-05    0.0000000000e+00    1.0000000000e+00    0.0000000000e+00
    1.0686564162e+08   -8.4380310690e+07    9.8869791360e+07    2.9414103721e+03   -2.5098442142e+03    2.7874067293e+03    2.2389560000e+19    1.7475022008e-05    0.0000000000e+00    1.0000000000e+00    0.0000000000e+00
    6.7311059926e+07   -1.2599257363e+08    2.4249227428e+07    1.7158692583e+03   -3.6127756292e+03    6.7711335441e+02    2.2389560000e+19    1.7475022008e-05    0.0000000000e+00    1.0000000000e+00    0.0000000000e+00
    1.4085858860e+08   -1.3725578478e+08   -5.3732649335e+07    3.9826232956e+03   -4.0865812249e+03   -1.5486382682e+03    2.2389560000e+19    1.7475022008e-05    0.0000000000e+00    1.0000000000e+00    0.0000000000e+00
    7.4365441555e+07   -1.0463087554e+08   -6.4012870011e+07    1.9331933794e+03   -3.0177945646e+03   -1.7663683763e+03    2.2389560000e+19    1.7475022008e-05    0.0000000000e+00    1.0000000000e+00    0.0000000000e+00
    4.4759024183e+06   -6.4271175665e+07   -7.2775383775e+07   -7.6563447462e+01   -1.7245792002e+03   -1.7107909130e+03    2.2389560000e+19    1.7475022008e-05    0.0000000000e+00    1.0000000000e+00    0.0000000000e+00
   -7.1681341668e+06   -1.2085244226e+07   -6.1296604881e+07   -2.8547537772e+02   -4.2190758456e+02   -9.5645226964e+02    2.2389560000e+19    1.7475022008e-05    0.0000000000e+00    1.0000000000e+00    0.0000000000e+00
    3.9701431685e+05   -2.6558153254e+07   -6.8514426047e+07   -1.4319842391e+02   -7.4804267459e+02   -1.3106736622e+03    2.2389560000e+19    1.7475022008e-05    0.0000000000e+00    1.0000000000e+00    0.0000000000e+00
    6.7870709266e+06   -5.2924250959e+07    4.4938073432e+07   -1.0610147121e+02   -1.1726511311e+03    7.6428242587e+02    2.2334000000e+19    1.7431657501e-05    0.0000000000e+00    1.0000000000e+00    0.0000000000e+00
    7.3831124977e+06   -8.0207291993e+07    3.6499353969e+07   -6.4762880193e+01   -1.9908697806e+03    7.7102318797e+02    2.2334000000e+19    1.7431657501e-05    0.0000000000e+00    1.0000000000e+00    0.0000000000e+00
    2.2135180476e+07   -8.8520905215e+07    4.8530628931e+07    3.4841360097e+02   -2.3474466156e+03    1.1950417144e+03    2.2334000000e+19    1.7431657501e-05    0.0000000000e+00    1.0000000000e+00    0.0000000000e+00
    3.2878804517e+07   -1.0702862291e+08    3.6402272618e+07    6.8512312931e+02   -2.9395838263e+03    9.3380821538e+02    2.2334000000e+19    1.7431657501e-05    0.0000000000e+00    1.0000000000e+00    0.0000000000e+00
    1.3182955926e+08   -1.2204044774e+08    5.3066806480e+07    3.6874901779e+03   -3.6193666385e+03    1.5150471852e+03    2.2334000000e+19    1.7431657501e-05    0.0000000000e+00    1.0000000000e+00    0.0000000000e+00
    6.1386293981e+07   -1.1761506636e+08   -6.2120597809e+06    1.5250458307e+03   -3.3227643776e+03   -1.5990027057e+02    2.2334000000e+19    1.7431657501e-05    0.0000000000e+00    1.0000000000e+00    0.0000000000e+00
    6.3769406086e+07   -4.8679575945e+07   -9.5355604902e+07    1.6209099149e+03   -1.4417655330e+03   -2.5318351780e+03    2.2334000000e+19    1.7431657501e-05    0.0000000000e+00    1.0000000000e+00    0.0000000000e+00
    7.3914543153e+07   -1.3846710244e+08    3.0784993023e+07    1.9357059796e+03   -4.0193888182e+03    8.5295236242e+02    2.2222910000e+19    1.7344951903e-05    0.0000000000e+00    1.0000000000e+00    0.0000000000e+00
    2.2600849877e+07   -7.6022934313e+07   -1.7559036014e+06    2.4776605301e+02   -1.7632593151e+03   -1.8681137864e-01    2.2222910000e+19    1.7344951903e-05    0.0000000000e+00    1.0000000000e+00    0.0000000000e+00
    1.1800377970e+07   -8.6239900660e+07   -4.2449862466e+07    6.4953415919e+01   -2.2208960693e+03   -1.0015114632e+03    2.2222910000e+19    1.7344951903e-05    0.0000000000e+00    1.0000000000e+00    0.0000000000e+00
    4.6030610326e+07   -6.9117612905e+07   -1.1111461097e+08    1.1494781277e+03   -2.0364169232e+03   -3.0214593990e+03    2.2222910000e+19    1.7344951903e-05    0.0000000000e+00    1.0000000000e+00    0.0000000000e+00
    1.1811634259e+08   -1.3251437957e+08   -1.8443620120e+07    3.2659349731e+03   -3.9058214692e+03   -5.3444223643e+02    2.2167360000e+19    1.7301595201e-05    0.0000000000e+00    1.0000000000e+00    0.0000000000e+00
    3.8623485688e+07   -9.8835646003e+07   -1.6029711589e+07    7.9172315828e+02   -2.6464709527e+03   -3.8426090197e+02    2.2167360000e+19    1.7301595201e-05    0.0000000000e+00    1.0000000000e+00    0.0000000000e+00
    1.0721677190e+08   -9.5852341750e+07   -9.3841493930e+07    2.9511282968e+03   -2.8429549125e+03   -2.6557359601e+03    2.2167360000e+19    1.7301595201e-05    0.0000000000e+00    1.0000000000e+00    0.0000000000e+00
    3.0348238457e+07   -8.7104055380e+07   -6.3433154325e+07    6.1533415627e+02   -2.3893594173e+03   -1.6085093640e+03    2.2167360000e+19    1.7301595201e-05    0.0000000000e+00    1.0000000000e+00    0.0000000000e+00
    2.2555097794e+07   -1.8966360875e+07    5.2059324572e+07    1.8225589208e+02   -4.5137750234e+02    7.8274196325e+02    2.2158990000e+19    1.7295062427e-05    0.0000000000e+00    1.0000000000e+00    0.0000000000e+00
    6.3790220656e+06   -3.2647712052e+07   -3.9457300218e+05   -5.7437756652e+02    3.2300817759e+02   -1.1230164071e+02    2.2158990000e+19    1.7295062427e-05    0.0000000000e+00    1.0000000000e+00    0.0000000000e+00
    9.5000342315e+07   -6.6541452350e+07   -1.3755720428e+07    2.4071851122e+03   -1.8599605101e+03   -3.4992207758e+02    2.2158990000e+19    1.7295062427e-05    0.0000000000e+00    1.0000000000e+00    0.0000000000e+00
    3.8235476734e+07   -1.0942791731e+08    3.2511581683e+07    8.3091475661e+02   -3.0244730251e+03    8.2674292020e+02    2.2139590000e+19    1.7279920753e-05    0.0000000000e+00    1.0000000000e+00    0.0000000000e+00
   -4.1229231041e+06   -3.7896038929e+05    3.2153678222e+07   -1.8298619651e+02   -3.1325639933e+02   -5.9410641196e+02    2.2139590000e+19    1.7279920753e-05    0.0000000000e+00    1.0000000000e+00    0.0000000000e+00
    1.0036474897e+08   -9.5853145694e+07    6.4631888198e+07    2.7044840055e+03   -2.8019981920e+03    1.7916096845e+03    2.2139590000e+19    1.7279920753e-05    0.0000000000e+00    1.0000000000e+00    0.0000000000e+00
    1.6820499423e+08   -1.3360838935e+08   -4.0474580448e+07    4.8090650215e+03   -3.9963596248e+03   -1.1820369982e+03    2.2139590000e+19    1.7279920753e-05    0.0000000000e+00    1.0000000000e+00    0.0000000000e+00
    9.1668874020e+07   -9.9745501248e+07   -6.1028205433e+07    2.4348771249e+03   -2.9002824665e+03   -1.6863901067e+03    2.2139590000e+19    1.7279920753e-05    0.0000000000e+00    1.0000000000e+00    0.0000000000e+00
    1.2929974500e+07   -1.3656514959e+07   -4.8479876777e+07   -2.0025092475e+01   -3.5417266847e+02   -4.8021932302e+02    2.2139590000e+19    1.7279920753e-05    0.0000000000e+00    1.0000000000e+00    0.0000000000e+00
    1.4465441571e+07   -2.9584389036e+07   -8.2017739262e+06   -5.9448540549e+02    1.2480231005e+02    1.7460642663e+02    2.2131680000e+19    1.7273747009e-05    0.0000000000e+00    1.0000000000e+00    0.0000000000e+00
    6.1151861559e+07   -1.2799725036e+08   -6.6837304235e+04    1.5200056509e+03   -3.6478746541e+03    1.1391542944e+00    2.2111820000e+19    1.7258246305e-05    0.0000000000e+00    1.0000000000e+00    0.0000000000e+00
    3.3852268000e+07   -8.8479285171e+07   -2.4147829240e+07    6.3451106821e+02   -2.2908059739e+03   -5.9130764823e+02    2.2111820000e+19    1.7258246305e-05    0.0000000000e+00    1.0000000000e+00    0.0000000000e+00
    4.3324176911e+07   -9.4520147478e+07   -7.1560613007e+07    1.0116713122e+03   -2.6774874163e+03   -1.8714391114e+03    2.2111820000e+19    1.7258246305e-05    0.0000000000e+00    1.0000000000e+00    0.0000000000e+00
    3.2062915693e+07   -1.9732378450e+07    3.6529844679e+07    2.2709229359e+02   -4.2551699378e+02    3.5997268281e+02    2.2104540000e+19    1.7252564274e-05    0.0000000000e+00    1.0000000000e+00    0.0000000000e+00
    1.1295689687e+08   -1.0850651795e+08    8.0937429990e+06    3.0669303013e+03   -3.1647623719e+03    2.3454593570e+02    2.2104540000e+19    1.7252564274e-05    0.0000000000e+00    1.0000000000e+00    0.0000000000e+00
    2.5454134201e+07   -1.9091120899e+07    7.9208989683e+07    4.4092906073e+02   -5.6447320202e+02    1.8052679648e+03    2.2084050000e+19    1.7236571856e-05    0.0000000000e+00    1.0000000000e+00    0.0000000000e+00
    5.5992215584e+07   -1.2873743821e+08    3.9489380473e+07    1.4041747050e+03   -3.6913862313e+03    1.0969226087e+03    2.2056280000e+19    1.7214897408e-05    0.0000000000e+00    1.0000000000e+00    0.0000000000e+00
    3.0080906901e+07   -8.6899460894e+07    4.2001569976e+06    4.9370106757e+02   -2.1887605507e+03    9.6284828173e+01    2.2056280000e+19    1.7214897408e-05    0.0000000000e+00    1.0000000000e+00    0.0000000000e+00
    1.1662783930e+08   -5.8964551003e+07    7.4102357157e+07    3.1843240807e+03   -1.7531636196e+03    2.0514560453e+03    2.2050760000e+19    1.7210589055e-05    0.0000000000e+00    1.0000000000e+00    0.0000000000e+00
    6.1010015859e+07   -4.8787685255e+07    3.8756062965e+07    1.2825706655e+03   -1.2676926264e+03    8.8640141752e+02    2.2050760000e+19    1.7210589055e-05    0.0000000000e+00    1.0000000000e+00    0.0000000000e+00
    7.0457011262e+07   -7.4445221756e+07    7.5491107453e+07    1.7744548785e+03   -2.1239664232e+03    2.0420635542e+03    2.2050760000e+19    1.7210589055e-05    0.0000000000e+00    1.0000000000e+00    0.0000000000e+00
    1.2997539127e+08   -1.0252421041e+08    4.3039360667e+07    3.6125525892e+03   -3.0287519980e+03    1.2092273063e+03    2.2050760000e+19    1.7210589055e-05    0.0000000000e+00    1.0000000000e+00    0.0000000000e+00
   -3.3906618878e+06   -4.3716654209e+06   -7.2160501283e+06    3.9869202898e+02    7.0421940760e+02    3.4177589995e+03    2.2050760000e+19    1.7210589055e-05    0.0000000000e+00    1.0000000000e+00    0.0000000000e+00
    9.0768326994e+07   -7.7812504120e+07   -7.4229958242e+07    2.4072493149e+03   -2.2686591740e+03   -2.0283457583e+03    2.2050760000e+19    1.7210589055e-05    0.0000000000e+00    1.0000000000e+00    0.0000000000e+00
    7.6680241108e+07   -4.7525181890e+07   -8.4171642643e+07    1.9670615390e+03   -1.3922030766e+03   -2.2361761489e+03    2.2050760000e+19    1.7210589055e-05    0.0000000000e+00    1.0000000000e+00    0.0000000000e+00
    2.9429292956e+07   -1.0351723010e+08    5.9485160294e+07    6.1762968160e+02   -2.9012472286e+03    1.5361849354e+03    2.2028510000e+19    1.7193222960e-05    0.0000000000e+00    1.0000000000e+00    0.0000000000e+00
    4.6775898334e+07   -1.0844084427e+08   -1.4200583106e+07    1.0567600112e+03   -2.9851892753e+03   -3.7675691305e+02    2.2028510000e+19    1.7193222960e-05    0.0000000000e+00    1.0000000000e+00    0.0000000000e+00
    1.6395140002e+07   -6.8342739457e+07   -4.1008765891e+07    1.3634030156e+02   -1.6597287475e+03   -8.1324419704e+02    2.2028510000e+19    1.7193222960e-05    0.0000000000e+00    1.0000000000e+00    0.0000000000e+00
    9.9314715316e+06   -9.2113332193e+06    3.6559297087e+07   -2.2161794528e+02   -2.0313802210e+02   -1.5802219757e+02    2.2000730000e+19    1.7171540707e-05    0.0000000000e+00    1.0000000000e+00    0.0000000000e+00
    7.2967377232e+07   -4.9172667098e+07    1.0284889109e+08    1.8947952854e+03   -1.4530626292e+03    2.8137079670e+03    2.2000730000e+19    1.7171540707e-05    0.0000000000e+00    1.0000000000e+00    0.0000000000e+00
    1.2762554895e+08   -1.2841506824e+08    3.7661984227e+07    3.5705963115e+03   -3.8028505814e+03    1.0754775650e+03    2.2000730000e+19    1.7171540707e-05    0.0000000000e+00    1.0000000000e+00    0.0000000000e+00
    1.3977963279e+07   -9.1085526555e+07   -2.0685025141e+07    1.0017028888e+02   -2.3055909106e+03   -4.6575651979e+02    2.2000730000e+19    1.7171540707e-05    0.0000000000e+00    1.0000000000e+00    0.0000000000e+00
   -7.3474212278e+06   -6.6871722530e+07   -4.3852446967e+07   -4.3618995586e+02   -1.5580134183e+03   -8.8048893207e+02    2.2000730000e+19    1.7171540707e-05    0.0000000000e+00    1.0000000000e+00    0.0000000000e+00
    4.1820661826e+07   -5.4553418679e+07    7.5290241277e+07    9.0948204795e+02   -1.5036096923e+03    1.8679029862e+03    2.1893210000e+19    1.7087621489e-05    0.0000000000e+00    1.0000000000e+00    0.0000000000e+00
    8.0075883615e+07   -9.7161477389e+07    6.9126076398e+07    2.0945663187e+03   -2.8095375605e+03    1.9154365458e+03    2.1893210000e+19    1.7087621489e-05    0.0000000000e+00    1.0000000000e+00    0.0000000000e+00
    4.6946135636e+06    1.3304258518e+07   -3.6697795329e+07   -1.6249364688e+02   -1.8867183762e+02    9.0471120130e+01    2.1893210000e+19    1.7087621489e-05    0.0000000000e+00    1.0000000000e+00    0.0000000000e+00
    9.9999140616e+07   -6.5078567123e+07   -4.4333873766e+07    2.5977566579e+03   -1.8776658063e+03   -1.1739823492e+03    2.1893210000e+19    1.7087621489e-05    0.0000000000e+00    1.0000000000e+00    0.0000000000e+00
    2.7502850802e+07   -2.8589713169e+07   -9.0054960189e+07    5.4181584020e+02   -8.3683811203e+02   -2.2124599131e+03    2.1893210000e+19    1.7087621489e-05    0.0000000000e+00    1.0000000000e+00    0.0000000000e+00
    7.9380466412e+07   -8.9668335548e+07    9.0944770072e+07    2.0909745043e+03   -2.6182431664e+03    2.5333057853e+03    2.1889620000e+19    1.7084819498e-05    0.0000000000e+00    1.0000000000e+00    0.0000000000e+00
    3.1329873871e+06   -7.7040706448e+07   -1.1687173952e+07   -2.3103448183e+02   -1.7151455348e+03   -2.9025829584e+02    2.1889620000e+19    1.7084819498e-05    0.0000000000e+00    1.0000000000e+00    0.0000000000e+00
    4.5254218275e+07   -1.1677225271e+08   -4.7881986212e+07    1.0706010940e+03   -3.3049914867e+03   -1.2972877915e+03    2.1889620000e+19    1.7084819498e-05    0.0000000000e+00    1.0000000000e+00    0.0000000000e+00
    2.6012268653e+07   -9.4050633588e+07   -5.0995904196e+07    4.8096297841e+02   -2.5542710703e+03   -1.2742076150e+03    2.1889620000e+19    1.7084819498e-05    0.0000000000e+00    1.0000000000e+00    0.0000000000e+00
    3.8024949845e+07   -1.4458737524e+07   -1.1321327884e+08    9.2215880998e+02   -5.1874947801e+02   -2.9933398785e+03    2.1889620000e+19    1.7084819498e-05    0.0000000000e+00    1.0000000000e+00    0.0000000000e+00
    4.8161799755e+07   -2.7948354952e+07    5.2716398816e+07    8.8671483857e+02   -7.4022029040e+02    1.1030647564e+03    2.1841870000e+19    1.7047550686e-05    0.0000000000e+00    1.0000000000e+00    0.0000000000e+00
    5.0911743371e+07   -7.6582272239e+07    8.0635748294e+07    1.2260432849e+03   -2.1897607041e+03    2.1032280809e+03    2.1841870000e+19    1.7047550686e-05    0.0000000000e+00    1.0000000000e+00    0.0000000000e+00
    1.3380794596e+08   -9.3071688675e+07    2.4511594806e+07    3.6936205987e+03   -2.7453643613e+03    6.8198159313e+02    2.1841870000e+19    1.7047550686e-05    0.0000000000e+00    1.0000000000e+00    0.0000000000e+00
    1.1334566012e+08   -7.7541505387e+07    3.1356640085e+07    3.0313774710e+03   -2.2461036281e+03    8.6041171091e+02    2.1841870000e+19    1.7047550686e-05    0.0000000000e+00    1.0000000000e+00    0.0000000000e+00
   -1.9923993525e+06   -4.8322416941e+07    2.7350538550e+07   -3.5409227358e+02   -7.6148423352e+02    2.0430924711e+02    2.1834060000e+19    1.7041454992e-05    0.0000000000e+00    1.0000000000e+00    0.0000000000e+00
    1.0754192451e+07   -6.4942652464e+07    2.5556577692e+07   -6.6300600583e+01   -1.3928474441e+03    3.9469760773e+02    2.1834060000e+19    1.7041454992e-05    0.0000000000e+00    1.0000000000e+00    0.0000000000e+00
   -1.2331983441e+07   -5.6416872515e+07    3.6395514842e+06   -5.8739011753e+02   -8.1435674485e+02   -3.3339188817e+01    2.1834060000e+19    1.7041454992e-05    0.0000000000e+00    1.0000000000e+00    0.0000000000e+00
   -5.8521583175e+06   -7.6959114999e+06   -1.1161499341e+06    1.2814953544e+03    2.1106729620e+03    2.2216378732e+03    2.1834060000e+19    1.7041454992e-05    0.0000000000e+00    1.0000000000e+00    0.0000000000e+00
    1.2601879459e+07   -9.7988874385e+06    2.8400738535e+07   -4.0318246142e+02   -8.0553598732e+01   -4.9441348813e+02    2.1778480000e+19    1.6998074875e-05    0.0000000000e+00    1.0000000000e+00    0.0000000000e+00
    3.3082138244e+07   -3.0926995279e+07    2.6654628909e+07    2.2851445236e+02   -5.6282120585e+02    1.9336714887e+02    2.1778480000e+19    1.6998074875e-05    0.0000000000e+00    1.0000000000e+00    0.0000000000e+00
    3.7101926634e+07   -1.2579542907e+07    5.8513847820e+07    6.0551046718e+02   -3.8870316765e+02    1.1302217251e+03    2.1765900000e+19    1.6988256202e-05    0.0000000000e+00    1.0000000000e+00    0.0000000000e+00
    1.3913511209e+08   -9.7876285325e+07   -7.7242560717e+06    3.8642713128e+03   -2.8893624792e+03   -2.0941428000e+02    2.1765900000e+19    1.6988256202e-05    0.0000000000e+00    1.0000000000e+00    0.0000000000e+00
    2.2926965982e+07    4.8160029121e+06    8.6953626702e+07    4.5758299203e+02   -1.4103497093e+01    2.0480296208e+03    2.1750680000e+19    1.6976377012e-05    0.0000000000e+00    1.0000000000e+00    0.0000000000e+00
    7.3498224039e+07   -3.4848763299e+07    5.3896123385e+07    1.7203325728e+03   -9.6747739772e+02    1.3139471380e+03    2.1750680000e+19    1.6976377012e-05    0.0000000000e+00    1.0000000000e+00    0.0000000000e+00
    6.1057646462e+07   -1.2179811864e+08    7.1144481235e+06    1.5087009207e+03   -3.4555864252e+03    1.8494463058e+02    2.1750680000e+19    1.6976377012e-05    0.0000000000e+00    1.0000000000e+00    0.0000000000e+00
    1.0030464689e+07   -6.6574237386e+07   -5.1220301802e+07    1.3806915452e+01   -1.6655677166e+03   -1.0586182015e+03    2.1750680000e+19    1.6976377012e-05    0.0000000000e+00    1.0000000000e+00    0.0000000000e+00
   -1.9421202735e+06   -8.1283172243e+06   -1.1907024445e+05   -1.2769571925e+03    3.4315106294e+03   -4.1375292976e+02    2.1740840000e+19    1.6968696905e-05    0.0000000000e+00    1.0000000000e+00    0.0000000000e+00
    8.6592521958e+07   -7.4259599502e+07   -2.9725911866e+07    2.1578301696e+03   -2.0880071724e+03   -7.8232204413e+02    2.1740840000e+19    1.6968696905e-05    0.0000000000e+00    1.0000000000e+00    0.0000000000e+00
    8.4954970272e+07   -7.3394055166e+07   -5.4431022309e+07    2.1716564093e+03   -2.0982181065e+03   -1.4387245378e+03    2.1740840000e+19    1.6968696905e-05    0.0000000000e+00    1.0000000000e+00    0.0000000000e+00
    3.9354527636e+07   -3.4015921795e+07   -5.1719011763e+07    6.5936049545e+02   -8.3185695497e+02   -1.0297279769e+03    2.1740840000e+19    1.6968696905e-05    0.0000000000e+00    1.0000000000e+00    0.0000000000e+00
    7.1931269597e+07   -4.4937946299e+07   -6.0395146707e+07    1.7151782950e+03   -1.2628716572e+03   -1.5149666668e+03    2.1740840000e+19    1.6968696905e-05    0.0000000000e+00    1.0000000000e+00    0.0000000000e+00
    6.2967965839e+07   -6.2978132227e+07   -9.4884050742e+07    1.5936247712e+03   -1.8397540364e+03   -2.5504777627e+03    2.1740840000e+19    1.6968696905e-05    0.0000000000e+00    1.0000000000e+00    0.0000000000e+00
   -8.3345817747e+06   -1.0939028192e+07   -8.2599580444e+05    4.0017111332e+02    2.3038529868e+03   -9.1014969369e+02    2.1722880000e+19    1.6954679148e-05    0.0000000000e+00    1.0000000000e+00    0.0000000000e+00
    3.3231175049e+07   -9.5796031880e+07    5.5365845310e+07    6.8081956753e+02   -2.6310378101e+03    1.4273921409e+03    2.1722880000e+19    1.6954679148e-05    0.0000000000e+00    1.0000000000e+00    0.0000000000e+00
    3.5996888523e+07   -1.0527737773e+08    2.9867482857e+07    7.4970958209e+02   -2.8776532635e+03    7.5593328055e+02    2.1722880000e+19    1.6954679148e-05    0.0000000000e+00    1.0000000000e+00    0.0000000000e+00
    4.9952590077e+07   -1.1355383350e+08    1.1011020061e+07    1.1715860234e+03   -3.1632405459e+03    2.7307847997e+02    2.1722880000e+19    1.6954679148e-05    0.0000000000e+00    1.0000000000e+00    0.0000000000e+00
    3.4760236717e+07   -7.0209359102e+07    1.1691247972e+07    5.3947926022e+02   -1.6516132441e+03    2.4087448980e+02    2.1722880000e+19    1.6954679148e-05    0.0000000000e+00    1.0000000000e+00    0.0000000000e+00
   -9.9993477726e+06   -3.3973290174e+07   -2.8184525760e+07   -3.7387380423e+02   -3.8048831129e+02    1.3522715820e+02    2.1722880000e+19    1.6954679148e-05    0.0000000000e+00    1.0000000000e+00    0.0000000000e+00
   -1.2857677618e+07   -4.0381044556e+07   -3.9153697447e+07   -4.6706400641e+02   -7.4349103924e+02   -3.6587004728e+02    2.1722880000e+19    1.6954679148e-05    0.0000000000e+00    1.0000000000e+00    0.0000000000e+00
   -7.2559740139e+06   -3.3682273235e+07   -5.7263088033e+07   -3.3447156063e+02   -8.2852604832e+02   -9.1814208262e+02    2.1722880000e+19    1.6954679148e-05    0.0000000000e+00    1.0000000000e+00    0.0000000000e+00
    3.5893682816e+07   -1.2893583485e+07    6.9505927165e+07    6.8495371337e+02   -4.2747818231e+02    1.4893472856e+03    2.1715910000e+19    1.6949239073e-05    0.0000000000e+00    1.0000000000e+00    0.0000000000e+00
    2.3937911839e+07   -6.1051989938e+07   -1.2771991653e+06    1.6984666179e+02   -1.2102016125e+03   -2.4823543334e+01    2.1715910000e+19    1.6949239073e-05    0.0000000000e+00    1.0000000000e+00    0.0000000000e+00
    1.4228554971e+08   -1.4225874738e+08    3.5966128379e+07    4.0174399756e+03   -4.2315305712e+03    1.0463710039e+03    2.1695080000e+19    1.6932981285e-05    0.0000000000e+00    1.0000000000e+00    0.0000000000e+00
    9.0665817485e+07   -7.7046240898e+07   -1.0989846580e+08    2.4611014086e+03   -2.2914058546e+03   -3.0887513748e+03    2.1695080000e+19    1.6932981285e-05    0.0000000000e+00    1.0000000000e+00    0.0000000000e+00
    6.6477098866e+07   -9.3137005140e+07   -3.9490517871e+07    1.6339885804e+03   -2.6042342942e+03   -1.0373931960e+03    2.1691100000e+19    1.6929874900e-05    0.0000000000e+00    1.0000000000e+00    0.0000000000e+00
   -4.6976083235e+06   -2.1997213783e+07   -7.4121631879e+06   -4.7489672201e+02    1.0485592776e+03    6.7746490735e+02    2.1691100000e+19    1.6929874900e-05    0.0000000000e+00    1.0000000000e+00    0.0000000000e+00
    7.9900720163e+07   -8.3919602476e+07    1.4451339741e+08    2.1941178325e+03   -2.5249796646e+03    4.1396731539e+03    2.1641870000e+19    1.6891450950e-05    0.0000000000e+00    1.0000000000e+00    0.0000000000e+00
    1.2748571233e+08   -1.1279014804e+08    2.4457499903e+06    3.5192834478e+03   -3.3180165687e+03    5.6524314380e+01    2.1641870000e+19    1.6891450950e-05    0.0000000000e+00    1.0000000000e+00    0.0000000000e+00
    1.0454136993e+08   -1.0189786247e+08   -3.5086820829e+07    2.8065115991e+03   -2.9627130735e+03   -9.6916451710e+02    2.1639460000e+19    1.6889569949e-05    0.0000000000e+00    1.0000000000e+00    0.0000000000e+00
    1.4851141623e+07   -8.3372963269e+07   -3.4801473176e+07    1.1945852134e+02   -2.1007818489e+03   -7.8035283313e+02    2.1639460000e+19    1.6889569949e-05    0.0000000000e+00    1.0000000000e+00    0.0000000000e+00
   -1.6514927684e+07   -3.6265405757e+07    6.3056528249e+07   -5.6933736313e+02   -9.1498812582e+02    1.1814585161e+03    2.1611640000e+19    1.6867856475e-05    0.0000000000e+00    1.0000000000e+00    0.0000000000e+00
   -8.0503444144e+06   -3.1791089248e+07    2.7847735892e+07   -3.7049013671e+02   -2.8428040281e+02   -1.8590455541e+02    2.1611640000e+19    1.6867856475e-05    0.0000000000e+00    1.0000000000e+00    0.0000000000e+00
    6.0281667959e+07   -6.5548696740e+07    6.7511870154e+07    1.4360110964e+03   -1.8361084783e+03    1.7390375910e+03    2.1611640000e+19    1.6867856475e-05    0.0000000000e+00    1.0000000000e+00    0.0000000000e+00
    6.9862163810e+06   -5.5217745697e+06    3.0873499565e+07   -3.4521310075e+02   -1.9471058629e+02   -5.7121915181e+02    2.1593110000e+19    1.6853393835e-05    0.0000000000e+00    1.0000000000e+00    0.0000000000e+00
    1.3796177697e+08   -1.1650252229e+08    8.8769756471e+07    3.8959526367e+03   -3.4826396001e+03    2.5575821027e+03    2.1593110000e+19    1.6853393835e-05    0.0000000000e+00    1.0000000000e+00    0.0000000000e+00
   -8.2576031529e+05   -8.0763760675e+06    4.7238777704e+06   -9.0167977572e+02    2.3906942223e+03   -2.2349228293e+03    2.1593110000e+19    1.6853393835e-05    0.0000000000e+00    1.0000000000e+00    0.0000000000e+00
    7.0518434818e+07   -7.1257562242e+07   -2.9813573057e+07    1.6415629116e+03   -1.9435027709e+03   -7.3196979834e+02    2.1593110000e+19    1.6853393835e-05    0.0000000000e+00    1.0000000000e+00    0.0000000000e+00
    1.1663860973e+08   -9.0848114729e+07   -4.4855460366e+07    3.1680648425e+03   -2.6629682354e+03   -1.2433648030e+03    2.1593110000e+19    1.6853393835e-05    0.0000000000e+00    1.0000000000e+00    0.0000000000e+00
    2.4302668561e+07   -9.8701850708e+06   -7.5236072644e+07    4.2497837917e+02   -3.7331712082e+02   -1.6180056189e+03    2.1593110000e+19    1.6853393835e-05    0.0000000000e+00    1.0000000000e+00    0.0000000000e+00
    1.4415432380e+05   -4.0205333346e+06   -1.0711473934e+07   -6.5414843605e+02    2.7140215195e+02    2.8698602749e+03    2.1593110000e+19    1.6853393835e-05    0.0000000000e+00    1.0000000000e+00    0.0000000000e+00
    9.3738455288e+07   -5.6927394078e+07   -6.9335840012e+07    2.4408287579e+03   -1.6528761485e+03   -1.8770835807e+03    2.1593110000e+19    1.6853393835e-05    0.0000000000e+00    1.0000000000e+00    0.0000000000e+00
    6.5570620703e+07   -3.3936815851e+07   -1.1164498421e+08    1.7002783445e+03   -1.0483521895e+03   -3.0309810373e+03    2.1593110000e+19    1.6853393835e-05    0.0000000000e+00    1.0000000000e+00    0.0000000000e+00
    4.6818434029e+07   -3.5412841828e+07    9.0316227343e+07    1.0951590343e+03   -1.0530558954e+03    2.2879780976e+03    2.1556000000e+19    1.6824429529e-05    0.0000000000e+00    1.0000000000e+00    0.0000000000e+00
    9.6382739079e+07   -1.0538725130e+08    6.8739194824e+07    2.5879715181e+03   -3.0819750056e+03    1.9306029187e+03    2.1556000000e+19    1.6824429529e-05    0.0000000000e+00    1.0000000000e+00    0.0000000000e+00
    3.3378115346e+07   -2.5597485425e+07   -1.1261359064e+08    7.7454106799e+02   -8.0594476484e+02   -2.9747783173e+03    2.1556000000e+19    1.6824429529e-05    0.0000000000e+00    1.0000000000e+00    0.0000000000e+00
   -2.9303404483e+07    2.7582230296e+07   -7.3847081958e+07   -7.8111184695e+02    4.6773598461e+02   -1.6486004850e+03    2.1556000000e+19    1.6824429529e-05    0.0000000000e+00    1.0000000000e+00    0.0000000000e+00
    4.2188487916e+07   -4.2192653945e+07    1.3971377740e+08    1.0838127534e+03   -1.3091773684e+03    3.8824232371e+03    2.1544810000e+19    1.6815695749e-05    0.0000000000e+00    1.0000000000e+00    0.0000000000e+00
    6.2408606979e+07   -6.4436004861e+07    9.9846185937e+06    1.3098349183e+03   -1.6709416279e+03    2.4944615147e+02    2.1544810000e+19    1.6815695749e-05    0.0000000000e+00    1.0000000000e+00    0.0000000000e+00
    1.2219892051e+08   -1.0329341776e+08   -2.3680720191e+07    3.3478850398e+03   -3.0298921491e+03   -6.6656183918e+02    2.1544810000e+19    1.6815695749e-05    0.0000000000e+00    1.0000000000e+00    0.0000000000e+00
