x1	x2	x3	v1	v2	v3	mass	rel_mass	water_fraction
15240917.599324184 172741870.10743222 -8229.34378013745 435.8837700020474 4277.000071605166 -3.0154727361509055 8.461838374599998e+23 0.6621773843238903 0.19624688381641184 
-30647286.871310856 -344395586.6465902 -1252.2896401065095 -880.7560038894982 -8521.230717298593 -0.8323917986796814 4.2060613665999986e+23 0.32914345449938603 0.18522565048443929 
16817182.204 67280609.979 12473520.073 342.29321599 2045.5924659 273.02334749 2.962358e+19 2.3181800278e-05 1.0 
-25797223.174 -157348503.38 -7766974.4494 -689.69185398 -3948.2452476 -178.3870479 2.960884e+19 2.3170265557e-05 1.0 
-15563785.063 -254012440.91 17856915.457 -449.45716858 -6543.7190893 353.20581373 2.957183e+19 2.3141303547e-05 1.0 
-18434325.208 -256128776.76 -21496601.966 -523.29994341 -6599.6659886 -429.94715695 2.949813e+19 2.3083629941e-05 1.0 
-35243460.441 -242390392.69 -44466409.34 -903.31312656 -6181.1028114 -1000.3819416 2.949813e+19 2.3083629941e-05 1.0 
-61178081.9 -166467224.16 -74165933.512 -1553.1003412 -4154.951861 -1756.9146079 2.935207e+19 2.296933134e-05 1.0 
-23685686.915 -272848245.1 -6581429.4691 -648.10725596 -7120.1986208 -122.2406055 2.927967e+19 2.2912675043e-05 1.0 
-46215335.456 -201447827.99 -14589704.874 -1182.0263432 -5106.565605 -355.76204281 2.927967e+19 2.2912675043e-05 1.0 
15404744.657 61978655.986 -4108868.2621 311.95512447 1895.7521227 -78.496373486 2.921951e+19 2.2865597104e-05 1.0 
-60232777.448 -163874132.43 -20699706.081 -1526.8878734 -4107.3105424 -493.10755554 2.920769e+19 2.2856347416e-05 1.0 
-13108135.963 -283326873.58 22478963.62 -430.20959192 -7375.550337 364.58562184 2.917185e+19 2.2828300984e-05 1.0 
-45361920.189 -280569784.86 -9954944.0483 -1061.4764279 -7305.2355424 -147.68830405 2.917185e+19 2.2828300984e-05 1.0 
5022213.3496 63526096.014 56015253.657 74.826443727 1848.9151381 1216.512398 2.898611e+19 2.2682950976e-05 1.0 
-2312241.1678 80128689.779 23686004.631 -69.408290701 2408.9958461 474.78450442 2.895289e+19 2.2656954813e-05 1.0 
3629449.3832 -171021114.49 19660520.994 31.078098099 -4306.4912275 450.83674938 2.892371e+19 2.2634120134e-05 1.0 
-25600190.359 -254788485.06 -1384974.6071 -682.71284317 -6586.9365261 -40.622694516 2.892371e+19 2.2634120134e-05 1.0 
29887049.065 38601635.52 14958624.738 651.90954719 1203.3826628 284.79982371 2.882035e+19 2.2553236228e-05 1.0 
-11622667.121 38544001.74 1656718.7053 -302.21540146 1232.2041037 23.826161589 2.882035e+19 2.2553236228e-05 1.0 
-3942834.8391 44466729.298 2557122.2593 -119.12185097 1402.0865259 64.347414331 2.882035e+19 2.2553236228e-05 1.0 
1345576.4237 -56408530.222 -24072861.581 -5.5190212327 -1312.3896504 -571.18012922 2.882035e+19 2.2553236228e-05 1.0 
-36167615.286 -262396049.82 756194.78885 -916.3494636 -6799.2403197 -32.037095533 2.881877e+19 2.2551999806e-05 1.0 
-22015469.467 -146045941.98 4777582.877 -595.40696928 -3656.2702762 108.97312076 2.881877e+19 2.2551999806e-05 1.0 
-37625307.975 -222667532.49 -39947135.449 -969.7064336 -5663.6424164 -929.21747404 2.878397e+19 2.2524767221e-05 1.0 
-16359419.331 -173893138.17 -94968661.096 -458.87993157 -4346.2127891 -2271.3619011 2.871462e+19 2.2470497688e-05 1.0 
-26436826.101 -160317515.74 -45918218.546 -705.55297322 -4021.3101963 -1109.3191396 2.864562e+19 2.2416502046e-05 1.0 
-32699009.346 -221622182.58 -59032711.687 -854.16483562 -5613.1275392 -1364.0331122 2.864562e+19 2.2416502046e-05 1.0 
-9664484.5252 88418305.071 -29592341.257 -223.49139128 2624.0520866 -554.96850202 2.855666e+19 2.2346886796e-05 1.0 
1340180.837 -208114658.5 31832525.116 -31.180395064 -5274.2930417 717.32838977 2.84406e+19 2.2256064561e-05 1.0 
-17942622.806 -266102873.25 55517186.288 -503.44852259 -6790.8610009 1196.7404807 2.84406e+19 2.2256064561e-05 1.0 
-62925998.543 -152627774.89 5834375.4916 -1593.1439888 -3818.404117 133.90062774 2.84406e+19 2.2256064561e-05 1.0 
3850301.451 -183419318.77 -1299769.7855 28.37459404 -4635.9929059 -31.451929764 2.840671e+19 2.2229544092e-05 1.0 
-33512381.217 55720513.365 21951800.262 -811.17223623 1682.2486828 482.46664848 2.836003e+19 2.2193014867e-05 1.0 
-767000.70046 -266838016.16 -12205963.876 -145.96485976 -6911.3448477 -238.25260041 2.833916e+19 2.2176683142e-05 1.0 
-76845855.706 -113724069.45 42818002.68 -1937.3502532 -2798.8649043 1029.9169694 2.833916e+19 2.2176683142e-05 1.0 
-18271615.846 -189817150.21 -44189858.801 -503.51005182 -4790.6805039 -1028.2104701 2.833916e+19 2.2176683142e-05 1.0 
30385111.453 74613475.081 17393261.657 621.52571828 2232.095547 367.49871703 2.832735e+19 2.2167441279e-05 1.0 
-9430696.0052 49091921.446 -14559367.652 -247.22373764 1522.7013964 -296.97399905 2.832735e+19 2.2167441279e-05 1.0 
-9350820.859 -275491432.13 16540944.059 -339.02146917 -7173.423074 324.43288411 2.830549e+19 2.2150334833e-05 1.0 
-1254180.5209 -219096765.85 8685970.8495 -104.6387788 -5585.2421948 193.5210079 2.830549e+19 2.2150334833e-05 1.0 
-28246447.3 -188144252.16 31499149.595 -745.21107634 -4751.1053195 729.47982114 2.830549e+19 2.2150334833e-05 1.0 
-10600422.366 -276807079.75 -24399184.578 -366.47025332 -7175.5717861 -432.94276394 2.830549e+19 2.2150334833e-05 1.0 
23030340.38 38810554.297 -66299109.764 506.1170546 1169.4434133 -1513.7804939 2.82947e+19 2.2141891167e-05 1.0 
-11372102.152 -133909642.79 -50806587.774 -334.41730392 -3332.9917982 -1207.880075 2.82719e+19 2.2124049129e-05 1.0 
-49448197.025 35139704.727 1817233.669 -1210.0554088 1110.6633957 38.215515106 2.822946e+19 2.2090837896e-05 1.0 
2664866.0263 40428117.363 -88302659.64 12.006730247 1165.7589578 -2020.6185747 2.822946e+19 2.2090837896e-05 1.0 
-16457267.543 -107689574.21 22677022.306 -459.24855823 -2655.3645739 540.96437873 2.820495e+19 2.2071657705e-05 1.0 
-13301129.802 -295897762.63 35181997.176 -434.78707998 -7644.829758 554.23071074 2.817158e+19 2.2045544161e-05 1.0 
-1122604.9374 -232337325.1 -19216360.59 -108.54838615 -5939.8527783 -415.45496592 2.817158e+19 2.2045544161e-05 1.0 
55384150.014 -97357139.758 -72384327.568 1316.8990059 -2396.7317873 -1758.1443829 2.817158e+19 2.2045544161e-05 1.0 
-25165152.073 -101268034.73 63484874.654 -660.40767963 -2479.6835698 1523.0602933 2.813177e+19 2.2014391023e-05 1.0 
-22403392.504 -1123427.5703 -39670057.83 -576.75855543 142.15529945 -955.46045434 2.813177e+19 2.2014391023e-05 1.0 
-10426388.63 40507911.226 -143792243.64 -300.71227069 1096.9248841 -3401.9264093 2.813177e+19 2.2014391023e-05 1.0 
-534216.23707 -133156185.46 30112343.973 -71.134373405 -3318.5965464 700.19898562 2.810505e+19 2.1993481406e-05 1.0 
-4841643.7242 -78616520.777 6472065.8576 -173.8404508 -1898.8377834 159.58640579 2.810505e+19 2.1993481406e-05 1.0 
-51328140.495 -113719988.94 39140895.214 -1313.1279055 -2806.6796958 944.01274888 2.810505e+19 2.1993481406e-05 1.0 
-42460499.625 -242916595.64 48388922.038 -1068.253402 -6171.5735352 1071.4960292 2.810505e+19 2.1993481406e-05 1.0 
16534001.294 76021355.815 68800353.237 331.19622191 2130.8143235 1464.1735248 2.809926e+19 2.1988950468e-05 1.0 
-20368156.923 81084862.513 26103485.347 -464.91922498 2407.9273511 516.64978173 2.809926e+19 2.1988950468e-05 1.0 
-74150222.537 -207383906.76 -78936415.97 -1855.3142567 -5194.1989508 -1873.4532069 2.809926e+19 2.1988950468e-05 1.0 
3948915.0451 -26073019.123 -49862564.924 55.632616637 -530.0246112 -1159.5012817 2.809926e+19 2.1988950468e-05 1.0 
24468426.606 -143855705.01 -22947963.602 544.52821651 -3594.7401346 -541.65456218 2.803881e+19 2.194164559e-05 1.0 
-47334023.833 -105082823.19 -16577215.008 -1215.5083451 -2584.4296453 -410.6173796 2.803881e+19 2.194164559e-05 1.0 
-54833966.327 -250880982.41 67419198.517 -1357.9978323 -6337.4321501 1539.3356926 2.803881e+19 2.194164559e-05 1.0 
-27116339.138 108302298.09 -6196506.0224 -500.81300274 3228.6294108 -68.324936612 2.803429e+19 2.1938108484e-05 1.0 
-18592057.041 -148036260.53 97640408.774 -511.21417693 -3687.0480365 2346.6404659 2.800579e+19 2.1915805936e-05 1.0 
-55568066.345 -254319076.43 -83523786.566 -1392.9490073 -6415.5600444 -1928.6471637 2.800579e+19 2.1915805936e-05 1.0 
2323246.9337 -225684548.68 44971498.818 -15.823998533 -5728.5819901 1012.4326064 2.797283e+19 2.1890013235e-05 1.0 
-63995877.073 -218628411.07 -14493092.338 -1589.7262198 -5545.4830569 -332.30818202 2.796942e+19 2.1887344755e-05 1.0 
-42464758.718 10818506.256 -59259942.217 -1066.9604247 434.95469322 -1384.5108716 2.796942e+19 2.1887344755e-05 1.0 
12081082.681 87451111.681 -24955109.959 200.49676481 2604.494988 -447.47734349 2.796942e+19 2.1887344755e-05 1.0 
-52213381.013 -35792224.586 -86712351.767 -1321.3673702 -792.46641992 -2057.5288924 2.796942e+19 2.1887344755e-05 1.0 
35501010.392 -121907499.15 29459256.516 821.53017227 -3024.1868742 701.48050011 2.790712e+19 2.1838592168e-05 1.0 
21984842.144 -141128180.67 13389000.384 485.32755103 -3528.6931702 323.04260471 2.790712e+19 2.1838592168e-05 1.0 
5070565.345 -39181527.471 27696479.443 75.409874432 -869.3204189 649.70025908 2.790712e+19 2.1838592168e-05 1.0 
2645321.0407 -128787544.84 -19498938.522 7.699509919 -3207.6014532 -470.7832675 2.790712e+19 2.1838592168e-05 1.0 
10495967.018 -155529535.69 -49209206.645 203.71703831 -3886.5470979 -1143.4776217 2.790712e+19 2.1838592168e-05 1.0 
21735315.662 -232565874.39 -61837929.653 452.66912246 -5881.6808289 -1409.7491979 2.790712e+19 2.1838592168e-05 1.0 
-1336060.7924 -246869593.51 -38421913.878 -109.98354296 -6292.1373272 -803.26040698 2.790712e+19 2.1838592168e-05 1.0 
-86834581.909 -259959118.22 -78214703.528 -2134.242054 -6509.8222882 -1797.7125348 2.790712e+19 2.1838592168e-05 1.0 
-5873295.0915 -266039443.88 -60073870.657 -224.88918674 -6755.8082073 -1287.0555489 2.790712e+19 2.1838592168e-05 1.0 
614231.40491 -237285489.56 59113043.146 -63.782957227 -6015.3995968 1329.8856419 2.787436e+19 2.1812955977e-05 1.0 
-13921.322344 101445434.71 61922074.221 -37.235085516 2817.2186872 1186.7730976 2.787226e+19 2.1811312631e-05 1.0 
-38637728.157 48843494.175 44132825.091 -938.7102284 1464.2907598 986.09496362 2.787226e+19 2.1811312631e-05 1.0 
-41160872.514 -295233079.02 29936668.284 -923.7665687 -7654.0259033 485.75512944 2.787226e+19 2.1811312631e-05 1.0 
4667387.5455 -29994117.993 -94799801.732 72.990919529 -650.83758179 -2260.0399063 2.787226e+19 2.1811312631e-05 1.0 
-40295236.888 -121488494.88 -87456212.263 -1034.6372148 -2995.9657415 -2085.6202192 2.787226e+19 2.1811312631e-05 1.0 
10031678.018 -250165803.45 18207577.951 140.33581869 -6418.2877962 376.95094487 2.784167e+19 2.1787374563e-05 1.0 
-2006813.5432 -170617975.33 26584306.434 -105.23658015 -4291.2016952 595.53924269 2.784167e+19 2.1787374563e-05 1.0 
-7078422.018 -275050065.94 68921867.877 -255.36826533 -6981.9628301 1502.6311634 2.784167e+19 2.1787374563e-05 1.0 
-37949493.607 -318140500.01 56704101.767 -909.57556958 -8024.1339769 994.56906707 2.784167e+19 2.1787374563e-05 1.0 
49360749.857 -67279475.734 6495157.6267 1162.8988435 -1611.813921 167.64447861 2.784167e+19 2.1787374563e-05 1.0 
71015937.851 20661960.556 -105060082.53 1675.7480289 609.57718262 -2464.4872716 2.783991e+19 2.1785997283e-05 1.0 
-33113034.373 83343894.949 -42231773.766 -759.31053887 2402.2310888 -865.56124944 2.780759e+19 2.1760705411e-05 1.0 
14609490.713 -159772251.65 -30747044.033 297.30141096 -4011.563384 -721.25106224 2.777648e+19 2.173636042e-05 1.0 
-68847378.226 -109068707.11 -25169662.77 -1737.3924873 -2680.8332841 -620.36873692 2.777648e+19 2.173636042e-05 1.0 
-53157483.36 -306073382.95 45223097.696 -1190.7875631 -7795.321477 811.40157104 2.777528e+19 2.1735421365e-05 1.0 
-98942982.383 -211848882.96 44768359.899 -2445.0626662 -5311.0911427 1052.9025974 2.777528e+19 2.1735421365e-05 1.0 
-16972134.912 -130113918.95 67985368.659 -472.58056227 -3233.1775834 1624.9437674 2.771153e+19 2.1685534087e-05 1.0 
33416974.171 -59522190.191 20987103.049 756.96571957 -1412.8246597 520.11745647 2.771153e+19 2.1685534087e-05 1.0 
-34241384.313 -175621754.88 97299737.878 -881.34482954 -4373.9354728 2313.9800165 2.771153e+19 2.1685534087e-05 1.0 
28921093.606 -156131870.02 -82187209.484 653.43155501 -3901.7054821 -1960.719652 2.771153e+19 2.1685534087e-05 1.0 
-39602101.861 -280292677.23 -90383748.435 -1005.7809213 -7052.1004244 -2039.0266609 2.771153e+19 2.1685534087e-05 1.0 
4511996.7817 -224574876.76 -75517223.786 40.56193682 -5660.4494241 -1737.8806499 2.771153e+19 2.1685534087e-05 1.0 
-47487724.984 -227178943.97 -61470307.681 -1198.6303232 -5741.177004 -1429.6325257 2.771073e+19 2.1684908051e-05 1.0 
-26725483.654 -13489034.401 -57561713.661 -687.75919523 -195.97536478 -1336.3718077 2.771073e+19 2.1684908051e-05 1.0 
16411262.89 -237692700.98 -36373653.487 309.71069668 -6057.0941303 -822.3360135 2.764682e+19 2.1634895565e-05 1.0 
31186374.329 -45239193.429 -107125324.08 711.07417443 -1068.065099 -2579.1526181 2.764682e+19 2.1634895565e-05 1.0 
64859398.024 -74893009.181 -35021428.806 1539.8047458 -1815.08845 -812.96943822 2.764682e+19 2.1634895565e-05 1.0 
-2730971.8378 -71409525.547 -48353641.54 -110.70998457 -1712.7349157 -1151.8941985 2.764682e+19 2.1634895565e-05 1.0 
25477191.58 -23981014.714 -31489997.639 577.27985098 -468.5853491 -748.15241273 2.764682e+19 2.1634895565e-05 1.0 
16768329.205 -270228210.42 -75809560.133 316.28542914 -6815.1429059 -1684.6896535 2.764682e+19 2.1634895565e-05 1.0 
-17466597.544 60515978.628 123663293.95 -462.65804408 1624.7069319 2865.5414698 2.764625e+19 2.1634449514e-05 1.0 
-29535141.052 101189724.14 34543807.712 -634.67917042 2910.5792364 607.5942321 2.764625e+19 2.1634449514e-05 1.0 
-129027301.13 -159118151.31 -10461136.469 -3202.3097786 -3936.5289847 -247.68065721 2.764625e+19 2.1634449514e-05 1.0 
-38186020.289 13434852.256 -23841057.143 -946.94727336 534.64068298 -545.11486382 2.764625e+19 2.1634449514e-05 1.0 
56244758.541 81125378.219 -44198452.136 1209.6121651 2275.0591766 -906.03720304 2.764625e+19 2.1634449514e-05 1.0 
-19292843.39 82664548.866 -75917358.483 -477.69862682 2295.7555312 -1640.9717802 2.764625e+19 2.1634449514e-05 1.0 
9232682.539895657 -289409627.4152593 6326246.796331876 11.010789490369424 -7539.35009402951 78.05113612997039 5.471958e+19 4.2820563041e-05 1.0 
30880571.422 97294289.456 58131200.07 623.00944442 2703.0554551 1134.8371246 2.758184e+19 2.1584045757e-05 1.0 
-34370330.026 20654824.604 12627644.959 -850.99019905 734.74995257 282.40730062 2.758184e+19 2.1584045757e-05 1.0 
20845086.823 26679944.448 -92042367.735 457.84847286 812.5807342 -2146.3128285 2.758184e+19 2.1584045757e-05 1.0 
-36823849.439 -114002481.76 -133798917.08 -951.32638915 -2798.4056041 -3236.6551597 2.758184e+19 2.1584045757e-05 1.0 
23224369.897 -273004939.75 23979674.652 408.53379786 -6994.3905775 448.63777566 2.75502e+19 2.1559286016e-05 1.0 
-7348718.0113 -302068635.68 57962903.948 -288.24068133 -7674.666918 1115.2641924 2.75502e+19 2.1559286016e-05 1.0 
27303559.406 -175669791.57 27140624.649 604.19587652 -4424.2858395 620.90005253 2.75502e+19 2.1559286016e-05 1.0 
21895954.912 -122410133.49 73836314.129 484.98638214 -3032.7111204 1761.9812413 2.75502e+19 2.1559286016e-05 1.0 
-32637281.961 -329775404.69 94759338.683 -825.2209555 -8191.8351872 2064.2691442 2.75502e+19 2.1559286016e-05 1.0 
21344101.81 -9137995.2375 6222882.8236 455.82979294 -78.191281102 178.41567708 2.75502e+19 2.1559286016e-05 1.0 
58875245.267 -30206444.231 3870684.1215 1372.8223269 -654.62916329 104.66369091 2.75502e+19 2.1559286016e-05 1.0 
-90292049.793 -154147308.94 99487733.217 -2264.9690721 -3813.9937971 2397.7304209 2.75502e+19 2.1559286016e-05 1.0 
29057836.576 -66226518.341 -113631947.8 664.84621114 -1596.2479938 -2731.9701861 2.751811e+19 2.153417413e-05 1.0 
-24392579.037 -189540362.79 -122122169.28 -650.54884134 -4729.0227307 -2923.065735 2.751811e+19 2.153417413e-05 1.0 
-41855088.143 108373301.92 11061101.704 -848.48635017 3150.8755791 182.33755406 2.75175e+19 2.1533696777e-05 1.0 
32511129.39 -228271245.37 35238265.199 713.56313784 -5795.1687007 788.65803716 2.748608e+19 2.1509109196e-05 1.0 
-12605424.361 40762911.329 -41511661.724 -355.64577741 1258.3215623 -939.5783931 2.748608e+19 2.1509109196e-05 1.0 
-56682671.375 -187239000.85 31624537.952 -1427.4114785 -4712.2751955 758.18405808 2.748608e+19 2.1509109196e-05 1.0 
-61358819.039 -186013952.43 32940351.454 -1524.7674356 -4663.9286182 771.79185963 2.748535e+19 2.1508537938e-05 1.0 
-42400708.029 65159468.431 -27875151.886 -1000.8132424 1922.6045777 -591.39536107 2.748535e+19 2.1508537938e-05 1.0 
33487382.53 -242703976.23 -28583899.281 708.44827901 -6185.1581678 -627.94757083 2.74541e+19 2.148408339e-05 1.0 
-22398260.918 -269873977.69 -8745431.2616 -592.0123975 -7020.7491621 -128.56579956 2.74541e+19 2.148408339e-05 1.0 
-24084580.857 -321024041.44 -54789070.642 -627.69945703 -8098.1376953 -903.75806701 2.74541e+19 2.148408339e-05 1.0 
-46209.955468 -3132415.9358 89894399.051 -46.425007245 40.468907267 2122.9128921 2.745322e+19 2.148339475e-05 1.0 
-59226212.953 21099817.736 3683359.6663 -1449.0964832 732.3977131 85.47247541 2.745322e+19 2.148339475e-05 1.0 
13883311.66 -41815490.302 153005113.86 290.01788521 -989.13574817 3694.1082958 2.742111e+19 2.1458267213e-05 1.0 
-31939888.871 11794028.198 24934029.135 -801.07379826 490.02721112 564.88170979 2.742111e+19 2.1458267213e-05 1.0 
41339860.866 -171174105.54 89081219.251 958.3766545 -4285.2298682 2127.3202213 2.73903e+19 2.1434156985e-05 1.0 
47153450.892 -46773354.96 -50555243.903 1093.9850115 -1089.5678136 -1209.6512253 2.73903e+19 2.1434156985e-05 1.0 
16226128.213 115461233.19 -78491951.751 306.26642314 3090.3183807 -1567.9368476 2.735693e+19 2.140804344e-05 1.0 
-34218941.495 42523213.782 -89594520.268 -854.22034077 1219.8392734 -2047.4738273 2.735693e+19 2.140804344e-05 1.0 
38446055.519 -93870446.672 44016272.655 890.53468051 -2303.2951745 1055.3408409 2.732672e+19 2.1384402739e-05 1.0 
57509456.848 59997667.108 -8938414.0743 1253.0590974 1750.6841672 -220.20384701 2.732672e+19 2.1384402739e-05 1.0 
15895920.059 -249458420.06 -7014474.3228 274.32746499 -6404.2340552 -153.69176924 2.732672e+19 2.1384402739e-05 1.0 
47915057.842 -183858262.36 -7283790.1494 1104.2726619 -4638.9098828 -168.17685805 2.732672e+19 2.1384402739e-05 1.0 
7900022.6219 -293114768.35 -4644049.0131 -42.202565525 -7644.2193405 4.860407475 2.732672e+19 2.1384402739e-05 1.0 
46255373.085 -198042328.53 -65140793.172 1068.9399989 -4977.7127522 -1518.0560169 2.732672e+19 2.1384402739e-05 1.0 
44795754.271 -79546520.412 -113536464.37 1046.7398703 -1942.1197765 -2718.236895 2.732672e+19 2.1384402739e-05 1.0 
-109170585.38 -345594213.09 -17944764.551 -2477.9050099 -8517.9557556 -347.23401092 2.732672e+19 2.1384402739e-05 1.0 
28654755.654 -216714882.76 37189736.993 621.99644888 -5483.5954869 815.10782008 2.726336e+19 2.1334820654e-05 1.0 
13298837.432 -221589344.82 87762847.215 254.98006435 -5575.4853353 2051.1448026 2.726336e+19 2.1334820654e-05 1.0 
-22451213.523 96787966.493 65791383.302 -528.27143263 2673.6246722 1327.8683812 2.726078e+19 2.1332801687e-05 1.0 
-41804056.292 72856439.997 86310759.571 -1017.2431163 2000.6243429 1924.7832156 2.726078e+19 2.1332801687e-05 1.0 
5680790.5319 -26507614.419 168187321.47 92.607519427 -605.22224531 4045.3932278 2.726078e+19 2.1332801687e-05 1.0 
-48573068.922 89041471.909 38655130.586 -1107.2601414 2527.6871417 769.46474939 2.726078e+19 2.1332801687e-05 1.0 
30030868.141 -23276274.474 16403991.517 676.20353555 -461.29572149 360.58307025 2.726078e+19 2.1332801687e-05 1.0 
-46770553.251 -255172344.47 8881716.6109 -1133.1303989 -6558.5034469 169.42791617 2.726078e+19 2.1332801687e-05 1.0 
-74883760.819 -188789440.48 -61162973.204 -1861.8941556 -4714.8503147 -1465.3633611 2.726078e+19 2.1332801687e-05 1.0 
-43098979.701 -30194477.991 -11146406.467 -1085.8013152 -619.43238293 -254.63648011 2.726078e+19 2.1332801687e-05 1.0 
-52478862.323 75212347.939 -17063607.482 -1214.7768287 2196.0635861 -371.96352314 2.726078e+19 2.1332801687e-05 1.0 
25998929.417 -198004901.56 12833250.547 561.51936038 -5016.2687572 294.55087118 2.723175e+19 2.131008439e-05 1.0 
75437294.214 10193693.808 36408308.147 1755.9797804 379.41716398 842.59692495 2.723175e+19 2.131008439e-05 1.0 
-135415023.75 -257802654.81 64509134.458 -3315.8614044 -6407.0854182 1478.6419666 2.723175e+19 2.131008439e-05 1.0 
76842194.098 47049591.784 12872434.238 1735.2179409 1352.5017676 304.12264251 2.723175e+19 2.131008439e-05 1.0 
11482534.157 -258607725.45 -33087346.796 163.9241352 -6622.3610786 -696.32212788 2.723175e+19 2.131008439e-05 1.0 
44325214.579 -172017786.1 53637699.699 1025.4268536 -4321.4356593 1266.6181564 2.720019e+19 2.1285387253e-05 1.0 
32758144.164 -223642598.8 138580562.57 749.44419967 -5584.6201368 3321.1158874 2.720019e+19 2.1285387253e-05 1.0 
3096461.7674 -252194657.13 101859032.58 6.0289930372 -6326.450002 2350.2516016 2.720019e+19 2.1285387253e-05 1.0 
39092715.616 16043568.426 -33636710.013 863.53139175 560.74347539 -758.09986144 2.720019e+19 2.1285387253e-05 1.0 
19920989.85 42353541.677 146840471.93 436.79385286 1127.9623884 3469.6371608 2.719675e+19 2.1282695296e-05 1.0 
-100576354.86 -111431773.97 122745118.85 -2521.1120424 -2730.5010597 2960.2320907 2.719675e+19 2.1282695296e-05 1.0 
-116457577.43 -130087170.74 101227389.97 -2908.5173399 -3196.9877457 2435.2728636 2.719675e+19 2.1282695296e-05 1.0 
-50560128.741 -9345298.5468 43998235.944 -1260.893341 -80.949667831 1025.0575001 2.719675e+19 2.1282695296e-05 1.0 
-50583722.184 93184619.013 11991038.166 -1117.5991579 2691.6486752 206.5923079 2.719675e+19 2.1282695296e-05 1.0 
-52341401.785 5142329.3613 -35529841.681 -1297.9646568 299.75133622 -808.86380608 2.719675e+19 2.1282695296e-05 1.0 
49633698.607 -143732768.11 10914118.193 1161.6172693 -3596.5364815 252.56481497 2.713723e+19 2.1236118186e-05 1.0 
44658022.682 -180643220.45 -1982023.0492 1030.0530741 -4556.8383364 -55.935089756 2.713723e+19 2.1236118186e-05 1.0 
52665029.833 -62329393.143 67652443.308 1240.7417353 -1495.8924896 1604.2089255 2.713723e+19 2.1236118186e-05 1.0 
101915329.68 -121329997.33 -23298211.059 2452.2539565 -3023.9589916 -564.89717175 2.713723e+19 2.1236118186e-05 1.0 
-106211402.52 -261982141.12 92875026.063 -2619.3701698 -6524.7893981 2169.6593859 2.713723e+19 2.1236118186e-05 1.0 
26946495.906 5991595.14 -46018130.357 601.25350503 308.01655619 -1061.3428418 2.713277e+19 2.1232628033e-05 1.0 
-75573925.21 -81229681.738 -80688137.532 -1898.1258155 -1959.0063299 -1929.3588264 2.713277e+19 2.1232628033e-05 1.0 
-107933597.04 -198403268.6 -63042880.595 -2678.826163 -4950.3034001 -1500.4281683 2.71008e+19 2.1207610052e-05 1.0 
-89767921.455 -267463860.59 -66029562.01 -2173.3774006 -6711.4862521 -1514.2031584 2.71008e+19 2.1207610052e-05 1.0 
-48047549.548 -177369398.46 -122538270.14 -1221.2030755 -4410.920416 -2943.6763195 2.71008e+19 2.1207610052e-05 1.0 
66017164.553 -77184134.261 20175184.704 1555.7583524 -1884.7198609 446.69026968 2.707446e+19 2.1186997803e-05 1.0 
60885873.823 -11125677.596 89517846.863 1429.3959536 -189.97141339 2132.2889895 2.707446e+19 2.1186997803e-05 1.0 
49396938.186 -42799876.105 -58878337.622 1146.7406569 -998.55370833 -1383.2235956 2.707446e+19 2.1186997803e-05 1.0 
33529228.628 -246634144.39 -85339695.535 739.27946839 -6204.8835231 -1972.1128383 2.707446e+19 2.1186997803e-05 1.0 
-39343311.681 -237231414.65 -143936756.01 -1014.8247421 -5905.9685852 -3432.0286681 2.707446e+19 2.1186997803e-05 1.0 
-145456774.96 -362339061.94 -34558674.519 -3501.4697845 -8902.2992448 -767.54196271 2.707446e+19 2.1186997803e-05 1.0 
-35807245.887 46181591.619 143810543.92 -914.11981457 1238.4730243 3388.4905605 2.706884e+19 2.1182599897e-05 1.0 
-32497481.871 69114302.072 57532676.395 -781.27371547 1970.4792323 1219.3523873 2.706884e+19 2.1182599897e-05 1.0 
16745315.075 -260589495.98 2845352.2278 273.72160759 -6710.5294854 58.106968607 2.704314e+19 2.1162488476e-05 1.0 
78469987.662 -138218926.71 15498572.629 1867.3400454 -3457.1115858 377.92300659 2.704314e+19 2.1162488476e-05 1.0 
25156031.927 86308645.897 25582294.324 461.8445294 2533.3840001 468.151914 2.704314e+19 2.1162488476e-05 1.0 
21212104.769 -52865092.12 114295366.54 475.19525343 -1252.1602945 2741.033606 2.704314e+19 2.1162488476e-05 1.0 
83063334.043 5362260.275 -114066601.64 1968.0250104 196.15304181 -2703.2815006 2.704314e+19 2.1162488476e-05 1.0 
-112722875.37 -379617193.74 -7130115.9185 -2617.9363862 -9234.9591525 -149.90126562 2.704314e+19 2.1162488476e-05 1.0 
71469513.8 -13760489.032 74951173.856 1676.8718112 -259.94503377 1751.2084882 2.701188e+19 2.1138026103e-05 1.0 
-56761634.693 -230654286.75 154668899.89 -1440.0875553 -5734.0106616 3698.6662288 2.701188e+19 2.1138026103e-05 1.0 
-53553675.206 -135876052.34 77036434.435 -1365.3530459 -3363.8265342 1857.6573644 2.701188e+19 2.1138026103e-05 1.0 
-46422563.56 -294222383.25 -123526639.55 -1170.9333633 -7325.9652769 -2865.0425591 2.701188e+19 2.1138026103e-05 1.0 
-104259282.44 -66081099.399 155970776.27 -2615.3269327 -1586.8407776 3778.1113027 2.700496e+19 2.1132610888e-05 1.0 
-116255887.1 -193528016.42 74277205.215 -2884.6751893 -4814.280403 1763.6198757 2.700496e+19 2.1132610888e-05 1.0 
-95281604.552 -119745440.78 115645488.84 -2395.9292175 -2949.6265487 2796.8557013 2.700496e+19 2.1132610888e-05 1.0 
-98203609.936 -137803441.07 -1811206.6551 -2443.0281689 -3400.4744668 -63.070262521 2.700496e+19 2.1132610888e-05 1.0 
-57385856.247 60020152.678 -51711607.154 -1375.6351337 1724.5710445 -1133.8081692 2.700496e+19 2.1132610888e-05 1.0 
45511851.711 -117356959.14 -64223839.945 1057.4450749 -2911.4078385 -1521.3619948 2.694948e+19 2.1089195262e-05 1.0 
82671634.196 26294619.322 -74523793.137 1929.2297528 756.46889961 -1722.4823858 2.694948e+19 2.1089195262e-05 1.0 
48499704.068 -227103327.6 -76341812.51 1112.8989511 -5712.7509252 -1775.9042773 2.694948e+19 2.1089195262e-05 1.0 
97764869.16 -115393278.64 -132705528.89 2357.873966 -2859.6827597 -3201.7898188 2.694948e+19 2.1089195262e-05 1.0 
30426875.655 -227225983.6 -11736223.509 649.43730919 -5789.3527554 -257.26297906 2.688727e+19 2.1040513104e-05 1.0 
42995807.235 -171230882.59 -21874347.162 986.5623682 -4312.7327226 -514.7922571 2.688727e+19 2.1040513104e-05 1.0 
37909576.556 -1208796.4623 -18822763.522 840.68541089 105.86140841 -419.01964036 2.688727e+19 2.1040513104e-05 1.0 
35948386.384 55490490.763 35140878.152 764.03710684 1640.4648452 772.79306534 2.688727e+19 2.1040513104e-05 1.0 
-100972379.38 -384376396.2 33398462.417 -2339.8362065 -9385.6736752 701.47247751 2.688727e+19 2.1040513104e-05 1.0 
9153389.3041 -313773910.3 -42251955.638 3.9560268431 -7963.0202802 -674.29866937 2.688727e+19 2.1040513104e-05 1.0 
-77037643.132 14637906.768 -20011987.357 -1892.9623489 544.21380259 -449.82042107 2.687734e+19 2.1032742427e-05 1.0 
21344319.643 103471088.51 -48529932.819 385.68132363 2928.3589709 -880.77300014 2.687734e+19 2.1032742427e-05 1.0 
-48402695.456 29237594.388 -66616180.901 -1195.1713986 901.37084227 -1507.9176604 2.687734e+19 2.1032742427e-05 1.0 
72427679.635 -23548363.137 29497257.954 1696.7762693 -499.4927771 699.1865433 2.685623e+19 2.101622289e-05 1.0 
71195067.161 88191404.024 -76851693.27 1581.0574576 2321.239061 -1681.6208244 2.685623e+19 2.101622289e-05 1.0 
-97480316.089 -361972301.77 6800243.5707 -2132.4954156 -8827.4943781 144.73310036 2.685623e+19 2.101622289e-05 1.0 
59542623.585 9787825.237 -149416279.6 1402.3111084 299.37907464 -3566.9013387 2.685623e+19 2.101622289e-05 1.0 
-123829581.34 -383298303.42 -15212270.244 -2930.268848 -9354.965713 -327.79033374 2.685623e+19 2.101622289e-05 1.0 
24897791.008 -244218140.35 -3599694.3811 494.0551122 -6250.3356798 -43.484163023 2.682523e+19 2.0991963979e-05 1.0 
66140831.236 -157105139.67 84771118.977 1565.222447 -3924.4597626 2014.1217524 2.679428e+19 2.0967744194e-05 1.0 
-90712954.022 -366620649.79 7478762.7177 -1951.1698645 -8884.2790572 120.73520191 2.679428e+19 2.0967744194e-05 1.0 
62717188.116 -147925141.07 -167498616.06 1493.883084 -3671.2683791 -4048.445326 2.679428e+19 2.0967744194e-05 1.0 
-56142343.682 90560017.678 22655374.964 -1265.7377783 2587.8901223 433.43814136 2.678174e+19 2.0957931073e-05 1.0 
-82344126.769 -195314653.31 73560899.476 -2058.6039266 -4886.4576387 1759.1815922 2.678174e+19 2.0957931073e-05 1.0 
-8034332.2133 17595256.025 92746162.652 -241.97037444 591.39410775 2199.7921989 2.678174e+19 2.0957931073e-05 1.0 
-108817394.56 -112496030.18 -54542091.081 -2718.1794389 -2754.5181907 -1315.2383886 2.678174e+19 2.0957931073e-05 1.0 
-84203137.945 -82609606.904 -133562561.3 -2118.4995636 -2001.4873089 -3218.745933 2.678174e+19 2.0957931073e-05 1.0 
-212084.22792 16786485.777 -231814161.21 -47.699008213 453.97295019 -5627.5603047 2.678174e+19 2.0957931073e-05 1.0 
40463094.818 -248900440.92 43001001.174 875.76636605 -6305.9466722 932.69316081 2.676337e+19 2.0943555712e-05 1.0 
12935615.395 26645810.203 77012531.803 251.05016885 819.39185904 1767.0171259 2.676337e+19 2.0943555712e-05 1.0 
60584191.995 -29193471.739 115025125.82 1438.0969694 -659.34224843 2754.5461495 2.676337e+19 2.0943555712e-05 1.0 
88858948.397 -40347286.388 3722293.9252 2109.4890129 -940.72127134 83.401257976 2.676337e+19 2.0943555712e-05 1.0 
-1777418.0925 -195888921.89 129929264.08 -90.886863049 -4887.1469714 3115.5950509 2.676337e+19 2.0943555712e-05 1.0 
73325739.647 -9449177.9525 -15198538.31 1707.7285188 -133.5075568 -351.37411072 2.676337e+19 2.0943555712e-05 1.0 
10400738.282 -114117354.74 -56491836.525 200.20223583 -2820.5555491 -1336.7094171 2.676337e+19 2.0943555712e-05 1.0 
64626559.346 -83387019.148 -63209529.08 1526.6906242 -2040.2979331 -1478.8030562 2.676337e+19 2.0943555712e-05 1.0 
10418561.993 83809365.171 -134783357.14 193.42263675 2171.1917366 -3119.4478359 2.676337e+19 2.0943555712e-05 1.0 
-28863839.158 -244049619.03 -118720652.4 -755.79582659 -6104.1621864 -2798.4772635 2.676337e+19 2.0943555712e-05 1.0 
-103441742.14 -248446683.04 -120566702.53 -2570.8315418 -6168.7696288 -2865.0056712 2.676337e+19 2.0943555712e-05 1.0 
-65547907.793 -252676666.11 60176224.344 -1601.6042707 -6365.2180546 1337.7856571 2.674989e+19 2.0933006998e-05 1.0 
-75594525.413 31454291.545 -52261993.138 -1849.8049733 966.16497176 -1199.4559209 2.674989e+19 2.0933006998e-05 1.0 
88351859.932 -3665014.5106 81338726.744 2094.8846144 -11.106641914 1924.8913989 2.67325e+19 2.0919398531e-05 1.0 
12421842.11 -280638254.63 -13534941.032 118.23667587 -7270.0926919 -244.58318646 2.67325e+19 2.0919398531e-05 1.0 
50524386.732 -165870625.93 -22661198.528 1167.7200712 -4173.1050396 -515.59625524 2.67325e+19 2.0919398531e-05 1.0 
5238767.396 -298540492.94 11733119.357 -128.09254605 -7799.1022966 115.6190736 2.670167e+19 2.0895272652e-05 1.0 
35069182.011 -230405298.0 33063517.997 752.03387997 -5845.078894 726.94203994 2.670167e+19 2.0895272652e-05 1.0 
56951138.751 -110941365.36 211081715.26 1354.8216718 -2745.1863635 5136.3966042 2.670167e+19 2.0895272652e-05 1.0 
-4637285.9175 -198948551.29 195303696.88 -165.5431964 -4942.488369 4726.6407564 2.670167e+19 2.0895272652e-05 1.0 
14736813.167 -252460501.25 9227803.4973 240.2227189 -6487.7634969 176.54763387 2.670167e+19 2.0895272652e-05 1.0 
59681722.932 -178948700.27 14767269.06 1398.0415836 -4507.2254704 327.75729738 2.670167e+19 2.0895272652e-05 1.0 
69220732.028 55164948.63 83957075.815 1589.1540569 1496.1954278 1907.8957709 2.670167e+19 2.0895272652e-05 1.0 
48668772.171 -26146843.124 146665328.97 1139.9696332 -598.15844531 3524.3889519 2.670167e+19 2.0895272652e-05 1.0 
20041420.882 -271520062.9 3143785.0656 317.28200005 -7002.5772147 98.038072573 2.670167e+19 2.0895272652e-05 1.0 
60981506.895 -51285870.007 -18775202.844 1431.5084121 -1207.0109481 -439.95795034 2.670167e+19 2.0895272652e-05 1.0 
56434698.308 66459753.33 -15269289.512 1193.7728762 1904.5838623 -340.05269586 2.670167e+19 2.0895272652e-05 1.0 
-33854014.348 -344331971.55 -59420390.49 -812.34942548 -8489.7851631 -994.74391849 2.670167e+19 2.0895272652e-05 1.0 
-31030581.645 32557133.707 185258604.44 -804.31110246 864.65499619 4441.5307216 2.668622e+19 2.0883182324e-05 1.0 
-44427463.428 68440330.486 58745308.666 -1062.0463574 1945.8642145 1273.860818 2.668622e+19 2.0883182324e-05 1.0 
32513336.998 70525670.687 182951930.88 746.48528259 1805.0586058 4364.0311954 2.668622e+19 2.0883182324e-05 1.0 
-73290362.421 -30811653.378 58298384.54 -1827.3286013 -653.28385574 1375.5201775 2.668622e+19 2.0883182324e-05 1.0 
118996519.49 166606594.23 33557451.566 2602.688476 4084.9741724 685.40333896 2.668622e+19 2.0883182324e-05 1.0 
-86440144.582 -140278744.03 40472043.898 -2168.1075591 -3479.4241258 967.79644168 2.668622e+19 2.0883182324e-05 1.0 
-85786183.825 -220529261.96 -50466673.233 -2103.5051491 -5529.6260808 -1193.9881448 2.668622e+19 2.0883182324e-05 1.0 
-60433225.843 -262163155.94 -6335188.3988 -1425.1885137 -6725.4511312 -132.42879818 2.668622e+19 2.0883182324e-05 1.0 
17407259.238 -102790629.86 -186098022.67 387.25750672 -2531.038997 -4540.2512394 2.668622e+19 2.0883182324e-05 1.0 
-86291255.284 -166248598.14 -156040901.76 -2173.1467175 -4111.0679865 -3775.6579551 2.668622e+19 2.0883182324e-05 1.0 
-77012014.491 21705392.303 -91246733.191 -1906.5866648 667.07065579 -2124.4586344 2.668622e+19 2.0883182324e-05 1.0 
-3053275.0102 94862313.432 -144914832.57 -120.05078652 2441.794397 -3359.8058492 2.668622e+19 2.0883182324e-05 1.0 
-40094484.925 3854336.1474 -162217963.64 -1025.0623228 163.07073925 -3880.842205 2.668622e+19 2.0883182324e-05 1.0 
36917644.73 113220620.39 98242962.194 778.30194779 2942.4222192 2130.3235747 2.664014e+19 2.0847122626e-05 1.0 
-64154212.249 -311484250.78 89597444.389 -1554.1323775 -7753.0354975 1967.4389555 2.664014e+19 2.0847122626e-05 1.0 
-50599112.089 -70865673.877 234449308.91 -1297.091492 -1723.9774487 5722.1614974 2.662259e+19 2.0833388951e-05 1.0 
-104651135.12 -115874310.48 32740327.621 -2601.2403495 -2832.9931306 758.29769438 2.662259e+19 2.0833388951e-05 1.0 
21771685.893 98000218.631 125450482.57 465.86579225 2543.7396032 2864.8607971 2.662259e+19 2.0833388951e-05 1.0 
-77530520.118 -22519336.364 18645474.631 -1925.1581305 -423.48645468 446.38425148 2.662259e+19 2.0833388951e-05 1.0 
48918649.553 -218303262.44 170418297.72 1150.5720532 -5432.1482004 4111.4111432 2.657876e+19 2.0799089981e-05 1.0 
11568835.858 -295879829.08 70937767.039 165.44956516 -7441.3498872 1481.346848 2.657876e+19 2.0799089981e-05 1.0 
5044593.3795 -105563703.18 161092507.51 76.364470277 -2596.4886358 3909.2652684 2.657876e+19 2.0799089981e-05 1.0 
-107965225.38 -329027113.9 47219169.285 -2522.711179 -8141.3329207 982.03116536 2.657876e+19 2.0799089981e-05 1.0 
-121004998.51 -374006251.02 57483065.701 -2901.189948 -9183.7270082 1279.940441 2.657876e+19 2.0799089981e-05 1.0 
39240433.119 94529935.995 -55364732.544 790.22878751 2610.7456427 -1100.5155623 2.657876e+19 2.0799089981e-05 1.0 
-52594201.409 -160467146.41 -74394527.26 -1335.334384 -4003.6082737 -1782.2843987 2.657876e+19 2.0799089981e-05 1.0 
-23684777.076 -140740052.54 -147099918.0 -632.65982056 -3486.2530987 -3542.6887595 2.657876e+19 2.0799089981e-05 1.0 
-162407419.2 -287619305.44 -129143197.67 -4031.0664227 -7118.1436718 -3103.843697 2.657876e+19 2.0799089981e-05 1.0 
20114958.499 153385979.83 98214012.42 394.53352688 3885.1185618 2011.5245541 2.655898e+19 2.078361123e-05 1.0 
-84290298.531 2567328.7049 18013155.501 -2073.0921183 228.10814642 407.98864083 2.655898e+19 2.078361123e-05 1.0 
58281114.158 -153202298.3 48670742.791 1366.6008099 -3833.8323527 1131.8466584 2.651754e+19 2.0751182543e-05 1.0 
92941792.24 -72081818.583 170455382.93 2240.1434581 -1774.9155698 4131.5793643 2.651754e+19 2.0751182543e-05 1.0 
-23107581.876 -300287226.44 139080934.69 -612.28493964 -7458.0083527 3255.5379465 2.651754e+19 2.0751182543e-05 1.0 
77269371.117 -94521986.543 14197085.873 1836.4100601 -2333.6234474 321.69842794 2.651754e+19 2.0751182543e-05 1.0 
36482819.105 -123340903.4 132820183.88 845.63269489 -3054.3047642 3189.5952148 2.651754e+19 2.0751182543e-05 1.0 
91588845.627 -30117864.291 -67896429.063 2181.8905209 -693.20588466 -1609.0549019 2.651754e+19 2.0751182543e-05 1.0 
59926832.439 85711590.175 -15333713.186 1222.705481 2412.3340832 -263.11950211 2.651754e+19 2.0751182543e-05 1.0 
-97654676.674 -242960730.41 2924423.3669 -2359.4111108 -6120.6623635 63.088694154 2.651754e+19 2.0751182543e-05 1.0 
37765127.663 -216353930.77 -89623088.675 854.02341745 -5427.6740906 -2089.9438569 2.651754e+19 2.0751182543e-05 1.0 
-21571301.622 -187245798.99 -190791087.61 -583.57796071 -4652.1166306 -4621.5375136 2.651754e+19 2.0751182543e-05 1.0 
-110465163.12 -372117029.9 -33373627.822 -2574.8603764 -9086.0367729 -710.01998741 2.651754e+19 2.0751182543e-05 1.0 
41779455.908 106130464.69 28984698.668 766.04756192 3035.4519485 450.64483402 2.649541e+19 2.073386481e-05 1.0 
-87314283.889 -56402797.014 6563890.7698 -2171.8933092 -1303.7763859 161.77025273 2.649541e+19 2.073386481e-05 1.0 
56668549.277 -207462454.95 85966982.153 1321.2703576 -5205.1613408 2022.4665213 2.648699e+19 2.0727275777e-05 1.0 
-10532730.524 -139791731.62 149329696.13 -306.76722517 -3461.1297154 3630.2401125 2.648699e+19 2.0727275777e-05 1.0 
78809339.26 -80353508.359 -58799656.213 1874.8274907 -1970.1499654 -1385.0273173 2.648699e+19 2.0727275777e-05 1.0 
71079553.211 -172722881.64 -65820556.903 1677.8867627 -4325.2384772 -1534.7205978 2.648699e+19 2.0727275777e-05 1.0 
25457904.391 -255393649.48 9199750.4745 485.73191666 -6546.5704988 160.46267486 2.645647e+19 2.0703392487e-05 1.0 
64676515.436 -190063608.03 29931415.713 1520.3478875 -4787.8587614 687.83081852 2.645647e+19 2.0703392487e-05 1.0 
55041591.416 106979.00922 -68828964.609 1267.7528289 112.07361723 -1617.3054625 2.645647e+19 2.0703392487e-05 1.0 
117307359.3 61266070.643 -120108156.71 2785.383338 1559.9107922 -2862.1424633 2.645647e+19 2.0703392487e-05 1.0 
-149019486.47 -394777492.88 34975221.014 -3618.9712894 -9669.3101945 804.45388043 2.645647e+19 2.0703392487e-05 1.0 
23956997.418 -297343889.79 -28616097.873 357.60679457 -7593.9060719 -468.69440761 2.645647e+19 2.0703392487e-05 1.0 
63315005.061 -226597822.83 -141248931.66 1496.8840657 -5648.8123457 -3373.6917006 2.645647e+19 2.0703392487e-05 1.0 
-7037308.4753 99631277.88 -34995169.92 -174.28522269 2919.7068661 -607.3529384 2.643186e+19 2.0684134041e-05 1.0 
-92872591.506 -106844624.69 -103040502.72 -2325.1497464 -2608.5868904 -2474.760938 2.643186e+19 2.0684134041e-05 1.0 
110305345.98 176400448.45 -30923577.957 2354.7140813 4324.2946306 -586.0229094 2.643186e+19 2.0684134041e-05 1.0 
73274440.614 92575517.12 8324399.5603 1518.0709243 2550.5457842 112.12333439 2.642599e+19 2.0679540499e-05 1.0 
-43843900.234 -360885065.14 66451713.709 -1034.8479478 -8821.4583006 1265.4223648 2.642599e+19 2.0679540499e-05 1.0 
-105056182.14 -169432589.94 132697017.89 -2625.996445 -4190.5511271 3195.5317599 2.640009e+19 2.065927257e-05 1.0 
-44237462.866 128193834.69 1849784.9391 -770.38371384 3689.4149738 85.20070038 2.640009e+19 2.065927257e-05 1.0 
-8501273.6932 11526016.976 -117817171.35 -256.08132039 393.85199581 -2777.4043538 2.640009e+19 2.065927257e-05 1.0 
-79363083.956 -228397459.2 -79379475.621 -1965.0119771 -5716.3621494 -1832.5832659 2.640009e+19 2.065927257e-05 1.0 
81901477.791 111335766.47 -129303975.23 1903.1864106 2824.0116913 -2987.5072791 2.640009e+19 2.065927257e-05 1.0 
-62862955.527 -45315535.756 -143633873.16 -1586.8901546 -1068.4273789 -3441.0589222 2.640009e+19 2.065927257e-05 1.0 
100638043.45 -162983422.92 124349941.31 2422.0915679 -4058.2118773 2982.3665309 2.639554e+19 2.0655711988e-05 1.0 
31911419.275 23901990.957 14148235.884 672.27801366 777.18117978 311.1886699 2.639554e+19 2.0655711988e-05 1.0 
57248761.98 172678281.25 74790742.279 1131.3922732 4242.7368835 1416.7387772 2.636833e+19 2.0634418924e-05 1.0 
-54021416.647 74664983.259 9428664.5794 -1246.2533806 2183.8888601 190.56307082 2.636833e+19 2.0634418924e-05 1.0 
-73882751.671 -86932400.625 -41608677.849 -1867.7900959 -2108.2608381 -992.41869094 2.636833e+19 2.0634418924e-05 1.0 
-101734633.96 -67473963.5 -76137647.003 -2534.631293 -1599.3263738 -1812.0608383 2.636833e+19 2.0634418924e-05 1.0 
-111216726.16 -335128918.84 35852649.281 -2573.8897901 -8281.6975832 760.94193137 2.636513e+19 2.0631914778e-05 1.0 
-40639688.041 -227395578.0 -171793923.06 -1046.7917716 -5652.0292833 -4128.2377035 2.636513e+19 2.0631914778e-05 1.0 
100087779.65 114788562.78 145024401.68 2360.2807147 2886.3134929 3405.7117486 2.633658e+19 2.0609573103e-05 1.0 
-78911015.25 8694664.4076 23030692.6 -1943.1359342 384.95354911 512.10374248 2.633658e+19 2.0609573103e-05 1.0 
-53843478.499 -103968734.22 136934978.92 -1376.8498309 -2559.1549404 3313.9473971 2.633658e+19 2.0609573103e-05 1.0 
-117009424.65 -186299075.09 56238941.42 -2895.9703705 -4629.5975468 1362.1932989 2.633658e+19 2.0609573103e-05 1.0 
-59731871.186 86894017.592 14993431.799 -1350.912488 2498.9795397 328.06074215 2.633658e+19 2.0609573103e-05 1.0 
96270535.216 201110010.21 15005293.248 1950.007454 4774.5473559 264.79222398 2.633658e+19 2.0609573103e-05 1.0 
-74189923.803 -181073552.39 -49977982.789 -1850.1596984 -4530.6340941 -1205.5270648 2.633658e+19 2.0609573103e-05 1.0 
-101300639.25 -293648196.14 -79205803.146 -2449.5599703 -7318.5855764 -1820.6259221 2.633658e+19 2.0609573103e-05 1.0 
67694089.69 15898770.853 -49301225.752 1557.4532612 519.25735724 -1150.9997251 2.633476e+19 2.060814887e-05 1.0 
-39228736.191 -57927599.747 99490600.817 -1006.0274039 -1370.1880339 2396.6532893 2.633476e+19 2.060814887e-05 1.0 
-9653969.742 -326445709.51 -76637611.61 -315.22312342 -8118.501683 -1538.7231953 2.633476e+19 2.060814887e-05 1.0 
-93887839.057 -139364680.46 203957802.58 -2362.5090428 -3434.2106471 4969.6945669 2.630483e+19 2.0584727282e-05 1.0 
-101086600.83 -178980689.26 110188082.08 -2521.2307671 -4435.0985676 2643.2453789 2.630483e+19 2.0584727282e-05 1.0 
-59526090.746 60465244.577 -6765462.0963 -1406.5268466 1789.1289602 -145.91546944 2.630483e+19 2.0584727282e-05 1.0 
114164810.05 174909961.04 -1832156.8785 2419.9748549 4231.1858807 -35.134606409 2.630483e+19 2.0584727282e-05 1.0 
87558419.106 26181273.581 22489185.051 2026.4966327 777.84189656 513.42530313 2.630442e+19 2.0584406438e-05 1.0 
-25458713.669 -238269257.9 137875369.51 -670.66153133 -5938.4685294 3284.314374 2.630442e+19 2.0584406438e-05 1.0 
16875161.523 -296737738.98 -21385906.359 175.04194982 -7660.5735442 -341.29590206 2.630442e+19 2.0584406438e-05 1.0 
-642745.29415 -96275872.825 -103182050.58 -64.217888638 -2357.7033204 -2469.6496333 2.630442e+19 2.0584406438e-05 1.0 
107846275.68 -40567937.232 67510203.433 2590.3214374 -958.14406407 1613.9218534 2.627412e+19 2.0560695309e-05 1.0 
-142571617.19 -336667599.73 -116149902.09 -3515.7505261 -8331.534553 -2748.7838697 2.627412e+19 2.0560695309e-05 1.0 
-141734632.62 -323940543.29 -77394498.699 -3452.9114163 -8005.9340243 -1784.3998413 2.627412e+19 2.0560695309e-05 1.0 
-87260329.11 -334926816.79 -68245204.727 -2050.3182914 -8316.5359141 -1460.5697028 2.627308e+19 2.0559881461e-05 1.0 
-97553968.387 -48488157.33 -53292424.736 -2430.7876712 -1110.3578771 -1263.4898335 2.624134e+19 2.0535043466e-05 1.0 
-67249154.705 55470172.468 -21265788.575 -1605.2776195 1632.9615508 -452.34334596 2.624134e+19 2.0535043466e-05 1.0 
-41419528.362 -134154003.16 146005977.66 -1067.1435892 -3312.1109589 3518.2269992 2.621361e+19 2.0513343478e-05 1.0 
103485001.45 76430963.76 15143504.675 2327.3473319 2036.1604416 361.43805083 2.621361e+19 2.0513343478e-05 1.0 
-54702348.435 -163958202.16 -57263431.956 -1381.7679736 -4095.1781096 -1370.8194325 2.621361e+19 2.0513343478e-05 1.0 
65513987.583 -193667295.36 -58287405.501 1538.8412981 -4865.8124847 -1355.7597285 2.621361e+19 2.0513343478e-05 1.0 
34015937.732 52178784.261 -92133738.731 752.42809275 1444.9424903 -2103.9554504 2.621361e+19 2.0513343478e-05 1.0 
-83157470.429 -239370033.35 -83707046.346 -2060.4264981 -5999.7622554 -1959.9860789 2.621361e+19 2.0513343478e-05 1.0 
66632857.627 -78387944.155 -196273514.74 1596.6196861 -1927.2651234 -4770.4551371 2.621361e+19 2.0513343478e-05 1.0 
-113779149.64 -302097102.74 -10407303.131 -2645.8698045 -7526.7958693 -175.05267825 2.621361e+19 2.0513343478e-05 1.0 
-94216561.696 -36504928.748 -21234306.676 -2335.4217281 -789.81941109 -496.72615099 2.620961e+19 2.0510213296e-05 1.0 
-19859126.547 -46784049.556 194824186.1 -536.1479252 -1117.0709145 4737.4784923 2.617787e+19 2.0485375301e-05 1.0 
-56410092.023 -224170849.31 13043348.642 -1375.0383406 -5670.104703 278.73102565 2.617787e+19 2.0485375301e-05 1.0 
-112129862.0 -235065429.49 -77721977.918 -2766.7554871 -5870.7544759 -1835.7105486 2.617787e+19 2.0485375301e-05 1.0 
-13422697.598 157564555.8 -81003193.86 -311.18791783 3986.8180528 -1488.5665043 2.617787e+19 2.0485375301e-05 1.0 
72297499.95 -102660942.31 67217891.906 1716.0506463 -2540.4733836 1587.6276795 2.615323e+19 2.0466093379e-05 1.0 
117039596.58 -16531784.192 110194092.8 2815.1934571 -373.56222564 2628.9283533 2.615323e+19 2.0466093379e-05 1.0 
-4201576.521 -324921827.89 54451156.521 -241.84811831 -8135.2618551 900.17979217 2.615323e+19 2.0466093379e-05 1.0 
75301693.01 18382920.338 28602638.647 1729.9844069 582.63481752 657.7251656 2.615323e+19 2.0466093379e-05 1.0 
-82142269.286 -288587849.23 74667611.466 -1981.715273 -7219.1186724 1640.3729394 2.615323e+19 2.0466093379e-05 1.0 
-61214208.939 53221649.156 100656112.33 -1506.7276817 1461.885786 2309.9021508 2.611442e+19 2.0435722787e-05 1.0 
2885158.5366 114151186.14 126355341.3 16.494225237 2921.565801 2838.0503143 2.611442e+19 2.0435722787e-05 1.0 
-76369886.667 49253231.001 49422171.443 -1847.8900748 1424.5644931 1099.3441308 2.611442e+19 2.0435722787e-05 1.0 
-25567529.826 -142201481.62 86782506.535 -671.89205553 -3527.9571057 2082.9841474 2.611442e+19 2.0435722787e-05 1.0 
-87457563.884 -240637432.8 -23747719.254 -2108.0019996 -6062.9361359 -548.53117736 2.611442e+19 2.0435722787e-05 1.0 
-70462798.327 -223027920.49 -4434376.055 -1742.8324462 -5656.6909147 -111.03086016 2.611442e+19 2.0435722787e-05 1.0 
-88073413.683 -259403470.79 -27670899.823 -2095.2760614 -6538.5387915 -606.43551552 2.611442e+19 2.0435722787e-05 1.0 
77558177.453 130484906.66 -9943015.4981 1425.8600379 3433.684735 -109.75186191 2.611442e+19 2.0435722787e-05 1.0 
-13252042.38 -5998965.3631 -179593253.48 -372.28683534 -87.579219399 -4336.825794 2.611442e+19 2.0435722787e-05 1.0 
-65952224.387 -129673725.48 -165131520.39 -1668.6289231 -3195.5829401 -3991.2358296 2.611442e+19 2.0435722787e-05 1.0 
89082424.554 36964425.862 63459991.68 2070.9627099 1021.3312805 1451.7139143 2.609297e+19 2.0418937185e-05 1.0 
76829520.297 57171356.074 110888780.25 1788.8015527 1503.3760146 2570.847392 2.609297e+19 2.0418937185e-05 1.0 
-38799793.647 -330447049.59 94970130.848 -960.0615339 -8179.3719061 2061.9623802 2.609297e+19 2.0418937185e-05 1.0 
-83604193.426 -261541921.22 -217838732.69 -2104.9757121 -6478.0264797 -5283.2033416 2.609297e+19 2.0418937185e-05 1.0 
-129154484.08 -345082268.91 -43170788.389 -3074.8310211 -8498.0929302 -934.78296975 2.609297e+19 2.0418937185e-05 1.0 
-173765468.44 -334964239.43 27486569.039 -4236.7421875 -8254.2695052 617.62190407 2.606289e+19 2.0395398215e-05 1.0 
50565562.173 -197642042.59 -36973540.555 1162.9854876 -4986.5294608 -854.80632875 2.606289e+19 2.0395398215e-05 1.0 
-111568897.77 -275988297.11 -142102906.84 -2774.1044084 -6847.1032494 -3400.36932 2.606289e+19 2.0395398215e-05 1.0 
18861909.95 -288606800.3 -93954534.649 370.89271265 -7221.3163394 -2101.9246411 2.606289e+19 2.0395398215e-05 1.0 
