x1	x2	x3	v1	v2	v3	mass	rel_mass	water_fraction
343162.64124765946 92186.57374243054 -164239.2008884029 21.304691206248155 -3.2482270696572737 -13.71258772241662 1.1853571590799981e+25 0.9924768797598433 0.1423447970866425 
-173734382.51 -29121385.985 -74846200.846 -4134.8538999 -765.92394228 -1803.2766446 2.739279e+20 2.2935459189e-05 1.0 
-133369565.36 8939736.4073 -87104735.902 -2788.1789615 211.06242152 -1817.5533807 2.722786e+20 2.2797366454e-05 1.0 
137642006.98813054 -19825044.204637535 80314230.49718083 2845.80761844646 -475.55619245063974 1734.939075974258 4.855668e+20 4.0655579533e-05 1.0 
57067655.462 -18341551.604 153333014.76 1311.1756 -439.42593123 3280.7068298 2.624499e+20 2.19744282e-05 1.0 
176648478.76 -37865648.213 -85205903.898 4305.7525426 -996.61972874 -2077.6911705 2.616355e+20 2.1906240046e-05 1.0 
-53599174.734 -18320683.654 -171770830.22 -1229.3730722 -447.62751997 -3962.5526879 2.591957e+20 2.1701960258e-05 1.0 
-98976596.366 -9508573.7386 138053296.89 -2167.7089228 -238.81862842 3040.5285044 2.57572e+20 2.1566010962e-05 1.0 
-165094340.94 -7275171.7588 23057103.195 -3578.5168261 -184.71271282 487.22878703 2.57572e+20 2.1566010962e-05 1.0 
-30239674.459 -6585345.4934 161490549.42 -700.15562617 -167.32449823 3449.7075564 2.551404e+20 2.1362417744e-05 1.0 
7497727.9425 -1192342.0121 180199959.91 141.50428845 -46.35445061 4143.7786097 2.527131e+20 2.1159184558e-05 1.0 
226623970.62 -22677159.436 -4169061.8976 5862.237617 -629.04666379 -131.58669163 2.527131e+20 2.1159184558e-05 1.0 
138128048.64 10517143.889 -92834890.17 2995.2451261 239.76202646 -2011.9250016 2.510969e+20 2.1023863223e-05 1.0 
-165769011.07 7548551.1513 -58305578.241 -3741.8771447 199.75573054 -1293.3832443 2.494822e+20 2.088866748e-05 1.0 
-62772739.105 -12075872.048 143247183.91 -1260.6393657 -291.7656121 2938.3224818 2.478689e+20 2.0753588956e-05 1.0 
-5771446.8643 20862501.429 190958377.95 -111.80687569 534.38574301 4555.4106669 2.478689e+20 2.0753588956e-05 1.0 
-94307900.898 2089123.8311 136233880.3 -2023.3485626 -1.3566180622 2964.5522823 2.478689e+20 2.0753588956e-05 1.0 
73760640.084 -30181942.965 -145825880.69 1564.1840038 -744.53137781 -3157.3159133 2.478689e+20 2.0753588956e-05 1.0 
179355384.64 -15530001.213 -44901010.592 4175.967733 -415.73547666 -1089.7712695 2.462567e+20 2.0618602533e-05 1.0 
119183476.81 -25744854.786 -126492827.41 2678.4091691 -658.27612773 -2846.4047769 2.45451e+20 2.0551142813e-05 1.0 
-134857587.22 -43132481.255 161270882.32 -3393.3536939 -1158.4336251 4056.4891086 2.438403e+20 2.0416281983e-05 1.0 
175466018.36 3198222.0628 38980117.226 4017.4216209 78.547005095 872.69387503 2.438403e+20 2.0416281983e-05 1.0 
197582112.76 -5824850.6702 -63962796.804 4913.6658895 -151.54221371 -1607.7980603 2.438403e+20 2.0416281983e-05 1.0 
-4087656.5996 -8446046.9252 -171671539.35 8.508547454 -217.23939704 -3811.9505592 2.438403e+20 2.0416281983e-05 1.0 
222294805.91 -8241470.6852 47525026.097 5735.419682 -217.63105242 1239.351063 2.430352e+20 2.0348872499e-05 1.0 
-123931470.4 -34981612.292 -130446082.05 -2931.3008692 -879.66596024 -2974.7437375 2.420211e+20 2.0263963846e-05 1.0 
-85492657.6 -9984294.0706 147162576.83 -1856.9257455 -219.8241719 3248.7317076 2.414255e+20 2.0214095397e-05 1.0 
-196583588.53 -39964.937921 72324323.671 -4909.4733494 11.207461511 1788.0992487 2.414255e+20 2.0214095397e-05 1.0 
-140364680.74 12857476.811 -89148802.942 -3104.197887 281.05158219 -1856.1858681 2.382075e+20 1.9944658411e-05 1.0 
41268092.044 -4753766.8245 168168802.25 931.02545869 -104.19711582 3740.5837817 2.365988e+20 1.9809965037e-05 1.0 
-19424319.166 -35346854.85 209912928.7 -526.80575043 -949.58567922 5287.3904946 2.365988e+20 1.9809965037e-05 1.0 
-164028457.07 9547075.3721 50144784.007 -3648.7624211 203.49805848 1069.4037862 2.365988e+20 1.9809965037e-05 1.0 
-41614438.855 -1876784.8623 160188801.53 -863.22492565 -48.916846278 3442.5613866 2.357944e+20 1.9742614163e-05 1.0 
168808741.53 9138482.3784 79062781.816 3974.8060772 224.70546931 1820.0870796 2.357944e+20 1.9742614163e-05 1.0 
58517708.116 -7685944.1236 -170441265.14 1370.1088719 -192.35652769 -3899.5967957 2.357944e+20 1.9742614163e-05 1.0 
-82532474.57 -27164439.631 163154068.02 -1943.1453423 -671.49397787 3775.9570687 2.341856e+20 1.9607912416e-05 1.0 
-148441729.29 1119162.02 100870399.78 -3386.0382383 42.513440878 2299.6450787 2.341856e+20 1.9607912416e-05 1.0 
205391006.09 -32616093.047 56211402.745 5185.133556 -862.63691702 1415.7517375 2.341856e+20 1.9607912416e-05 1.0 
67652851.75 346687.31926 141153410.21 1383.1456953 18.001721732 2875.11188 2.33381e+20 1.9540544797e-05 1.0 
-152720788.0 13096195.852 -45144974.833 -3166.3198841 307.93995581 -995.21391316 2.33381e+20 1.9540544797e-05 1.0 
-110203726.75 -3987498.0981 -132287950.33 -2424.5287112 -77.517510502 -2932.6806643 2.33381e+20 1.9540544797e-05 1.0 
99266241.37 -10568316.684 -121117703.59 2026.6198342 -248.88350566 -2481.6955285 2.33381e+20 1.9540544797e-05 1.0 
-56631755.103 -4963363.6813 -161052317.4 -1315.8752259 -119.76518773 -3527.2266269 2.33381e+20 1.9540544797e-05 1.0 
115110505.38 29917191.95 -114610290.99 2440.7411454 695.49046344 -2473.9139068 2.33381e+20 1.9540544797e-05 1.0 
33168773.409 -804366.48113 -162271994.54 708.4526062 -25.050581443 -3494.601266 2.33381e+20 1.9540544797e-05 1.0 
81292026.212 -82094093.996 -146936063.61 1846.9331999 -2083.4385683 -3426.3746887 2.326971e+20 1.9483283158e-05 1.0 
64259182.403 -15673064.689 162307866.29 1482.7400799 -366.01637511 3623.9623639 2.317717e+20 1.9405801185e-05 1.0 
-247850399.82 8036186.3392 39764015.76 -6637.1634142 223.46941276 1069.1188117 2.317717e+20 1.9405801185e-05 1.0 
-105059894.68 -12292798.883 -139791313.24 -2373.8031677 -302.56332628 -3117.3781684 2.317717e+20 1.9405801185e-05 1.0 
-60747782.53 -28252447.498 -216456217.04 -1576.3122649 -751.85559972 -5575.6493149 2.317717e+20 1.9405801185e-05 1.0 
-9533667.8619 3062562.5679 233199991.5 -273.51519156 102.57283831 6082.1117429 2.309667e+20 1.9338400075e-05 1.0 
122666132.13 -67054067.096 188647642.0 3195.0793022 -1842.9547858 4930.3033957 2.309667e+20 1.9338400075e-05 1.0 
-181742916.68 -3575048.6852 7401961.8939 -4184.105986 -75.542218532 163.54752514 2.309667e+20 1.9338400075e-05 1.0 
-135250183.4 -11322424.504 -113981031.77 -3069.7266216 -266.05238729 -2563.8769892 2.309667e+20 1.9338400075e-05 1.0 
107944157.78 16890540.66 -137879101.71 2388.2203327 396.59168675 -3140.1491012 2.309667e+20 1.9338400075e-05 1.0 
21047052.652 -20523227.565 -155839759.58 452.79971616 -484.75683427 -3210.6646418 2.309667e+20 1.9338400075e-05 1.0 
166287412.06 17227133.698 -44964189.642 3712.0384545 418.21211869 -964.76916133 2.301617e+20 1.9270998964e-05 1.0 
78891738.667 20644897.431 188408799.93 1995.6068271 523.55109346 4649.3482957 2.285508e+20 1.9136121388e-05 1.0 
152774365.82 20798210.804 -80300715.644 3431.5739545 507.35887726 -1757.1994298 2.285508e+20 1.9136121388e-05 1.0 
150422042.65 12801141.366 -116046146.45 3533.2759114 327.49543243 -2781.9019984 2.285508e+20 1.9136121388e-05 1.0 
80486049.276 18199173.406 -152964236.83 1802.2599187 431.88561784 -3415.5962473 2.285508e+20 1.9136121388e-05 1.0 
115590514.33 25137302.741 130883482.96 2630.73261 619.54252503 2942.330693 2.253259e+20 1.8866106679e-05 1.0 
155291423.29 23338960.126 61646222.661 3396.6703072 559.87212615 1311.6021157 2.253259e+20 1.8866106679e-05 1.0 
210664324.85 -36605559.848 -66272589.566 5401.8088229 -994.12862408 -1675.8460143 2.253259e+20 1.8866106679e-05 1.0 
112775064.93 -17329351.99 186080299.96 2907.8897993 -461.75920307 4697.6874669 2.245189e+20 1.8798538112e-05 1.0 
-210524952.99 -4387236.0 63021694.777 -5348.6662701 -103.23648453 1621.0289651 2.245189e+20 1.8798538112e-05 1.0 
-209166392.24 -25823316.37 -17344553.342 -5236.4277851 -679.93068812 -406.58252669 2.245189e+20 1.8798538112e-05 1.0 
-104562150.63 15185607.303 -121410786.44 -2204.22046 358.22703584 -2514.6907656 2.245189e+20 1.8798538112e-05 1.0 
-94383746.222 -14182960.866 -143508755.01 -2110.7348307 -331.48801356 -3171.0312608 2.245189e+20 1.8798538112e-05 1.0 
28945896.011 880591.82964 207482939.71 714.4531676 11.800187648 5177.7405654 2.237114e+20 1.8730927681e-05 1.0 
-50580507.752 -20589889.813 163747331.33 -1182.7418816 -522.88895216 3615.331084 2.237114e+20 1.8730927681e-05 1.0 
27887472.875 -10859986.601 243121249.12 727.54962896 -290.44292901 6437.3175104 2.237114e+20 1.8730927681e-05 1.0 
-198339431.62 -7555104.3308 26933178.624 -4832.1306919 -177.21430171 634.87211076 2.237114e+20 1.8730927681e-05 1.0 
-175553776.58 -10606872.353 -7399468.5037 -3946.5524261 -239.2715658 -180.42253544 2.237114e+20 1.8730927681e-05 1.0 
-169843873.39 -33795387.967 -114144527.07 -4185.7607701 -885.04469598 -2851.5011674 2.237114e+20 1.8730927681e-05 1.0 
-138527685.53 14370050.582 -119544102.63 -3193.0041165 359.77235727 -2786.9705645 2.237114e+20 1.8730927681e-05 1.0 
-135922596.31 -35978057.052 -121083694.91 -3173.1056933 -892.07796025 -2836.6444704 2.237114e+20 1.8730927681e-05 1.0 
-114433763.38 -436936.47015 -126665469.52 -2489.1220136 -27.306202788 -2814.5730486 2.237114e+20 1.8730927681e-05 1.0 
136537280.46 -9340409.8495 -120289926.41 3116.6725047 -219.10341915 -2790.2683734 2.237114e+20 1.8730927681e-05 1.0 
127356312.81 14173753.95 -164244365.94 3146.7940736 379.89314633 -4082.2285253 2.237114e+20 1.8730927681e-05 1.0 
79936090.737 -9763279.708 -151895155.73 1767.438968 -229.37141527 -3343.0672436 2.237114e+20 1.8730927681e-05 1.0 
-7805004.8102 13366860.738 -199733136.93 -199.35346894 344.69601673 -4862.7644719 2.237114e+20 1.8730927681e-05 1.0 
128466803.24 824913.66714 160087799.04 3202.0788466 6.4834883328 3932.1679888 2.229036e+20 1.8663292132e-05 1.0 
25983666.103 -9986972.2477 184858336.9 668.55771054 -230.26523843 4323.1764708 2.229036e+20 1.8663292132e-05 1.0 
167978348.5940351 8173123.283396516 59833313.48498923 3816.206580987016 216.78524279415242 1354.2584552503736 4.049341e+20 3.390435777e-05 1.0 
-159584592.52 -12567072.619 -54005637.805 -3468.3371167 -281.51478196 -1186.921686 2.229036e+20 1.8663292132e-05 1.0 
84410326.21 9294616.6379 194521380.83 2122.2673104 247.71142417 4867.8213571 2.220953e+20 1.8595614719e-05 1.0 
-50704666.865 -25601567.485 166066472.86 -1145.7388649 -587.41252112 3719.431909 2.220953e+20 1.8595614719e-05 1.0 
-147735774.35 -8768770.4285 89363119.762 -3257.0166255 -214.49021736 2017.4106769 2.220953e+20 1.8595614719e-05 1.0 
176653952.73 -11481754.917 -80019372.739 4222.8785362 -285.43436441 -1911.1853725 2.220953e+20 1.8595614719e-05 1.0 
15784585.48 -33556169.004 -184750405.83 462.37975638 -830.63020225 -4351.7765028 2.220953e+20 1.8595614719e-05 1.0 
84133904.183 -64999110.879 141318321.91 1918.6952075 -1567.03117 3148.9469909 2.21486e+20 1.8544599195e-05 1.0 
4213824.9564 -20573108.725 161109260.8 184.32374081 -503.31151903 3436.4793303 2.21486e+20 1.8544599195e-05 1.0 
64583939.781 -4041235.5501 171504868.81 1520.1518256 -103.5584311 3954.7891463 2.204772e+20 1.8460134301e-05 1.0 
-204283970.79 7676834.1428 -94356987.061 -5240.8657371 206.151738 -2459.000632 2.204772e+20 1.8460134301e-05 1.0 
-90412659.747 -9594441.7072 -198048579.69 -2301.0378198 -258.7435105 -5017.502654 2.204772e+20 1.8460134301e-05 1.0 
-6737769.5487 -176931.83865 211129208.97 -142.51523928 5.5123130537 5283.6731435 2.18857e+20 1.8324478053e-05 1.0 
178538847.59 -13104252.08 163252609.04 4719.1229765 -357.31667134 4302.0367251 2.18857e+20 1.8324478053e-05 1.0 
68107470.019 20257309.746 -167903397.67 1535.4351891 493.1978382 -3882.8275519 2.18857e+20 1.8324478053e-05 1.0 
-127265184.91 -37498808.955 116308601.93 -2885.2924635 -922.37510636 2589.1972279 2.172343e+20 1.8188612486e-05 1.0 
-132474020.52 -40050483.769 108416318.6 -2956.8917298 -965.28969815 2453.1827774 2.172343e+20 1.8188612486e-05 1.0 
133695170.34 36534908.906 77428825.457 2711.0874443 855.3976356 1639.6926572 2.172343e+20 1.8188612486e-05 1.0 
191866487.28 12259942.421 96765794.451 4821.3548833 325.53004466 2428.8424819 2.172343e+20 1.8188612486e-05 1.0 
-35367607.152 -43273823.8 -195837927.53 -870.32963591 -1117.5287241 -4798.6066728 2.172343e+20 1.8188612486e-05 1.0 
-150452392.26 -53563464.392 78761328.359 -3366.9853371 -1317.1310528 1861.5221201 2.167918e+20 1.8151562807e-05 1.0 
-171412590.18 -55236520.138 -68371416.538 -4103.6339334 -1412.3935815 -1562.1890495 2.167918e+20 1.8151562807e-05 1.0 
-81187004.281 5976071.5714 144805091.86 -1740.1195972 124.3685152 3113.0491003 2.16422e+20 1.812060016e-05 1.0 
-118203411.91 16347419.579 117893109.53 -2587.1579024 375.48945528 2525.0850606 2.16422e+20 1.812060016e-05 1.0 
78449983.51 -12852883.33 142728335.4 1606.4626617 -303.75174507 3046.4432346 2.16422e+20 1.812060016e-05 1.0 
90906359.966 -7618187.6507 -141312016.04 1961.90375 -143.35594854 -3086.2414523 2.16422e+20 1.812060016e-05 1.0 
-49957997.625 615030.07591 -222153790.87 -1297.0146436 46.490437207 -5728.4867971 2.16422e+20 1.812060016e-05 1.0 
109002437.42 18063181.134 -142737565.74 2510.2842336 417.31947911 -3243.8610289 2.16422e+20 1.812060016e-05 1.0 
93110084.765 16013951.908 159551093.94 2167.0806493 404.0231059 3709.304969 2.156091e+20 1.8052537598e-05 1.0 
193290526.36 1207529.0961 80966879.098 4830.3908235 45.166393685 1980.37992 2.156091e+20 1.8052537598e-05 1.0 
-49465681.69374918 3232850.8472564393 -179741575.62654138 -1118.3559723175254 85.30376279831985 -4208.162060834633 4.2877629999999995e+20 3.5900619578999995e-05 1.0 
51602657.184 11961715.079 177508999.37 1216.7943234 285.17352095 4130.8681636 2.139809e+20 1.7916211526e-05 1.0 
-107799473.73 -13163203.528 196982958.72 -2715.1352836 -344.98020403 5075.497116 2.139809e+20 1.7916211526e-05 1.0 
148117893.95 -45287626.222 54402097.423 3125.0559642 -1060.5049508 1213.4265637 2.139809e+20 1.7916211526e-05 1.0 
-148560933.09 -6767910.6119 -116076108.61 -3464.7464994 -186.35250507 -2771.5891764 2.139809e+20 1.7916211526e-05 1.0 
16609450.862 -46999137.228 234209689.21 437.92561578 -1283.9979611 6139.9322339 2.123495e+20 1.7779617524e-05 1.0 
-155369378.53 26557956.105 35549232.516 -3261.7785227 602.72912636 712.98313945 2.123495e+20 1.7779617524e-05 1.0 
108515580.25 16090219.031 130538250.03 2392.6916585 393.844718 2843.6009063 2.123495e+20 1.7779617524e-05 1.0 
-132371958.01 -35210182.296 94835172.939 -2803.207929 -822.33550421 2084.6703389 2.123495e+20 1.7779617524e-05 1.0 
180722221.35 -24846140.535 89682178.003 4436.9060651 -646.42613067 2160.6453321 2.123495e+20 1.7779617524e-05 1.0 
-177791436.01 -5157666.9601 -84660645.518 -4280.5093403 -104.6355568 -2040.1229491 2.123495e+20 1.7779617524e-05 1.0 
154278670.17 -67383615.615 46382603.483 3425.1566123 -1599.5729073 1014.6955723 2.120755e+20 1.7756676028e-05 1.0 
214681458.99 14470513.256 10239965.236 5394.237378 393.628621 242.05849155 2.115325e+20 1.7711211676e-05 1.0 
98191494.531 25706300.696 -155055798.68 2259.5446007 643.85248401 -3600.71062 2.115325e+20 1.7711211676e-05 1.0 
-22138869.767 -62252438.842 220520699.91 -538.34961292 -1672.7911581 5709.4126545 2.107146e+20 1.7642730473e-05 1.0 
-247661313.6 19605616.321 83297056.162 -6686.7763616 568.89974005 2237.085815 2.107146e+20 1.7642730473e-05 1.0 
182531460.68 -8822985.1599 32225192.119 4277.3029533 -210.71044256 749.85828066 2.101813e+20 1.7598078284e-05 1.0 
-242884722.38 -76697574.46 11865506.974 -6500.4807603 -2120.3991472 331.16876711 2.101813e+20 1.7598078284e-05 1.0 
-125450008.7 21110293.364 111211521.96 -2733.180839 507.39886413 2415.861388 2.09076e+20 1.7505533629e-05 1.0 
-70800929.775 27828894.917 148575600.26 -1469.6765014 651.57828098 3205.3209801 2.09076e+20 1.7505533629e-05 1.0 
-117559772.9 -10695774.662 214932164.87 -3111.1070461 -275.27803462 5678.5110001 2.09076e+20 1.7505533629e-05 1.0 
-153478448.6 8205813.7092 128395246.96 -3741.4135761 216.17847017 3112.3488914 2.09076e+20 1.7505533629e-05 1.0 
56451238.917 -33446177.359 213764406.83 1428.2830657 -902.77388405 5484.4107599 2.09076e+20 1.7505533629e-05 1.0 
-161989897.76 11755290.544 959080.53953 -3414.4270983 252.93584997 14.059343653 2.09076e+20 1.7505533629e-05 1.0 
114443155.85 -7884413.8886 141856238.88 2599.2116579 -173.25611535 3286.1881662 2.09076e+20 1.7505533629e-05 1.0 
-159996526.1 15806872.593 -13945373.452 -3344.9833504 359.6634982 -302.69049933 2.09076e+20 1.7505533629e-05 1.0 
-224422734.76 -13360473.445 9378217.18 -5759.3715072 -354.6676116 245.31319391 2.09076e+20 1.7505533629e-05 1.0 
-184626116.63 16650288.282 -30534382.582 -4324.6392415 446.09796365 -719.46063669 2.09076e+20 1.7505533629e-05 1.0 
180540485.37 27594004.996 22810737.046 4169.7970554 679.69885548 552.74665548 2.09076e+20 1.7505533629e-05 1.0 
247248069.18 -65859151.969 11399543.946 6615.8631356 -1833.8041316 286.99237775 2.09076e+20 1.7505533629e-05 1.0 
-107043110.65 -26288658.936 -118651715.57 -2212.4568517 -602.59581123 -2520.4260909 2.09076e+20 1.7505533629e-05 1.0 
33130845.4 -8291324.0607 -189677402.65 792.53601463 -194.77515629 -4519.2532744 2.09076e+20 1.7505533629e-05 1.0 
109438506.73 12344366.114 -129524418.23 2326.6324805 294.92930729 -2899.7995158 2.09076e+20 1.7505533629e-05 1.0 
34318887.746 7493479.0894 -163996530.29 712.36425484 194.80056547 -3541.5547846 2.09076e+20 1.7505533629e-05 1.0 
17645603.701 -24830231.017 -262331337.04 454.06701125 -681.94091674 -7104.3997682 2.09076e+20 1.7505533629e-05 1.0 
99903954.67407405 -7476364.331852436 -146690740.56404737 2255.196214403554 -182.4518030794278 -3300.2086310449317 3.928618e+20 3.2893567179e-05 1.0 
74420175.847 -49984908.531 185008759.08 1845.9805316 -1289.3505291 4555.9938035 2.082821e+20 1.74390619e-05 1.0 
72106797.523 -29331388.514 -178464477.08 1770.3493539 -745.24950671 -4278.6155366 2.082821e+20 1.74390619e-05 1.0 
182545915.13110915 24799842.323391356 -3349891.764194883 4220.503880957728 617.9351133337237 -52.31688980228404 4.115673e+20 3.4459742920000004e-05 1.0 
180104547.47 11911823.59 -28683045.461 4128.1171413 321.47148511 -660.20425595 2.074332e+20 1.7367985127e-05 1.0 
-144090486.34 -2171809.5668 -176357847.64 -3708.4236648 -56.440366841 -4537.8799147 2.074332e+20 1.7367985127e-05 1.0 
-114787010.73 -17732878.389 -188319489.61 -2908.6640932 -453.37801163 -4806.1558238 2.074332e+20 1.7367985127e-05 1.0 
187387212.51 11008149.888 -109022538.31 4753.9961875 307.00368958 -2731.841787 2.074332e+20 1.7367985127e-05 1.0 
-85573531.822 -28927557.322 -227581696.39 -2295.3181092 -782.08814661 -6007.4999327 2.074332e+20 1.7367985127e-05 1.0 
24830253.112 -78997750.09 -237021830.87 704.12388132 -2182.9872019 -6303.8349585 2.073304e+20 1.735937788e-05 1.0 
-136362812.06 8870787.6353 -135722352.54 -3237.3713606 221.35493647 -3219.3672229 2.066102e+20 1.7299076911e-05 1.0 
-35437177.777 -27835297.259 -161871410.9 -790.42418751 -635.87747265 -3522.8657125 2.057861e+20 1.7230076594e-05 1.0 
-187401916.51 -61590510.931 47739976.922 -4583.8216789 -1593.3243512 1137.6332524 2.054225e+20 1.7199633061e-05 1.0 
37822943.33 6340825.0576 180626329.78 848.31991191 184.21611658 4191.8583671 2.049607e+20 1.716096743e-05 1.0 
-33573908.957 -17612773.798 201301729.71 -842.18323652 -435.61835891 4947.1888756 2.049607e+20 1.716096743e-05 1.0 
170818829.26 -38282594.428 63577916.203 3990.9895951 -966.99437107 1498.9139497 2.049607e+20 1.716096743e-05 1.0 
-162513122.35 14928640.74 -103252605.07 -3838.8829844 398.80650435 -2512.1153627 2.049607e+20 1.716096743e-05 1.0 
-215081824.49 -25833944.091 -82579453.22 -5591.4601546 -682.30185926 -2129.8528031 2.049607e+20 1.716096743e-05 1.0 
-22504276.745 14901004.296 178034506.41 -517.69300042 370.78716036 4047.6050153 2.041341e+20 1.7091757793e-05 1.0 
-290931732.03 7390978.6982 13605008.655 -8064.2682209 230.07054952 347.4978375 2.041341e+20 1.7091757793e-05 1.0 
-120413116.63 -32409522.711 103237281.56 -2585.1045219 -789.02625738 2116.134644 2.041341e+20 1.7091757793e-05 1.0 
-197483797.75 -34642492.967 102630375.76 -5065.9545939 -898.77466687 2655.9331236 2.041341e+20 1.7091757793e-05 1.0 
-257374116.09 -18353837.257 -15781216.456 -6919.7996021 -493.56298393 -430.73002015 2.041341e+20 1.7091757793e-05 1.0 
-163011214.91 -12743735.476 53063822.437 -3624.9512755 -316.74154812 1164.7256565 2.041341e+20 1.7091757793e-05 1.0 
-150892158.54 -3987189.2014 -127596334.02 -3626.6620004 -99.573742924 -3082.3409406 2.041341e+20 1.7091757793e-05 1.0 
-141423945.46 -19866320.55 -123475755.39 -3307.9163359 -462.65149186 -2930.8466323 2.041341e+20 1.7091757793e-05 1.0 
259114235.78 5557190.9399 -25210916.767 6959.1072249 161.25418531 -690.07694172 2.041341e+20 1.7091757793e-05 1.0 
59957399.929 -48262645.825 -186910163.85 1438.075004 -1249.8483623 -4573.1924645 2.041341e+20 1.7091757793e-05 1.0 
-3903993.1129 -15530561.322 -193782035.33 -66.426360752 -369.49127992 -4639.4033271 2.041341e+20 1.7091757793e-05 1.0 
124354551.2 8114915.4453 -111718271.68 2680.392518 209.33861314 -2398.2920598 2.041341e+20 1.7091757793e-05 1.0 
47294396.796 -67040055.951 -231861289.55 1181.7689677 -1857.8458599 -6151.0974618 2.041341e+20 1.7091757793e-05 1.0 
1712093.6452 -5915044.4922 -190033512.27 18.333323093 -135.84658578 -4486.6244254 2.041341e+20 1.7091757793e-05 1.0 
59255660.575 9935773.0233 -183491926.34 1399.585049 260.6540428 -4370.5091647 2.041341e+20 1.7091757793e-05 1.0 
39576982.456 -31772894.444 -153478529.23 858.7077438 -698.98537413 -3211.6649604 2.035083e+20 1.7039360756e-05 1.0 
83118928.894 -63509008.795 -154293232.46 1927.2955083 -1554.9748233 -3584.1643852 2.035083e+20 1.7039360756e-05 1.0 
121732791.14 12446002.153 203525020.06 3198.406724 334.87370398 5316.1419229 2.033062e+20 1.702243931e-05 1.0 
145288197.32 -38421322.214 93369229.186 3246.4512087 -951.72462168 2133.7720776 2.033062e+20 1.702243931e-05 1.0 
-84700356.423 -13904132.65 -191277725.6 -2074.4822973 -327.40205695 -4777.4387375 2.033062e+20 1.702243931e-05 1.0 
-88347804.559 -49060395.289 -199015313.91 -2265.5772001 -1306.5257172 -5100.8058302 2.025486e+20 1.6959006911e-05 1.0 
122659657.68 -14854952.64 177875526.4 3103.1645564 -386.05217396 4474.5763144 2.02477e+20 1.6953011979e-05 1.0 
77240802.509 -16642545.591 160022394.0 1852.3216008 -392.2308679 3586.729892 2.02477e+20 1.6953011979e-05 1.0 
13223552.325 -74918750.806 188633382.56 323.01316256 -1975.0295094 4602.339092 2.02477e+20 1.6953011979e-05 1.0 
-182798785.23 -16050752.94 94856184.93 -4506.2018647 -398.7971782 2371.7005906 2.02477e+20 1.6953011979e-05 1.0 
166895443.14 29111117.35 109044569.87 4074.8553761 775.6520707 2649.7487641 2.02477e+20 1.6953011979e-05 1.0 
-175949631.99 -25459533.253 -50341044.548 -4063.4672702 -622.34970619 -1210.8277198 2.02477e+20 1.6953011979e-05 1.0 
173861245.49 17583848.664 -20973275.397 3911.7727701 434.73035464 -451.97910977 2.02477e+20 1.6953011979e-05 1.0 
217808763.12 -9244879.0234 -13939888.193 5525.3642005 -217.52218964 -298.50797489 2.02477e+20 1.6953011979e-05 1.0 
-71363488.595 16656775.506 151387589.17 -1546.6134721 405.72965786 3256.0230263 2.016465e+20 1.6883475803e-05 1.0 
241535610.1 -24482179.802 5840040.6428 6376.7962622 -661.12588531 132.17355073 2.016465e+20 1.6883475803e-05 1.0 
-106001702.82 -85654015.08 -147829881.36 -2578.8452817 -2194.2716592 -3556.3024109 2.015871e+20 1.6878502354e-05 1.0 
-39319106.734 -82576344.237 -147108008.24 -915.73570007 -1961.7313321 -3197.2918587 2.015871e+20 1.6878502354e-05 1.0 
217439177.84 -35244659.975 -110822596.64 5774.8259082 -961.44124992 -2949.3497919 2.008145e+20 1.6813814034e-05 1.0 
-80361064.38987112 20733873.00274387 -157137948.88795584 -1794.7728858058404 507.4627706962373 -3551.82875074258 3.9321869999999995e+20 3.2923449732999996e-05 1.0 
-47091160.659 -41588731.427 -151672131.05 -1011.9855333 -964.80983153 -3213.7341056 2.008145e+20 1.6813814034e-05 1.0 
-143370734.4 -64227852.912 -68965143.3 -3128.5309399 -1532.0166642 -1517.1429592 2.006238e+20 1.6797847088e-05 1.0 
-66295123.206 -75607041.614 217007476.99 -1705.6025829 -2081.9771732 5669.0481918 1.99146e+20 1.667411372e-05 1.0 
-203872490.37 2251588.6445 127434729.81 -5366.8480477 73.326018578 3342.5299365 1.99146e+20 1.667411372e-05 1.0 
88818945.963 -27567706.93 194994226.3 2191.6726617 -701.48631803 4942.8999831 1.99146e+20 1.667411372e-05 1.0 
179462350.17 -57257776.706 157748599.09 4790.4286645 -1571.4444953 4130.7617431 1.99146e+20 1.667411372e-05 1.0 
185280557.41 24656442.401 43421310.939 4375.3742331 632.87588777 1052.3203266 1.99146e+20 1.667411372e-05 1.0 
247783956.31 -47914174.653 -37887635.422 6631.4974258 -1327.8781963 -1045.4366146 1.99146e+20 1.667411372e-05 1.0 
163641935.34 28637811.72 -85096615.284 3807.3812764 713.96074122 -1966.6114712 1.99146e+20 1.667411372e-05 1.0 
105666157.81 -19588342.726 -126802190.96 2247.9656353 -433.81814942 -2732.24927 1.99146e+20 1.667411372e-05 1.0 
-50993455.839 28192329.941 -176064540.22 -1179.6556989 723.94507895 -4080.5629096 1.99146e+20 1.667411372e-05 1.0 
19902233.848 -77091689.653 143385943.22 449.70654802 -1767.9443143 2971.6138993 1.986911e+20 1.6636025813e-05 1.0 
-55440536.542 -60165390.834 155507096.09 -1285.4890917 -1445.4334567 3464.6285311 1.986911e+20 1.6636025813e-05 1.0 
-129794892.19 -94477809.382 131652575.1 -3205.4788501 -2458.0942704 3192.2806828 1.986911e+20 1.6636025813e-05 1.0 
-149988721.57 -64236966.391 142883394.75 -3741.9469204 -1697.8134767 3634.4951567 1.986911e+20 1.6636025813e-05 1.0 
-180666889.01 -71044198.957 49707311.933 -4355.6713871 -1814.6012069 1242.1214784 1.986911e+20 1.6636025813e-05 1.0 
-81541799.688 -62048884.741 -126823320.79 -1635.27366 -1416.9876444 -2688.8315591 1.986911e+20 1.6636025813e-05 1.0 
-189844846.05 -94918113.994 -148999390.67 -5100.500585 -2639.6675559 -3972.9187454 1.986911e+20 1.6636025813e-05 1.0 
-97757566.443 -57092088.031 140032926.19 -2197.6040809 -1372.6720245 3198.5814498 1.974712e+20 1.6533885919e-05 1.0 
-149041783.2 -42993305.917 128764626.31 -3623.3913367 -1104.4758675 3122.1077202 1.974712e+20 1.6533885919e-05 1.0 
156292637.03 29307313.737 49463365.366 3350.251967 678.98436969 1052.0708032 1.974712e+20 1.6533885919e-05 1.0 
270862110.34 -13756123.667 74737678.024 7444.8979432 -374.34344297 2032.3441679 1.974712e+20 1.6533885919e-05 1.0 
-62793211.23 7115974.4134 187783439.87 -1538.0153521 181.41979014 4529.3836821 1.966312e+20 1.6463554325e-05 1.0 
-30490780.9 -2752299.5801 222624965.02 -811.43170934 -59.503113573 5682.2406993 1.966312e+20 1.6463554325e-05 1.0 
-165772356.58 -18135457.253 51647496.998 -3702.4488504 -401.90288844 1132.4039495 1.966312e+20 1.6463554325e-05 1.0 
157903160.82 12793005.26 17656867.125 3266.1614844 288.44904495 328.8343138 1.966312e+20 1.6463554325e-05 1.0 
230473376.78 -97902703.264 31781544.365 6120.9905606 -2726.8434687 802.83813228 1.966312e+20 1.6463554325e-05 1.0 
-203221606.71 -34988328.066 -120468150.74 -5314.0638826 -947.11444541 -3171.6207344 1.966312e+20 1.6463554325e-05 1.0 
-119804628.92 -63820891.229 -85117967.605 -2517.9141642 -1471.3564285 -1678.0624507 1.966312e+20 1.6463554325e-05 1.0 
205048354.16 -14287034.965 -141727242.44 5442.3941346 -385.51658638 -3776.3533593 1.966312e+20 1.6463554325e-05 1.0 
81759285.558 27056287.174 -187653510.32 1993.3225672 716.61939124 -4636.326856 1.966312e+20 1.6463554325e-05 1.0 
54331506.996 -11290233.529 220715059.52 1436.8796618 -297.71387857 5685.7391304 1.957896e+20 1.6393088767e-05 1.0 
-147935700.25 22455791.164 -51597286.137 -3016.0202812 523.28295927 -1053.7650984 1.957896e+20 1.6393088767e-05 1.0 
-113324814.75 -60304173.036 247944050.53 -3120.9649645 -1695.5616723 6769.3747805 1.947994e+20 1.6310181215e-05 1.0 
215531771.63 -60335204.383 173052435.27 5919.3829192 -1707.0266891 4779.7721835 1.947994e+20 1.6310181215e-05 1.0 
192898798.49 -74179441.816 -84361848.001 4890.4082406 -1970.2632604 -2175.1094204 1.947994e+20 1.6310181215e-05 1.0 
-217439994.38 -76240262.425 -87999087.427 -5738.8461095 -2100.9900515 -2343.3354858 1.947994e+20 1.6310181215e-05 1.0 
42375919.952 3673802.72 250493917.93 1146.0193057 120.45901267 6690.3119662 1.941007e+20 1.62516804e-05 1.0 
166959928.48 -57768773.516 201416639.07 4521.6954574 -1613.5528252 5478.8003361 1.941007e+20 1.62516804e-05 1.0 
-11764033.642 -29733007.326 186456640.04 -274.92412844 -765.90732196 4418.8566115 1.941007e+20 1.62516804e-05 1.0 
-268847082.4 -40463597.509 28371722.513 -7348.13537 -1156.1602187 750.00404002 1.941007e+20 1.62516804e-05 1.0 
-160128280.24 19215386.488 -101488450.05 -3792.1301862 492.18529425 -2377.3818546 1.941007e+20 1.62516804e-05 1.0 
84138297.039 -38015233.505 -142781500.59 1864.6790465 -898.09540918 -3103.4738252 1.941007e+20 1.62516804e-05 1.0 
-16424577.397 -13720312.57 -197061695.7 -358.08225011 -327.2427731 -4751.4573219 1.941007e+20 1.62516804e-05 1.0 
108515110.58 -9869540.8065 -133821627.75 2386.4631432 -208.78621164 -2946.6672057 1.941007e+20 1.62516804e-05 1.0 
95567827.936 1066714.4899 -196324664.19 2376.0765011 40.978924583 -4974.6758089 1.941007e+20 1.62516804e-05 1.0 
32559888.017 -19478078.499 157799194.62 739.89299219 -412.93086563 3324.8539777 1.938206e+20 1.6228228163e-05 1.0 
149434563.23 -77715644.917 131488494.58 3763.9198459 -2071.0856651 3267.2782279 1.938206e+20 1.6228228163e-05 1.0 
-200028427.55 -98619611.28 -48242003.097 -5113.4547077 -2654.9264951 -1247.2022772 1.938206e+20 1.6228228163e-05 1.0 
-117095782.72 -47260157.207 110723768.4 -2526.7866199 -1096.9995681 2396.762127 1.932535e+20 1.6180745964e-05 1.0 
186672658.13 24124557.381 -37466020.503 4418.4428561 628.35139441 -862.55978914 1.932535e+20 1.6180745964e-05 1.0 
38295644.219 -55444402.64 161165813.17 841.97572062 -1304.480162 3576.1857869 1.928391e+20 1.6146049045e-05 1.0 
59352199.906 -40903224.145 248774126.8 1537.8801813 -1128.8222932 6689.5665284 1.928391e+20 1.6146049045e-05 1.0 
140260035.0 -34791687.58 93968330.988 3129.8556599 -819.14188671 2043.9360003 1.928391e+20 1.6146049045e-05 1.0 
-132488961.15 -58230510.723 136468147.57 -3219.2821679 -1487.5057506 3277.2274677 1.928391e+20 1.6146049045e-05 1.0 
280394090.77 -35134776.853 16854059.682 7694.0262646 -982.38068422 461.18849471 1.928391e+20 1.6146049045e-05 1.0 
-238931137.76 -61833095.482 -41991744.86 -6340.3705151 -1697.7257504 -1148.4861407 1.928391e+20 1.6146049045e-05 1.0 
-69786784.816 -86623264.087 -263745659.54 -1942.1976856 -2460.3042959 -7247.276932 1.928391e+20 1.6146049045e-05 1.0 
-109289924.69 -61419377.033 147304872.66 -2629.852496 -1556.9578598 3461.5350503 1.924042e+20 1.6109635699e-05 1.0 
-216586839.1 -24050736.145 166854393.22 -5903.1262858 -663.41502222 4546.3110816 1.924042e+20 1.6109635699e-05 1.0 
222942838.39 -75108381.295 89327945.995 5921.4334549 -2098.7376111 2397.7883229 1.924042e+20 1.6109635699e-05 1.0 
256957173.17 -48297397.353 -75051544.377 6999.8431344 -1365.8450341 -2065.7179954 1.924042e+20 1.6109635699e-05 1.0 
-102049520.29 -50183251.088 -184848817.91 -2556.8658363 -1321.6061738 -4684.522229 1.924042e+20 1.6109635699e-05 1.0 
150114770.75 -40653074.266 -137197407.82 3666.2683867 -1057.2283216 -3449.04784 1.924042e+20 1.6109635699e-05 1.0 
106244574.61 -65852751.235 -108012487.21 2268.2659346 -1560.7149908 -2265.8687621 1.924042e+20 1.6109635699e-05 1.0 
-96250437.489 -38097345.287 -243728024.25 -2594.3687647 -1059.9334609 -6589.4062999 1.924042e+20 1.6109635699e-05 1.0 
-26151135.17 -39657128.955 225542178.75 -612.11119979 -1045.7402631 5836.6093556 1.918549e+20 1.6063643861e-05 1.0 
-97531400.8 -80617144.27 193140859.83 -2518.3947493 -2178.3313742 4970.859933 1.918549e+20 1.6063643861e-05 1.0 
75223228.888 -52623834.008 166315408.99 1704.3615076 -1322.3688185 3951.2757372 1.918549e+20 1.6063643861e-05 1.0 
-192005830.87 -69356973.434 75643773.315 -4858.2404895 -1856.8117644 1879.0768915 1.918549e+20 1.6063643861e-05 1.0 
-4435519.4762 -84376815.927 181823108.38 -124.91751391 -2175.1181696 4377.138594 1.908679e+20 1.5981004239e-05 1.0 
150486348.1 -79526651.994 184883298.46 3956.5088771 -2204.1880431 4939.0258772 1.908679e+20 1.5981004239e-05 1.0 
-160298391.56 -80606301.487 49229949.934 -3691.1507825 -1991.8944491 1132.7047347 1.908679e+20 1.5981004239e-05 1.0 
194014350.45 -46363666.696 -108921083.28 4980.1237187 -1221.7186782 -2814.1747715 1.908679e+20 1.5981004239e-05 1.0 
-160348705.13 -70774604.513 -65003398.683 -3755.7508841 -1743.0542571 -1427.4093064 1.908679e+20 1.5981004239e-05 1.0 
55809076.167 -67013650.044 -155910682.67 1307.7268409 -1630.9134475 -3481.2094566 1.908679e+20 1.5981004239e-05 1.0 
85743127.605 -74971926.988 -230909515.06 2307.4491096 -2081.597457 -6166.4996268 1.908679e+20 1.5981004239e-05 1.0 
-11871957.145 -15061901.929 228518436.74 -327.15801641 -384.26731239 5901.6096077 1.906994e+20 1.5966896056e-05 1.0 
-174933754.29 -29144055.931 200378780.04 -4779.5046158 -809.83144172 5426.1753441 1.906994e+20 1.5966896056e-05 1.0 
-169202439.64 -4577705.1506 122478543.32 -4204.367943 -87.558943093 3025.1407952 1.906994e+20 1.5966896056e-05 1.0 
-211106793.57 -33717376.414 -57127193.021 -5371.4314716 -877.70658445 -1439.6204416 1.906994e+20 1.5966896056e-05 1.0 
150440142.6 26438178.924 -51225067.571 3120.3279538 592.12674483 -1106.9254443 1.906994e+20 1.5966896056e-05 1.0 
259224004.25 -60052894.268 -56659746.233 7045.4398723 -1682.5581831 -1521.647032 1.906994e+20 1.5966896056e-05 1.0 
-97321082.145 -82394344.551 -192516216.57 -2534.6455916 -2249.0213689 -4952.7861888 1.906994e+20 1.5966896056e-05 1.0 
-47911421.755 -10429072.211 196709395.85 -1129.7892317 -238.10154177 4805.9501487 1.889858e+20 1.5823419605e-05 1.0 
166241272.3 10696740.479 109150148.69 4014.0119188 290.31405683 2641.837095 1.889858e+20 1.5823419605e-05 1.0 
214093844.15 -20217172.79 40658696.16 5429.3084652 -515.09224158 1021.3258827 1.889858e+20 1.5823419605e-05 1.0 
207239801.6 -40178543.172 37840224.191 5213.0106741 -1063.9832406 997.19004796 1.889858e+20 1.5823419605e-05 1.0 
177444168.82 -14205231.522 -14644771.529 4014.0618768 -307.99373547 -379.53068439 1.889858e+20 1.5823419605e-05 1.0 
179254034.26 -38462124.078 -151505107.29 4642.8717336 -1049.2879208 -3989.4125884 1.889858e+20 1.5823419605e-05 1.0 
66779567.889 -51436463.949 207027573.42 1733.629571 -1365.4573584 5293.5060189 1.888852e+20 1.5814996559e-05 1.0 
7792206.6495 -60126595.487 -200763138.19 196.6793715 -1592.1595314 -5002.8458686 1.888852e+20 1.5814996559e-05 1.0 
108600554.13 -10475447.571 194929208.38 2754.4960348 -271.57913942 4963.3463822 1.872627e+20 1.5679147737e-05 1.0 
-20244399.706 -31954590.114 163238555.16 -387.03677685 -716.43670957 3549.4607307 1.872627e+20 1.5679147737e-05 1.0 
-257941219.52 -9775349.8546 85807638.43 -7017.089319 -260.52051042 2318.870614 1.872627e+20 1.5679147737e-05 1.0 
205875176.5 -18454187.43 161374647.94 5561.0251044 -491.03335103 4380.7796588 1.872627e+20 1.5679147737e-05 1.0 
153494673.02 27944317.422 -78433762.886 3396.6792276 672.86868356 -1799.2631671 1.872627e+20 1.5679147737e-05 1.0 
40861582.143 -101957345.51 -243505406.84 1158.261902 -2886.1025992 -6599.3829382 1.872627e+20 1.5679147737e-05 1.0 
111531336.66 -54421467.361 188430769.07 2826.7373598 -1446.594668 4828.0075243 1.868899e+20 1.5647933906e-05 1.0 
146780228.75 -50863312.661 35593301.024 3014.1916027 -1147.4013872 734.9928356 1.868899e+20 1.5647933906e-05 1.0 
256230598.33 -41371819.726 3848344.1371 6891.4063258 -1147.4417568 117.13301865 1.868899e+20 1.5647933906e-05 1.0 
143131010.2 -61330286.839 -153754991.07 3625.1356053 -1628.6675851 -3899.2674708 1.868899e+20 1.5647933906e-05 1.0 
125575522.43 -41196154.644 276618053.68 3526.1253667 -1172.6512198 7717.4090373 1.855296e+20 1.5534038589e-05 1.0 
174119671.71 -79370858.015 126442872.22 4467.5963806 -2164.5396532 3282.44292 1.855296e+20 1.5534038589e-05 1.0 
-148580646.9 -60322892.341 229483470.52 -4088.1205443 -1694.902425 6266.3421967 1.848811e+20 1.5479740924e-05 1.0 
270349801.07 -48527106.514 99553147.183 7467.2549775 -1370.3548133 2760.6765436 1.848811e+20 1.5479740924e-05 1.0 
197255642.79 -56374132.797 72873456.014 4951.6877061 -1478.956187 1879.0724913 1.848811e+20 1.5479740924e-05 1.0 
-192332141.2 -78473924.747 117910883.57 -5052.2667179 -2144.5443495 3079.3407569 1.848811e+20 1.5479740924e-05 1.0 
174384693.11 -52298813.92 -39298526.445 4043.3941367 -1297.8518938 -961.91246819 1.848811e+20 1.5479740924e-05 1.0 
222025893.53 -72252623.634 -58851960.357 5803.3600096 -1959.0435703 -1595.7068162 1.848811e+20 1.5479740924e-05 1.0 
-132170998.66 -80988149.38 -151626165.6 -3292.4480007 -2158.2768271 -3838.1193659 1.848811e+20 1.5479740924e-05 1.0 
-227030722.32 -68286196.985 -127572613.36 -6145.3370762 -1906.3220847 -3458.4731173 1.848811e+20 1.5479740924e-05 1.0 
9101487.7172 -44205394.175 -150653258.35 120.9835802 -970.57261648 -3073.5099138 1.848811e+20 1.5479740924e-05 1.0 
-147796665.2 -22305098.628 -153518493.06 -3721.5557624 -568.96433648 -3817.1408183 1.846591e+20 1.5461153289e-05 1.0 
152024621.1 -6043876.3297 -57259021.374 3172.3293205 -135.41789156 -1234.5031028 1.846591e+20 1.5461153289e-05 1.0 
-10822123.997 -60819327.689 -192890434.48 -234.86884724 -1586.4222716 -4712.0447048 1.846591e+20 1.5461153289e-05 1.0 
-139643119.13 -64199260.943 136324079.78 -3428.851754 -1637.6407236 3334.7249116 1.838713e+20 1.5395192301e-05 1.0 
-134906416.26 -47217688.141 87655073.535 -2903.9486072 -1104.3192962 1858.8002832 1.838713e+20 1.5395192301e-05 1.0 
118484778.22 -48508455.574 -162626139.67 2910.6987363 -1288.9486679 -4035.6828045 1.838713e+20 1.5395192301e-05 1.0 
134187906.08 -76228769.555 -153963971.71 3364.576541 -2022.8314222 -3878.6031666 1.838713e+20 1.5395192301e-05 1.0 
-37420363.576 -61816514.472 -207587305.81 -937.10262264 -1643.0811078 -5255.1901152 1.838713e+20 1.5395192301e-05 1.0 
-51542187.617 -28049622.301 279934829.53 -1396.8467801 -781.74923178 7707.3235129 1.837858e+20 1.538803355e-05 1.0 
-167409112.84 20960026.106 102332403.65 -4013.5361912 542.5130072 2495.5335933 1.837858e+20 1.538803355e-05 1.0 
116462552.31 30251734.833 133215236.2 2631.2803855 744.98148856 3009.0279127 1.837858e+20 1.538803355e-05 1.0 
-227790249.36 -40336703.026 76085123.923 -5994.7818485 -1104.5767567 2031.5923821 1.837858e+20 1.538803355e-05 1.0 
144550780.85 6251500.1822 122805261.56 3378.7712521 170.63478242 2905.6948486 1.837858e+20 1.538803355e-05 1.0 
-208021297.98 -41842708.608 16905920.671 -5221.0326145 -1085.4706529 411.03067488 1.837858e+20 1.538803355e-05 1.0 
-271753550.36 -52207307.965 -117317342.71 -7628.0672079 -1490.8107614 -3249.6025061 1.837858e+20 1.538803355e-05 1.0 
-156862683.86 -33086986.993 -150444115.8 -3958.7971946 -850.59116473 -3814.0530532 1.837858e+20 1.538803355e-05 1.0 
47664769.035 22050499.643 -220920640.0 1194.6311358 614.69192054 -5670.4068555 1.837858e+20 1.538803355e-05 1.0 
-122158992.42 -53226951.206 201236191.44 -3241.836029 -1466.3428641 5288.7713053 1.829096e+20 1.5314670999e-05 1.0 
-188069078.53 -30846869.911 104233526.27 -4760.0687411 -793.12496443 2610.3899815 1.829096e+20 1.5314670999e-05 1.0 
286468879.01 -570367.20529 -85377733.597 7986.238717 12.656369763 -2378.4632117 1.829096e+20 1.5314670999e-05 1.0 
-63907627.631 -91778593.857 219943891.88 -1746.1579889 -2537.0581931 5791.5918832 1.828577e+20 1.5310325512e-05 1.0 
-205787540.52 -49533086.307 75304182.109 -5290.5973139 -1327.0543731 1866.2154919 1.828577e+20 1.5310325512e-05 1.0 
-113594153.82 -39612874.778 -134109260.58 -2584.6436041 -953.60815371 -3085.8350035 1.828577e+20 1.5310325512e-05 1.0 
-238756263.66 -82112061.658 -82028166.245 -6430.4861952 -2293.6839758 -2219.1649425 1.828577e+20 1.5310325512e-05 1.0 
52305186.888 -19610668.165 205847404.39 1292.5237634 -485.97135755 5149.3446118 1.820305e+20 1.5241065638e-05 1.0 
-9411533.2253 -57947916.748 266874274.17 -267.9057328 -1621.9221674 7264.3942076 1.820305e+20 1.5241065638e-05 1.0 
-88280401.459 1898792.6693 206804445.82 -2276.7451089 91.28447431 5291.4487521 1.820305e+20 1.5241065638e-05 1.0 
-274940087.2 -54349070.699 124367089.17 -7704.4002161 -1551.1886558 3438.9857056 1.820305e+20 1.5241065638e-05 1.0 
-229868522.19 -29621767.449 -109906305.14 -6138.8380541 -811.76535159 -2966.2865908 1.820305e+20 1.5241065638e-05 1.0 
-147971657.99 -32796889.867 -61994112.14 -3122.545064 -749.41097754 -1349.9190468 1.820305e+20 1.5241065638e-05 1.0 
-192766335.14 29535987.485 -7882908.3712 -4606.376902 766.34304402 -184.19927899 1.811483e+20 1.5167200719e-05 1.0 
55362138.5 -36377353.817 -210506910.7 1459.2070262 -966.62043147 -5327.528039 1.811483e+20 1.5167200719e-05 1.0 
25975826.825 -31160589.459 227180449.91 668.00173364 -824.85894559 5858.1997838 1.808185e+20 1.5139587196e-05 1.0 
145713704.66 -45417842.957 78064409.153 3202.3075651 -1046.4609411 1693.2808499 1.808185e+20 1.5139587196e-05 1.0 
-230918350.14 2881426.9788 35475111.216 -5996.3026224 112.43272234 913.37061024 1.808185e+20 1.5139587196e-05 1.0 
170833353.51 -35543953.81 -105338026.25 4199.6362943 -914.47891637 -2576.2172179 1.808185e+20 1.5139587196e-05 1.0 
137598785.45 -72472582.466 -94474446.842 3107.549405 -1785.1535091 -2190.9891767 1.808185e+20 1.5139587196e-05 1.0 
-96017667.498 -88753174.797 -179077936.36 -2421.7829627 -2379.4990097 -4545.2808948 1.808185e+20 1.5139587196e-05 1.0 
163052498.49 -65391683.672 -85433599.722 3913.6868658 -1674.3873596 -2030.6772484 1.80263e+20 1.5093076243e-05 1.0 
-121995829.62 -41054361.718 -170196033.67 -3065.5403203 -1071.0059175 -4229.4362806 1.80263e+20 1.5093076243e-05 1.0 
112260098.3 -66012366.439 230434116.73 3049.0910166 -1844.8440176 6211.6816185 1.787623e+20 1.4967425502e-05 1.0 
-63197973.978 -53471669.622 189261298.91 -1579.8467338 -1386.6216309 4654.3929164 1.787623e+20 1.4967425502e-05 1.0 
-133945542.01 -39016997.304 194402559.62 -3485.3160277 -1042.7884931 5094.1283837 1.787623e+20 1.4967425502e-05 1.0 
146127753.69 -14403618.209 67011182.152 3057.8401016 -295.5129494 1385.996187 1.787623e+20 1.4967425502e-05 1.0 
-161699068.89 -16806994.64 175081739.65 -4294.6797883 -481.31725729 4605.6398309 1.787623e+20 1.4967425502e-05 1.0 
-139435861.17 -88065329.28 68044277.664 -3121.6543612 -2166.7426514 1455.7181667 1.787623e+20 1.4967425502e-05 1.0 
195041315.13 -45326212.605 -25014714.609 4766.8736852 -1167.7507629 -663.51892496 1.787623e+20 1.4967425502e-05 1.0 
248660678.1 -14269750.463 -42918122.371 6616.9166487 -385.83371548 -1138.9937929 1.787623e+20 1.4967425502e-05 1.0 
-28834015.6 4896179.9123 192365604.81 -661.21804419 125.87562792 4605.3399217 1.784823e+20 1.4943981638e-05 1.0 
16018161.818 12031308.978 176653147.05 373.85663204 297.06661869 3978.3470117 1.784823e+20 1.4943981638e-05 1.0 
-169269296.08 28624301.416 -2043362.9336 -3707.7519001 699.9178624 -82.888326133 1.784823e+20 1.4943981638e-05 1.0 
-214085583.62 -9980798.7699 -33136125.99 -5382.7090067 -253.94569616 -853.09610423 1.784823e+20 1.4943981638e-05 1.0 
-168196117.23 -37463736.753 -119685052.8 -4167.8803489 -956.12833779 -2948.0393226 1.784823e+20 1.4943981638e-05 1.0 
-174353414.35 -44691073.328 -140103316.19 -4521.5107553 -1170.7216044 -3574.8839495 1.784823e+20 1.4943981638e-05 1.0 
113964995.47 -53181545.626 -129266116.98 2610.1496487 -1308.8930251 -2914.6338489 1.784823e+20 1.4943981638e-05 1.0 
-46593880.579 5311130.8573 -204894653.36 -1135.233026 153.70689022 -5089.5987003 1.784823e+20 1.4943981638e-05 1.0 
151658713.28 -19186299.231 -201286915.62 4026.3819833 -519.44821526 -5358.085878 1.784823e+20 1.4943981638e-05 1.0 
68218357.002 -16641602.583 -191430817.26 1696.9615367 -415.45630789 -4673.7846788 1.784823e+20 1.4943981638e-05 1.0 
21999435.392 -14940042.714 -270686748.19 620.93434463 -410.80759162 -7359.4976299 1.784823e+20 1.4943981638e-05 1.0 
67877869.023 6026088.0889 -172482141.8 1555.5584404 168.26164638 -3994.7606963 1.784823e+20 1.4943981638e-05 1.0 
197749665.93 -81403886.188 -137786065.18 5307.0495607 -2258.0766847 -3670.4672292 1.777274e+20 1.4880775304e-05 1.0 
-80491566.843 -56900133.078 -232065358.1 -2148.5675999 -1562.9207833 -6165.0561045 1.777274e+20 1.4880775304e-05 1.0 
-102897057.36 26039401.661 -117416674.17 -2097.1105293 569.04381593 -2403.2765468 1.766877e+20 1.4793723212e-05 1.0 
-120864107.55 -50095218.324 -164069766.24 -2978.7045333 -1355.1834357 -4133.1985103 1.766877e+20 1.4793723212e-05 1.0 
203817699.76 26360635.717 -130175861.95 5328.8929644 734.03139736 -3468.4001773 1.766877e+20 1.4793723212e-05 1.0 
79879041.006 -51031254.076 -141910212.57 1807.5563656 -1228.2188717 -3076.6133763 1.766877e+20 1.4793723212e-05 1.0 
-25604516.144 -68913025.944 -140756850.49 -469.39737588 -1573.6254398 -2855.0028934 1.766877e+20 1.4793723212e-05 1.0 
160356558.1 -54823663.847 106732821.11 3931.6746938 -1398.4650297 2515.4194651 1.766876e+20 1.4793714839e-05 1.0 
74018463.554 -43686308.495 149366444.85 1657.1166793 -1034.2309587 3279.5416575 1.757848e+20 1.4718125121e-05 1.0 
134133377.51 -18934403.539 153143110.38 3322.2559633 -469.06563222 3753.1534071 1.757848e+20 1.4718125121e-05 1.0 
206232931.83 -2455013.9699 80546935.554 5233.8240343 -42.426674762 2097.4403368 1.757848e+20 1.4718125121e-05 1.0 
192426072.05 -9703850.6719 -173721861.64 5168.4743904 -262.07533985 -4673.3972367 1.757848e+20 1.4718125121e-05 1.0 
239410358.46 -87236279.63 109893141.53 6529.527464 -2472.9914487 2996.2193077 1.748781e+20 1.4642208864e-05 1.0 
-114111463.05 -916056.93603 -191829178.93 -2915.7857434 -2.7042047256 -4883.1614926 1.748781e+20 1.4642208864e-05 1.0 
-10519366.502 -61813475.354 154580307.86 -201.95484746 -1418.1526263 3297.0322306 1.74593e+20 1.4618337987e-05 1.0 
188565679.44 -69718157.395 99459029.295 4827.1037566 -1858.2848924 2490.1027825 1.74593e+20 1.4618337987e-05 1.0 
-71434040.001 -26390565.836 193906734.31 -1776.1899946 -661.14994524 4830.9989101 1.74593e+20 1.4618337987e-05 1.0 
-186931687.85 -19740825.249 192750990.27 -5044.6175144 -535.33736425 5254.5379969 1.74593e+20 1.4618337987e-05 1.0 
188843578.42 -32378767.352 56180088.173 4601.6076849 -805.25737646 1330.5323586 1.74593e+20 1.4618337987e-05 1.0 
238720248.59 -21723479.32 -118801413.05 6469.4677823 -597.13861437 -3185.0829825 1.74593e+20 1.4618337987e-05 1.0 
-145542338.41 -71217022.486 -14477677.292 -3010.4557385 -1653.9341566 -391.41133172 1.74593e+20 1.4618337987e-05 1.0 
182088164.39 -56585217.745 -142507657.96 4754.564931 -1531.4607103 -3728.0324835 1.74593e+20 1.4618337987e-05 1.0 
93551211.847 -58012968.866 -118271324.54 1962.4953151 -1373.5816219 -2452.0964376 1.74593e+20 1.4618337987e-05 1.0 
143391889.1 -18515869.045 -153679222.31 3554.0672002 -459.86918447 -3827.0869008 1.74593e+20 1.4618337987e-05 1.0 
25656281.224 -53788292.242 -277383618.51 686.40538015 -1516.8095391 -7617.2415782 1.74593e+20 1.4618337987e-05 1.0 
31315374.923 -75028076.597 -216948859.47 765.3955597 -2025.5070761 -5607.7945644 1.74593e+20 1.4618337987e-05 1.0 
-143268382.63 -51100963.731 -163008498.53 -3635.4249702 -1336.3744274 -4171.6989071 1.74593e+20 1.4618337987e-05 1.0 
-9095989.3242 -83759978.646 -210047901.37 -245.65416757 -2255.7924892 -5357.6308553 1.74593e+20 1.4618337987e-05 1.0 
18961184.984 -76079670.199 202632127.27 422.27064746 -2039.1340887 5109.8826084 1.739673e+20 1.4565949322e-05 1.0 
-216668991.25 -23099811.284 -38422400.508 -5501.6603277 -596.976799 -948.97408851 1.739673e+20 1.4565949322e-05 1.0 
-100809777.76 25840702.021 136731691.64 -2225.8204607 623.95469033 2992.1930464 1.730524e+20 1.4489346495e-05 1.0 
-136676923.88 11927398.102 141853479.64 -3312.8379041 306.27486962 3390.4719526 1.730524e+20 1.4489346495e-05 1.0 
208801195.5 -24722125.159 220084150.94 5847.0601428 -693.73390339 6122.7746976 1.730524e+20 1.4489346495e-05 1.0 
117509336.08 -73631233.506 160390944.76 2907.6132376 -1954.5375172 4002.8234586 1.730524e+20 1.4489346495e-05 1.0 
-272761884.95 -48359778.662 23049450.366 -7452.8189361 -1349.428839 639.55720905 1.730524e+20 1.4489346495e-05 1.0 
224929394.19 -63947106.858 172276454.57 6216.870458 -1807.8531351 4731.4314376 1.730524e+20 1.4489346495e-05 1.0 
172885917.95 -54526802.331 27169288.773 3966.2606068 -1358.2614783 722.88974912 1.730524e+20 1.4489346495e-05 1.0 
-8912095.6532 -35783300.602 -247956405.06 -233.40626386 -978.44637034 -6598.0738186 1.730524e+20 1.4489346495e-05 1.0 
-172546415.25 -64745678.26 -58634714.784 -4110.886541 -1650.7372791 -1365.0709399 1.724767e+20 1.4441144235e-05 1.0 
-195366598.69 -65564062.581 -80919355.469 -4950.5406285 -1744.5515826 -2108.5034637 1.724767e+20 1.4441144235e-05 1.0 
-189455043.65 -89186119.437 -15406322.579 -4685.5298079 -2338.9696196 -340.35633232 1.724767e+20 1.4441144235e-05 1.0 
102244255.93 -42029457.6 -149786141.38 2399.333711 -1017.807518 -3481.4599359 1.724767e+20 1.4441144235e-05 1.0 
105393190.05 -60268033.498 -208098843.11 2715.6693603 -1641.4801988 -5486.3184529 1.724767e+20 1.4441144235e-05 1.0 
-66835309.531 -44745125.252 -141695540.12 -1319.015189 -1017.3186832 -3036.1209732 1.724767e+20 1.4441144235e-05 1.0 
-125389468.9 -78195203.933 -53641512.484 -2499.1847294 -1755.2739319 -1051.7378149 1.724767e+20 1.4441144235e-05 1.0 
-21423144.221 -46388766.29 -227043465.94 -596.84884372 -1238.1385947 -5902.0239131 1.724767e+20 1.4441144235e-05 1.0 
281938248.88 -37438221.594 48299286.489 7771.8602901 -1054.6370609 1342.4509042 1.714099e+20 1.4351823111e-05 1.0 
229360281.47 -105555081.91 21745732.122 6088.645592 -2925.4597274 624.8502079 1.714099e+20 1.4351823111e-05 1.0 
-186853708.9 -75903189.444 -26469451.265 -4537.6386663 -1964.0956198 -714.17669952 1.714099e+20 1.4351823111e-05 1.0 
-89216559.639 -15109557.066 -235449362.63 -2331.1901024 -404.72396284 -6281.2170572 1.712093e+20 1.4335027257e-05 1.0 
99857045.461 -53851522.258 -188456844.86 2566.739264 -1435.9016183 -4768.2769043 1.703369e+20 1.4261982873e-05 1.0 
141782864.13 -54169789.227 -264972787.38 3950.8363791 -1546.8631513 -7393.0903329 1.703369e+20 1.4261982873e-05 1.0 
-15976008.786 -45634275.704 197329131.26 -357.13247346 -1174.5172966 4819.2664806 1.70281e+20 1.4257302473e-05 1.0 
-249240720.04 -72714337.654 79854691.131 -6824.3020314 -2064.0383623 2147.4139952 1.70281e+20 1.4257302473e-05 1.0 
-162439576.39 -51997043.197 -119965114.81 -4012.919022 -1344.8261079 -2984.2521294 1.70281e+20 1.4257302473e-05 1.0 
162951036.73 -56688449.74 -140622145.76 4143.4160898 -1509.7506161 -3561.6576294 1.70281e+20 1.4257302473e-05 1.0 
133050045.98 -51503397.596 -225592363.98 3641.1479526 -1443.4270403 -6086.1438408 1.70281e+20 1.4257302473e-05 1.0 
-9625532.3618 -7342856.4822 -233955069.62 -224.23832013 -180.09034622 -6073.8038901 1.70281e+20 1.4257302473e-05 1.0 
-61492452.544 -76562602.372 182690590.7 -1485.9693026 -2043.7497216 4502.219909 1.693478e+20 1.4179167422e-05 1.0 
-235230763.45 -15101036.636 118227296.73 -6331.3983062 -402.35342597 3206.9184975 1.693478e+20 1.4179167422e-05 1.0 
171488115.63 -4514598.7743 100105585.85 4131.2744217 -100.97584358 2412.9682883 1.693478e+20 1.4179167422e-05 1.0 
-219885377.65 -63429942.635 -59087437.821 -5739.6105532 -1737.9802069 -1597.5418178 1.693478e+20 1.4179167422e-05 1.0 
223796968.27 -55932549.106 -80586791.463 5899.4866299 -1546.6599996 -2135.5146982 1.693478e+20 1.4179167422e-05 1.0 
-98314961.214 27462775.478 -130620554.62 -2108.37498 651.67721157 -2775.7933991 1.693478e+20 1.4179167422e-05 1.0 
22595052.711 -83363058.904 239819778.43 583.48427775 -2302.6041602 6403.7598936 1.692576e+20 1.4171615148e-05 1.0 
139656862.87 -34367368.59 210298623.33 3689.3229554 -937.92402959 5645.6364079 1.692576e+20 1.4171615148e-05 1.0 
-210025771.29 -29372467.302 29762191.337 -5267.459563 -760.91578694 695.06730473 1.692576e+20 1.4171615148e-05 1.0 
