#   x1                  x2                  x3                  v1                  v2                  v3                  mass                rel_mass            mat0_frac           mat1_frac           mat2_frac
    3.2048898984e+05    2.4665069884e+05    1.8553595605e+03    5.3360629493e+00   -5.7676747348e-01    6.8036507074e-02    1.7468912096e+21    9.3195227855e-01    9.0112155260e-01    9.8878447400e-02    0.0000000000e+00
   -4.6930507478e+06   -2.8001603039e+06    3.9886448037e+04   -7.8546854098e+01    2.7394603963e+01   -4.2564138411e-02    1.2232896264e+20    6.5261508467e-02    9.1399815127e-01    8.6001848728e-02    0.0000000000e+00
   -2.7076982985e+06   -1.6632204207e+06   -1.1575612161e+04    6.0698945289e+00    5.5617036279e+01    4.0738093901e+00    1.1200130000e+17    5.9751784291e-05    1.0000000000e+00    0.0000000000e+00    0.0000000000e+00
   -4.2712079189e+06   -2.9415765594e+06    5.3071654624e+04   -2.1526766562e+02   -1.4452888489e+01   -1.0176034709e+01    1.1199710000e+17    5.9749543626e-05    1.0000000000e+00    0.0000000000e+00    0.0000000000e+00
   -2.4869245875e+06   -1.7880301055e+06    9.1862097175e+04    1.5951123866e+01    5.8784454892e+01   -8.9182807055e+00    1.1192000000e+17    5.9708411401e-05    1.0000000000e+00    0.0000000000e+00    0.0000000000e+00
   -1.0182179692e+06    7.0187332837e+05    5.6698911760e+05    9.2813901208e+01    2.0055532917e+02   -7.0093352045e+01    1.1188790000e+17    5.9691286312e-05    1.0000000000e+00    0.0000000000e+00    0.0000000000e+00
   -4.4398483590e+06   -7.8797334654e+06    1.6705202340e+06   -1.3607125649e+02   -1.1909407673e+02    4.9669733070e+01    1.1182780000e+17    5.9659223450e-05    1.0000000000e+00    0.0000000000e+00    0.0000000000e+00
   -2.0618179375e+06   -9.6710068491e+06    2.5455895379e+06   -7.5277774024e+01   -1.9606548485e+02    2.7480809193e+01    1.1182570000e+17    5.9658103117e-05    1.0000000000e+00    0.0000000000e+00    0.0000000000e+00
   -4.1403219664e+05   -1.8509685036e+07   -1.0063745080e+06   -3.4459514659e+01   -4.5440269611e+02   -2.2100171716e+01    1.1182570000e+17    5.9658103117e-05    1.0000000000e+00    0.0000000000e+00    0.0000000000e+00
   -5.8803790388e+06   -2.6893775077e+06   -5.3934779777e+05   -1.2912600027e+02    5.1967534370e+01    5.5664049856e+01    1.1181710000e+17    5.9653515087e-05    1.0000000000e+00    0.0000000000e+00    0.0000000000e+00
    8.5682082105e+05   -1.8508350073e+07   -6.3234311033e+05   -3.8843827440e+00   -4.5606080863e+02   -1.0984637270e+01    1.1181710000e+17    5.9653515087e-05    1.0000000000e+00    0.0000000000e+00    0.0000000000e+00
    1.4298866883e+05   -1.7927000931e+07   -2.0885918611e+06   -2.2060960392e+01   -4.4020011840e+02   -4.3111661562e+01    7.5947540000e+16    4.0517396026e-05    0.0000000000e+00    1.0000000000e+00    0.0000000000e+00
    4.4971881130e+04   -4.8666734912e+05   -1.6904875746e+04   -3.3716746486e+02    1.0370431963e+02   -1.0193488626e+02    3.8019740000e+16    2.0283222635e-05    0.0000000000e+00    1.0000000000e+00    0.0000000000e+00
   -5.4699678487e+06   -3.0184479147e+06   -9.9983119630e+05   -1.3538295527e+02    7.1563910866e+01    2.5418526623e+01    3.7998490000e+16    2.0271885932e-05    0.0000000000e+00    1.0000000000e+00    0.0000000000e+00
   -4.8424666583e+06   -4.8029024130e+06    1.6804215483e+06   -1.3960187814e+02   -9.6297921403e-01    3.5216408320e+01    3.7996610000e+16    2.0270882968e-05    0.0000000000e+00    1.0000000000e+00    0.0000000000e+00
   -2.1645385218e+06   -1.3955179173e+07    3.3001318290e+05   -8.0131848609e+01   -3.1730302512e+02    1.3318431847e+01    3.7993510000e+16    2.0269229143e-05    0.0000000000e+00    1.0000000000e+00    0.0000000000e+00
    6.5387651511e+05   -1.0266416550e+07    1.8592724110e+07    1.3107481365e+00   -2.6607458432e+02    4.5773657236e+02    3.7992890000e+16    2.0268898378e-05    0.0000000000e+00    1.0000000000e+00    0.0000000000e+00
   -3.4710876860e+06   -7.9765910114e+06    9.3980754009e+05   -1.0964923258e+02   -1.2386619594e+02    4.5987481919e+01    3.7992890000e+16    2.0268898378e-05    0.0000000000e+00    1.0000000000e+00    0.0000000000e+00
   -5.2490428367e+06   -2.9303440588e+06   -9.2449797274e+05   -1.5182824635e+02    7.8541819523e+01    2.4718728412e+01    3.7991650000e+16    2.0268236848e-05    0.0000000000e+00    1.0000000000e+00    0.0000000000e+00
    6.4329974618e+06   -2.4849864705e+07   -9.5909329815e+05    1.4584069608e+02   -6.3667026012e+02   -2.3412956896e+01    3.7987970000e+16    2.0266273598e-05    0.0000000000e+00    1.0000000000e+00    0.0000000000e+00
   -2.2156833225e+06   -1.3155125467e+07    1.1237199058e+04   -8.1967431053e+01   -2.9337905339e+02    9.7205465459e+00    3.7987970000e+16    2.0266273598e-05    0.0000000000e+00    1.0000000000e+00    0.0000000000e+00
   -4.1266625754e+06   -6.1281906866e+06   -9.6581854962e+05   -1.2371458763e+02   -5.2898850364e+01   -4.7999951397e+01    3.7987360000e+16    2.0265948168e-05    0.0000000000e+00    1.0000000000e+00    0.0000000000e+00
   -9.0617249639e+05   -5.5775116040e+05   -7.1997727389e+05   -1.6845354903e+01    1.8641098584e+02   -1.0214470569e+02    3.7987360000e+16    2.0265948168e-05    0.0000000000e+00    1.0000000000e+00    0.0000000000e+00
    9.1850110635e+06   -2.5596313829e+07    1.6133016873e+06    2.1741162431e+02   -6.5876556422e+02    4.1471400060e+01    3.7986750000e+16    2.0265622738e-05    0.0000000000e+00    1.0000000000e+00    0.0000000000e+00
   -4.9466922190e+06   -7.5745633188e+06   -6.9193388829e+05   -1.4557912710e+02   -1.0533900467e+02   -1.6450108766e+01    3.7985370000e+16    2.0264886519e-05    0.0000000000e+00    1.0000000000e+00    0.0000000000e+00
   -1.1562592802e+06    1.4720462047e+06    5.5370583995e+05    2.0102010111e+02    4.7197610733e+01   -9.7125646684e+01    3.7985370000e+16    2.0264886519e-05    0.0000000000e+00    1.0000000000e+00    0.0000000000e+00
   -1.1018821756e+06   -1.5307626844e+07   -1.7712272270e+06   -5.3509192117e+01   -3.6259096599e+02   -3.1955101622e+01    3.7985370000e+16    2.0264886519e-05    0.0000000000e+00    1.0000000000e+00    0.0000000000e+00
   -3.1541041909e+05   -6.3907205991e+05   -3.0501345946e+04   -1.3820748979e+02    1.3551557188e+02   -2.2946504624e+02    3.7984930000e+16    2.0264651782e-05    0.0000000000e+00    1.0000000000e+00    0.0000000000e+00
    2.8484296624e+06   -2.1255060390e+07   -1.7656768798e+06    5.0571552398e+01   -5.3496521288e+02   -4.1277696549e+01    3.7984930000e+16    2.0264651782e-05    0.0000000000e+00    1.0000000000e+00    0.0000000000e+00
    3.2947061707e+06   -1.8822325237e+07    9.7548455855e+06    6.3685869795e+01   -4.7847211280e+02    2.3621460879e+02    3.7984680000e+16    2.0264518410e-05    0.0000000000e+00    1.0000000000e+00    0.0000000000e+00
    6.9103508748e+06   -2.5001979598e+07   -1.6281337840e+06    1.5664141323e+02   -6.4159351621e+02   -4.0416649624e+01    3.7984680000e+16    2.0264518410e-05    0.0000000000e+00    1.0000000000e+00    0.0000000000e+00
   -2.4088692696e+05   -1.2202947648e+07    4.2377745643e+06   -3.2281819445e+01   -2.8110781352e+02    7.8824220686e+01    3.7984000000e+16    2.0264155635e-05    0.0000000000e+00    1.0000000000e+00    0.0000000000e+00
   -4.2170951764e+06   -8.7190058458e+06   -1.6057333475e+06   -1.2979299985e+02   -1.4855441405e+02   -4.9285488224e+01    3.7984000000e+16    2.0264155635e-05    0.0000000000e+00    1.0000000000e+00    0.0000000000e+00
    1.8242700592e+06   -1.9756060214e+07   -1.5038317187e+06    2.1668397049e+01   -4.9229578824e+02   -3.3669496004e+01    3.7984000000e+16    2.0264155635e-05    0.0000000000e+00    1.0000000000e+00    0.0000000000e+00
   -3.9339728227e+06   -2.6834613303e+06    1.7833415954e+05   -1.2432374581e+02   -3.9037566518e+01    4.1073591313e+00    3.7983320000e+16    2.0263792861e-05    0.0000000000e+00    1.0000000000e+00    0.0000000000e+00
   -1.2926807605e+06   -7.5868335992e+06    1.9861150264e+06   -6.0960193007e+01   -1.2809764249e+02    1.7514570073e+00    3.7983320000e+16    2.0263792861e-05    0.0000000000e+00    1.0000000000e+00    0.0000000000e+00
   -7.3500273981e+06   -4.7477033529e+06    8.3474633617e+05   -1.9200564214e+02   -2.9761239044e+01   -1.1365243440e+01    3.7983320000e+16    2.0263792861e-05    0.0000000000e+00    1.0000000000e+00    0.0000000000e+00
    1.9573068828e+06   -2.1252219777e+07   -1.7743959599e+06    2.6907201294e+01   -5.3483742313e+02   -3.9428246902e+01    3.7983320000e+16    2.0263792861e-05    0.0000000000e+00    1.0000000000e+00    0.0000000000e+00
   -1.4930602451e+06   -4.2398594510e+06   -1.6323894588e+07   -5.0249834298e+01   -1.1629846669e+02   -3.8664620366e+02    3.7982640000e+16    2.0263430086e-05    0.0000000000e+00    1.0000000000e+00    0.0000000000e+00
    3.6743297107e+06   -1.8603757148e+07    6.6944704650e+06    7.1522146863e+01   -4.6808528885e+02    1.5844500785e+02    3.7981980000e+16    2.0263077981e-05    0.0000000000e+00    1.0000000000e+00    0.0000000000e+00
    1.1816687327e+05   -1.2823582727e+07    5.3401429048e+06   -2.2690133474e+01   -3.0120707846e+02    1.0996422515e+02    3.7981980000e+16    2.0263077981e-05    0.0000000000e+00    1.0000000000e+00    0.0000000000e+00
   -1.8542162644e+06   -7.9976694665e+05   -3.7767585108e+06   -1.7959956602e+01   -2.6933387980e+01    5.1061904443e+01    3.7981980000e+16    2.0263077981e-05    0.0000000000e+00    1.0000000000e+00    0.0000000000e+00
    1.0140270289e+07   -2.8659497503e+07    1.7615272290e+06    2.4431719732e+02   -7.4015888302e+02    4.6654177040e+01    3.7981980000e+16    2.0263077981e-05    0.0000000000e+00    1.0000000000e+00    0.0000000000e+00
    7.5726675491e+06   -2.7475680717e+07   -3.4685890297e+06    1.7631520808e+02   -7.0865203151e+02   -8.7354179515e+01    3.7981980000e+16    2.0263077981e-05    0.0000000000e+00    1.0000000000e+00    0.0000000000e+00
    1.3992007594e+05   -1.2316129988e+07    1.1005383150e+07   -1.5754815585e+01   -3.0508581954e+02    2.5381199217e+02    3.7981910000e+16    2.0263040637e-05    0.0000000000e+00    1.0000000000e+00    0.0000000000e+00
    2.1029028662e+05   -1.3458971451e+07   -4.6462081082e+06   -2.0430344946e+01   -3.1527796411e+02   -9.7169499667e+01    3.7981910000e+16    2.0263040637e-05    0.0000000000e+00    1.0000000000e+00    0.0000000000e+00
   -3.3936021874e+06   -8.6904727705e+06    1.0454011748e+06   -1.1101264733e+02   -1.4999269756e+02    4.8174397997e+01    3.7981310000e+16    2.0262720542e-05    0.0000000000e+00    1.0000000000e+00    0.0000000000e+00
   -3.3917356850e+06   -3.8265094105e+06   -3.8226426847e+05   -1.0445208097e+02    3.0275997421e+01   -7.2880799894e+01    3.7980710000e+16    2.0262400447e-05    0.0000000000e+00    1.0000000000e+00    0.0000000000e+00
   -2.0764729400e+06   -4.3844391052e+06   -7.4846675543e+06   -5.9351984507e+01   -1.0039163373e+02   -1.1662407190e+02    3.7980660000e+16    2.0262373772e-05    0.0000000000e+00    1.0000000000e+00    0.0000000000e+00
   -1.4465723199e+06   -3.8062494838e+06   -9.5278535520e+06   -4.9296822318e+01   -9.3704303283e+01   -1.8006309030e+02    3.7980660000e+16    2.0262373772e-05    0.0000000000e+00    1.0000000000e+00    0.0000000000e+00
   -8.7085787336e+05   -5.8497813365e+05   -9.5500921227e+05   -8.4052555526e+01    1.6160104055e+02   -9.8095329622e+01    3.7979360000e+16    2.0261680233e-05    0.0000000000e+00    1.0000000000e+00    0.0000000000e+00
    9.0650164335e+06   -2.7090519091e+07    2.6550985794e+06    2.1517652666e+02   -6.9915371498e+02    6.6231242741e+01    3.7979360000e+16    2.0261680233e-05    0.0000000000e+00    1.0000000000e+00    0.0000000000e+00
   -3.9292174465e+06   -9.7627462585e+06    1.5707019843e+06   -1.2524534108e+02   -1.8458630389e+02    5.1349670875e+01    3.7979360000e+16    2.0261680233e-05    0.0000000000e+00    1.0000000000e+00    0.0000000000e+00
    3.9289008668e+06   -8.9312639622e+06    2.4050345233e+07    8.7431150408e+01   -2.3718902450e+02    6.0669548040e+02    3.7978910000e+16    2.0261440161e-05    0.0000000000e+00    1.0000000000e+00    0.0000000000e+00
    1.1864123889e+07   -2.8216876273e+07    3.2701519039e+06    2.8904265394e+02   -7.3049190804e+02    8.3302569392e+01    3.7978910000e+16    2.0261440161e-05    0.0000000000e+00    1.0000000000e+00    0.0000000000e+00
   -8.8771260712e+05   -1.2555977489e+07    8.2915503073e+06   -4.3098999831e+01   -3.0180229091e+02    1.8307194995e+02    3.7978310000e+16    2.0261120066e-05    0.0000000000e+00    1.0000000000e+00    0.0000000000e+00
    6.2848477026e+05   -1.5478083730e+07    3.7880891439e+06   -9.4722600120e+00   -3.7141775523e+02    8.2238000142e+01    3.7978310000e+16    2.0261120066e-05    0.0000000000e+00    1.0000000000e+00    0.0000000000e+00
   -2.3374583359e+06   -1.3410515021e+07    7.3909169172e+05   -8.4031385704e+01   -3.0108709436e+02    9.2564520899e+00    3.7978310000e+16    2.0261120066e-05    0.0000000000e+00    1.0000000000e+00    0.0000000000e+00
    3.1646357147e+06   -1.7196760398e+07    8.8117517339e+06    5.8948041493e+01   -4.3358389538e+02    2.0859418770e+02    3.7978080000e+16    2.0260997363e-05    0.0000000000e+00    1.0000000000e+00    0.0000000000e+00
    1.1536323369e+07   -2.6012796371e+07    9.9156989303e+06    2.8037432036e+02   -6.7529908095e+02    2.4989069453e+02    3.7978080000e+16    2.0260997363e-05    0.0000000000e+00    1.0000000000e+00    0.0000000000e+00
    1.1492083828e+07   -2.7925826383e+07    2.2149831002e+06    2.7771399626e+02   -7.2312467176e+02    5.6425231729e+01    3.7978080000e+16    2.0260997363e-05    0.0000000000e+00    1.0000000000e+00    0.0000000000e+00
    5.3279338671e+06   -2.4747308907e+07   -5.9079121217e+06    1.1740255100e+02   -6.3481032835e+02   -1.4688288025e+02    3.7978080000e+16    2.0260997363e-05    0.0000000000e+00    1.0000000000e+00    0.0000000000e+00
   -1.3879340427e+06   -8.4770635221e+06   -3.4725558943e+06   -5.8275660648e+01   -1.6634090929e+02   -4.0093716519e+01    3.7978080000e+16    2.0260997363e-05    0.0000000000e+00    1.0000000000e+00    0.0000000000e+00
    4.2749169478e+06   -2.2619474036e+07   -2.1576621120e+06    8.6045534452e+01   -5.7435026389e+02   -5.2493628110e+01    3.7978080000e+16    2.0260997363e-05    0.0000000000e+00    1.0000000000e+00    0.0000000000e+00
    9.5872591732e+06   -2.5462441574e+07   -2.2409288650e+07    2.3373727778e+02   -6.6526252262e+02   -5.7576635719e+02    3.7978080000e+16    2.0260997363e-05    0.0000000000e+00    1.0000000000e+00    0.0000000000e+00
   -2.0932281928e+06   -3.5185775814e+06   -1.1174830694e+07   -6.4503599596e+01   -8.9789881742e+01   -2.3169493002e+02    3.7977720000e+16    2.0260805306e-05    0.0000000000e+00    1.0000000000e+00    0.0000000000e+00
   -4.7094020054e+03   -1.3882372828e+07    5.8705883499e+06   -2.3678457399e+01   -3.3479856454e+02    1.2326150749e+02    3.7977450000e+16    2.0260661263e-05    0.0000000000e+00    1.0000000000e+00    0.0000000000e+00
    1.0672037793e+06   -1.6561835420e+07    5.0155469019e+06    2.5048505861e+00   -4.0538182512e+02    1.1369783061e+02    3.7977450000e+16    2.0260661263e-05    0.0000000000e+00    1.0000000000e+00    0.0000000000e+00
    1.2238504813e+07   -2.9568940838e+07    3.4924034607e+06    2.9860591567e+02   -7.6721497589e+02    8.8232575727e+01    3.7977450000e+16    2.0260661263e-05    0.0000000000e+00    1.0000000000e+00    0.0000000000e+00
    1.0245647864e+07   -2.8521326911e+07    1.8271480553e+06    2.4603125846e+02   -7.3988719009e+02    4.5301206316e+01    3.7977450000e+16    2.0260661263e-05    0.0000000000e+00    1.0000000000e+00    0.0000000000e+00
    2.8644631155e+06   -2.1773326753e+07   -1.5852688927e+06    4.8936718486e+01   -5.4940834466e+02   -3.6794709651e+01    3.7977450000e+16    2.0260661263e-05    0.0000000000e+00    1.0000000000e+00    0.0000000000e+00
    7.6453988284e+06   -2.3072802800e+07   -1.5060534832e+07    1.8056201090e+02   -5.9853672675e+02   -3.8045100768e+02    3.7977450000e+16    2.0260661263e-05    0.0000000000e+00    1.0000000000e+00    0.0000000000e+00
   -4.9111615575e+06   -7.7071724309e+06    1.5958760037e+06   -1.4596418390e+02   -1.1342768301e+02    4.3440743319e+01    3.7977450000e+16    2.0260661263e-05    0.0000000000e+00    1.0000000000e+00    0.0000000000e+00
   -4.8157979205e+06   -6.4688497215e+06    2.0690762096e+06   -1.4492364322e+02   -7.1011378565e+01    5.7435882248e+01    3.7977450000e+16    2.0260661263e-05    0.0000000000e+00    1.0000000000e+00    0.0000000000e+00
    3.0650949463e+06   -1.9934812573e+07    8.0164772608e+06    5.7131193216e+01   -5.0611760754e+02    1.9271687974e+02    3.7976820000e+16    2.0260325163e-05    0.0000000000e+00    1.0000000000e+00    0.0000000000e+00
    7.6833301750e+06   -2.5726453217e+07   -1.5236372119e+06    1.7617955374e+02   -6.6149266332e+02   -3.8868386782e+01    3.7976820000e+16    2.0260325163e-05    0.0000000000e+00    1.0000000000e+00    0.0000000000e+00
   -1.9930635617e+06   -1.1470841311e+07   -2.4557085135e+06   -7.2610072946e+01   -2.5095815652e+02   -3.3022564453e+01    3.7976820000e+16    2.0260325163e-05    0.0000000000e+00    1.0000000000e+00    0.0000000000e+00
   -5.3792082091e+06   -2.5454034493e+06    4.9536293032e+05   -8.4812430255e+01    9.8602632352e+01    3.4859461047e+01    3.7976530000e+16    2.0260170451e-05    0.0000000000e+00    1.0000000000e+00    0.0000000000e+00
   -3.5084126428e+05   -1.2601217059e+07   -3.4116228190e+06   -3.4916143758e+01   -2.8730945947e+02   -6.3116099206e+01    3.7976530000e+16    2.0260170451e-05    0.0000000000e+00    1.0000000000e+00    0.0000000000e+00
   -7.0402061858e+05   -6.0329041123e+05    2.7206927685e+05   -1.7177184157e+02    1.7261010441e+02    1.3447540611e+01    3.7976200000e+16    2.0259994398e-05    0.0000000000e+00    1.0000000000e+00    0.0000000000e+00
   -6.1804915704e+05   -7.1525491557e+06    5.9275273251e+06   -3.8968592632e+01   -1.4820352356e+02    9.2019593336e+01    3.7975580000e+16    2.0259663633e-05    0.0000000000e+00    1.0000000000e+00    0.0000000000e+00
   -1.3085472962e+06   -5.5757251611e+06    3.0108105169e+06   -5.2553142320e+01   -7.6460497925e+01   -1.4970015942e+00    3.7975580000e+16    2.0259663633e-05    0.0000000000e+00    1.0000000000e+00    0.0000000000e+00
   -2.5299557833e+06   -1.2747564706e+07   -8.6077899512e+05   -9.2822349557e+01   -2.8155095249e+02   -3.0159416668e+01    3.7975580000e+16    2.0259663633e-05    0.0000000000e+00    1.0000000000e+00    0.0000000000e+00
   -4.3480469923e+06   -9.0632094647e+06   -1.0473989219e+06   -1.3473697477e+02   -1.5844157081e+02   -2.8803368609e+01    3.7975580000e+16    2.0259663633e-05    0.0000000000e+00    1.0000000000e+00    0.0000000000e+00
   -1.5877494285e+05   -1.8268511624e+07    1.6990889033e+06   -2.8620463894e+01   -4.4839939353e+02    3.5203129974e+01    3.7975580000e+16    2.0259663633e-05    0.0000000000e+00    1.0000000000e+00    0.0000000000e+00
   -3.9430741580e+06   -1.0074203783e+07   -6.9152471947e+05   -1.2493698931e+02   -1.9208264178e+02   -2.0267764889e+01    3.7975580000e+16    2.0259663633e-05    0.0000000000e+00    1.0000000000e+00    0.0000000000e+00
    5.3220655471e+06   -1.6814509865e+07   -1.7087106199e+07    1.2030103479e+02   -4.3561522231e+02   -4.2608579324e+02    3.7975580000e+16    2.0259663633e-05    0.0000000000e+00    1.0000000000e+00    0.0000000000e+00
   -3.5694450658e+06   -5.0594564914e+06    1.0301682477e+06   -1.0881672731e+02   -1.7202126025e+01    6.7481109879e+01    3.7975580000e+16    2.0259663633e-05    0.0000000000e+00    1.0000000000e+00    0.0000000000e+00
   -2.4184025670e+06   -1.0164823663e+07   -4.5042197392e+06   -7.8844954212e+01   -2.2390444730e+02   -7.2634059077e+01    3.7975580000e+16    2.0259663633e-05    0.0000000000e+00    1.0000000000e+00    0.0000000000e+00
    1.9991979051e+06   -1.8193707705e+07   -2.9574787941e+06    2.5663131647e+01   -4.5099565281e+02   -6.3653102917e+01    3.7975580000e+16    2.0259663633e-05    0.0000000000e+00    1.0000000000e+00    0.0000000000e+00
   -6.0232227331e+06   -3.3739403104e+06    1.7301273781e+06   -1.5198029565e+02    3.0216722184e+01    5.9832640555e+00    3.7975580000e+16    2.0259663633e-05    0.0000000000e+00    1.0000000000e+00    0.0000000000e+00
   -5.6217063801e+06   -4.3801144300e+06   -1.5071722127e+06   -1.4910676766e+02    1.0776040468e+01   -1.2723953907e+01    3.7974970000e+16    2.0259338203e-05    0.0000000000e+00    1.0000000000e+00    0.0000000000e+00
   -2.2768034687e+06   -5.0268245298e+06   -1.0369370258e+07   -6.6547502409e+01   -1.2822804378e+02   -2.1026655151e+02    3.7974970000e+16    2.0259338203e-05    0.0000000000e+00    1.0000000000e+00    0.0000000000e+00
   -2.0001162968e+06    1.7933764997e+05   -3.0979269725e+07   -6.2996620055e+01   -5.1499115895e+00   -7.9204720108e+02    3.7974970000e+16    2.0259338203e-05    0.0000000000e+00    1.0000000000e+00    0.0000000000e+00
    1.3785932503e+07   -2.5837239187e+07    1.7592667653e+07    3.4229518387e+02   -6.7410173224e+02    4.5075854917e+02    3.7974750000e+16    2.0259220835e-05    0.0000000000e+00    1.0000000000e+00    0.0000000000e+00
   -2.4897743747e+06   -3.7426065508e+05    6.9801258447e+05    6.9482868784e+01    9.1703397092e+01   -3.1237771915e+01    3.7974360000e+16    2.0259012773e-05    0.0000000000e+00    1.0000000000e+00    0.0000000000e+00
   -5.1971387179e+06   -3.2011629773e+06    2.1242933543e+05   -7.9783050199e+01    2.3359270829e+01    9.0659325686e+01    3.7974360000e+16    2.0259012773e-05    0.0000000000e+00    1.0000000000e+00    0.0000000000e+00
   -5.0992588355e+06   -3.1463968964e+06   -4.1106668015e+05   -6.1676152939e+01    6.2198587647e+00    1.1392174406e+02    3.7974360000e+16    2.0259012773e-05    0.0000000000e+00    1.0000000000e+00    0.0000000000e+00
    9.8111401880e+06   -2.7525319582e+07    7.3535308978e+06    2.3570947913e+02   -7.1223274545e+02    1.8629472941e+02    3.7973570000e+16    2.0258591315e-05    0.0000000000e+00    1.0000000000e+00    0.0000000000e+00
    7.8570013414e+06   -2.4945751948e+07    7.0526954856e+04    1.8274641936e+02   -6.3932343033e+02    2.5503977538e+00    3.7973570000e+16    2.0258591315e-05    0.0000000000e+00    1.0000000000e+00    0.0000000000e+00
   -2.5298219800e+05   -3.3850875966e+06   -1.1821157542e+07   -2.3219619477e+01   -8.7743864218e+01   -2.5128957955e+02    3.7973570000e+16    2.0258591315e-05    0.0000000000e+00    1.0000000000e+00    0.0000000000e+00
   -2.6233124172e+06   -5.4556279530e+06    4.4490340045e+05   -8.8674351916e+01   -3.4382786763e+01   -3.6294951106e+01    3.7972390000e+16    2.0257961794e-05    0.0000000000e+00    1.0000000000e+00    0.0000000000e+00
    7.7445196410e+04   -1.5263185336e+07   -1.3883001579e+06   -2.4509187372e+01   -3.6047913184e+02   -2.6467633614e+01    3.7972390000e+16    2.0257961794e-05    0.0000000000e+00    1.0000000000e+00    0.0000000000e+00
   -1.4775649675e+06   -9.3664512335e+06    3.0302813239e+06   -6.1722308487e+01   -1.9249026951e+02    3.3458648480e+01    3.7971960000e+16    2.0257732393e-05    0.0000000000e+00    1.0000000000e+00    0.0000000000e+00
   -3.1817069991e+06   -5.1615500891e+06    7.4216195794e+06   -8.2903695061e+01   -1.1788339809e+02    1.2082713519e+02    3.7971960000e+16    2.0257732393e-05    0.0000000000e+00    1.0000000000e+00    0.0000000000e+00
   -1.0310956651e+07    7.0838796629e+06   -1.0338324252e+07   -2.5727341041e+02    1.5045530299e+02   -2.4410500704e+02    3.7971960000e+16    2.0257732393e-05    0.0000000000e+00    1.0000000000e+00    0.0000000000e+00
   -6.7923613209e+06    8.7620977412e+06   -3.5025479456e+06   -1.5823787912e+02    1.6874812413e+02   -7.3541944797e+01    3.7971960000e+16    2.0257732393e-05    0.0000000000e+00    1.0000000000e+00    0.0000000000e+00
    6.3844660116e+06   -2.5940178207e+07    6.3769054014e+06    1.4520377013e+02   -6.6820122366e+02    1.5809664969e+02    3.7971960000e+16    2.0257732393e-05    0.0000000000e+00    1.0000000000e+00    0.0000000000e+00
   -1.2960667573e+06   -4.1522172867e+04    1.8130252324e+05    2.1897080679e+02    1.3531108261e+02   -2.6091720022e+00    3.7971960000e+16    2.0257732393e-05    0.0000000000e+00    1.0000000000e+00    0.0000000000e+00
   -5.5737676570e+06    1.4489410181e+06   -3.3007693382e+06   -8.0706180318e+01   -1.8401450371e+01   -2.1334956571e+01    3.7971960000e+16    2.0257732393e-05    0.0000000000e+00    1.0000000000e+00    0.0000000000e+00
    1.0086236009e+07   -2.9764688417e+07    5.9476467775e+06    2.4258606412e+02   -7.7194934481e+02    1.5095573850e+02    3.7971960000e+16    2.0257732393e-05    0.0000000000e+00    1.0000000000e+00    0.0000000000e+00
   -1.2461493634e+06   -8.8814296271e+06   -2.2978719877e+06   -5.7600899869e+01   -1.7526597886e+02   -1.3634430011e+01    3.7971960000e+16    2.0257732393e-05    0.0000000000e+00    1.0000000000e+00    0.0000000000e+00
    3.5111650429e+06   -1.5788559548e+07   -1.4812564966e+07    7.1561065821e+01   -4.0471670823e+02   -3.6409112117e+02    3.7971960000e+16    2.0257732393e-05    0.0000000000e+00    1.0000000000e+00    0.0000000000e+00
    9.4702636528e+06   -2.3831717662e+07   -1.2002260910e+07    2.2626862622e+02   -6.1763376044e+02   -3.0160788811e+02    3.7971960000e+16    2.0257732393e-05    0.0000000000e+00    1.0000000000e+00    0.0000000000e+00
   -1.9388381078e+06   -1.0852239764e+07    2.1294220346e+05   -7.8507381965e+01   -2.2541903534e+02    2.7177201281e+01    3.7971960000e+16    2.0257732393e-05    0.0000000000e+00    1.0000000000e+00    0.0000000000e+00
   -4.4943789176e+06   -2.5451072854e+06    1.0804284400e+05   -2.5473337520e+01   -6.3003429439e+01   -6.6280487856e+01    3.7971800000e+16    2.0257647034e-05    0.0000000000e+00    1.0000000000e+00    0.0000000000e+00
   -3.1393520223e+06   -9.4684423906e+06   -4.9791066648e+04   -1.0248804273e+02   -1.7478118863e+02    1.9215395225e+01    3.7971800000e+16    2.0257647034e-05    0.0000000000e+00    1.0000000000e+00    0.0000000000e+00
    2.0486160562e+07   -3.0209604799e+07   -1.1273562107e+07    5.1744118455e+02   -7.8920612502e+02   -2.8981353710e+02    3.7971220000e+16    2.0257337609e-05    0.0000000000e+00    1.0000000000e+00    0.0000000000e+00
    7.3837454001e+06   -2.3946546374e+07   -9.9381939295e+06    1.7188888585e+02   -6.1713556969e+02   -2.4922181176e+02    3.7971220000e+16    2.0257337609e-05    0.0000000000e+00    1.0000000000e+00    0.0000000000e+00
    4.4091689650e+06   -1.6305639665e+07   -8.1327977930e+06    8.9174208872e+01   -4.0726026207e+02   -1.9279818896e+02    3.7971220000e+16    2.0257337609e-05    0.0000000000e+00    1.0000000000e+00    0.0000000000e+00
    1.7713703629e+06   -1.2092144384e+07   -1.1133475322e+07    2.3510779695e+01   -2.9897122613e+02   -2.5889096892e+02    3.7971220000e+16    2.0257337609e-05    0.0000000000e+00    1.0000000000e+00    0.0000000000e+00
