#   x1                  x2                  x3                  v1                  v2                  v3                  mass                rel_mass            mat0_frac           mat1_frac           mat2_frac
    3.0818371276e+07    5.3912359150e+07   -8.3773848372e+03    8.7995797004e+02    1.3760371227e+03    4.6042007612e-01    8.5719551508e+23    6.6604429893e-01    8.0472553445e-01    1.9527446555e-01    0.0000000000e+00
   -6.2096125531e+07   -1.0790146610e+08   -9.0066423929e+04   -1.7787545685e+03   -2.7532788618e+03   -2.1642477663e+00    4.2584093131e+23    3.3088008460e-01    8.9888754062e-01    1.0111245938e-01    0.0000000000e+00
   -5.0638708830e+07   -1.0090775286e+08    2.6616984612e+06   -2.5343100974e+03   -3.6951044022e+03   -1.2168805090e+02    7.7681180000e+19    6.0358583500e-05    1.0000000000e+00    0.0000000000e+00    0.0000000000e+00
   -3.2266161822e+07   -7.9550830323e+07    4.2716278678e+06   -1.2090928894e+03   -2.4941189498e+03    1.1748753048e+02    7.5657970000e+19    5.8786541344e-05    1.0000000000e+00    0.0000000000e+00    0.0000000000e+00
   -1.3759537939e+07   -4.5966058496e+07    1.2856013662e+07   -4.3559840902e+02   -1.1963006550e+03    3.3360255236e+02    7.5326920000e+19    5.8529314187e-05    1.0000000000e+00    0.0000000000e+00    0.0000000000e+00
    4.2042503709e+06    2.8683113591e+07    9.8567163055e+06    5.7750176339e+02    1.6282324162e+03    1.4325975097e+02    7.5104290000e+19    5.8356329798e-05    1.0000000000e+00    0.0000000000e+00    0.0000000000e+00
   -3.5078138893e+07   -9.2164596945e+07    1.0073254092e+07   -1.3348356519e+03   -2.9659674919e+03    1.1001266683e+02    5.0447340000e+19    3.9197782317e-05    0.0000000000e+00    1.0000000000e+00    0.0000000000e+00
   -1.8807178395e+07   -5.2800478181e+06    5.7795003531e+06   -4.0994208458e+02    1.6942191530e+02    1.4661503833e+02    3.0050080000e+19    2.3349030780e-05    0.0000000000e+00    1.0000000000e+00    0.0000000000e+00
    6.3806203463e+06    2.8012612657e+07    4.7658267229e+06    6.9530103888e+02    1.6554901366e+03    2.9743190750e+01    2.9748190000e+19    2.3114461059e-05    0.0000000000e+00    1.0000000000e+00    0.0000000000e+00
   -3.3697419517e+07   -8.0439480811e+07   -5.7986526952e+06   -1.2592071250e+03   -2.5253789020e+03   -2.4290460915e+02    2.9189590000e+19    2.2680426654e-05    0.0000000000e+00    1.0000000000e+00    0.0000000000e+00
   -1.4024605068e+07   -2.1561437262e+07   -3.3278081403e+06   -3.1103332104e+02   -3.6416782153e+02   -1.1047138011e+02    2.8676160000e+19    2.2281489517e-05    0.0000000000e+00    1.0000000000e+00    0.0000000000e+00
    3.4896342372e+06    1.8293829225e+07   -3.5959546917e+06    4.0574124928e+02    1.2413168423e+03   -1.5006539682e+02    2.8581080000e+19    2.2207611981e-05    0.0000000000e+00    1.0000000000e+00    0.0000000000e+00
    3.4204971489e+05    2.8150068461e+07    3.9708037765e+06    6.2588216437e+02    1.4850439207e+03    1.2665691585e+02    2.8423390000e+19    2.2085086229e-05    0.0000000000e+00    1.0000000000e+00    0.0000000000e+00
   -1.3846024710e+07   -3.4159387249e+07   -5.7300505054e+06   -4.1800036600e+02   -7.8627112524e+02   -2.0728898591e+02    2.8391970000e+19    2.2060672765e-05    0.0000000000e+00    1.0000000000e+00    0.0000000000e+00
   -2.5140234864e+07   -5.2604444583e+07    7.8721939249e+06   -7.3554333732e+02   -1.4940556001e+03    1.9368661391e+02    2.8391970000e+19    2.2060672765e-05    0.0000000000e+00    1.0000000000e+00    0.0000000000e+00
   -4.8081495450e+07   -1.0471479001e+08    4.7416240203e+06   -2.5268182693e+03   -3.5095307571e+03   -1.8018622210e+02    2.8141880000e+19    2.1866351848e-05    0.0000000000e+00    1.0000000000e+00    0.0000000000e+00
   -1.6215418876e+07   -3.6450126722e+07   -2.1668617244e+06   -4.4767879679e+02   -8.8655066080e+02   -4.0229463347e+01    2.8110780000e+19    2.1842187025e-05    0.0000000000e+00    1.0000000000e+00    0.0000000000e+00
   -1.1495001998e+07   -1.2341308656e+07   -1.7307948580e+06   -1.0782437473e+02   -5.0201003823e+01   -4.5525256186e+01    2.7648100000e+19    2.1482682839e-05    0.0000000000e+00    1.0000000000e+00    0.0000000000e+00
   -1.0522624192e+07    6.8064924642e+06   -7.4496399526e+06   -1.0832156627e+01    6.1215718258e+02   -2.8512683432e+02    2.7617500000e+19    2.1458906518e-05    0.0000000000e+00    1.0000000000e+00    0.0000000000e+00
   -3.4236088358e+07   -8.4032872243e+07    1.0252237569e+07   -1.3073155913e+03   -2.6426977850e+03    2.6497164725e+02    2.7586930000e+19    2.1435153507e-05    0.0000000000e+00    1.0000000000e+00    0.0000000000e+00
   -1.0087515070e+07    6.4717349545e+06   -6.6037887216e+06    7.1809387960e+01    6.0486379164e+02   -2.7558438858e+02    2.7525870000e+19    2.1387709646e-05    0.0000000000e+00    1.0000000000e+00    0.0000000000e+00
    2.5805275082e+07    5.5370307422e+07   -5.8820167303e+06    3.3054895670e+03    2.7817697110e+03    1.4985229361e+03    2.7404090000e+19    2.1293086105e-05    0.0000000000e+00    1.0000000000e+00    0.0000000000e+00
   -1.9554304159e+07   -2.9531883888e+07   -4.1078724947e+06   -4.3836541352e+02   -6.8307924772e+02   -1.1251926955e+02    2.7404090000e+19    2.1293086105e-05    0.0000000000e+00    1.0000000000e+00    0.0000000000e+00
    1.2584178553e+07    3.9640702834e+07    9.3431481123e+06    1.1452864484e+03    2.2826552804e+03    1.7447392546e+02    2.7343360000e+19    2.1245898656e-05    0.0000000000e+00    1.0000000000e+00    0.0000000000e+00
   -9.8061800440e+06   -8.5491596587e+05   -1.1365129316e+07   -4.4605917352e+00    3.5451657406e+02   -3.8457756193e+02    2.7222200000e+19    2.1151756857e-05    0.0000000000e+00    1.0000000000e+00    0.0000000000e+00
   -2.0347238330e+06    1.9645181580e+07    1.4888843775e+06    4.3425037087e+02    1.1491843374e+03    4.1266973173e+01    2.7191980000e+19    2.1128275798e-05    0.0000000000e+00    1.0000000000e+00    0.0000000000e+00
   -1.5859132681e+07   -1.5357132747e+07    5.0079568065e+06   -2.7935947824e+02   -1.6457237933e+02    2.9933836319e+02    2.6981070000e+19    2.0964397896e-05    0.0000000000e+00    1.0000000000e+00    0.0000000000e+00
   -1.0905665558e+07   -1.0216299377e+07    1.6723960715e+07   -2.4221476744e+02    5.8370154711e+01    5.9124819548e+02    2.6951030000e+19    2.0941056697e-05    0.0000000000e+00    1.0000000000e+00    0.0000000000e+00
   -1.5315736589e+07   -3.8099515067e+07    6.0845663011e+06   -3.3291274127e+02   -9.4717379743e+02    1.7582348482e+02    2.6921010000e+19    2.0917731038e-05    0.0000000000e+00    1.0000000000e+00    0.0000000000e+00
   -2.5847750518e+07    8.3635929026e+06    1.5737346162e+06   -3.5094962355e+02    5.1326483328e+02   -1.8949742756e+02    2.6741370000e+19    2.0778150049e-05    0.0000000000e+00    1.0000000000e+00    0.0000000000e+00
   -6.7935334156e+06   -1.0317671907e+07    1.4271016654e+07   -1.7887852636e+02    9.0085276120e+01    5.0249739080e+02    2.6681660000e+19    2.0731755144e-05    0.0000000000e+00    1.0000000000e+00    0.0000000000e+00
   -3.3619867735e+07   -7.8580523494e+07    1.6767812063e+07   -1.3104915155e+03   -2.3746394293e+03    5.7822144995e+02    2.6681660000e+19    2.0731755144e-05    0.0000000000e+00    1.0000000000e+00    0.0000000000e+00
   -3.4239116007e+07   -6.4943364492e+07   -4.7089864916e+05   -1.1421502954e+03   -1.9837768392e+03    3.9926609276e+00    2.6607300000e+19    2.0673977130e-05    0.0000000000e+00    1.0000000000e+00    0.0000000000e+00
   -8.9344390001e+06   -1.2363593206e+07    9.3219965417e+06   -1.6874509823e+02   -2.3545688407e+01    2.2815348269e+02    2.6607300000e+19    2.0673977130e-05    0.0000000000e+00    1.0000000000e+00    0.0000000000e+00
    1.9835719890e+07    5.3892388804e+07    6.8343116932e+06    2.6856394384e+03    2.2809627264e+03   -6.7671997796e+02    2.6532710000e+19    2.0616020406e-05    0.0000000000e+00    1.0000000000e+00    0.0000000000e+00
   -6.9789389418e+06    5.6442509780e+05    9.1212014634e+06    2.4152332137e+01    4.4244120599e+02    3.5701564602e+02    2.6500850000e+19    2.0591265060e-05    0.0000000000e+00    1.0000000000e+00    0.0000000000e+00
   -4.9491062424e+07   -9.9285739451e+07    8.5078042536e+06   -2.2993746461e+03   -3.3946125407e+03   -2.2405556989e+02    2.6430300000e+19    2.0536447431e-05    0.0000000000e+00    1.0000000000e+00    0.0000000000e+00
   -1.4149020493e+07   -1.0330212038e+07    1.3844910708e+07   -3.1646548204e+02    2.9953983743e+01    4.4355420776e+02    2.6395140000e+19    2.0509127973e-05    0.0000000000e+00    1.0000000000e+00    0.0000000000e+00
   -6.7950947126e+07   -1.0778369670e+08   -3.0022761460e+06   -1.9554315046e+03   -9.9682434871e+02   -5.6906499243e+02    2.6395140000e+19    2.0509127973e-05    0.0000000000e+00    1.0000000000e+00    0.0000000000e+00
   -1.7544275004e+07   -6.1185753046e+07    8.7844743152e+06   -7.6215120490e+02   -1.6620530940e+03    4.4484046548e+02    2.6395140000e+19    2.0509127973e-05    0.0000000000e+00    1.0000000000e+00    0.0000000000e+00
   -2.0305689970e+07   -3.9593337782e+07   -1.0191745824e+07   -5.8012567182e+02   -9.9164435883e+02   -4.7807469078e+02    2.6384220000e+19    2.0500643090e-05    0.0000000000e+00    1.0000000000e+00    0.0000000000e+00
   -6.9602716829e+05    3.4796954304e+07    2.3777063522e+06    8.2220349559e+02    1.6009189649e+03    8.4531238791e+01    2.6384220000e+19    2.0500643090e-05    0.0000000000e+00    1.0000000000e+00    0.0000000000e+00
   -3.3389467057e+07   -5.8005620785e+07    4.0825657936e+06   -8.7518381242e+02   -1.7486864151e+03    2.5851046429e+02    2.6324950000e+19    2.0454590066e-05    0.0000000000e+00    1.0000000000e+00    0.0000000000e+00
   -5.7868652040e+07   -1.1049464216e+08    6.5346620382e+06   -3.1836860285e+03   -3.9633671654e+03   -8.9807138769e+02    2.6265740000e+19    2.0408583662e-05    0.0000000000e+00    1.0000000000e+00    0.0000000000e+00
   -9.3079813067e+06    7.0721796132e+06    7.0012747180e+06   -1.1198768536e+02    6.8338573268e+02    2.1787288170e+02    2.6255280000e+19    2.0400456201e-05    0.0000000000e+00    1.0000000000e+00    0.0000000000e+00
   -2.9332870267e+07   -5.2770884551e+07    6.9825624570e+06   -7.3682733241e+02   -1.5430527479e+03    1.7283950537e+02    2.6206590000e+19    2.0362623878e-05    0.0000000000e+00    1.0000000000e+00    0.0000000000e+00
   -2.4964857837e+07   -7.4375065700e+07   -1.7364236661e+07   -1.0611831215e+03   -2.1261369590e+03   -6.0434983227e+02    2.6147510000e+19    2.0316718485e-05    0.0000000000e+00    1.0000000000e+00    0.0000000000e+00
   -3.2281418495e+07   -7.4133061094e+07    8.6653047177e+06   -1.1528918004e+03   -2.2601587381e+03    4.8664349162e+02    2.6147510000e+19    2.0316718485e-05    0.0000000000e+00    1.0000000000e+00    0.0000000000e+00
   -4.1239136164e+06    1.5409716623e+07    1.2390344677e+07    2.6554999437e+02    9.7646610542e+02    4.3291193364e+02    2.6147510000e+19    2.0316718485e-05    0.0000000000e+00    1.0000000000e+00    0.0000000000e+00
   -1.9760558295e+07   -5.4409780974e+06    4.9404485469e+06   -3.7714887965e+02    1.4638216189e+02   -1.0050101381e+02    2.6117990000e+19    2.0293781329e-05    0.0000000000e+00    1.0000000000e+00    0.0000000000e+00
    1.0970803070e+07    4.1841329560e+07   -3.6688322972e+06    1.2676441727e+03    2.2392508332e+03   -6.0608567703e+02    2.6082130000e+19    2.0265917967e-05    0.0000000000e+00    1.0000000000e+00    0.0000000000e+00
   -7.0241113414e+06    6.0641637679e+05    3.1630773565e+06   -8.6466905162e+01    4.5922829778e+02    3.8779465285e+02    2.6082130000e+19    2.0265917967e-05    0.0000000000e+00    1.0000000000e+00    0.0000000000e+00
   -1.6892356281e+07   -5.2544921828e+06    7.4881114202e+06   -2.6622558904e+02    1.5193355518e+02    4.6214647156e+02    2.6029510000e+19    2.0225032019e-05    0.0000000000e+00    1.0000000000e+00    0.0000000000e+00
   -2.2523763153e+07   -3.7740288450e+07   -1.3744437639e+07   -7.3673402782e+02   -9.3449889763e+02   -3.1599792120e+02    2.6013370000e+19    2.0212491176e-05    0.0000000000e+00    1.0000000000e+00    0.0000000000e+00
    3.1839402296e+06    3.5662115148e+07   -1.1827771639e+07    7.6329125622e+02    1.7962698285e+03   -4.2204270533e+02    2.5979100000e+19    2.0185863250e-05    0.0000000000e+00    1.0000000000e+00    0.0000000000e+00
   -3.7477382330e+07   -9.0925337215e+07   -7.8666881517e+05   -1.6493549509e+03   -2.9007284975e+03    4.1099523545e+01    2.5979100000e+19    2.0185863250e-05    0.0000000000e+00    1.0000000000e+00    0.0000000000e+00
   -1.1672191833e+07   -7.2086867400e+06    1.8983321929e+07   -3.2268116662e+02    1.7778576518e+02    5.4959481249e+02    2.5979100000e+19    2.0185863250e-05    0.0000000000e+00    1.0000000000e+00    0.0000000000e+00
   -2.8600419621e+07   -6.5852055106e+07    2.4482690563e+07   -9.9741834435e+02   -1.9085716639e+03    7.0136013288e+02    2.5979100000e+19    2.0185863250e-05    0.0000000000e+00    1.0000000000e+00    0.0000000000e+00
   -1.1304486210e+07   -6.4587272392e+07    2.0613993604e+07   -6.4797827710e+02   -1.7137581679e+03    6.3893201263e+02    2.5979100000e+19    2.0185863250e-05    0.0000000000e+00    1.0000000000e+00    0.0000000000e+00
    1.8683841700e+06    1.5261622286e+07   -1.4897172603e+07    1.2442405248e+02    1.1135621005e+03   -4.0927133380e+02    2.5944890000e+19    2.0159281945e-05    0.0000000000e+00    1.0000000000e+00    0.0000000000e+00
   -2.5614250926e+07   -5.8545808728e+07   -6.0995089512e+06   -8.6903872824e+02   -1.6218929479e+03    2.0501084289e+02    2.5941160000e+19    2.0156383721e-05    0.0000000000e+00    1.0000000000e+00    0.0000000000e+00
   -4.8860304951e+07   -1.1061661445e+08    5.5131907417e+06   -2.4873601597e+03   -3.6180534656e+03   -4.4249831437e+02    2.5911740000e+19    2.0133524264e-05    0.0000000000e+00    1.0000000000e+00    0.0000000000e+00
   -2.4182227868e+07   -2.9881843536e+07   -2.3133882586e+07   -7.7695155699e+02   -6.7132270352e+02   -6.7550535863e+02    2.5910750000e+19    2.0132755031e-05    0.0000000000e+00    1.0000000000e+00    0.0000000000e+00
   -9.3737405149e+06   -1.3787435828e+07    5.0063096975e+06   -2.5896313440e+02   -3.5274819911e+01   -2.1762962280e+02    2.5910750000e+19    2.0132755031e-05    0.0000000000e+00    1.0000000000e+00    0.0000000000e+00
   -1.5216159500e+07   -7.6293843298e+06   -9.2550109468e+06   -2.6131328748e+02    1.0423976922e+02   -4.7852885280e+02    2.5852930000e+19    2.0087828662e-05    0.0000000000e+00    1.0000000000e+00    0.0000000000e+00
    4.1141363091e+06    3.3144784596e+07   -7.6018413482e+06    9.1087500016e+02    1.6707216777e+03   -1.3152311601e+02    2.5852930000e+19    2.0087828662e-05    0.0000000000e+00    1.0000000000e+00    0.0000000000e+00
   -1.8284781715e+07   -3.8161171852e+07    2.5179667227e+06   -5.7950232385e+02   -9.1537421402e+02    3.6485414084e+02    2.5852930000e+19    2.0087828662e-05    0.0000000000e+00    1.0000000000e+00    0.0000000000e+00
   -6.6216371725e+07   -1.0667195451e+08    2.1988570541e+05   -1.2188454157e+03    4.2699520636e+02    2.6251059993e+02    2.5774840000e+19    2.0027152424e-05    0.0000000000e+00    1.0000000000e+00    0.0000000000e+00
    3.5102838444e+07    4.8377579243e+07   -4.3090499573e+06    1.0304587515e+02   -1.4297726657e+03    1.2467987380e+02    2.5774840000e+19    2.0027152424e-05    0.0000000000e+00    1.0000000000e+00    0.0000000000e+00
   -2.8124675993e+07   -4.1304675090e+07    1.0044839656e+07   -6.8516382523e+02   -1.1236295496e+03    4.0927841724e+02    2.5735450000e+19    1.9996546239e-05    0.0000000000e+00    1.0000000000e+00    0.0000000000e+00
   -1.7578159544e+06   -7.5939986394e+07    2.5623305410e+07   -3.1852606933e+02   -1.9791177168e+03    3.3159321923e+02    2.5707270000e+19    1.9974650267e-05    0.0000000000e+00    1.0000000000e+00    0.0000000000e+00
   -2.3650868920e+07   -2.0660368414e+07    1.5339247455e+07   -6.5390908844e+02   -3.6802639055e+02    3.8376752948e+02    2.5707270000e+19    1.9974650267e-05    0.0000000000e+00    1.0000000000e+00    0.0000000000e+00
   -1.4238521276e+07   -4.6659373028e+07    1.6990942114e+07   -6.2833907564e+02   -1.1620714946e+03    5.9725340908e+02    2.5707270000e+19    1.9974650267e-05    0.0000000000e+00    1.0000000000e+00    0.0000000000e+00
   -3.9401259676e+05   -1.6151128371e+07   -4.7875029738e+06   -9.6241955475e+01   -8.9662236147e+01    1.9881681037e+02    2.5707270000e+19    1.9974650267e-05    0.0000000000e+00    1.0000000000e+00    0.0000000000e+00
   -3.5911166560e+07   -3.6713286159e+07   -1.3154155150e+05   -8.5812562210e+02   -1.0022422803e+03    1.9059042940e+02    2.5618140000e+19    1.9905395906e-05    0.0000000000e+00    1.0000000000e+00    0.0000000000e+00
   -3.2296149471e+06   -3.2955433175e+06   -1.6100042218e+07   -1.3181029533e+02    3.6664848359e+02   -4.0892317584e+02    2.5606360000e+19    1.9896242799e-05    0.0000000000e+00    1.0000000000e+00    0.0000000000e+00
    3.8846745395e+06   -3.5160613168e+07    2.7144188838e+06   -9.4651931004e+01   -7.1306224019e+02   -1.9581617820e+02    2.5606360000e+19    1.9896242799e-05    0.0000000000e+00    1.0000000000e+00    0.0000000000e+00
   -5.6923761373e+07   -1.0758594227e+08   -9.4117336451e+06   -3.3426151380e+03   -3.2367144459e+03    3.3414081157e+02    2.5606360000e+19    1.9896242799e-05    0.0000000000e+00    1.0000000000e+00    0.0000000000e+00
   -3.0072208296e+07   -6.2724497668e+07    3.8684087349e+07   -9.0545461962e+02   -1.6854727176e+03    5.9732986564e+02    2.5606360000e+19    1.9896242799e-05    0.0000000000e+00    1.0000000000e+00    0.0000000000e+00
   -4.0120841547e+07   -4.1190981581e+07   -5.7191456205e+06   -1.2842340292e+03   -1.1107901525e+03   -2.6525945821e+02    2.5606360000e+19    1.9896242799e-05    0.0000000000e+00    1.0000000000e+00    0.0000000000e+00
   -1.1222322720e+07   -5.7707561546e+07   -5.0310496928e+06   -5.3734772490e+02   -1.5077823209e+03    1.6545309739e+02    2.5588840000e+19    1.9882629690e-05    0.0000000000e+00    1.0000000000e+00    0.0000000000e+00
   -3.6909927053e+07   -1.0141420689e+08    2.1832886160e+06   -1.9146911645e+03   -2.8357262436e+03    5.2365634570e+02    2.5588840000e+19    1.9882629690e-05    0.0000000000e+00    1.0000000000e+00    0.0000000000e+00
    7.1282953612e+06    4.3176146397e+07    8.5201803889e+06    1.2866842794e+03    1.9704537172e+03    5.4496871992e+02    2.5588840000e+19    1.9882629690e-05    0.0000000000e+00    1.0000000000e+00    0.0000000000e+00
    1.4065331433e+07    4.3680606006e+07    9.3786061345e+06    1.5552394331e+03    2.2847240398e+03   -1.3608680884e+02    2.5559550000e+19    1.9859871244e-05    0.0000000000e+00    1.0000000000e+00    0.0000000000e+00
   -5.9511067078e+07   -9.7337185097e+07   -7.5911398666e+05   -5.7454939562e+02   -2.6893302878e+03   -5.7586265883e+02    2.5530270000e+19    1.9837120569e-05    0.0000000000e+00    1.0000000000e+00    0.0000000000e+00
    5.1943784671e+06   -1.0799417065e+08   -3.9244111792e+07   -1.2882059624e+02   -2.7886075834e+03   -7.0634686650e+02    2.5505990000e+19    1.9818254913e-05    0.0000000000e+00    1.0000000000e+00    0.0000000000e+00
   -2.5848495402e+07   -4.8645254226e+07   -1.2835899163e+07   -6.4655703053e+02   -1.3712467764e+03   -4.1167093369e+02    2.5501000000e+19    1.9814377663e-05    0.0000000000e+00    1.0000000000e+00    0.0000000000e+00
    6.2921793213e+06    4.0140649716e+07   -3.7911931193e+05    1.2403320849e+03    1.9237991670e+03    3.4069962360e+01    2.5501000000e+19    1.9814377663e-05    0.0000000000e+00    1.0000000000e+00    0.0000000000e+00
   -3.2403353628e+07   -7.2026164998e+07    1.8281199880e+07   -1.0881202865e+03   -2.0618993489e+03    1.3955937537e+01    2.5384000000e+19    1.9723468201e-05    0.0000000000e+00    1.0000000000e+00    0.0000000000e+00
   -5.0294690947e+07   -1.0418869323e+08   -1.7037970759e+07   -2.3145903277e+03   -3.1529966289e+03    8.4750276232e+01    2.5372950000e+19    1.9714882308e-05    0.0000000000e+00    1.0000000000e+00    0.0000000000e+00
   -2.4271137310e+07   -2.8077433508e+07   -1.1515549328e+07   -5.4207457325e+02   -6.4739458366e+02   -4.9490941935e+02    2.5325550000e+19    1.9678052321e-05    0.0000000000e+00    1.0000000000e+00    0.0000000000e+00
   -2.5525714974e+07   -3.7967626674e+07   -1.2768935423e+07   -6.0315617959e+02   -9.9359513467e+02   -4.9485300542e+02    2.5325550000e+19    1.9678052321e-05    0.0000000000e+00    1.0000000000e+00    0.0000000000e+00
   -3.4969721463e+07   -6.9516969383e+07   -2.1303879763e+06   -1.1741756546e+03   -2.1420219159e+03   -6.7738483013e+01    2.5325550000e+19    1.9678052321e-05    0.0000000000e+00    1.0000000000e+00    0.0000000000e+00
   -3.0975736369e+07   -5.6097194523e+07   -4.2133632951e+07   -9.0211024596e+02   -1.4961596655e+03   -7.1432040729e+02    2.5325550000e+19    1.9678052321e-05    0.0000000000e+00    1.0000000000e+00    0.0000000000e+00
   -6.6082250683e+06   -5.8280265165e+07   -2.2006803439e+07   -3.8071110535e+02   -1.4741038975e+03   -2.2209599120e+02    2.5325550000e+19    1.9678052321e-05    0.0000000000e+00    1.0000000000e+00    0.0000000000e+00
    1.3765406400e+07    4.9000669325e+07    1.4403119435e+07    1.6513183234e+03    2.1734761565e+03   -7.1156201976e+01    2.5325550000e+19    1.9678052321e-05    0.0000000000e+00    1.0000000000e+00    0.0000000000e+00
   -2.4514030786e+07   -7.1908321993e+07   -2.4223405626e+07   -1.0564230265e+03   -2.0178263923e+03   -7.1444837111e+02    2.5273740000e+19    1.9637795746e-05    0.0000000000e+00    1.0000000000e+00    0.0000000000e+00
   -2.4640155254e+07   -4.7763271734e+07    2.4099230966e+07   -8.7025420687e+02   -1.2642415453e+03    6.7429462687e+02    2.5273740000e+19    1.9637795746e-05    0.0000000000e+00    1.0000000000e+00    0.0000000000e+00
   -1.3609438155e+07   -1.4496838357e+07    4.6531828436e+07   -3.5822533273e+02   -2.2437010326e+02    8.1909751078e+02    2.5267120000e+19    1.9632651980e-05    0.0000000000e+00    1.0000000000e+00    0.0000000000e+00
    2.4201261065e+06    3.0322082420e+07   -6.2820668457e+06    7.8207600045e+02    1.5706251643e+03   -1.2663740514e+02    2.5267120000e+19    1.9632651980e-05    0.0000000000e+00    1.0000000000e+00    0.0000000000e+00
    1.2581191252e+07    3.4406518825e+07    2.8283488679e+05    8.3341104648e+02    2.0733019505e+03   -6.3715816015e+02    2.5240780000e+19    1.9612185696e-05    0.0000000000e+00    1.0000000000e+00    0.0000000000e+00
    2.9758960798e+06   -2.9964782745e+07    6.9171802720e+06   -1.2603890839e+02   -5.3126152584e+02    3.8305935431e+02    2.5240780000e+19    1.9612185696e-05    0.0000000000e+00    1.0000000000e+00    0.0000000000e+00
   -5.1021050073e+07   -1.0331244422e+08    8.6718552491e+06   -2.0872797835e+03   -3.0584817116e+03   -1.1052911375e+03    2.5237920000e+19    1.9609963465e-05    0.0000000000e+00    1.0000000000e+00    0.0000000000e+00
   -2.6076837154e+07   -5.7042314390e+07    2.8768727808e+06   -6.9465552378e+02   -1.6709189376e+03    6.1948047183e+01    2.5237920000e+19    1.9609963465e-05    0.0000000000e+00    1.0000000000e+00    0.0000000000e+00
   -1.7596177616e+07   -5.8408978778e+06    8.8476279622e+06   -1.8478341091e+02    1.1197600110e+02    3.6604223129e+02    2.5237920000e+19    1.9609963465e-05    0.0000000000e+00    1.0000000000e+00    0.0000000000e+00
   -2.4138405441e+07   -3.7610836191e+07   -2.7832037245e+06   -5.8829673819e+02   -9.7563106781e+02   -8.3759648323e+01    2.5208730000e+19    1.9587282719e-05    0.0000000000e+00    1.0000000000e+00    0.0000000000e+00
   -2.1204030613e+07   -3.4777452186e+07   -7.6045100574e+06   -7.1690249132e+02   -8.3737276047e+02   -2.0138871555e+02    2.5175000000e+19    1.9561074376e-05    0.0000000000e+00    1.0000000000e+00    0.0000000000e+00
    2.6829054378e+06    3.6427164342e+07    3.4559433308e+06    7.3451072730e+02    1.8885613083e+03    7.3657991681e+01    2.5175000000e+19    1.9561074376e-05    0.0000000000e+00    1.0000000000e+00    0.0000000000e+00
   -4.7998461613e+07   -9.8402107683e+07   -1.2253960160e+07   -2.2278508185e+03   -3.2550318185e+03   -3.0240476277e+02    2.5175000000e+19    1.9561074376e-05    0.0000000000e+00    1.0000000000e+00    0.0000000000e+00
   -3.9976763421e+07   -6.0035226737e+07    1.6024621851e+05   -1.1050096014e+03   -1.8169419225e+03   -3.4560912686e+02    2.5150360000e+19    1.9541928999e-05    0.0000000000e+00    1.0000000000e+00    0.0000000000e+00
   -4.7036836743e+07   -9.4652683491e+07   -5.9548232971e+06   -1.8360878483e+03   -3.0655550132e+03    6.8905735033e+02    2.5150360000e+19    1.9541928999e-05    0.0000000000e+00    1.0000000000e+00    0.0000000000e+00
   -2.1128309944e+07   -1.8062701577e+07    1.4139611454e+07   -4.0911414275e+02   -2.9364414563e+02    5.6708723239e+02    2.5150360000e+19    1.9541928999e-05    0.0000000000e+00    1.0000000000e+00    0.0000000000e+00
   -6.3050900517e+06    1.7105828306e+07   -1.4788885458e+07    9.5026476336e+01    9.1658342234e+02    1.4190902458e+02    2.5150360000e+19    1.9541928999e-05    0.0000000000e+00    1.0000000000e+00    0.0000000000e+00
   -3.7510733470e+07   -9.1356495084e+07   -1.7971720965e+07   -1.3896965133e+03   -2.6063457390e+03    2.0187571030e+02    2.5150360000e+19    1.9541928999e-05    0.0000000000e+00    1.0000000000e+00    0.0000000000e+00
    5.1898766384e+06    1.3481096688e+07    9.4121636845e+06    2.0607553373e+02    1.0973173575e+03    4.2300760615e+02    2.5109420000e+19    1.9510118457e-05    0.0000000000e+00    1.0000000000e+00    0.0000000000e+00
    1.4960805547e+07   -4.8272087159e+06   -3.6883162704e+07    2.9966358546e+02    1.8907557809e+02   -4.9641181782e+02    2.5109420000e+19    1.9510118457e-05    0.0000000000e+00    1.0000000000e+00    0.0000000000e+00
   -3.6184919603e+07   -8.1296468620e+07    1.0759675542e+06   -1.1948728014e+03   -2.6502790707e+03    7.5799845879e+01    2.5092010000e+19    1.9496590819e-05    0.0000000000e+00    1.0000000000e+00    0.0000000000e+00
   -2.0209371391e+07   -1.3577173574e+06    7.2335704419e+06   -2.5337857947e+02    2.5011539984e+02    4.0036779129e+02    2.5092010000e+19    1.9496590819e-05    0.0000000000e+00    1.0000000000e+00    0.0000000000e+00
   -2.0654540052e+07   -9.2060308137e+06   -2.2140053990e+06   -5.4235922258e+02    4.3691707478e+01   -2.3738763984e+01    2.5076700000e+19    1.9484694888e-05    0.0000000000e+00    1.0000000000e+00    0.0000000000e+00
   -4.5595324671e+07   -4.3858379338e+07    1.7275651307e+07   -1.1572654172e+03   -1.2300987278e+03    8.2743965085e+01    2.5062840000e+19    1.9473925614e-05    0.0000000000e+00    1.0000000000e+00    0.0000000000e+00
   -3.8025006550e+07   -7.4231569197e+07   -1.6707870093e+07   -1.1874252770e+03   -2.3451154177e+03   -6.0581214311e+02    2.5062840000e+19    1.9473925614e-05    0.0000000000e+00    1.0000000000e+00    0.0000000000e+00
   -1.6434454259e+07   -7.9412838754e+06    2.2465876888e+06   -1.8166837546e+02    5.9354362165e+01    6.7022973079e+01    2.5062840000e+19    1.9473925614e-05    0.0000000000e+00    1.0000000000e+00    0.0000000000e+00
   -1.6517968938e+07    1.4248193823e+07   -3.9505754471e+06   -8.9826756789e+01    7.7154879097e+02    2.5521436114e+02    2.5062840000e+19    1.9473925614e-05    0.0000000000e+00    1.0000000000e+00    0.0000000000e+00
   -1.0938995365e+07   -3.9373584394e+07    2.6314213385e+07   -3.9714131180e+02   -9.2798224089e+02    3.1036237866e+02    2.5044030000e+19    1.9459310169e-05    0.0000000000e+00    1.0000000000e+00    0.0000000000e+00
   -2.8119648432e+07   -5.4075587668e+07   -9.4191187645e+06   -7.6988980685e+02   -1.5656129024e+03   -2.9026643153e+02    2.5044030000e+19    1.9459310169e-05    0.0000000000e+00    1.0000000000e+00    0.0000000000e+00
   -3.1224698478e+07   -6.1361305604e+07   -4.8814737528e+07   -9.2514820693e+02   -1.6274927616e+03   -8.7866055381e+02    2.5044030000e+19    1.9459310169e-05    0.0000000000e+00    1.0000000000e+00    0.0000000000e+00
   -1.4336327074e+07   -6.5174098209e+06    1.5167321361e+07   -1.4577484897e+02    1.1741848844e+02    4.5428313606e+02    2.5033680000e+19    1.9451268178e-05    0.0000000000e+00    1.0000000000e+00    0.0000000000e+00
   -2.1116065792e+07   -4.4046296690e+07   -2.1282474174e+07   -7.8046701227e+02   -1.1191858229e+03   -6.8177869563e+02    2.4978830000e+19    1.9408649512e-05    0.0000000000e+00    1.0000000000e+00    0.0000000000e+00
   -1.1478979832e+07   -1.6873769303e+07    2.1664473471e+07   -3.7877553820e+02   -1.8480925250e+02    6.3875560843e+02    2.4978830000e+19    1.9408649512e-05    0.0000000000e+00    1.0000000000e+00    0.0000000000e+00
   -3.6887674787e+07   -7.1214984881e+07   -1.0989098417e+07   -1.0050716176e+03   -2.2715941352e+03   -3.2049589648e+02    2.4975370000e+19    1.9405961078e-05    0.0000000000e+00    1.0000000000e+00    0.0000000000e+00
   -2.5581300279e+07   -3.0420642534e+07    1.5357927233e+06   -5.3905366264e+02   -7.5015722596e+02    1.2701696791e+02    2.4975370000e+19    1.9405961078e-05    0.0000000000e+00    1.0000000000e+00    0.0000000000e+00
   -4.2692600339e+07   -8.2090456161e+07   -4.2940193188e+06   -1.5552475748e+03   -2.7327293512e+03   -1.4371614761e+02    2.4917070000e+19    1.9360661748e-05    0.0000000000e+00    1.0000000000e+00    0.0000000000e+00
    8.9655756963e+06    4.5184779574e+07    3.2298762167e+06    1.4563770063e+03    2.0188233554e+03    7.1017339335e+02    2.4917070000e+19    1.9360661748e-05    0.0000000000e+00    1.0000000000e+00    0.0000000000e+00
   -5.0647185619e+07   -9.5396326002e+07    5.4706932880e+06   -2.1947874056e+03   -3.4471438365e+03   -1.3108771479e+02    2.4913810000e+19    1.9358128715e-05    0.0000000000e+00    1.0000000000e+00    0.0000000000e+00
   -3.8434059082e+07   -1.0566148376e+08    1.5870227280e+07   -2.0035114025e+03   -2.8813036095e+03    4.3214371730e+02    2.4913810000e+19    1.9358128715e-05    0.0000000000e+00    1.0000000000e+00    0.0000000000e+00
    4.8769735161e+06   -6.4675834828e+07   -2.6759358745e+07   -1.1279521458e+02   -1.6249906694e+03   -3.7102208218e+02    2.4913810000e+19    1.9358128715e-05    0.0000000000e+00    1.0000000000e+00    0.0000000000e+00
    1.3202205970e+07    4.8167060514e+07    1.0320044203e+07    1.7770273783e+03    2.1972345602e+03   -5.8985907701e+01    2.4829660000e+19    1.9292743833e-05    0.0000000000e+00    1.0000000000e+00    0.0000000000e+00
   -2.3682303856e+07   -3.8637361381e+05    1.0326195930e+07   -4.2311668110e+02    2.3917464096e+02   -1.1605934244e+02    2.4800520000e+19    1.9270101938e-05    0.0000000000e+00    1.0000000000e+00    0.0000000000e+00
   -2.7671470406e+07   -2.1546489076e+07   -8.1411765755e+06   -5.5649145914e+02   -4.5838664332e+02   -3.5338254690e+02    2.4800520000e+19    1.9270101938e-05    0.0000000000e+00    1.0000000000e+00    0.0000000000e+00
   -3.2936515179e+07   -1.6545135606e+07    7.8868539514e+07   -8.6705820619e+02   -3.6667172098e+02    1.7466404999e+03    2.4800520000e+19    1.9270101938e-05    0.0000000000e+00    1.0000000000e+00    0.0000000000e+00
   -3.0694703032e+07   -8.2926920044e+07    5.5833300173e+06   -1.0888380848e+03   -2.6110276969e+03    8.4476540850e+01    2.4800520000e+19    1.9270101938e-05    0.0000000000e+00    1.0000000000e+00    0.0000000000e+00
   -4.2718607429e+07   -7.5752423429e+07    8.2220087335e+05   -1.3271003293e+03   -2.4339983370e+03    4.4988045846e+02    2.4800520000e+19    1.9270101938e-05    0.0000000000e+00    1.0000000000e+00    0.0000000000e+00
   -3.5882197821e+07   -8.2202167778e+07   -1.8690920434e+07   -1.4802300675e+03   -2.4795349194e+03   -4.9291152567e+02    2.4784300000e+19    1.9257498934e-05    0.0000000000e+00    1.0000000000e+00    0.0000000000e+00
    7.8939170946e+06    2.9286569309e+07   -5.9012907241e+06    6.2486990125e+02    1.7778344250e+03   -4.4270304578e+02    2.4784300000e+19    1.9257498934e-05    0.0000000000e+00    1.0000000000e+00    0.0000000000e+00
   -3.3861119322e+06   -7.3251788752e+07   -1.1130280725e+06   -4.4447592398e+02   -1.9243319812e+03    2.3368075033e+02    2.4784300000e+19    1.9257498934e-05    0.0000000000e+00    1.0000000000e+00    0.0000000000e+00
   -1.8789231694e+07   -8.9452890626e+06    8.5840122517e+06   -3.7612694295e+02    4.8994004272e+01    4.7514649165e+02    2.4784300000e+19    1.9257498934e-05    0.0000000000e+00    1.0000000000e+00    0.0000000000e+00
