#   x1                  x2                  x3                  v1                  v2                  v3                  mass                rel_mass            mat0_frac           mat1_frac           mat2_frac
   -2.7078396298e+04    6.6666792665e+04   -9.2856968579e+02   -9.3444126460e-01    1.2019533922e+00   -1.4410580167e-01    1.8596955857e+21    9.8982835621e-01    8.9941985459e-01    1.0058014541e-01    0.0000000000e+00
   -3.0136617002e+06   -5.0445344459e+05    1.3707060382e+05    3.4497793230e+01    1.6678239888e+02    1.8449746578e+00    1.1458140200e+18    6.0986282736e-04    4.9533588357e-01    5.0466411643e-01    0.0000000000e+00
   -3.5443710669e+06   -1.7986756224e+06    8.8581595500e+04   -4.0147676374e+01    1.2518409114e+02    2.0005937255e-01    1.1093379200e+18    5.9044831760e-04    4.0924247861e-01    5.9075752139e-01    0.0000000000e+00
    7.6740067360e+05    6.3201207701e+05   -8.8669404666e+04    3.8242467559e+02   -2.9250914230e+02   -2.0042469400e+01    2.6557708000e+17    1.4135416923e-04    8.5483205102e-01    1.4516794898e-01    0.0000000000e+00
   -4.4222119038e+05    1.3829661285e+06   -2.1551424606e+04    3.6089752440e+02    7.6004255980e+01   -2.8044594137e+01    1.5207534000e+17    8.0942539718e-05    7.4655627928e-01    2.5344372072e-01    0.0000000000e+00
    8.6399826185e+05    4.6916885114e+05   -7.8537352988e+04    3.4848314870e+02   -3.4318740545e+02   -4.1523503025e+00    1.5204754000e+17    8.0927743088e-05    7.4647574042e-01    2.5352425958e-01    0.0000000000e+00
   -2.7083049289e+06   -6.5519792000e+06    4.1593894688e+05   -9.3933884248e+01   -6.3899298628e+01    1.0978623931e+01    1.1566135000e+17    6.1561088183e-05    0.0000000000e+00    1.0000000000e+00    0.0000000000e+00
   -3.8636599453e+06   -3.5565792622e+06   -1.6914360663e+02   -8.7398045789e+01    4.7857670811e+01    4.6833449347e+00    1.1564982000e+17    6.1554951308e-05    0.0000000000e+00    1.0000000000e+00    0.0000000000e+00
   -1.8299496638e+06   -8.0115864115e+06    3.1080272197e+05   -7.7289412718e+01   -1.1745836006e+02    6.4706571173e+00    1.1563637000e+17    6.1547792506e-05    0.0000000000e+00    1.0000000000e+00    0.0000000000e+00
   -1.6194851869e+06    1.2937821231e+06    1.7917411397e+05    2.1221937066e+02    1.7923595940e+02   -8.3074261038e+00    1.1353500000e+17    6.0429332244e-05    1.0000000000e+00    0.0000000000e+00    0.0000000000e+00
    1.4304169019e+05    1.2648359944e+06    9.9222096864e+03    4.0551881532e+02   -4.3140658679e+01   -3.3481063939e+01    1.1351520000e+17    6.0418793636e-05    1.0000000000e+00    0.0000000000e+00    0.0000000000e+00
   -9.4792554946e+05    1.3035099565e+06    1.6872346796e+05    3.0522669164e+02    1.3116855894e+02   -2.8438562433e+01    1.1351300000e+17    6.0417622680e-05    1.0000000000e+00    0.0000000000e+00    0.0000000000e+00
   -3.2281066908e+06   -6.9676393495e+05    1.4017722496e+05    1.3896137568e+01    1.7260521061e+02    2.1615842410e+00    1.1351300000e+17    6.0417622680e-05    1.0000000000e+00    0.0000000000e+00    0.0000000000e+00
   -3.2591372316e+04   -6.8612635520e+06   -2.3653111886e+06   -3.6094655145e+01   -9.6637192402e+01   -3.8538397240e+00    1.1351300000e+17    6.0417622680e-05    1.0000000000e+00    0.0000000000e+00    0.0000000000e+00
   -3.4587439649e+06   -1.4496046944e+06   -1.0427248373e+04   -2.8754429804e+01    1.2790622032e+02    1.2791119467e+00    1.1350860000e+17    6.0415280767e-05    1.0000000000e+00    0.0000000000e+00    0.0000000000e+00
   -2.7359420069e+06   -9.6687453291e+04    2.1482317985e+05    7.3538677896e+01    1.6892160103e+02   -2.2934708074e+00    1.1349980000e+17    6.0410596942e-05    1.0000000000e+00    0.0000000000e+00    0.0000000000e+00
   -3.1832881566e+06   -7.5395619971e+05   -3.7344184811e+03    5.3828780837e+00    1.7217508316e+02    3.1374697421e+00    1.1349980000e+17    6.0410596942e-05    1.0000000000e+00    0.0000000000e+00    0.0000000000e+00
   -2.8433064779e+06   -1.1872848339e+05   -1.1757723086e+04    5.7980607922e+01    1.6915149336e+02    5.1999780979e+00    1.1349980000e+17    6.0410596942e-05    1.0000000000e+00    0.0000000000e+00    0.0000000000e+00
    6.2816667434e+05    1.7669701398e+05    2.2038339587e+05    5.7778814833e+01   -3.1281674807e+02   -4.5213603591e+01    7.7152750000e+16    4.1064774416e-05    0.0000000000e+00    1.0000000000e+00    0.0000000000e+00
   -3.7484210647e+06   -3.5328318691e+06    5.8229578608e+03   -8.4989694422e+01    4.6415677509e+01   -2.8633695896e+00    7.7102900000e+16    4.1038241609e-05    0.0000000000e+00    1.0000000000e+00    0.0000000000e+00
   -2.0964151208e+06   -7.1713007249e+06    6.1671112985e+05   -8.3264875516e+01   -8.7382087195e+01    1.5311057031e+01    7.7095280000e+16    4.1034185842e-05    0.0000000000e+00    1.0000000000e+00    0.0000000000e+00
   -3.6893805609e+06   -3.7527753808e+06    5.1146743634e+04   -8.8388926361e+01    4.6967740421e+01    3.3750448396e-01    7.7094570000e+16    4.1033807942e-05    0.0000000000e+00    1.0000000000e+00    0.0000000000e+00
   -3.5402407334e+06   -5.4097411991e+06   -2.1509947583e+05   -1.0526701064e+02   -2.1784946296e+01   -2.9052814046e+00    7.7091940000e+16    4.1032408117e-05    0.0000000000e+00    1.0000000000e+00    0.0000000000e+00
   -1.4213278980e+06   -8.8225782834e+06    3.1947180789e+05   -7.2088009254e+01   -1.4569121136e+02    9.0017919825e+00    7.7088510000e+16    4.1030582490e-05    0.0000000000e+00    1.0000000000e+00    0.0000000000e+00
   -1.0414132964e+06   -9.6629691535e+06   -2.0346176854e+04   -6.4265707285e+01   -1.7550057224e+02   -1.3364461608e+00    7.7085170000e+16    4.1028804765e-05    0.0000000000e+00    1.0000000000e+00    0.0000000000e+00
   -2.8996176569e+06   -3.9658095545e+05    4.5008065729e+05    5.6417096202e+01    1.5742935653e+02   -1.3545766298e+00    7.7075800000e+16    4.1023817555e-05    0.0000000000e+00    1.0000000000e+00    0.0000000000e+00
    6.0320319209e+05    5.7400692824e+04    1.7046190868e+05   -4.1725530736e+01   -3.1747424975e+02    5.5223205556e+01    3.8588640000e+16    2.0538915290e-05    0.0000000000e+00    1.0000000000e+00    0.0000000000e+00
    6.3126542623e+05   -2.3595412754e+04   -1.5249928883e+05    4.6125498336e+01   -2.2912483222e+02   -6.0098656349e+01    3.8583870000e+16    2.0536376443e-05    0.0000000000e+00    1.0000000000e+00    0.0000000000e+00
    7.8166526343e+05   -5.5755588286e+04   -2.1071744246e+04    5.3385723325e+00   -3.6558863373e+02    1.5391012166e+01    3.8567930000e+16    2.0527892332e-05    0.0000000000e+00    1.0000000000e+00    0.0000000000e+00
    9.5590595320e+06   -1.5956037424e+07   -7.8062236739e+06    2.1185481345e+02   -3.9083161298e+02   -1.7876960655e+02    3.8567930000e+16    2.0527892332e-05    0.0000000000e+00    1.0000000000e+00    0.0000000000e+00
   -6.4927914801e+05    1.3954958416e+06    1.4807707270e+05    3.3576327186e+02    9.5779741055e+01   -2.2050582375e+01    3.8567280000e+16    2.0527546368e-05    0.0000000000e+00    1.0000000000e+00    0.0000000000e+00
   -4.0092159227e+06   -2.5368891765e+06    1.1585494500e+05   -7.8575380847e+01    8.8941432831e+01    7.5028622603e+00    3.8566630000e+16    2.0527200403e-05    0.0000000000e+00    1.0000000000e+00    0.0000000000e+00
   -8.5344663414e+05   -4.9476958158e+06    8.0408901749e+06   -2.6514109835e+01   -1.0989752607e+02    1.2391813778e+02    3.8564690000e+16    2.0526167833e-05    0.0000000000e+00    1.0000000000e+00    0.0000000000e+00
   -2.3856359098e+06    7.5587454237e+05    2.4802246279e+04    1.2171930312e+02    1.8905946240e+02    5.4670789937e+00    3.8564690000e+16    2.0526167833e-05    0.0000000000e+00    1.0000000000e+00    0.0000000000e+00
    1.8971556634e+07   -1.5774595205e+07    5.0897523150e+06    4.4905784566e+02   -3.9458912630e+02    1.2298010549e+02    3.8564690000e+16    2.0526167833e-05    0.0000000000e+00    1.0000000000e+00    0.0000000000e+00
    3.6209619951e+06   -1.1860096722e+07   -9.2903174254e+05    4.8609554213e+01   -2.5753498488e+02   -1.2371298198e+01    3.8564690000e+16    2.0526167833e-05    0.0000000000e+00    1.0000000000e+00    0.0000000000e+00
    5.9365719092e+05   -7.3055933696e+06   -4.6682544067e+06   -1.1127614728e+01   -1.3630239956e+02   -5.1256293096e+01    3.8564690000e+16    2.0526167833e-05    0.0000000000e+00    1.0000000000e+00    0.0000000000e+00
   -5.2654005501e+05   -4.0637409358e+06   -1.7762040292e+06   -3.0743603417e+01    8.0442216624e+00    6.2635438319e+01    3.8564690000e+16    2.0526167833e-05    0.0000000000e+00    1.0000000000e+00    0.0000000000e+00
    9.8868504224e+05   -6.9549533189e+06   -6.6431615363e+06    3.7138425053e+00   -1.4409414013e+02   -9.9431211390e+01    3.8563400000e+16    2.0525481226e-05    0.0000000000e+00    1.0000000000e+00    0.0000000000e+00
    5.7811844508e+06   -9.7389822617e+06    5.1158962691e+06    1.0120344386e+02   -2.1812658710e+02    9.7163108025e+01    3.8562760000e+16    2.0525140585e-05    0.0000000000e+00    1.0000000000e+00    0.0000000000e+00
    6.6944956115e+06   -1.1476150029e+07   -1.4051193345e+07    1.4676444443e+02   -2.8429552732e+02   -3.2302940140e+02    3.8562760000e+16    2.0525140585e-05    0.0000000000e+00    1.0000000000e+00    0.0000000000e+00
   -2.8722678094e+06   -1.5915935190e+05   -1.0409908387e+05    4.6281239793e+01    1.7928153666e+02    8.3044277848e+00    3.8561470000e+16    2.0524453978e-05    0.0000000000e+00    1.0000000000e+00    0.0000000000e+00
   -1.1309140580e+06   -3.8062011731e+06   -1.3618253492e+05   -5.3338512943e+01    6.5261452935e+01   -4.7307166868e+01    3.8560830000e+16    2.0524113337e-05    0.0000000000e+00    1.0000000000e+00    0.0000000000e+00
   -2.3406733517e+06   -4.0276893530e+06   -8.1377336930e+06   -5.0386020063e+01   -9.4648008529e+01   -1.2448641575e+02    3.8560830000e+16    2.0524113337e-05    0.0000000000e+00    1.0000000000e+00    0.0000000000e+00
    1.4085914052e+06   -8.4745496660e+06   -6.1139601957e+06    9.5160348856e+00   -1.7983978586e+02   -9.6809724583e+01    3.8560830000e+16    2.0524113337e-05    0.0000000000e+00    1.0000000000e+00    0.0000000000e+00
    7.4145018468e+06   -1.3960576432e+07    3.2514216618e+06    1.4874451002e+02   -3.3011198260e+02    6.8032952230e+01    3.8559560000e+16    2.0523437375e-05    0.0000000000e+00    1.0000000000e+00    0.0000000000e+00
    2.8474890940e+06   -1.1474157895e+07   -4.5593924466e+05    2.8955165345e+01   -2.4420966900e+02   -1.4721191440e+00    3.8559560000e+16    2.0523437375e-05    0.0000000000e+00    1.0000000000e+00    0.0000000000e+00
   -1.2863189194e+06    1.4280850850e+06    9.4701465014e+03    2.4591780965e+02    1.6776612114e+02    1.0685005906e+00    3.8559230000e+16    2.0523261732e-05    0.0000000000e+00    1.0000000000e+00    0.0000000000e+00
   -1.4931289121e+06   -2.1470824308e+06    6.9532748968e+05   -7.1537920362e+00    1.6718378928e+02    4.8213256347e+01    3.8559230000e+16    2.0523261732e-05    0.0000000000e+00    1.0000000000e+00    0.0000000000e+00
   -1.1879657333e+07    9.6939789305e+06    2.3995990477e+07   -2.9397863997e+02    2.2451044760e+02    5.8543377860e+02    3.8558920000e+16    2.0523096734e-05    0.0000000000e+00    1.0000000000e+00    0.0000000000e+00
    1.2571378869e+07   -1.5711841470e+07   -1.5354113430e+06    2.8179258873e+02   -3.8466941343e+02   -3.6687096396e+01    3.8558920000e+16    2.0523096734e-05    0.0000000000e+00    1.0000000000e+00    0.0000000000e+00
    9.0995586525e+05    4.1030330459e+05    2.1103186819e+05    2.0591297791e+02   -2.5182458809e+02    1.1820734382e+01    3.8558540000e+16    2.0522894477e-05    0.0000000000e+00    1.0000000000e+00    0.0000000000e+00
    7.2205104984e+05    8.3447356029e+05   -6.9616194958e+04    4.0287051588e+02   -2.2169429892e+02   -1.4161230969e+01    3.8558540000e+16    2.0522894477e-05    0.0000000000e+00    1.0000000000e+00    0.0000000000e+00
   -4.2070931093e+06    5.2304251387e+05   -5.5517956378e+06   -5.2586306077e+01   -2.3800127003e+01   -5.1278241192e+01    3.8558280000e+16    2.0522756092e-05    0.0000000000e+00    1.0000000000e+00    0.0000000000e+00
    7.3444306209e+05    1.9737209962e+05   -2.4685523827e+05    5.6819848246e+01   -2.4799371918e+02   -4.0248367246e+01    3.8557190000e+16    2.0522175936e-05    0.0000000000e+00    1.0000000000e+00    0.0000000000e+00
    6.5863737701e+05    9.2262360160e+05   -7.8795108066e+04    4.1766782270e+02   -1.7834880240e+02   -4.5771399067e+00    3.8557190000e+16    2.0522175936e-05    0.0000000000e+00    1.0000000000e+00    0.0000000000e+00
   -1.5380180151e+06    1.0894134431e+06    1.5313609294e+05    2.3030556756e+02    1.7929200484e+02   -2.1946135169e+01    3.8557190000e+16    2.0522175936e-05    0.0000000000e+00    1.0000000000e+00    0.0000000000e+00
   -3.2730722891e+06   -3.7646724365e+06   -4.5611159851e+05   -8.2319136661e+01    4.6192405342e+01   -5.5944282553e+00    3.8557190000e+16    2.0522175936e-05    0.0000000000e+00    1.0000000000e+00    0.0000000000e+00
   -3.6371182783e+06   -2.1843007237e+06    8.8731246103e+04   -5.9623928815e+01    1.2288671689e+02   -5.4813548762e+00    3.8557190000e+16    2.0522175936e-05    0.0000000000e+00    1.0000000000e+00    0.0000000000e+00
    1.1893181276e+06   -1.1006509328e+07    3.7346289541e+05   -1.0719032138e+01   -2.2412346215e+02    2.0029298884e+01    3.8557190000e+16    2.0522175936e-05    0.0000000000e+00    1.0000000000e+00    0.0000000000e+00
    6.6912958808e+06   -1.3866792007e+07   -4.6871318182e+06    1.3406395156e+02   -3.2916993817e+02   -9.7270659338e+01    3.8557190000e+16    2.0522175936e-05    0.0000000000e+00    1.0000000000e+00    0.0000000000e+00
    1.3458132163e+06   -9.0239013699e+06   -2.8445212166e+06   -4.9732712580e+00   -1.7333202813e+02   -3.1385946714e+01    3.8557190000e+16    2.0522175936e-05    0.0000000000e+00    1.0000000000e+00    0.0000000000e+00
   -1.0088409792e+06   -4.9323657436e+06   -3.4919251367e+05   -4.9346074197e+01    6.1200671110e-01    4.6855353735e+01    3.8557190000e+16    2.0522175936e-05    0.0000000000e+00    1.0000000000e+00    0.0000000000e+00
   -1.5528900129e+06    9.0441421309e+05    1.2124640953e+05    2.3681909479e+02    1.5831430689e+02    3.3894389766e+01    3.8557010000e+16    2.0522080130e-05    0.0000000000e+00    1.0000000000e+00    0.0000000000e+00
   -8.8043217860e+06    1.5774839684e+06    1.2912467965e+07   -2.0291519010e+02    1.7776793818e+01    2.8502688699e+02    3.8557010000e+16    2.0522080130e-05    0.0000000000e+00    1.0000000000e+00    0.0000000000e+00
   -1.8177385691e+07    1.0731449810e+07    2.1646979313e+07   -4.5000709022e+02    2.5064290877e+02    5.2972409325e+02    3.8557010000e+16    2.0522080130e-05    0.0000000000e+00    1.0000000000e+00    0.0000000000e+00
    1.9970298626e+07   -1.3188792525e+07   -2.0925421995e+07    4.8472196375e+02   -3.3684019623e+02   -5.1217705102e+02    3.8557010000e+16    2.0522080130e-05    0.0000000000e+00    1.0000000000e+00    0.0000000000e+00
    3.5479445867e+05   -1.5208865215e+06   -4.3394461918e+04   -1.7460738430e+02   -1.5657643949e+02   -1.2951048591e+02    3.8555870000e+16    2.0521473362e-05    0.0000000000e+00    1.0000000000e+00    0.0000000000e+00
   -2.1586337937e+06    4.8648572254e+05   -9.3868373042e+03    1.4305059848e+02    1.9493778997e+02   -4.0424900646e+00    3.8555870000e+16    2.0521473362e-05    0.0000000000e+00    1.0000000000e+00    0.0000000000e+00
   -3.3319701188e+06   -8.4610087735e+05    2.7997791457e+05    6.9992378984e+00    1.5965489884e+02    8.0750992388e+00    3.8555210000e+16    2.0521122075e-05    0.0000000000e+00    1.0000000000e+00    0.0000000000e+00
   -3.7486923694e+06   -4.1192498187e+06   -1.2381664009e+05   -9.7342681381e+01    2.8792814414e+01   -2.4264614611e+00    3.8555210000e+16    2.0521122075e-05    0.0000000000e+00    1.0000000000e+00    0.0000000000e+00
   -2.9309804824e+06   -3.4415441297e+05    1.5205446295e+05    5.0501862234e+01    1.5161450692e+02    6.1745136800e+00    3.8555210000e+16    2.0521122075e-05    0.0000000000e+00    1.0000000000e+00    0.0000000000e+00
    3.1364513292e+05    1.1177507727e+06    3.7882084958e+04    4.0950214808e+02   -1.1180671713e+02   -3.7739375247e+01    3.8555210000e+16    2.0521122075e-05    0.0000000000e+00    1.0000000000e+00    0.0000000000e+00
    8.4099905860e+05   -1.0534167715e+07   -7.8005199785e+05   -1.6400943758e+01   -2.1055355362e+02    1.5880017409e+00    3.8555210000e+16    2.0521122075e-05    0.0000000000e+00    1.0000000000e+00    0.0000000000e+00
   -4.5453392591e+05   -4.7254443085e+05    1.4024696080e+05    4.2631999546e+02    1.5710725007e+02   -2.8179407032e+02    3.8555120000e+16    2.0521074173e-05    0.0000000000e+00    1.0000000000e+00    0.0000000000e+00
    9.6439143567e+05    3.8664302395e+05    3.6626879774e+04    2.2365287912e+02   -2.4366056755e+02   -2.0776722619e+01    3.8554560000e+16    2.0520776111e-05    0.0000000000e+00    1.0000000000e+00    0.0000000000e+00
   -5.1170857027e+05   -4.8504190835e+06    5.1947190061e+06   -2.2702715046e+01   -8.2705746238e+01    3.4413925581e+01    3.8554490000e+16    2.0520738853e-05    0.0000000000e+00    1.0000000000e+00    0.0000000000e+00
    3.0379436090e+06   -1.1935573217e+07    1.6800598713e+05    3.4440374230e+01   -2.5791700797e+02   -9.8509992237e-01    3.8554490000e+16    2.0520738853e-05    0.0000000000e+00    1.0000000000e+00    0.0000000000e+00
    9.3385825324e+06   -1.6039400271e+07   -1.0536329442e+07    2.0893038718e+02   -3.9538357556e+02   -2.4571529195e+02    3.8554490000e+16    2.0520738853e-05    0.0000000000e+00    1.0000000000e+00    0.0000000000e+00
   -6.4375573089e+05   -1.4025092428e+06   -5.5267730373e+05   -1.7171698577e+02    7.6201783859e+01   -1.0724422749e+02    3.8553920000e+16    2.0520435469e-05    0.0000000000e+00    1.0000000000e+00    0.0000000000e+00
   -3.1182414006e+06   -5.7832442913e+06    1.9578446042e+04   -9.4426562004e+01   -3.3442905246e+01    5.0165806118e-01    3.8553920000e+16    2.0520435469e-05    0.0000000000e+00    1.0000000000e+00    0.0000000000e+00
   -5.9079743677e+06   -1.4335240261e+06    1.1631462379e+07   -1.2991585402e+02   -5.0711795761e+01    2.3889439266e+02    3.8553860000e+16    2.0520403534e-05    0.0000000000e+00    1.0000000000e+00    0.0000000000e+00
    1.4825159552e+07   -1.3893132217e+07    1.5295376314e+07    3.5106065386e+02   -3.5083157484e+02    3.6645263435e+02    3.8553860000e+16    2.0520403534e-05    0.0000000000e+00    1.0000000000e+00    0.0000000000e+00
    1.3103268411e+07   -1.4741862356e+07    4.3698150434e+06    2.9553406467e+02   -3.6153954768e+02    1.0099618035e+02    3.8553860000e+16    2.0520403534e-05    0.0000000000e+00    1.0000000000e+00    0.0000000000e+00
   -1.5998086472e+07    1.2070280600e+07    1.3824837933e+07   -3.8984832613e+02    2.7848683579e+02    3.3278170576e+02    3.8553860000e+16    2.0520403534e-05    0.0000000000e+00    1.0000000000e+00    0.0000000000e+00
    4.1463298625e+06   -2.1013076510e+06    4.7474232099e+05    2.0712958120e+02   -1.9995523987e+02   -3.6169217487e+00    3.8553860000e+16    2.0520403534e-05    0.0000000000e+00    1.0000000000e+00    0.0000000000e+00
    2.2423739676e+07   -2.0202033765e+07   -6.9753803740e+06    5.4157581759e+02   -5.0917198092e+02   -1.6953276904e+02    3.8553860000e+16    2.0520403534e-05    0.0000000000e+00    1.0000000000e+00    0.0000000000e+00
   -1.0139586508e+07    5.9400006937e+06   -1.3204897438e+07   -2.3914421318e+02    1.2190913995e+02   -3.0174295318e+02    3.8553860000e+16    2.0520403534e-05    0.0000000000e+00    1.0000000000e+00    0.0000000000e+00
    1.2975132040e+06   -6.6335007463e+06   -6.8283838985e+06    7.7154150796e+00   -1.3857853932e+02   -1.0274378387e+02    3.8553860000e+16    2.0520403534e-05    0.0000000000e+00    1.0000000000e+00    0.0000000000e+00
   -1.3979522450e+06   -8.1328558841e+06   -9.5936339320e+05   -7.2638868122e+01   -1.2459923478e+02   -2.8659017447e+01    3.8553280000e+16    2.0520094827e-05    0.0000000000e+00    1.0000000000e+00    0.0000000000e+00
   -3.6669629485e+06   -2.0672948425e+06    1.0860282403e+05   -6.1462309743e+01    1.2428133700e+02    5.6885105771e+00    3.8553280000e+16    2.0520094827e-05    0.0000000000e+00    1.0000000000e+00    0.0000000000e+00
   -2.2422673444e+06   -6.4072387046e+06    1.2004481559e+06   -8.5148076106e+01   -5.9438443467e+01    2.6653589007e+01    3.8553280000e+16    2.0520094827e-05    0.0000000000e+00    1.0000000000e+00    0.0000000000e+00
    3.8157768483e+06   -1.3229945012e+07   -1.8836239361e+06    5.9363121199e+01   -3.0047834101e+02   -2.8663155662e+01    3.8553280000e+16    2.0520094827e-05    0.0000000000e+00    1.0000000000e+00    0.0000000000e+00
    6.8046893285e+05   -7.8058414182e+06   -2.5725333766e+06   -1.5961640188e+01   -1.3434975054e+02   -9.7261479816e+00    3.8553280000e+16    2.0520094827e-05    0.0000000000e+00    1.0000000000e+00    0.0000000000e+00
    1.8677643615e+06   -8.1007428026e+06    1.0250436781e+07    2.6206259328e+01   -1.8911890300e+02    2.0731989953e+02    3.8553230000e+16    2.0520068215e-05    0.0000000000e+00    1.0000000000e+00    0.0000000000e+00
   -2.9399712804e+03    9.2241489797e+05    1.5911669740e+04    4.1559327571e+02   -5.5426279963e+01    2.1426847691e+02    3.8553230000e+16    2.0520068215e-05    0.0000000000e+00    1.0000000000e+00    0.0000000000e+00
   -5.7481890324e+06   -1.9641578894e+06    1.1317715976e+07   -1.2737885523e+02   -6.2090225164e+01    2.2938318378e+02    3.8553230000e+16    2.0520068215e-05    0.0000000000e+00    1.0000000000e+00    0.0000000000e+00
    8.1913826716e+06   -1.3591221921e+07   -1.1710255573e+06    1.6583149586e+02   -3.1993302981e+02   -2.2631256913e+01    3.8553230000e+16    2.0520068215e-05    0.0000000000e+00    1.0000000000e+00    0.0000000000e+00
   -7.9432539869e+06    1.7691815906e+06    8.5762640339e+05   -1.1859683845e+02   -3.2352311644e+00    1.1934578838e+01    3.8553230000e+16    2.0520068215e-05    0.0000000000e+00    1.0000000000e+00    0.0000000000e+00
    1.3871087372e+07   -8.6524259184e+06   -2.5710672011e+07    3.3366364874e+02   -2.2440357270e+02   -6.2855950591e+02    3.8553230000e+16    2.0520068215e-05    0.0000000000e+00    1.0000000000e+00    0.0000000000e+00
   -8.9799970969e+06    3.4703350246e+06   -9.9049812378e+06   -1.9858892914e+02    5.6615773532e+01   -2.1054705381e+02    3.8553230000e+16    2.0520068215e-05    0.0000000000e+00    1.0000000000e+00    0.0000000000e+00
    2.0826693060e+06   -9.0325049158e+06   -1.0192192191e+07    3.1837539327e+01   -2.1191136794e+02   -2.0858909203e+02    3.8553230000e+16    2.0520068215e-05    0.0000000000e+00    1.0000000000e+00    0.0000000000e+00
   -9.3312370983e+05   -1.5811555210e+06   -3.6297709430e+05   -1.6857163780e+02    8.6186668410e+01   -2.0491578577e+01    3.8552640000e+16    2.0519754185e-05    0.0000000000e+00    1.0000000000e+00    0.0000000000e+00
   -1.9769633353e+06   -7.7647292768e+06    2.1100866207e+05   -8.2940667556e+01   -1.1193677855e+02    4.4943545195e+00    3.8552640000e+16    2.0519754185e-05    0.0000000000e+00    1.0000000000e+00    0.0000000000e+00
    5.4162390334e+05    1.0300551459e+06   -9.1960789640e+04    4.2321578345e+02   -1.3950063843e+02   -1.8007685255e+01    3.8552010000e+16    2.0519418866e-05    0.0000000000e+00    1.0000000000e+00    0.0000000000e+00
   -2.8462166747e+06   -1.9893679566e+06   -1.3596975934e+06   -3.8792716617e+01    1.2013292871e+02   -4.0513582595e+00    3.8552010000e+16    2.0519418866e-05    0.0000000000e+00    1.0000000000e+00    0.0000000000e+00
    8.0414943489e+03   -1.0219729168e+07   -4.1354534720e+05   -4.0978387832e+01   -1.9654086217e+02   -1.5039792218e+01    3.8552010000e+16    2.0519418866e-05    0.0000000000e+00    1.0000000000e+00    0.0000000000e+00
   -2.3148061710e+06   -7.3623073633e+06   -1.1344167782e+05   -8.5974924102e+01   -9.7140422514e+01   -1.1448952270e+00    3.8552010000e+16    2.0519418866e-05    0.0000000000e+00    1.0000000000e+00    0.0000000000e+00
   -4.9867304018e+06   -1.8606977498e+06   -3.8397589566e+06   -4.3771326567e+01   -5.5245890482e+01   -1.7923488894e+01    3.8552010000e+16    2.0519418866e-05    0.0000000000e+00    1.0000000000e+00    0.0000000000e+00
   -7.5273137656e+05   -3.4893648076e+06    1.5414844218e+07   -2.5088811526e+01   -9.5172089522e+01    3.4074936781e+02    3.8551970000e+16    2.0519397576e-05    0.0000000000e+00    1.0000000000e+00    0.0000000000e+00
   -2.2828962118e+06   -4.8600896883e+06   -6.4052739599e+05   -7.6107013801e+01    8.7370270915e+00   -1.5838290053e+01    3.8551970000e+16    2.0519397576e-05    0.0000000000e+00    1.0000000000e+00    0.0000000000e+00
   -1.0334218648e+07    4.1811126620e+06   -8.1546988363e+05   -2.0708831285e+02    5.9990232588e+01   -1.5295526357e+01    3.8551970000e+16    2.0519397576e-05    0.0000000000e+00    1.0000000000e+00    0.0000000000e+00
    2.6777159150e+06   -1.0183160825e+07   -4.6873725179e+06    3.1389528994e+01   -2.1784462797e+02   -8.0406208567e+01    3.8551970000e+16    2.0519397576e-05    0.0000000000e+00    1.0000000000e+00    0.0000000000e+00
    6.2984275218e+06   -1.4290923056e+07   -3.6879080822e+06    1.2333780937e+02   -3.3740032298e+02   -7.5828019734e+01    3.8551390000e+16    2.0519088869e-05    0.0000000000e+00    1.0000000000e+00    0.0000000000e+00
    7.6739176504e+05    1.5890378109e+05    5.2657034144e+05    1.5012470743e+02   -3.7765494412e+02    8.2273579804e+01    3.8550770000e+16    2.0518758872e-05    0.0000000000e+00    1.0000000000e+00    0.0000000000e+00
   -2.3463181725e+06   -7.4217515681e+06   -7.1194564908e+04   -8.6374902878e+01   -9.1251743449e+01   -9.8142016091e-01    3.8550770000e+16    2.0518758872e-05    0.0000000000e+00    1.0000000000e+00    0.0000000000e+00
   -4.0817013339e+05   -1.6854878052e+06   -5.1735165530e+05   -1.5239428703e+02    6.8203871230e+01   -1.0798491045e+02    3.8549550000e+16    2.0518109524e-05    0.0000000000e+00    1.0000000000e+00    0.0000000000e+00
   -2.2598882006e+06    3.9784465296e+05    3.2322229209e+05    1.3314737924e+02    1.8701289042e+02   -1.0476776358e+01    3.8549550000e+16    2.0518109524e-05    0.0000000000e+00    1.0000000000e+00    0.0000000000e+00
    1.6199014732e+07   -1.8688036173e+07   -2.5291071380e+06    3.7899984745e+02   -4.6612116879e+02   -5.9794290030e+01    3.8549550000e+16    2.0518109524e-05    0.0000000000e+00    1.0000000000e+00    0.0000000000e+00
   -4.1360427958e+06   -6.1824247660e+06   -1.4905477151e+07   -1.0084340040e+02   -1.6070814794e+02   -3.3124460174e+02    3.8549550000e+16    2.0518109524e-05    0.0000000000e+00    1.0000000000e+00    0.0000000000e+00
   -2.9443569208e+06   -4.8239466914e+06    1.3657550635e+05   -8.7244267402e+01    4.3931424721e+00    3.6832070947e+00    3.8549550000e+16    2.0518109524e-05    0.0000000000e+00    1.0000000000e+00    0.0000000000e+00
    2.7274434803e+06   -9.6761186519e+06   -4.1668669539e+06    2.9410180559e+01   -2.0435783669e+02   -6.5134067616e+01    3.8549550000e+16    2.0518109524e-05    0.0000000000e+00    1.0000000000e+00    0.0000000000e+00
    1.2822486206e+07   -1.6728768512e+07    5.6685088629e+06    2.9216859705e+02   -4.1321139327e+02    1.3209775972e+02    3.8549480000e+16    2.0518072266e-05    0.0000000000e+00    1.0000000000e+00    0.0000000000e+00
    4.3209624811e+06   -1.2540876195e+07    1.6730965664e+06    6.7164849639e+01   -2.8115088577e+02    2.9166641370e+01    3.8549480000e+16    2.0518072266e-05    0.0000000000e+00    1.0000000000e+00    0.0000000000e+00
    3.2280865071e+06   -8.6194881635e+06    1.7095362889e+07    6.6385327872e+01   -2.1760398198e+02    3.9566797789e+02    3.8549480000e+16    2.0518072266e-05    0.0000000000e+00    1.0000000000e+00    0.0000000000e+00
    3.0314206193e+07   -1.9751723896e+07   -4.9366691911e+06    7.4223953981e+02   -5.0025799100e+02   -1.2218022466e+02    3.8549480000e+16    2.0518072266e-05    0.0000000000e+00    1.0000000000e+00    0.0000000000e+00
    2.2029010212e+07   -1.7125155366e+07    2.2877125823e+06    5.2853537509e+02   -4.3067387596e+02    5.5691988924e+01    3.8549480000e+16    2.0518072266e-05    0.0000000000e+00    1.0000000000e+00    0.0000000000e+00
    2.9916642780e+07   -2.3432594036e+07   -2.4434824691e+05    7.3331865435e+02   -5.9326309207e+02   -5.7422235047e+00    3.8549480000e+16    2.0518072266e-05    0.0000000000e+00    1.0000000000e+00    0.0000000000e+00
   -3.0866408436e+07    2.1275140446e+07   -6.8985705695e+06   -7.6894432898e+02    5.1603350619e+02   -1.7132030409e+02    3.8549480000e+16    2.0518072266e-05    0.0000000000e+00    1.0000000000e+00    0.0000000000e+00
    3.9978037293e+05   -1.8486684408e+06   -1.9322616622e+05   -1.7838597374e+02   -1.0173707898e+02   -2.4795153504e+01    3.8548340000e+16    2.0517465498e-05    0.0000000000e+00    1.0000000000e+00    0.0000000000e+00
    1.2054715219e+05   -1.8499070062e+06   -8.8818816998e+04   -1.5085015158e+02   -5.1540306403e+01   -1.2226972331e+02    3.8548340000e+16    2.0517465498e-05    0.0000000000e+00    1.0000000000e+00    0.0000000000e+00
    3.8039826155e+06   -8.2534387687e+06    1.5958072403e+07    7.7396024483e+01   -2.0936874245e+02    3.6447264734e+02    3.8548340000e+16    2.0517465498e-05    0.0000000000e+00    1.0000000000e+00    0.0000000000e+00
   -3.0002743653e+06   -4.4272741392e+06   -1.6226072439e+06   -8.8268430955e+01    1.4010455213e+01   -3.0477765692e+01    3.8548340000e+16    2.0517465498e-05    0.0000000000e+00    1.0000000000e+00    0.0000000000e+00
    1.4562919343e+07   -1.5999811793e+07    1.4212467711e+07    3.4355926901e+02   -4.0347117706e+02    3.4086599934e+02    3.8548340000e+16    2.0517465498e-05    0.0000000000e+00    1.0000000000e+00    0.0000000000e+00
    1.4979009704e+07   -1.1187703539e+07    2.8141982963e+07    3.6411118944e+02   -2.8943095817e+02    6.9187661634e+02    3.8548340000e+16    2.0517465498e-05    0.0000000000e+00    1.0000000000e+00    0.0000000000e+00
    7.8517418356e+05    7.5407021414e+05   -9.9251346635e+04    4.0314730137e+02   -2.4022031603e+02   -5.7221757730e+00    3.8548340000e+16    2.0517465498e-05    0.0000000000e+00    1.0000000000e+00    0.0000000000e+00
   -1.3017028695e+06   -8.9432492628e+06   -4.3265096366e+04   -7.1611122275e+01   -1.5235424725e+02   -1.5117492207e+00    3.8548340000e+16    2.0517465498e-05    0.0000000000e+00    1.0000000000e+00    0.0000000000e+00
    2.5317909391e+07   -2.1534722967e+07    4.9341391885e+06    6.1489292066e+02   -5.4461017104e+02    1.2041435194e+02    3.8548340000e+16    2.0517465498e-05    0.0000000000e+00    1.0000000000e+00    0.0000000000e+00
   -7.8038937111e+06    7.2679122883e+04   -7.9236448671e+06   -1.5558045927e+02   -2.3242175958e+01   -1.4926161893e+02    3.8548340000e+16    2.0517465498e-05    0.0000000000e+00    1.0000000000e+00    0.0000000000e+00
   -3.5691784968e+06   -1.5651484800e+06    7.5452272552e+04   -3.2500405093e+01    1.1913378074e+02    1.1301841966e+01    3.8548340000e+16    2.0517465498e-05    0.0000000000e+00    1.0000000000e+00    0.0000000000e+00
   -3.0250150589e+05    1.5104001858e+06    3.4554264773e+04    3.5548852108e+02    6.5900347861e+01   -1.2317906360e+01    3.8548340000e+16    2.0517465498e-05    0.0000000000e+00    1.0000000000e+00    0.0000000000e+00
   -3.5612664058e+06   -4.5002018713e+06    8.6237328580e+04   -9.3925935352e+01    1.5901008300e+01    1.5173972063e+00    3.8548340000e+16    2.0517465498e-05    0.0000000000e+00    1.0000000000e+00    0.0000000000e+00
   -1.6118269809e+06   -8.4693926527e+06    2.2273884516e+05   -7.5834795790e+01   -1.3344173711e+02    5.8123057255e+00    3.8548340000e+16    2.0517465498e-05    0.0000000000e+00    1.0000000000e+00    0.0000000000e+00
    2.0261971539e+07   -1.9956691106e+07   -3.6904825865e+06    4.8409758616e+02   -5.0176392468e+02   -9.0299225058e+01    3.8548340000e+16    2.0517465498e-05    0.0000000000e+00    1.0000000000e+00    0.0000000000e+00
    5.4579398796e+05   -1.0234806410e+07    9.9807394727e+04   -2.7588624284e+01   -1.9813610563e+02    1.0901260356e+01    3.8548340000e+16    2.0517465498e-05    0.0000000000e+00    1.0000000000e+00    0.0000000000e+00
   -2.8750513883e+06    3.4879916969e+06    4.0596646188e+07   -7.5694549177e+01    7.4896049217e+01    1.0067548253e+03    3.8548230000e+16    2.0517406950e-05    0.0000000000e+00    1.0000000000e+00    0.0000000000e+00
    8.8766482836e+05   -1.1043385166e+07    3.2782060176e+05   -1.7874866050e+01   -2.2340215514e+02    7.3905938687e+00    3.8548230000e+16    2.0517406950e-05    0.0000000000e+00    1.0000000000e+00    0.0000000000e+00
   -3.4892021867e+05   -6.2755837897e+05    1.5438189966e+04    3.2074106073e+02    2.7861635464e+02   -2.7668834273e+02    3.8548230000e+16    2.0517406950e-05    0.0000000000e+00    1.0000000000e+00    0.0000000000e+00
   -9.9189169640e+05   -6.5407942543e+06    6.8600238634e+05   -6.2096005580e+01   -6.2577868445e+01    3.1412845283e+01    3.8548230000e+16    2.0517406950e-05    0.0000000000e+00    1.0000000000e+00    0.0000000000e+00
    1.8131264828e+06   -7.9773207471e+06    1.0755042653e+07    2.7666821950e+01   -1.9138015402e+02    2.1909522013e+02    3.8547740000e+16    2.0517146146e-05    0.0000000000e+00    1.0000000000e+00    0.0000000000e+00
    2.1745616080e+06   -8.1955197083e+06    1.6226386667e+07    4.1549460310e+01   -2.0669391332e+02    3.7042513131e+02    3.8547740000e+16    2.0517146146e-05    0.0000000000e+00    1.0000000000e+00    0.0000000000e+00
   -5.0048380000e+06   -1.1231633833e+06    1.0351573888e+07   -1.0515001175e+02   -4.5244748952e+01    2.0002507773e+02    3.8547740000e+16    2.0517146146e-05    0.0000000000e+00    1.0000000000e+00    0.0000000000e+00
   -1.2460205449e+06    1.2533784402e+06    4.1104718628e+04    2.6460714796e+02    1.6738531932e+02   -1.9970597054e+01    3.8547740000e+16    2.0517146146e-05    0.0000000000e+00    1.0000000000e+00    0.0000000000e+00
   -3.9292975633e+06   -3.0326666743e+06    1.7426146851e+05   -8.2008821568e+01    6.8563422558e+01    6.8131317147e+00    3.8547740000e+16    2.0517146146e-05    0.0000000000e+00    1.0000000000e+00    0.0000000000e+00
   -3.4203739191e+06   -4.8690329345e+06    2.4843375826e+05   -9.1785331379e+01    1.5065788989e+00    4.1718573691e+00    3.8547740000e+16    2.0517146146e-05    0.0000000000e+00    1.0000000000e+00    0.0000000000e+00
    7.3029378237e+06   -1.4920547003e+07   -3.0423540718e+06    1.4755176008e+02   -3.5508440307e+02   -6.4783266154e+01    3.8547740000e+16    2.0517146146e-05    0.0000000000e+00    1.0000000000e+00    0.0000000000e+00
   -5.8881858429e+04   -9.5606770055e+06   -3.5345026785e+07   -7.4680718020e+00   -2.5032472636e+02   -8.7249926082e+02    3.8547740000e+16    2.0517146146e-05    0.0000000000e+00    1.0000000000e+00    0.0000000000e+00
   -2.4391084684e+06    9.3958115892e+03    2.5402917985e+05    1.0419466077e+02    1.8144820184e+02   -1.1738874660e+01    3.8547740000e+16    2.0517146146e-05    0.0000000000e+00    1.0000000000e+00    0.0000000000e+00
   -2.7958817323e+06   -6.5905941485e+06    3.6740007275e+05   -8.9004192751e+01   -7.0088548815e+01    4.5769326564e+00    3.8547740000e+16    2.0517146146e-05    0.0000000000e+00    1.0000000000e+00    0.0000000000e+00
    3.7102063952e+06   -1.1863833572e+07   -3.5255699083e+06    5.5992464435e+01   -2.6526593381e+02   -6.1679083803e+01    3.8547740000e+16    2.0517146146e-05    0.0000000000e+00    1.0000000000e+00    0.0000000000e+00
    2.1372681810e+06   -9.2135493607e+06   -5.3555930458e+06    2.1709229503e+01   -1.9664176130e+02   -8.5541410290e+01    3.8547740000e+16    2.0517146146e-05    0.0000000000e+00    1.0000000000e+00    0.0000000000e+00
    5.4373563183e+06   -8.1099623801e+06    1.8058138149e+07    1.2040226335e+02   -2.0650945097e+02    4.2215009143e+02    3.8547620000e+16    2.0517082276e-05    0.0000000000e+00    1.0000000000e+00    0.0000000000e+00
   -1.3279229234e+06   -5.3443134546e+06   -3.7989070191e+05   -6.6446620477e+01   -9.8778065998e+00   -3.0383501820e+01    3.8547620000e+16    2.0517082276e-05    0.0000000000e+00    1.0000000000e+00    0.0000000000e+00
   -3.0400502556e+06   -2.1220379741e+06    3.8108585238e+06   -1.2936512749e+01   -3.9982215898e+01   -2.4563440876e+01    3.8547620000e+16    2.0517082276e-05    0.0000000000e+00    1.0000000000e+00    0.0000000000e+00
    3.5588175396e+06   -1.1280007019e+07   -4.8321198631e+05    4.3126126775e+01   -2.4098997096e+02   -6.8908018189e+00    3.8547620000e+16    2.0517082276e-05    0.0000000000e+00    1.0000000000e+00    0.0000000000e+00
   -5.9967120556e+06   -7.0511663922e+05    1.2209620591e+07   -1.3445289636e+02   -3.5583781733e+01    2.5625521264e+02    3.8547620000e+16    2.0517082276e-05    0.0000000000e+00    1.0000000000e+00    0.0000000000e+00
    9.5278886760e+06   -1.4695610823e+07   -2.6207476051e+06    2.0328398111e+02   -3.5217894686e+02   -5.6185649424e+01    3.8547620000e+16    2.0517082276e-05    0.0000000000e+00    1.0000000000e+00    0.0000000000e+00
    1.8841636077e+07   -1.3939747296e+07   -2.3686493613e+07    4.5694757609e+02   -3.5582293469e+02   -5.8079693800e+02    3.8547620000e+16    2.0517082276e-05    0.0000000000e+00    1.0000000000e+00    0.0000000000e+00
   -2.1790682680e+06    7.3025109653e+05    3.7437397413e+05    1.4720646505e+02    1.8601375017e+02   -6.3659703357e+00    3.8547150000e+16    2.0516832117e-05    0.0000000000e+00    1.0000000000e+00    0.0000000000e+00
    1.4364630029e+07   -1.4267195811e+07    2.9219352367e+07    3.4865831375e+02   -3.6637338687e+02    7.2022376298e+02    3.8547150000e+16    2.0516832117e-05    0.0000000000e+00    1.0000000000e+00    0.0000000000e+00
   -2.9529448021e+06   -1.5039401510e+06    3.1705598479e+06    1.9133669973e+01   -3.9464511203e+01   -4.4040638674e+01    3.8547150000e+16    2.0516832117e-05    0.0000000000e+00    1.0000000000e+00    0.0000000000e+00
    2.7277687916e+07   -2.2668712225e+07    3.4156405458e+05    6.6569112613e+02   -5.7351341588e+02    8.0560910183e+00    3.8547150000e+16    2.0516832117e-05    0.0000000000e+00    1.0000000000e+00    0.0000000000e+00
   -7.1258459023e+06   -8.6512487127e+05    1.3292497989e+07   -1.6443575586e+02   -3.7157230681e+01    2.8816695436e+02    3.8547000000e+16    2.0516752279e-05    0.0000000000e+00    1.0000000000e+00    0.0000000000e+00
   -1.2451498790e+07    3.0434219805e+06    3.5641132530e+06   -2.6812796371e+02    4.3391699846e+01    7.3579700561e+01    3.8547000000e+16    2.0516752279e-05    0.0000000000e+00    1.0000000000e+00    0.0000000000e+00
    7.5849286373e+06   -1.9158371158e+07   -4.2795050714e+06    1.6577678015e+02   -4.6888792998e+02   -9.3936276842e+01    3.8547000000e+16    2.0516752279e-05    0.0000000000e+00    1.0000000000e+00    0.0000000000e+00
   -1.2052868719e+06   -3.4272409675e+06    4.4154491252e+05   -5.0232150172e+01    8.6653328741e+01    5.2653173222e+01    3.8546560000e+16    2.0516518088e-05    0.0000000000e+00    1.0000000000e+00    0.0000000000e+00
    1.6728515738e+07   -1.6160564540e+07    1.4571080371e+07    3.9837380937e+02   -4.0658367999e+02    3.5225874810e+02    3.8546380000e+16    2.0516422282e-05    0.0000000000e+00    1.0000000000e+00    0.0000000000e+00
    1.0436845073e+07   -1.5870324155e+07   -1.2982332372e+07    2.3949093260e+02   -3.9528944676e+02   -3.0634141318e+02    3.8546380000e+16    2.0516422282e-05    0.0000000000e+00    1.0000000000e+00    0.0000000000e+00
    1.2967935495e+05   -7.0566447965e+06    2.1748844169e+06   -2.7919076400e+01   -1.0518151450e+02   -5.4897882186e+00    3.8545970000e+16    2.0516204059e-05    0.0000000000e+00    1.0000000000e+00    0.0000000000e+00
    5.7174077505e+05   -3.6749692357e+05   -1.2616828765e+04   -2.7844550582e+02   -2.9218116933e+02   -4.3529550402e+01    3.8545970000e+16    2.0516204059e-05    0.0000000000e+00    1.0000000000e+00    0.0000000000e+00
    2.0293137794e+07   -1.7456215336e+07    1.9707999417e+07    4.9234130277e+02   -4.4387726548e+02    4.8346640245e+02    3.8545970000e+16    2.0516204059e-05    0.0000000000e+00    1.0000000000e+00    0.0000000000e+00
    1.6371950694e+07   -1.7065589226e+07    1.0518497128e+07    3.8655037488e+02   -4.2838781373e+02    2.5204734522e+02    3.8545970000e+16    2.0516204059e-05    0.0000000000e+00    1.0000000000e+00    0.0000000000e+00
    1.6816578092e+07   -1.6313224848e+07    1.5500780841e+07    4.0159691924e+02   -4.1215870717e+02    3.7530414276e+02    3.8545970000e+16    2.0516204059e-05    0.0000000000e+00    1.0000000000e+00    0.0000000000e+00
   -2.9976565085e+06   -6.1324737938e+06    1.2743070243e+05   -9.6844230626e+01   -4.9040168378e+01    1.6765144714e+00    3.8545970000e+16    2.0516204059e-05    0.0000000000e+00    1.0000000000e+00    0.0000000000e+00
    1.3003645168e+07   -1.5585540436e+07    8.5755075335e+06    2.9717397296e+02   -3.8654148338e+02    2.0191766055e+02    3.8545970000e+16    2.0516204059e-05    0.0000000000e+00    1.0000000000e+00    0.0000000000e+00
    2.2366472661e+07   -2.2286941778e+07   -6.1568112065e+06    5.4030445445e+02   -5.6191365779e+02   -1.5075849691e+02    3.8545970000e+16    2.0516204059e-05    0.0000000000e+00    1.0000000000e+00    0.0000000000e+00
   -6.0064357922e+06   -6.3971795913e+06   -2.8536470660e+07   -1.5308229160e+02   -1.7183530860e+02   -6.9599779222e+02    3.8545970000e+16    2.0516204059e-05    0.0000000000e+00    1.0000000000e+00    0.0000000000e+00
   -2.8029654964e+06   -5.2542692042e+05   -8.2722216826e+04    3.4422250474e+01    1.8265577652e+02   -3.8437267577e+00    3.8545970000e+16    2.0516204059e-05    0.0000000000e+00    1.0000000000e+00    0.0000000000e+00
    4.6570798072e+06   -1.3029965054e+07   -1.0694323912e+06    7.4846274882e+01   -2.9623347506e+02   -1.7647335962e+01    3.8545970000e+16    2.0516204059e-05    0.0000000000e+00    1.0000000000e+00    0.0000000000e+00
    1.4796500146e+07   -1.8769047320e+07   -3.4687604023e+06    3.4350765625e+02   -4.6719051831e+02   -8.0585570863e+01    3.8545970000e+16    2.0516204059e-05    0.0000000000e+00    1.0000000000e+00    0.0000000000e+00
   -1.8789743769e+05   -1.0070204134e+07   -1.7836101587e+07   -1.1731749261e+01   -2.5610659706e+02   -4.1449388436e+02    3.8545970000e+16    2.0516204059e-05    0.0000000000e+00    1.0000000000e+00    0.0000000000e+00
    1.9622244768e+07   -1.3873355638e+07   -2.4430675926e+07    4.7664879008e+02   -3.5544408629e+02   -6.0047248056e+02    3.8545970000e+16    2.0516204059e-05    0.0000000000e+00    1.0000000000e+00    0.0000000000e+00
    1.8631689625e+07   -1.4133998568e+07   -2.3377213446e+07    4.5306086502e+02   -3.6164383418e+02   -5.7403939046e+02    3.8545970000e+16    2.0516204059e-05    0.0000000000e+00    1.0000000000e+00    0.0000000000e+00
    3.3856912368e+06   -1.3642192759e+07   -1.0873411707e+06    4.8144050512e+01   -3.0963850987e+02   -1.3993907563e+01    3.8545970000e+16    2.0516204059e-05    0.0000000000e+00    1.0000000000e+00    0.0000000000e+00
    4.7567549912e+06   -8.4670564359e+06   -9.9716958287e+06    9.3190782311e+01   -2.0399347873e+02   -2.0542935428e+02    3.8545970000e+16    2.0516204059e-05    0.0000000000e+00    1.0000000000e+00    0.0000000000e+00
    9.6534545916e+06   -1.8092244255e+07   -5.2378285301e+06    2.1375227235e+02   -4.4458637334e+02   -1.1879217542e+02    3.8545970000e+16    2.0516204059e-05    0.0000000000e+00    1.0000000000e+00    0.0000000000e+00
    1.2276610337e+06   -6.9280996021e+06   -3.8479604920e+06   -4.1665448728e+00   -1.2265106639e+02   -2.8897449929e+01    3.8545970000e+16    2.0516204059e-05    0.0000000000e+00    1.0000000000e+00    0.0000000000e+00
    4.4412926609e+06   -1.0888634741e+07    5.9712514358e+06    7.5459343833e+01   -2.4752845437e+02    1.1646876845e+02    3.8545760000e+16    2.0516092285e-05    0.0000000000e+00    1.0000000000e+00    0.0000000000e+00
    3.0651782281e+07   -1.9988289036e+07    8.8594572807e+05    7.5076054701e+02   -5.0663770768e+02    2.1109100559e+01    3.8545760000e+16    2.0516092285e-05    0.0000000000e+00    1.0000000000e+00    0.0000000000e+00
    4.0168998532e+07   -2.0309355755e+07   -1.0575819022e+07    9.9438182308e+02   -5.1722327805e+02   -2.6382810581e+02    3.8545760000e+16    2.0516092285e-05    0.0000000000e+00    1.0000000000e+00    0.0000000000e+00
   -7.9164094483e+05   -4.4775191061e+06   -2.4455159615e+05   -5.8418834172e+01    2.7279301802e+01   -4.7384150054e+01    3.8545390000e+16    2.0515895352e-05    0.0000000000e+00    1.0000000000e+00    0.0000000000e+00
   -1.4567596521e+07    7.5143880543e+06    1.1145363626e+07   -3.4722462177e+02    1.6094943149e+02    2.6246015273e+02    3.8545390000e+16    2.0515895352e-05    0.0000000000e+00    1.0000000000e+00    0.0000000000e+00
    8.4339034339e+05    5.7735751480e+05    5.6272404354e+04    1.7590758174e+02   -1.8480618565e+02   -4.4675317037e+00    3.8545390000e+16    2.0515895352e-05    0.0000000000e+00    1.0000000000e+00    0.0000000000e+00
    3.2393049323e+07   -2.0988972410e+07    2.9721472128e+06    7.9506440856e+02   -5.3314993871e+02    7.3334451578e+01    3.8545390000e+16    2.0515895352e-05    0.0000000000e+00    1.0000000000e+00    0.0000000000e+00
   -1.2669718023e+07    6.2388801009e+06   -1.3732679542e+07   -3.0336179019e+02    1.3134122555e+02   -3.2031061088e+02    3.8545390000e+16    2.0515895352e-05    0.0000000000e+00    1.0000000000e+00    0.0000000000e+00
   -1.1769766269e+07    3.1385687318e+06    4.0802521988e+06   -2.5000760782e+02    4.4777023133e+01    8.2623088123e+01    3.8545140000e+16    2.0515762289e-05    0.0000000000e+00    1.0000000000e+00    0.0000000000e+00
   -2.8141675830e+06   -9.7599751935e+06    6.0668088952e+05   -8.1504915071e+01   -1.7767941156e+02    3.2244842545e+01    3.8545140000e+16    2.0515762289e-05    0.0000000000e+00    1.0000000000e+00    0.0000000000e+00
   -1.1534647651e+07    7.1130894955e+06   -9.8400972645e+06   -2.6786006611e+02    1.4683748788e+02   -2.2143972493e+02    3.8545140000e+16    2.0515762289e-05    0.0000000000e+00    1.0000000000e+00    0.0000000000e+00
   -8.6661700921e+05   -1.2792609958e+06   -1.4682476634e+05    9.5453400510e+01    2.1202181344e+02    1.8769965094e+02    3.8545140000e+16    2.0515762289e-05    0.0000000000e+00    1.0000000000e+00    0.0000000000e+00
    2.8363302177e+06   -9.2207803874e+06   -1.7424913495e+06    2.3207175478e+01   -1.8194292204e+02   -1.4246987703e+01    3.8544810000e+16    2.0515586645e-05    0.0000000000e+00    1.0000000000e+00    0.0000000000e+00
   -1.2844994684e+06   -1.0149479694e+06    1.0041226086e+06    3.4594509142e+01    2.5047502227e+02   -1.0916272737e+01    3.8544810000e+16    2.0515586645e-05    0.0000000000e+00    1.0000000000e+00    0.0000000000e+00
    6.4147969924e+06   -1.4345452348e+07   -6.6893859034e+06    1.3098242745e+02   -3.4532031460e+02   -1.4338326575e+02    3.8544810000e+16    2.0515586645e-05    0.0000000000e+00    1.0000000000e+00    0.0000000000e+00
    3.4187514885e+06   -1.2390906996e+07   -5.0420082449e+06    5.5484930789e+01   -2.8426095123e+02   -9.3924536226e+01    3.8544810000e+16    2.0515586645e-05    0.0000000000e+00    1.0000000000e+00    0.0000000000e+00
    1.6608023667e+07   -1.1304533648e+07    2.1333358074e+07    3.9897620438e+02   -2.8905430129e+02    5.2001300853e+02    3.8544530000e+16    2.0515437614e-05    0.0000000000e+00    1.0000000000e+00    0.0000000000e+00
    1.2549796891e+07   -1.5299947588e+07    1.0891958426e+07    2.8840400753e+02   -3.7969017550e+02    2.5723607920e+02    3.8544530000e+16    2.0515437614e-05    0.0000000000e+00    1.0000000000e+00    0.0000000000e+00
    1.4696050971e+07   -8.0792657551e+06    4.1229895046e+07    3.6035683146e+02   -2.1290301050e+02    1.0249957308e+03    3.8544530000e+16    2.0515437614e-05    0.0000000000e+00    1.0000000000e+00    0.0000000000e+00
    2.5203970786e+07   -1.8791032737e+07    3.0449590745e+06    6.1051334077e+02   -4.7369168342e+02    7.4136520128e+01    3.8544530000e+16    2.0515437614e-05    0.0000000000e+00    1.0000000000e+00    0.0000000000e+00
    6.7870074065e+05    7.9587499226e+04    2.3966591983e+05    1.4253931810e+01   -3.4885044162e+02    3.4934793097e+01    3.8544530000e+16    2.0515437614e-05    0.0000000000e+00    1.0000000000e+00    0.0000000000e+00
    2.3548346943e+07   -1.8477935910e+07   -9.2838271103e+06    5.6984157489e+02   -4.6636050910e+02   -2.2635276292e+02    3.8544530000e+16    2.0515437614e-05    0.0000000000e+00    1.0000000000e+00    0.0000000000e+00
    3.1683249600e+07   -1.6034100715e+07   -2.8110420619e+07    7.8322789587e+02   -4.1087114196e+02   -6.9886369143e+02    3.8544530000e+16    2.0515437614e-05    0.0000000000e+00    1.0000000000e+00    0.0000000000e+00
   -2.2966389523e+05   -7.0026123656e+05   -2.6980730790e+05   -1.6387496372e+02    2.5763719914e+02   -2.5632614587e+02    3.8542540000e+16    2.0514378431e-05    0.0000000000e+00    1.0000000000e+00    0.0000000000e+00
    6.0092159520e+05   -6.7929332796e+06    1.9355634168e+06   -2.3276913994e+01   -9.8386334278e+01   -1.3188162193e+01    3.8542540000e+16    2.0514378431e-05    0.0000000000e+00    1.0000000000e+00    0.0000000000e+00
   -4.2911871993e+05   -4.4712090695e+06    1.9554339206e+06   -2.7501743457e+01   -1.6195046957e+01   -5.5443515178e+01    3.8542540000e+16    2.0514378431e-05    0.0000000000e+00    1.0000000000e+00    0.0000000000e+00
    1.5795762917e+06   -1.0226712103e+07    3.6237996064e+05   -4.9348936030e+00   -2.0369081118e+02   -7.6902576620e+00    3.8542540000e+16    2.0514378431e-05    0.0000000000e+00    1.0000000000e+00    0.0000000000e+00
    1.1542935635e+07   -1.5398203514e+07    1.0121011622e+07    2.6218649597e+02   -3.8259748004e+02    2.3701642453e+02    3.8542540000e+16    2.0514378431e-05    0.0000000000e+00    1.0000000000e+00    0.0000000000e+00
   -1.4111263088e+07    3.5225305630e+06   -5.9342728021e+06   -3.2016711137e+02    5.8121750284e+01   -1.3371729280e+02    3.8542540000e+16    2.0514378431e-05    0.0000000000e+00    1.0000000000e+00    0.0000000000e+00
    3.0620083297e+07   -2.1060161242e+07    3.8099777186e+07    7.5925597972e+02   -5.3855755281e+02    9.5016816573e+02    3.8542540000e+16    2.0514378431e-05    0.0000000000e+00    1.0000000000e+00    0.0000000000e+00
   -3.7757377693e+06   -4.2981325391e+06   -3.4895799185e+04   -9.9622795967e+01    2.3379971799e+01    2.0116519332e+00    3.8542540000e+16    2.0514378431e-05    0.0000000000e+00    1.0000000000e+00    0.0000000000e+00
    5.0306745211e+06   -1.3357912237e+07    6.9007583571e+05    8.4486770967e+01   -3.0644634083e+02    9.2038005719e+00    3.8542540000e+16    2.0514378431e-05    0.0000000000e+00    1.0000000000e+00    0.0000000000e+00
    1.9367665055e+07   -1.8777443401e+07    4.8294234754e+06    4.6094344839e+02   -4.7186069184e+02    1.1518574274e+02    3.8542540000e+16    2.0514378431e-05    0.0000000000e+00    1.0000000000e+00    0.0000000000e+00
   -1.4925628301e+07    3.7929338297e+06   -1.0647699173e+07   -3.5202296941e+02    7.0176068535e+01   -2.4652992787e+02    3.8542540000e+16    2.0514378431e-05    0.0000000000e+00    1.0000000000e+00    0.0000000000e+00
    1.1371467873e+07   -1.4623852550e+07    8.8773114498e+06    2.5637199058e+02   -3.6071081136e+02    2.0629626439e+02    3.8542540000e+16    2.0514378431e-05    0.0000000000e+00    1.0000000000e+00    0.0000000000e+00
   -2.1346263070e+06    1.1849515522e+05    3.0223157434e+04    1.3244095042e+02    2.0274438845e+02   -1.3685847397e+01    3.8542540000e+16    2.0514378431e-05    0.0000000000e+00    1.0000000000e+00    0.0000000000e+00
   -3.6068544099e+06   -3.7542827737e+06    6.2152446824e+04   -8.5619946163e+01    4.8104186883e+01   -7.2016902017e+00    3.8542540000e+16    2.0514378431e-05    0.0000000000e+00    1.0000000000e+00    0.0000000000e+00
    2.9387703590e+07   -2.3423605641e+07   -1.2183640249e+07    7.2077329266e+02   -5.9435206467e+02   -3.0078828666e+02    3.8542540000e+16    2.0514378431e-05    0.0000000000e+00    1.0000000000e+00    0.0000000000e+00
    6.8255202036e+06   -1.6929096830e+07   -3.6655311884e+07    1.6441207122e+02   -4.3510962599e+02   -9.0737110153e+02    3.8542540000e+16    2.0514378431e-05    0.0000000000e+00    1.0000000000e+00    0.0000000000e+00
    3.3493153780e+07   -2.8145938774e+07   -2.0046338616e+07    8.2789520525e+02   -7.1465191700e+02   -4.9813996508e+02    3.8542540000e+16    2.0514378431e-05    0.0000000000e+00    1.0000000000e+00    0.0000000000e+00
    1.8937860329e+07   -1.9545714755e+07   -4.7634871878e+07    4.6779978909e+02   -5.0130389080e+02   -1.1885233259e+03    3.8542540000e+16    2.0514378431e-05    0.0000000000e+00    1.0000000000e+00    0.0000000000e+00
   -5.6538655043e+05   -9.5989802559e+06    9.7123594659e+05   -5.4403370070e+01   -1.7687491360e+02    3.1166684600e+01    3.8542540000e+16    2.0514378431e-05    0.0000000000e+00    1.0000000000e+00    0.0000000000e+00
    1.5422892358e+05   -3.4255161390e+06   -1.8395641474e+06   -3.7252338074e+01    2.1850059150e+01    8.2137707104e+01    3.8542540000e+16    2.0514378431e-05    0.0000000000e+00    1.0000000000e+00    0.0000000000e+00
    1.6795959503e+07   -1.9402203557e+07   -8.3783361797e+06    3.9798233363e+02   -4.8667022024e+02   -1.9973222143e+02    3.8542540000e+16    2.0514378431e-05    0.0000000000e+00    1.0000000000e+00    0.0000000000e+00
    7.1791765987e+06   -1.2790357020e+07   -2.9988866931e+07    1.7050325270e+02   -3.2948892492e+02   -7.3648891215e+02    3.8542540000e+16    2.0514378431e-05    0.0000000000e+00    1.0000000000e+00    0.0000000000e+00
   -7.0550370617e+05   -4.7803537265e+06    1.3537256921e+07   -2.6267852353e+01   -1.2129192402e+02    2.8842065666e+02    3.8542080000e+16    2.0514133595e-05    0.0000000000e+00    1.0000000000e+00    0.0000000000e+00
   -1.0541912270e+06   -4.6255487474e+06    1.4723519894e+04   -6.1772076769e+01    2.2380977910e+01   -3.2510281174e+01    3.8542080000e+16    2.0514133595e-05    0.0000000000e+00    1.0000000000e+00    0.0000000000e+00
   -4.4000503922e+06   -3.5985353715e+05   -5.1070057885e+06   -4.8417528964e+01   -3.6971046237e+01   -3.9611099805e+01    3.8542080000e+16    2.0514133595e-05    0.0000000000e+00    1.0000000000e+00    0.0000000000e+00
    1.2459877874e+07   -1.1262692494e+07   -2.3546214732e+07    2.9685598714e+02   -2.8769114510e+02   -5.7303924007e+02    3.8542080000e+16    2.0514133595e-05    0.0000000000e+00    1.0000000000e+00    0.0000000000e+00
   -3.3199067383e+06   -3.0628880505e+06   -1.0113545220e+06   -7.1169845234e+01    7.1264265808e+01   -7.9972390630e+00    3.8541430000e+16    2.0513787630e-05    0.0000000000e+00    1.0000000000e+00    0.0000000000e+00
    2.4050351526e+07   -1.9336144719e+07    2.2873272767e+07    5.8887507603e+02   -4.9296076705e+02    5.6430551260e+02    3.8541430000e+16    2.0513787630e-05    0.0000000000e+00    1.0000000000e+00    0.0000000000e+00
   -2.7431122288e+07    1.1083221083e+07    4.7798780877e+06   -6.7649567734e+02    2.5766138931e+02    1.1663035058e+02    3.8541430000e+16    2.0513787630e-05    0.0000000000e+00    1.0000000000e+00    0.0000000000e+00
    2.2707011907e+07   -1.6774351931e+07    5.4954104929e+07    5.6253855199e+02   -4.3162133925e+02    1.3741038202e+03    3.8541430000e+16    2.0513787630e-05    0.0000000000e+00    1.0000000000e+00    0.0000000000e+00
   -1.6382304340e+07    8.8482811621e+06    1.2439730872e+07   -3.9593034153e+02    1.9725325392e+02    2.9699690639e+02    3.8541430000e+16    2.0513787630e-05    0.0000000000e+00    1.0000000000e+00    0.0000000000e+00
   -3.4955233560e+06   -5.3058301466e+06   -1.4665716258e+05   -9.9381938358e+01   -2.1734024818e+01   -5.8107441945e+00    3.8541430000e+16    2.0513787630e-05    0.0000000000e+00    1.0000000000e+00    0.0000000000e+00
   -1.2869474144e+06   -9.2594355817e+06   -1.9500419999e+05   -7.0572996413e+01   -1.6243200725e+02   -3.9152327854e+00    3.8541430000e+16    2.0513787630e-05    0.0000000000e+00    1.0000000000e+00    0.0000000000e+00
    5.3058645740e+07   -3.3133452022e+07    1.3716340710e+07    1.3219342955e+03   -8.4171582113e+02    3.4281352108e+02    3.8541430000e+16    2.0513787630e-05    0.0000000000e+00    1.0000000000e+00    0.0000000000e+00
   -1.0439929629e+07    3.3067092335e+06   -8.6019170956e+06   -2.3014169763e+02    5.1867490745e+01   -1.8420075592e+02    3.8541430000e+16    2.0513787630e-05    0.0000000000e+00    1.0000000000e+00    0.0000000000e+00
    3.3989820908e+07   -2.4323484671e+07    8.7929898818e+06    8.3788010892e+02   -6.1737937167e+02    2.1816019252e+02    3.8541430000e+16    2.0513787630e-05    0.0000000000e+00    1.0000000000e+00    0.0000000000e+00
    8.2006725190e+05   -7.5879834959e+05   -3.8116603230e+05   -5.7777765787e+01   -3.2787008832e+02    1.0218072288e+02    3.8541430000e+16    2.0513787630e-05    0.0000000000e+00    1.0000000000e+00    0.0000000000e+00
    7.8041655117e+06   -1.5717181443e+07   -6.8569214167e+06    1.6647677925e+02   -3.8302411001e+02   -1.5220458572e+02    3.8541430000e+16    2.0513787630e-05    0.0000000000e+00    1.0000000000e+00    0.0000000000e+00
    3.8130397013e+06   -1.1922614346e+07   -8.7599636145e+06    7.0883984639e+01   -2.8447830715e+02   -1.8274363004e+02    3.8541430000e+16    2.0513787630e-05    0.0000000000e+00    1.0000000000e+00    0.0000000000e+00
    5.1214429723e+06   -1.3428361323e+07   -6.1228385230e+06    9.8181532054e+01   -3.1797551067e+02   -1.2523324286e+02    3.8541430000e+16    2.0513787630e-05    0.0000000000e+00    1.0000000000e+00    0.0000000000e+00
   -1.8724539074e+07    1.8267249920e+07   -2.2532703997e+07   -4.6609879740e+02    4.3955417990e+02   -5.5531969285e+02    3.8540860000e+16    2.0513484246e-05    0.0000000000e+00    1.0000000000e+00    0.0000000000e+00
   -2.2530265361e+05   -6.5002234791e+06   -9.1188614285e+06   -1.9201246785e+01   -1.4584911636e+02   -1.6535766830e+02    3.8540860000e+16    2.0513484246e-05    0.0000000000e+00    1.0000000000e+00    0.0000000000e+00
   -1.2867499223e+07    5.5770390419e+06   -1.0720100087e+07   -3.0151626171e+02    1.1315290427e+02   -2.4291890029e+02    3.8540860000e+16    2.0513484246e-05    0.0000000000e+00    1.0000000000e+00    0.0000000000e+00
   -5.9674236424e+06   -7.5314696774e+05    2.2424428137e+07   -1.4911804245e+02   -3.3243600146e+01    5.3529292507e+02    3.8540330000e+16    2.0513202152e-05    0.0000000000e+00    1.0000000000e+00    0.0000000000e+00
    2.0248189866e+06   -1.3848009070e+07   -6.2410679667e+06    2.4836495551e+01   -3.2265512454e+02   -1.3016327286e+02    3.8540330000e+16    2.0513202152e-05    0.0000000000e+00    1.0000000000e+00    0.0000000000e+00
   -1.2376149813e+06    1.2516462625e+06    3.6585594512e+05    2.6230990531e+02    1.4746267070e+02   -2.6775812111e+01    3.8539780000e+16    2.0512909413e-05    0.0000000000e+00    1.0000000000e+00    0.0000000000e+00
    1.7556091464e+07   -1.3219045082e+07    2.6632337347e+07    4.2761618096e+02   -3.4051790714e+02    6.5442219161e+02    3.8539780000e+16    2.0512909413e-05    0.0000000000e+00    1.0000000000e+00    0.0000000000e+00
   -1.8804580113e+07    7.8805730566e+06    1.7797820588e+07   -4.6211211002e+02    1.7732069662e+02    4.3204309677e+02    3.8539780000e+16    2.0512909413e-05    0.0000000000e+00    1.0000000000e+00    0.0000000000e+00
    3.7928521618e+07   -2.8290833220e+07   -4.3330464937e+06    9.3747144556e+02   -7.1748685526e+02   -1.0809977475e+02    3.8539780000e+16    2.0512909413e-05    0.0000000000e+00    1.0000000000e+00    0.0000000000e+00
   -1.2142770428e+07    6.7128480894e+06   -5.0083214135e+07   -3.0789585203e+02    1.5595541214e+02   -1.2497039494e+03    3.8539780000e+16    2.0512909413e-05    0.0000000000e+00    1.0000000000e+00    0.0000000000e+00
    7.0172637767e+06   -1.4903034338e+07   -3.6847484193e+06    1.4167775194e+02   -3.5697437930e+02   -7.5166851896e+01    3.8539780000e+16    2.0512909413e-05    0.0000000000e+00    1.0000000000e+00    0.0000000000e+00
    1.1071443745e+06   -8.5899408061e+06   -3.1534298316e+06   -5.0801274953e+00   -1.6551601122e+02   -2.6659709558e+01    3.8539780000e+16    2.0512909413e-05    0.0000000000e+00    1.0000000000e+00    0.0000000000e+00
    1.0694420672e+07   -1.5985004189e+07   -9.6429462250e+06    2.4220149416e+02   -3.9597604734e+02   -2.2320971163e+02    3.8539780000e+16    2.0512909413e-05    0.0000000000e+00    1.0000000000e+00    0.0000000000e+00
    6.8312467636e+06   -1.1353097582e+07   -1.1006536041e+07    1.4520983283e+02   -2.7833711591e+02   -2.4392587250e+02    3.8539780000e+16    2.0512909413e-05    0.0000000000e+00    1.0000000000e+00    0.0000000000e+00
    2.1643414131e+07   -1.7422757660e+07    2.0537062743e+07    5.2643181140e+02   -4.4270833544e+02    5.0502810098e+02    3.8539640000e+16    2.0512834898e-05    0.0000000000e+00    1.0000000000e+00    0.0000000000e+00
    2.0304516448e+07   -1.8500814074e+07    1.4270281366e+07    4.8929281694e+02   -4.6720941779e+02    3.4846499150e+02    3.8539640000e+16    2.0512834898e-05    0.0000000000e+00    1.0000000000e+00    0.0000000000e+00
    1.5806158935e+07   -1.9883089168e+07   -7.2120782090e+06    3.7289274474e+02   -4.9684023484e+02   -1.7215180618e+02    3.8539640000e+16    2.0512834898e-05    0.0000000000e+00    1.0000000000e+00    0.0000000000e+00
    3.3889328321e+07   -2.3917212984e+07   -1.8837755116e+07    8.3725882128e+02   -6.0800083515e+02   -4.6830585020e+02    3.8539640000e+16    2.0512834898e-05    0.0000000000e+00    1.0000000000e+00    0.0000000000e+00
    7.4770291556e+06   -9.7362079520e+06    2.0871109074e+07    1.7263221650e+02   -2.5067901613e+02    4.9895596176e+02    3.8539240000e+16    2.0512621997e-05    0.0000000000e+00    1.0000000000e+00    0.0000000000e+00
   -8.7088197395e+06   -1.5296540907e+06    8.7085463671e+06   -1.8279503568e+02   -5.7073198282e+01    1.7298928240e+02    3.8539240000e+16    2.0512621997e-05    0.0000000000e+00    1.0000000000e+00    0.0000000000e+00
    7.1660047415e+04   -1.1780295523e+06    3.6019955618e+07   -3.1929553669e+00   -4.2529035300e+01    8.8896505253e+02    3.8539240000e+16    2.0512621997e-05    0.0000000000e+00    1.0000000000e+00    0.0000000000e+00
   -1.0201604930e+07   -2.2345172373e+05    3.4888775100e+07   -2.5725376762e+02   -1.9555432679e+01    8.6111392403e+02    3.8539240000e+16    2.0512621997e-05    0.0000000000e+00    1.0000000000e+00    0.0000000000e+00
   -9.6427567799e+05   -8.9121035868e+06   -1.1160648393e+06   -6.4857322209e+01   -1.5311170730e+02   -3.3378404951e+01    3.8539240000e+16    2.0512621997e-05    0.0000000000e+00    1.0000000000e+00    0.0000000000e+00
    2.2211563217e+07   -1.9586754917e+07    1.4913143489e+07    5.3853531198e+02   -4.9667636124e+02    3.6447988409e+02    3.8539240000e+16    2.0512621997e-05    0.0000000000e+00    1.0000000000e+00    0.0000000000e+00
   -3.2441655257e+07    1.7466057123e+07    7.2732051086e+06   -8.0748837131e+02    4.1965900617e+02    1.8111401029e+02    3.8539240000e+16    2.0512621997e-05    0.0000000000e+00    1.0000000000e+00    0.0000000000e+00
    3.5787178954e+06   -1.3071116183e+07   -7.1923625523e+05    4.8229258346e+01   -2.9371284878e+02   -2.1114138307e+01    3.8539240000e+16    2.0512621997e-05    0.0000000000e+00    1.0000000000e+00    0.0000000000e+00
    3.2649302379e+07   -2.5139694228e+07    1.1792991407e+07    8.0376946085e+02   -6.3815627971e+02    2.9170130766e+02    3.8539240000e+16    2.0512621997e-05    0.0000000000e+00    1.0000000000e+00    0.0000000000e+00
   -2.4638676833e+07    1.1553087507e+07   -1.5401899147e+07   -6.0954595742e+02    2.7052609720e+02   -3.7796400075e+02    3.8539240000e+16    2.0512621997e-05    0.0000000000e+00    1.0000000000e+00    0.0000000000e+00
   -3.1611390015e+06   -1.1283811890e+06   -2.0959458922e+04   -2.2338797569e+00    1.5604031578e+02   -6.1502448700e+00    3.8539240000e+16    2.0512621997e-05    0.0000000000e+00    1.0000000000e+00    0.0000000000e+00
   -3.5282081311e+05   -1.0504056290e+07    5.0022835979e+05   -4.8373102527e+01   -2.0539280831e+02    1.4395663263e+01    3.8539240000e+16    2.0512621997e-05    0.0000000000e+00    1.0000000000e+00    0.0000000000e+00
    5.6228414409e+07   -3.1608654099e+07   -9.2585735661e+06    1.4012794281e+03   -8.0339316544e+02   -2.3093643818e+02    3.8539240000e+16    2.0512621997e-05    0.0000000000e+00    1.0000000000e+00    0.0000000000e+00
   -1.8306539229e+06   -4.9096144310e+06   -2.2912489633e+07   -5.0170679380e+01   -1.3328021636e+02   -5.4673661750e+02    3.8539240000e+16    2.0512621997e-05    0.0000000000e+00    1.0000000000e+00    0.0000000000e+00
    3.6472585882e+07   -2.3209107982e+07   -3.0156246776e+07    9.0488581581e+02   -5.9190473194e+02   -7.5172972809e+02    3.8539240000e+16    2.0512621997e-05    0.0000000000e+00    1.0000000000e+00    0.0000000000e+00
    1.3782866745e+07   -1.1708429946e+07   -3.4984710144e+07    3.3501886490e+02   -3.0297426038e+02   -8.6633323508e+02    3.8539240000e+16    2.0512621997e-05    0.0000000000e+00    1.0000000000e+00    0.0000000000e+00
   -3.8328706863e+06   -3.7855868466e+06    7.7816214631e+04   -9.3865440969e+01    3.9509750451e+01    4.5744191556e+00    3.8539240000e+16    2.0512621997e-05    0.0000000000e+00    1.0000000000e+00    0.0000000000e+00
   -3.1287414749e+06   -5.7366350082e+06    3.1432148266e+05   -9.8363814928e+01   -3.5090511723e+01    5.7614473682e+00    3.8539240000e+16    2.0512621997e-05    0.0000000000e+00    1.0000000000e+00    0.0000000000e+00
    2.7550664469e+07   -2.6395549514e+07   -3.5817974150e+07    6.8084495962e+02   -6.7196795870e+02   -8.9233740984e+02    3.8539240000e+16    2.0512621997e-05    0.0000000000e+00    1.0000000000e+00    0.0000000000e+00
    2.3624122125e+07   -2.5892085567e+07   -4.8073467560e+07    5.8458741423e+02   -6.6054308660e+02   -1.2007023864e+03    3.8539240000e+16    2.0512621997e-05    0.0000000000e+00    1.0000000000e+00    0.0000000000e+00
   -5.4458240702e+06   -2.2410868001e+06    9.7765158061e+06   -1.1498419112e+02   -6.5365382911e+01    1.8291360349e+02    3.8539030000e+16    2.0512510223e-05    0.0000000000e+00    1.0000000000e+00    0.0000000000e+00
    1.7364505747e+07   -1.8110466323e+07    3.7241719257e+07    4.2561715289e+02   -4.6302594983e+02    9.2542192280e+02    3.8539030000e+16    2.0512510223e-05    0.0000000000e+00    1.0000000000e+00    0.0000000000e+00
    1.1998445900e+07   -1.4820139099e+07    7.0829416759e+06    2.6978804762e+02   -3.6354314952e+02    1.6424701339e+02    3.8539030000e+16    2.0512510223e-05    0.0000000000e+00    1.0000000000e+00    0.0000000000e+00
   -2.9111538506e+07    1.5962783172e+07    6.7546848823e+06   -7.2163918045e+02    3.8113273471e+02    1.6638595880e+02    3.8539030000e+16    2.0512510223e-05    0.0000000000e+00    1.0000000000e+00    0.0000000000e+00
    5.1600826776e+05    2.4392654731e+05    3.2234185956e+05    3.4990401911e+01   -4.2142020696e+01   -8.1772460419e+01    3.8539030000e+16    2.0512510223e-05    0.0000000000e+00    1.0000000000e+00    0.0000000000e+00
    4.3870960943e+07   -2.5715490063e+07   -2.9970346460e+07    1.0913396706e+03   -6.5466242460e+02   -7.4789629450e+02    3.8539030000e+16    2.0512510223e-05    0.0000000000e+00    1.0000000000e+00    0.0000000000e+00
   -3.5183099182e+06   -7.8177844699e+06   -2.5963900880e+06   -8.9157736509e+01   -1.3184467474e+02   -1.6968858732e+01    3.8539030000e+16    2.0512510223e-05    0.0000000000e+00    1.0000000000e+00    0.0000000000e+00
   -1.2301426524e+06   -5.7241685544e+06    2.1636521310e+07   -3.7462033735e+01   -1.5218907308e+02    5.1287927363e+02    3.8538700000e+16    2.0512334580e-05    0.0000000000e+00    1.0000000000e+00    0.0000000000e+00
   -9.7214373431e+06    2.9310919189e+06    1.8577041943e+07   -2.3617013755e+02    5.4032842253e+01    4.3848516876e+02    3.8538700000e+16    2.0512334580e-05    0.0000000000e+00    1.0000000000e+00    0.0000000000e+00
    9.1959068495e+06   -1.4411976475e+07   -1.2571558921e+06    1.9265756925e+02   -3.4436361352e+02   -2.7167028701e+01    3.8538700000e+16    2.0512334580e-05    0.0000000000e+00    1.0000000000e+00    0.0000000000e+00
    2.4649329823e+07   -1.8201491357e+07    3.8688551649e+07    6.0941952124e+02   -4.6656738210e+02    9.6418540911e+02    3.8538420000e+16    2.0512185549e-05    0.0000000000e+00    1.0000000000e+00    0.0000000000e+00
    2.9915500899e+07   -2.2521659127e+07    1.0202995158e+06    7.3233605892e+02   -5.6957999198e+02    2.5092853598e+01    3.8538420000e+16    2.0512185549e-05    0.0000000000e+00    1.0000000000e+00    0.0000000000e+00
   -3.9892202621e+05   -4.3146026791e+06    1.4334233326e+06   -3.6065727131e+01    6.5835124838e+00   -5.8913098855e+01    3.8538420000e+16    2.0512185549e-05    0.0000000000e+00    1.0000000000e+00    0.0000000000e+00
    3.8247407667e+07   -2.4068671286e+07   -1.3937577222e+07    9.4602910944e+02   -6.1115625344e+02   -3.4719736977e+02    3.8538420000e+16    2.0512185549e-05    0.0000000000e+00    1.0000000000e+00    0.0000000000e+00
   -1.5531042315e+07    4.9127599621e+06    2.4235456735e+06   -3.5524319332e+02    9.3203447856e+01    5.6084527632e+01    3.8538420000e+16    2.0512185549e-05    0.0000000000e+00    1.0000000000e+00    0.0000000000e+00
   -3.5241403791e+07    2.2813177411e+07   -5.6143301078e+06   -8.7959614112e+02    5.5561146882e+02   -1.3895443250e+02    3.8538420000e+16    2.0512185549e-05    0.0000000000e+00    1.0000000000e+00    0.0000000000e+00
   -2.9771384823e+07    2.0653343160e+07   -3.4910768258e+07   -7.4619236735e+02    5.0388890680e+02   -8.7126980877e+02    3.8538420000e+16    2.0512185549e-05    0.0000000000e+00    1.0000000000e+00    0.0000000000e+00
    2.7576148386e+06   -9.1008642975e+06   -1.3327772162e+07    5.0247208208e+01   -2.2161936801e+02   -2.9437198570e+02    3.8538420000e+16    2.0512185549e-05    0.0000000000e+00    1.0000000000e+00    0.0000000000e+00
   -2.1033834658e+06   -3.8534169517e+06   -1.6061791573e+06   -6.7435001947e+01    4.8541046551e+01   -3.7511312943e+01    3.8538160000e+16    2.0512047163e-05    0.0000000000e+00    1.0000000000e+00    0.0000000000e+00
    2.0719863836e+06   -9.7604834879e+06    3.3961592959e+06    1.4096378847e+01   -2.0222751980e+02    4.5070374896e+01    3.8538160000e+16    2.0512047163e-05    0.0000000000e+00    1.0000000000e+00    0.0000000000e+00
    5.6018863946e+06   -5.8980273422e+06    3.8603436031e+07    1.3451360273e+02   -1.5974705272e+02    9.5590721426e+02    3.8538160000e+16    2.0512047163e-05    0.0000000000e+00    1.0000000000e+00    0.0000000000e+00
   -6.7997602526e+06    3.8233136419e+06    4.3052803449e+07   -1.7329715701e+02    8.2704154427e+01    1.0699541302e+03    3.8538160000e+16    2.0512047163e-05    0.0000000000e+00    1.0000000000e+00    0.0000000000e+00
   -3.1686969592e+06   -1.0677087606e+06    6.3148480424e+04    4.0572036100e+00    1.5533792667e+02   -5.0731933605e+00    3.8538160000e+16    2.0512047163e-05    0.0000000000e+00    1.0000000000e+00    0.0000000000e+00
    1.6223464302e+07   -1.8734880411e+07   -8.8994869117e+05    3.7844739796e+02   -4.6776176731e+02   -2.1889519155e+01    3.8538160000e+16    2.0512047163e-05    0.0000000000e+00    1.0000000000e+00    0.0000000000e+00
   -8.3160224056e+06   -2.7691130028e+06   -2.0042549499e+07   -2.0266844746e+02   -8.3901371126e+01   -4.7412173745e+02    3.8538160000e+16    2.0512047163e-05    0.0000000000e+00    1.0000000000e+00    0.0000000000e+00
    3.0694016457e+07   -2.4478713788e+07   -1.8668084313e+06    7.5241767540e+02   -6.2046791084e+02   -4.6342938357e+01    3.8538160000e+16    2.0512047163e-05    0.0000000000e+00    1.0000000000e+00    0.0000000000e+00
   -1.3177994557e+07   -2.5410826533e+06   -4.1895798283e+07   -3.3177982482e+02   -7.7186172125e+01   -1.0411648905e+03    3.8538160000e+16    2.0512047163e-05    0.0000000000e+00    1.0000000000e+00    0.0000000000e+00
    2.0964928412e+07   -2.0817992966e+07   -2.2026696585e+07    5.1110924039e+02   -5.2838569349e+02   -5.4352412879e+02    3.8538160000e+16    2.0512047163e-05    0.0000000000e+00    1.0000000000e+00    0.0000000000e+00
    1.4273598088e+07   -1.3247211170e+07   -2.2309838016e+07    3.4247976964e+02   -3.3753375797e+02   -5.4413612434e+02    3.8538160000e+16    2.0512047163e-05    0.0000000000e+00    1.0000000000e+00    0.0000000000e+00
   -8.6719920530e+05   -1.5799582130e+06    3.5279949919e+07   -2.6461273409e+01   -5.1343977542e+01    8.6961358610e+02    3.8537820000e+16    2.0511866197e-05    0.0000000000e+00    1.0000000000e+00    0.0000000000e+00
   -1.7576544951e+06   -8.0919683742e+06    2.0746768856e+05   -8.2406722315e+01   -1.1778837015e+02    5.6514526246e+00    3.8537820000e+16    2.0511866197e-05    0.0000000000e+00    1.0000000000e+00    0.0000000000e+00
   -1.2639369041e+07    7.5107030934e+06    1.0626225986e+07   -2.9752783272e+02    1.5897885077e+02    2.4625411087e+02    3.8537820000e+16    2.0511866197e-05    0.0000000000e+00    1.0000000000e+00    0.0000000000e+00
    1.1144716825e+07   -1.5253111805e+07   -9.7937833914e+06    2.5203855294e+02   -3.7647687800e+02   -2.2826371034e+02    3.8537820000e+16    2.0511866197e-05    0.0000000000e+00    1.0000000000e+00    0.0000000000e+00
    1.6903523541e+07   -1.9200883731e+07    9.9266886454e+06    4.0018467109e+02   -4.8275915808e+02    2.3919736877e+02    3.8537630000e+16    2.0511765069e-05    0.0000000000e+00    1.0000000000e+00    0.0000000000e+00
   -1.5067168329e+07    1.5283126438e+06   -4.8780098027e+06   -3.4190082110e+02    1.2583781147e+01   -1.0726621587e+02    3.8537630000e+16    2.0511765069e-05    0.0000000000e+00    1.0000000000e+00    0.0000000000e+00
    1.7698024505e+07   -1.7997271808e+07    3.9417297881e+07    4.3404767043e+02   -4.6147458392e+02    9.8026425633e+02    3.8537100000e+16    2.0511482975e-05    0.0000000000e+00    1.0000000000e+00    0.0000000000e+00
   -3.5361901253e+07    1.8314305038e+07    2.7198356831e+07   -8.8546981307e+02    4.4440947456e+02    6.7808342499e+02    3.8537100000e+16    2.0511482975e-05    0.0000000000e+00    1.0000000000e+00    0.0000000000e+00
   -9.1168903409e+05   -1.0150120693e+07   -4.1465073430e+04   -6.2165296279e+01   -1.9127690655e+02   -2.7505143885e+00    3.8537100000e+16    2.0511482975e-05    0.0000000000e+00    1.0000000000e+00    0.0000000000e+00
    5.3652079354e+07   -2.6580175913e+07    9.1677226233e+06    1.3359515778e+03   -6.7640065497e+02    2.2950868446e+02    3.8537100000e+16    2.0511482975e-05    0.0000000000e+00    1.0000000000e+00    0.0000000000e+00
   -4.2979119117e+06   -9.2675356253e+05   -3.2686004058e+07   -1.0961834830e+02   -3.7161859483e+01   -8.0422026743e+02    3.8537100000e+16    2.0511482975e-05    0.0000000000e+00    1.0000000000e+00    0.0000000000e+00
   -2.3989172204e+06    1.1292476410e+06    3.3981990098e+07   -6.4475379781e+01    1.5593904068e+01    8.3739345095e+02    3.8536610000e+16    2.0511222171e-05    0.0000000000e+00    1.0000000000e+00    0.0000000000e+00
    2.6795051989e+07   -2.0395291499e+07   -8.2892912190e+06    6.5264919067e+02   -5.1493477030e+02   -2.0455311248e+02    3.8536610000e+16    2.0511222171e-05    0.0000000000e+00    1.0000000000e+00    0.0000000000e+00
    3.6430632948e+06   -8.3417273844e+06    1.5761614244e+07    7.6893659179e+01   -2.1122687718e+02    3.5962590892e+02    3.8536050000e+16    2.0510924110e-05    0.0000000000e+00    1.0000000000e+00    0.0000000000e+00
   -1.6887922587e+05   -5.8682960213e+05   -1.8024492113e+05    2.4098795828e+02    4.1478706559e+02   -2.4679810880e+02    3.8536050000e+16    2.0510924110e-05    0.0000000000e+00    1.0000000000e+00    0.0000000000e+00
    2.1401399012e+06   -1.3603337126e+07    3.6114006045e+07    4.7163185808e+01   -3.5178538120e+02    8.9209727686e+02    3.8536050000e+16    2.0510924110e-05    0.0000000000e+00    1.0000000000e+00    0.0000000000e+00
   -1.6679761140e+07    8.7772003354e+05    4.1820430952e+07   -4.1939009085e+02    8.2662839449e+00    1.0399548226e+03    3.8536050000e+16    2.0510924110e-05    0.0000000000e+00    1.0000000000e+00    0.0000000000e+00
   -3.9315041670e+06   -4.0979099325e+06    6.1551171679e+04   -9.7540291267e+01    2.7579775715e+01    6.1960274939e+00    3.8536050000e+16    2.0510924110e-05    0.0000000000e+00    1.0000000000e+00    0.0000000000e+00
   -2.6643549603e+06   -6.6710833175e+06    2.3815258799e+05   -9.7493102235e+01   -6.6554437855e+01    8.0947321342e+00    3.8536050000e+16    2.0510924110e-05    0.0000000000e+00    1.0000000000e+00    0.0000000000e+00
    4.0479298702e+06   -1.2399144751e+07    4.6840135076e+05    5.7394205498e+01   -2.7774093752e+02    1.1029909824e+00    3.8536050000e+16    2.0510924110e-05    0.0000000000e+00    1.0000000000e+00    0.0000000000e+00
   -3.4331938673e+06   -1.2937270386e+06   -1.3789125821e+06    7.1182974528e+01   -4.2009511562e+01    4.3589477397e+01    3.8536050000e+16    2.0510924110e-05    0.0000000000e+00    1.0000000000e+00    0.0000000000e+00
    2.4561160559e+07   -2.1896464451e+07    1.5034189743e+07    5.9834457657e+02   -5.5515859907e+02    3.6992017138e+02    3.8536050000e+16    2.0510924110e-05    0.0000000000e+00    1.0000000000e+00    0.0000000000e+00
   -2.6728734453e+07    9.0759689287e+06   -6.5225302740e+06   -6.5774509426e+02    2.0715562323e+02   -1.5871169674e+02    3.8536050000e+16    2.0510924110e-05    0.0000000000e+00    1.0000000000e+00    0.0000000000e+00
    4.5144858732e+07   -2.9375478264e+07    3.3661866944e+07    1.1237850105e+03   -7.4738336588e+02    8.4162757204e+02    3.8536050000e+16    2.0510924110e-05    0.0000000000e+00    1.0000000000e+00    0.0000000000e+00
   -2.3243526080e+07    1.7095894400e+07   -1.9199051920e+06   -5.7287928806e+02    4.0654045468e+02   -4.7053721667e+01    3.8536050000e+16    2.0510924110e-05    0.0000000000e+00    1.0000000000e+00    0.0000000000e+00
    9.3785353486e+06   -1.1904598901e+07    1.9990843692e+07    2.1877866794e+02   -3.0226675019e+02    4.8059584545e+02    3.8536050000e+16    2.0510924110e-05    0.0000000000e+00    1.0000000000e+00    0.0000000000e+00
   -2.8846681073e+06   -6.8340013645e+06    4.5848859282e+05   -9.3310012629e+01   -7.2492842901e+01    9.1069632604e+00    3.8536050000e+16    2.0510924110e-05    0.0000000000e+00    1.0000000000e+00    0.0000000000e+00
    4.9903038656e+07   -3.3007258272e+07   -2.9253306259e+07    1.2432665578e+03   -8.3836059152e+02   -7.3200782651e+02    3.8536050000e+16    2.0510924110e-05    0.0000000000e+00    1.0000000000e+00    0.0000000000e+00
    9.4249718918e+06   -1.0258574765e+07   -4.0411514135e+07    2.2857990364e+02   -2.6752262156e+02   -1.0031570461e+03    3.8536050000e+16    2.0510924110e-05    0.0000000000e+00    1.0000000000e+00    0.0000000000e+00
    4.3708713027e+07   -3.1687884093e+07   -1.5992948542e+07    1.0850180273e+03   -8.0458973092e+02   -3.9816744609e+02    3.8536050000e+16    2.0510924110e-05    0.0000000000e+00    1.0000000000e+00    0.0000000000e+00
    9.6370402386e+06   -1.6269634753e+07   -4.3644127573e+07    2.3548102387e+02   -4.1902905056e+02   -1.0854543020e+03    3.8536050000e+16    2.0510924110e-05    0.0000000000e+00    1.0000000000e+00    0.0000000000e+00
   -3.5028630912e+06   -1.3367358968e+06    1.1088260610e+05   -2.0170538906e+01    1.3051101256e+02    4.4222793681e+00    3.8536050000e+16    2.0510924110e-05    0.0000000000e+00    1.0000000000e+00    0.0000000000e+00
    1.1802179882e+07   -1.7592007801e+07   -5.0602505554e+06    2.6633523147e+02   -4.3445864403e+02   -1.1645805017e+02    3.8536050000e+16    2.0510924110e-05    0.0000000000e+00    1.0000000000e+00    0.0000000000e+00
    2.0438743839e+06   -7.7654842625e+06   -2.1406193799e+07    4.2052179038e+01   -2.0296215733e+02   -5.0827672178e+02    3.8536050000e+16    2.0510924110e-05    0.0000000000e+00    1.0000000000e+00    0.0000000000e+00
    3.6651939494e+07   -2.3500089727e+07   -2.6418919695e+07    9.0802004832e+02   -5.9916203863e+02   -6.5752940889e+02    3.8536050000e+16    2.0510924110e-05    0.0000000000e+00    1.0000000000e+00    0.0000000000e+00
    1.9242637647e+07   -2.7436859371e+07   -4.4166472320e+07    4.7499621977e+02   -6.9922152239e+02   -1.1009699379e+03    3.8536050000e+16    2.0510924110e-05    0.0000000000e+00    1.0000000000e+00    0.0000000000e+00
    3.4992947581e+07   -1.9912013125e+07    3.5653732995e+07    8.6836024740e+02   -5.0910101398e+02    8.8910615622e+02    3.8536010000e+16    2.0510902820e-05    0.0000000000e+00    1.0000000000e+00    0.0000000000e+00
    2.0312213841e+07   -1.8327914962e+07    7.3094835419e+06    4.8588567939e+02   -4.6053255082e+02    1.7624875793e+02    3.8536010000e+16    2.0510902820e-05    0.0000000000e+00    1.0000000000e+00    0.0000000000e+00
    4.2844949327e+07   -2.0502487180e+07   -2.7475380738e+07    1.0643097144e+03   -5.2331184938e+02   -6.8545998171e+02    3.8536010000e+16    2.0510902820e-05    0.0000000000e+00    1.0000000000e+00    0.0000000000e+00
   -6.1060329943e+06    2.2832032927e+06   -3.3272872432e+07   -1.5572944903e+02    4.4085065165e+01   -8.1839169861e+02    3.8536010000e+16    2.0510902820e-05    0.0000000000e+00    1.0000000000e+00    0.0000000000e+00
   -2.7322430961e+06   -2.1123012804e+06   -2.9094683881e+07   -7.2831174188e+01   -6.4422726273e+01   -7.0909820641e+02    3.8536010000e+16    2.0510902820e-05    0.0000000000e+00    1.0000000000e+00    0.0000000000e+00
   -2.1937007373e+05   -1.2462417212e+06   -8.4916030229e+04   -2.5211953683e+02    1.6904510076e+01    3.9468001031e+01    3.8535010000e+16    2.0510370567e-05    0.0000000000e+00    1.0000000000e+00    0.0000000000e+00
    7.6840497237e+05    4.5997604016e+05   -9.8062274602e+04    3.4878531408e+02   -3.6049656555e+02   -1.5100823064e+01    3.8535010000e+16    2.0510370567e-05    0.0000000000e+00    1.0000000000e+00    0.0000000000e+00
   -2.5416799848e+06   -3.1618273769e+06   -1.5971443656e+06   -6.3301267725e+01    7.4794227674e+01   -2.4825287822e+01    3.8535010000e+16    2.0510370567e-05    0.0000000000e+00    1.0000000000e+00    0.0000000000e+00
    6.6643931769e+06   -1.3493957892e+07    9.6418955049e+06    1.4062024456e+02   -3.2934991944e+02    2.1348006549e+02    3.8535010000e+16    2.0510370567e-05    0.0000000000e+00    1.0000000000e+00    0.0000000000e+00
   -1.6512410465e+07    5.6812790379e+06    8.8420040459e+06   -3.9183853747e+02    1.1581060185e+02    2.0648759610e+02    3.8535010000e+16    2.0510370567e-05    0.0000000000e+00    1.0000000000e+00    0.0000000000e+00
    1.4666570440e+07   -1.0231116057e+07    5.0170009042e+07    3.6151334446e+02   -2.6799812269e+02    1.2512800537e+03    3.8535010000e+16    2.0510370567e-05    0.0000000000e+00    1.0000000000e+00    0.0000000000e+00
   -2.9328208241e+07    1.2777434744e+07    3.8937013606e+07   -7.3639476433e+02    3.0685013765e+02    9.7048366107e+02    3.8535010000e+16    2.0510370567e-05    0.0000000000e+00    1.0000000000e+00    0.0000000000e+00
   -1.6678316280e+06    9.8026404164e+05    5.6728851684e+04    2.0901365498e+02    1.8984644770e+02   -7.4777128740e+00    3.8535010000e+16    2.0510370567e-05    0.0000000000e+00    1.0000000000e+00    0.0000000000e+00
   -3.4309555210e+06   -5.5399573663e+06    1.2574438413e+05   -9.9140423855e+01   -2.5571900819e+01    3.0107937829e+00    3.8535010000e+16    2.0510370567e-05    0.0000000000e+00    1.0000000000e+00    0.0000000000e+00
    3.2132014869e+06   -1.2373516071e+07    3.4116391976e+05    3.5721870579e+01   -2.7343627843e+02    7.0101800256e+00    3.8535010000e+16    2.0510370567e-05    0.0000000000e+00    1.0000000000e+00    0.0000000000e+00
    3.7172138511e+07   -3.4758181432e+07   -7.7695738049e+05    9.1882050719e+02   -8.8044398379e+02   -1.9466580040e+01    3.8535010000e+16    2.0510370567e-05    0.0000000000e+00    1.0000000000e+00    0.0000000000e+00
   -9.8280639062e+06    1.1648789402e+06   -5.6144513708e+07   -2.4925108053e+02    1.6522578157e+01   -1.4026409436e+03    3.8535010000e+16    2.0510370567e-05    0.0000000000e+00    1.0000000000e+00    0.0000000000e+00
    4.2841463548e+07   -2.4655770919e+07   -1.6729333001e+07    1.0631098293e+03   -6.2745567731e+02   -4.1764297429e+02    3.8535010000e+16    2.0510370567e-05    0.0000000000e+00    1.0000000000e+00    0.0000000000e+00
    4.1077298226e+06   -8.5851055770e+06   -2.8637367136e+07    9.4621572943e+01   -2.2464961198e+02   -6.9992536647e+02    3.8535010000e+16    2.0510370567e-05    0.0000000000e+00    1.0000000000e+00    0.0000000000e+00
   -3.1115114177e+06   -1.1168781487e+06    5.9747333404e+05   -8.8131866845e+00    1.5052752461e+02   -1.6768827142e+01    3.8535010000e+16    2.0510370567e-05    0.0000000000e+00    1.0000000000e+00    0.0000000000e+00
    1.5368023929e+05   -1.4828919644e+06    3.0251946838e+05   -1.9900507594e+02   -1.0384535639e+02    1.5732526525e+02    3.8535010000e+16    2.0510370567e-05    0.0000000000e+00    1.0000000000e+00    0.0000000000e+00
   -4.3234202531e+05   -9.9937867352e+06    1.0767453689e+06   -5.0053581988e+01   -1.8760252205e+02    3.3848121850e+01    3.8535010000e+16    2.0510370567e-05    0.0000000000e+00    1.0000000000e+00    0.0000000000e+00
   -4.4293274186e+05    5.5828857063e+05    3.8551934629e+05    2.3944764561e+02    2.7963256273e+02   -2.8707924574e+02    3.8535010000e+16    2.0510370567e-05    0.0000000000e+00    1.0000000000e+00    0.0000000000e+00
    7.9139951659e+06   -1.6152226369e+07   -4.7849894649e+06    1.6688463293e+02   -3.9195053186e+02   -1.0397679532e+02    3.8535010000e+16    2.0510370567e-05    0.0000000000e+00    1.0000000000e+00    0.0000000000e+00
    3.4693500313e+06   -1.0128234095e+07   -9.5184213946e+06    6.3743704637e+01   -2.4123525470e+02   -1.9549123626e+02    3.8535010000e+16    2.0510370567e-05    0.0000000000e+00    1.0000000000e+00    0.0000000000e+00
    1.0766962455e+07   -1.5326550478e+07   -7.8322426172e+06    2.4043776020e+02   -3.7768744993e+02   -1.7924381170e+02    3.8535010000e+16    2.0510370567e-05    0.0000000000e+00    1.0000000000e+00    0.0000000000e+00
    7.4346016544e+06   -1.1652178120e+07   -1.4713532922e+07    1.6643459964e+02   -2.9198849079e+02   -3.3975072697e+02    3.8535010000e+16    2.0510370567e-05    0.0000000000e+00    1.0000000000e+00    0.0000000000e+00
    1.8463926418e+07   -1.7967940159e+07   -2.8368078638e+07    4.4965324639e+02   -4.5891515740e+02   -7.0045277963e+02    3.8535010000e+16    2.0510370567e-05    0.0000000000e+00    1.0000000000e+00    0.0000000000e+00
    1.8680254883e+07   -1.7252781274e+07   -2.7579950833e+07    4.5567658411e+02   -4.4171024679e+02   -6.7986646321e+02    3.8535010000e+16    2.0510370567e-05    0.0000000000e+00    1.0000000000e+00    0.0000000000e+00
    1.2004354734e+06   -5.2676378951e+06    1.6442901851e+07    1.8953991240e+01   -1.3699442025e+02    3.7143233950e+02    3.8534800000e+16    2.0510258794e-05    0.0000000000e+00    1.0000000000e+00    0.0000000000e+00
   -1.4134339456e+06   -5.1427382414e+06   -2.2152361442e+05   -6.7790454629e+01   -2.7146100322e+00   -2.1703488334e+01    3.8534800000e+16    2.0510258794e-05    0.0000000000e+00    1.0000000000e+00    0.0000000000e+00
   -3.7286854170e+06   -2.6464434997e+03   -2.7035355658e+06    2.0807186809e+01   -4.6975990990e+01    2.6912963242e+01    3.8534800000e+16    2.0510258794e-05    0.0000000000e+00    1.0000000000e+00    0.0000000000e+00
    1.8489356403e+07   -1.4355222491e+07   -2.1841469187e+07    4.4715494256e+02   -3.6484473543e+02   -5.3502081407e+02    3.8534800000e+16    2.0510258794e-05    0.0000000000e+00    1.0000000000e+00    0.0000000000e+00
    1.1632782894e+07   -9.0761579845e+06   -5.4834998459e+07    2.8590234566e+02   -2.3862629556e+02   -1.3691806292e+03    3.8534800000e+16    2.0510258794e-05    0.0000000000e+00    1.0000000000e+00    0.0000000000e+00
