#   x1                  x2                  x3                  v1                  v2                  v3                  mass                rel_mass            mat0_frac           mat1_frac           mat2_frac
    6.1272984883e+07    2.2638460855e+08   -9.3072684139e+04    1.6584528201e+03    5.6418473175e+03   -4.8051319297e+00    7.9305614940e+24    6.6554910728e-01    9.0226416202e-01    9.7735837984e-02    0.0000000000e+00
   -1.2289931996e+08   -4.5595964521e+08   -9.8140049022e+04   -3.3217851679e+03   -1.1379510015e+04   -9.9957453060e-01    3.9245263051e+24    3.2935435666e-01    9.0892693627e-01    9.1073063731e-02    0.0000000000e+00
   -8.5366889462e+07   -3.5575729134e+08    2.1094511611e+06   -2.4504527920e+03   -9.9442098274e+03   -5.3643079784e+01    5.8246780000e+20    4.8881901313e-05    1.0000000000e+00    0.0000000000e+00    0.0000000000e+00
   -9.3489486047e+07   -4.2678392643e+08   -1.7708982420e+06   -3.7102605028e+03   -1.2960355853e+04   -1.3029092445e+02    5.7656310000e+20    4.8386366688e-05    1.0000000000e+00    0.0000000000e+00    0.0000000000e+00
   -9.0295359059e+07   -3.6250165161e+08   -1.8895719994e+07   -2.5235120194e+03   -1.0092246835e+04    4.7653450748e+01    5.7656310000e+20    4.8386366688e-05    1.0000000000e+00    0.0000000000e+00    0.0000000000e+00
   -8.1908928754e+07   -1.7899683290e+08   -4.3244996765e+07   -2.0930626025e+03   -4.5266450371e+03   -8.3959049960e+02    5.7055140000e+20    4.7881852403e-05    1.0000000000e+00    0.0000000000e+00    0.0000000000e+00
   -2.3109407894e+07    4.8483666439e+06   -9.2254735359e+06   -5.3674710525e+02    7.3243644620e+02   -3.8901925414e+01    5.6648050000e+20    4.7540214063e-05    1.0000000000e+00    0.0000000000e+00    0.0000000000e+00
   -4.3233104768e+07    7.4212082957e+06    4.6224655056e+06   -9.7974764315e+02    7.8109344380e+02    1.0581782281e+02    5.5179780000e+20    4.6308011541e-05    1.0000000000e+00    0.0000000000e+00    0.0000000000e+00
   -4.0341091694e+07   -1.1836013893e+08   -4.7787508380e+07   -1.0763121706e+03   -2.8151828532e+03   -1.0037982248e+03    5.4746700000e+20    4.5944561856e-05    1.0000000000e+00    0.0000000000e+00    0.0000000000e+00
   -7.4866903634e+07   -3.2646308317e+08   -4.1523223329e+07   -2.0900311096e+03   -8.7899835529e+03   -6.0806655385e+02    5.4746700000e+20    4.5944561856e-05    1.0000000000e+00    0.0000000000e+00    0.0000000000e+00
   -8.2007234737e+07   -2.3148678811e+08    1.8517373455e+07   -2.1430097792e+03   -6.0530458074e+03    3.9445546100e+02    5.4527710000e+20    4.5760780923e-05    1.0000000000e+00    0.0000000000e+00    0.0000000000e+00
   -2.3942666283e+07    7.8534409822e+07   -2.3667899451e+07   -3.5876663903e+02    2.9267948618e+03   -2.6641554083e+02    5.4307010000e+20    4.5575564923e-05    1.0000000000e+00    0.0000000000e+00    0.0000000000e+00
   -9.3156356508e+06    1.2441464858e+07    4.2400205589e+06   -2.4410056717e+02    9.8147775348e+02    1.2633531095e+01    5.3860330000e+20    4.5200701837e-05    1.0000000000e+00    0.0000000000e+00    0.0000000000e+00
   -7.1428234628e+07   -3.6937202274e+08    5.1518076376e+07   -2.1463632901e+03   -9.9452960299e+03    5.2828850700e+02    5.3176380000e+20    4.4626716865e-05    1.0000000000e+00    0.0000000000e+00    0.0000000000e+00
   -6.9005758175e+07   -3.3288407364e+08   -6.9148682167e+06   -2.0612768023e+03   -9.0990212794e+03   -4.1409454820e+01    5.2710430000e+20    4.4235681997e-05    1.0000000000e+00    0.0000000000e+00    0.0000000000e+00
   -1.0201735045e+08   -1.4923050801e+08   -4.1030924921e+06   -2.5541994426e+03   -3.7222411241e+03   -9.7996627239e+01    5.2710430000e+20    4.4235681997e-05    1.0000000000e+00    0.0000000000e+00    0.0000000000e+00
    2.9584584628e+07   -9.4491876517e+07    6.1840400191e+07    6.0768798126e+02   -2.1100942006e+03    1.2752668338e+03    5.2474280000e+20    4.4037500038e-05    1.0000000000e+00    0.0000000000e+00    0.0000000000e+00
   -1.0315949982e+08   -8.1041561678e+07   -6.1795114747e+07   -2.5487330603e+03   -1.8177159219e+03   -1.3503487913e+03    2.4821150000e+20    2.0830421953e-05    0.0000000000e+00    1.0000000000e+00    0.0000000000e+00
    2.7420397572e+06   -6.2260343069e+07   -5.1416052834e+07   -1.5552720373e+01   -1.2155118147e+03   -1.0119085051e+03    2.4492380000e+20    2.0554511375e-05    0.0000000000e+00    1.0000000000e+00    0.0000000000e+00
   -4.8729724802e+07    3.6570186172e+07   -6.7957642077e+05   -9.8921564830e+02    1.6136163207e+03   -7.1344554338e+01    2.4164130000e+20    2.0279037193e-05    0.0000000000e+00    1.0000000000e+00    0.0000000000e+00
   -9.2032896231e+07   -2.9576493128e+08    7.2895754644e+07   -2.3808159127e+03   -7.7979958675e+03    1.4155892982e+03    2.4000160000e+20    2.0141430181e-05    0.0000000000e+00    1.0000000000e+00    0.0000000000e+00
   -1.0532337219e+08   -1.0341852615e+08    3.6438495892e+07   -2.5974747533e+03   -2.4288869337e+03    7.4422671991e+02    2.4000160000e+20    2.0141430181e-05    0.0000000000e+00    1.0000000000e+00    0.0000000000e+00
    7.9297338231e+06    1.7623496637e+08    4.5660539398e+06    1.4627293755e+03    6.5725470039e+03   -1.3951949161e+02    2.3918210000e+20    2.0072656047e-05    0.0000000000e+00    1.0000000000e+00    0.0000000000e+00
    2.7591709186e+07    2.1112220951e+07    2.8140789021e+07    5.5657713715e+02    1.2467356694e+03    3.7931387607e+02    2.3672460000e+20    1.9866417569e-05    0.0000000000e+00    1.0000000000e+00    0.0000000000e+00
   -2.9780769834e+07   -2.3552669687e+07    1.2000327651e+08   -7.4345989038e+02   -2.2069218746e+02    2.6556437895e+03    2.3508690000e+20    1.9728978402e-05    0.0000000000e+00    1.0000000000e+00    0.0000000000e+00
   -2.2414895637e+07    2.3250505240e+07    4.1377819179e+07   -4.2802955018e+02    1.2563640367e+03    7.9141226855e+02    2.3508690000e+20    1.9728978402e-05    0.0000000000e+00    1.0000000000e+00    0.0000000000e+00
    2.1956094118e+07   -4.1782277604e+07   -6.8057938277e+07    4.0688657528e+02   -6.5082423240e+02   -1.4116369924e+03    2.3508690000e+20    1.9728978402e-05    0.0000000000e+00    1.0000000000e+00    0.0000000000e+00
   -5.6109509054e+06    1.3080322138e+08    6.3010595404e+06    4.4735604696e+02    4.7759734028e+03   -6.6150888410e+01    2.3426820000e+20    1.9660271406e-05    0.0000000000e+00    1.0000000000e+00    0.0000000000e+00
   -1.1321341461e+08    1.9996954583e+07   -2.5622176592e+06   -2.5816478442e+03    9.8791151587e+02   -5.6047454132e+01    2.3426820000e+20    1.9660271406e-05    0.0000000000e+00    1.0000000000e+00    0.0000000000e+00
   -8.8516542951e+07    3.9831003523e+06   -3.1721916759e+07   -2.0284004321e+03    5.7467890074e+02   -6.1258117278e+02    2.3017540000e+20    1.9316795173e-05    0.0000000000e+00    1.0000000000e+00    0.0000000000e+00
   -5.1259991654e+07    3.5068946867e+07   -3.0418897501e+07   -1.0770441367e+03    1.5420034553e+03   -5.5091372325e+02    2.3017540000e+20    1.9316795173e-05    0.0000000000e+00    1.0000000000e+00    0.0000000000e+00
   -5.7907706506e+07   -1.4326752559e+08    8.7084669004e+07   -1.4974203387e+03   -3.5110622743e+03    1.9130832582e+03    2.2608160000e+20    1.8973235018e-05    0.0000000000e+00    1.0000000000e+00    0.0000000000e+00
   -5.3849229965e+07   -4.1643059740e+07   -7.6088138598e+06   -1.2664751539e+03   -6.4640168638e+02   -2.8169360079e+02    2.2526240000e+20    1.8904486061e-05    0.0000000000e+00    1.0000000000e+00    0.0000000000e+00
    1.2470032252e+07   -6.6185309498e+07    1.4223256520e+08    2.2580359613e+02   -1.3941687039e+03    3.2201214147e+03    2.2362360000e+20    1.8766954579e-05    0.0000000000e+00    1.0000000000e+00    0.0000000000e+00
   -9.6005910396e+07   -1.3740874757e+08    7.5598865382e+07   -2.4132190722e+03   -3.3745813290e+03    1.6712628452e+03    2.2362360000e+20    1.8766954579e-05    0.0000000000e+00    1.0000000000e+00    0.0000000000e+00
    5.5130000117e+06    8.9906695687e+07    4.4738442770e+07    3.0251735261e+02    3.3238330415e+03    5.8129085145e+02    2.2198390000e+20    1.8629347567e-05    0.0000000000e+00    1.0000000000e+00    0.0000000000e+00
   -1.0101287732e+08   -2.6148972003e+08    2.8531958210e+07   -2.5368921568e+03   -6.9123041278e+03    5.7602867695e+02    2.2198390000e+20    1.8629347567e-05    0.0000000000e+00    1.0000000000e+00    0.0000000000e+00
   -3.2391907353e+07    3.9737183185e+07    7.5381138189e+07   -6.8092418968e+02    1.6454408512e+03    1.5153067239e+03    2.2198390000e+20    1.8629347567e-05    0.0000000000e+00    1.0000000000e+00    0.0000000000e+00
   -1.3078708673e+08   -2.4995567653e+08   -4.3555982151e+07   -3.2090528274e+03   -6.5444889105e+03   -9.1641176986e+02    2.2198390000e+20    1.8629347567e-05    0.0000000000e+00    1.0000000000e+00    0.0000000000e+00
   -4.2905091543e+07    7.4884027989e+07   -5.7180766949e+07   -8.1266101841e+02    2.6123728710e+03   -8.9308027313e+02    2.2198390000e+20    1.8629347567e-05    0.0000000000e+00    1.0000000000e+00    0.0000000000e+00
    1.0392420184e+07    1.6721173038e+08   -7.6334083096e+05    1.2877063148e+03    6.2847994213e+03    4.5821458402e+02    2.1870100000e+20    1.8353839816e-05    0.0000000000e+00    1.0000000000e+00    0.0000000000e+00
   -4.5345513062e+07   -1.1095910037e+07   -1.0845353345e+08   -1.1100897765e+03    1.0273573181e+02   -2.2860292879e+03    2.1705730000e+20    1.8215897115e-05    0.0000000000e+00    1.0000000000e+00    0.0000000000e+00
   -2.1401550862e+07    8.5677616528e+07    5.0286780806e+07   -2.9291661873e+02    3.0216797038e+03    6.4206379973e+02    2.1623490000e+20    1.8146879608e-05    0.0000000000e+00    1.0000000000e+00    0.0000000000e+00
   -8.9054465458e+07    1.7375006523e+07    5.3251981739e+07   -2.0359305215e+03    9.2574270656e+02    1.0918258165e+03    2.1623490000e+20    1.8146879608e-05    0.0000000000e+00    1.0000000000e+00    0.0000000000e+00
   -1.3270871301e+08   -6.4517997134e+07   -8.3163753148e+07   -3.2376125017e+03   -1.3918117432e+03   -1.8959372338e+03    2.1541190000e+20    1.8077811748e-05    0.0000000000e+00    1.0000000000e+00    0.0000000000e+00
   -2.2522649760e+07    8.0357617102e+07   -3.0897227349e+06   -2.1286017203e+02    3.0266181912e+03   -6.9109281527e+00    2.1211500000e+20    1.7801129087e-05    0.0000000000e+00    1.0000000000e+00    0.0000000000e+00
   -7.2449968052e+07   -2.5536401127e+08   -5.6538237649e+06   -1.9797763258e+03   -6.7465182489e+03   -1.9736129137e+02    2.1136460000e+20    1.7738153969e-05    0.0000000000e+00    1.0000000000e+00    0.0000000000e+00
   -3.7471763473e+07   -1.6555352905e+08    1.2521335409e+07   -1.0620366245e+03   -4.1513956494e+03    2.5193055847e+02    2.1136460000e+20    1.7738153969e-05    0.0000000000e+00    1.0000000000e+00    0.0000000000e+00
   -1.9350149930e+07   -1.3445954037e+07    2.2851763328e+07   -4.9120909872e+02    1.9836817160e+02    5.1551332953e+02    2.1136460000e+20    1.7738153969e-05    0.0000000000e+00    1.0000000000e+00    0.0000000000e+00
   -5.9393711397e+07   -2.8413594500e+08   -1.1648606114e+07   -1.6740077479e+03   -7.5563483650e+03   -4.8386877981e+01    2.1136460000e+20    1.7738153969e-05    0.0000000000e+00    1.0000000000e+00    0.0000000000e+00
   -7.5484949699e+07   -4.0908401465e+08   -1.8212508215e+06   -2.9493338329e+03   -1.1614981406e+04    5.5827164555e+02    2.1136460000e+20    1.7738153969e-05    0.0000000000e+00    1.0000000000e+00    0.0000000000e+00
   -7.4025302854e+07   -1.6536132955e+08   -7.3165070041e+07   -1.9165960694e+03   -4.1337688568e+03   -1.5317932557e+03    2.1136460000e+20    1.7738153969e-05    0.0000000000e+00    1.0000000000e+00    0.0000000000e+00
   -9.6572237667e+07    7.9237605360e+07   -6.5202896568e+07   -2.0751515035e+03    2.5589836373e+03   -1.1963909547e+03    2.1136460000e+20    1.7738153969e-05    0.0000000000e+00    1.0000000000e+00    0.0000000000e+00
   -6.5783830388e+07   -3.5894076028e+08    3.2268057550e+07   -2.1021086116e+03   -9.7678632200e+03    2.6309133678e+02    2.1056820000e+20    1.7671318435e-05    0.0000000000e+00    1.0000000000e+00    0.0000000000e+00
   -3.6056952560e+07    1.1477308920e+08    1.4643144741e+07   -3.2322079418e+02    3.9503034165e+03   -8.9409675193e+00    2.1046310000e+20    1.7662498226e-05    0.0000000000e+00    1.0000000000e+00    0.0000000000e+00
   -6.7553149239e+07   -7.5462651883e+07    1.1837771331e+07   -1.6250770797e+03   -1.6143479594e+03    2.2098612506e+02    2.1046310000e+20    1.7662498226e-05    0.0000000000e+00    1.0000000000e+00    0.0000000000e+00
   -5.1064560173e+07   -2.1867442308e+08    1.7992715212e+07   -1.4297117513e+03   -5.6509845824e+03    2.8470682752e+02    2.0977240000e+20    1.7604533255e-05    0.0000000000e+00    1.0000000000e+00    0.0000000000e+00
   -1.1751693255e+08   -3.7271210162e+08    7.1719163214e+07   -2.9882553416e+03   -1.0039563751e+04    9.8272577261e+02    2.0977240000e+20    1.7604533255e-05    0.0000000000e+00    1.0000000000e+00    0.0000000000e+00
   -1.0586732446e+08   -3.1892084140e+08   -2.8531726049e+07   -2.6263194919e+03   -8.6164083886e+03   -3.2367268915e+02    2.0880840000e+20    1.7523632383e-05    0.0000000000e+00    1.0000000000e+00    0.0000000000e+00
    3.4683429239e+07   -1.3735181836e+08    1.2572069847e+07    6.5943185905e+02   -3.3110990229e+03    3.6624717627e+02    2.0818240000e+20    1.7471097170e-05    0.0000000000e+00    1.0000000000e+00    0.0000000000e+00
   -9.4262319188e+07   -3.7233925260e+08   -1.4555874155e+04   -2.5549350105e+03   -1.0619576337e+04    5.0392408997e+01    2.0818240000e+20    1.7471097170e-05    0.0000000000e+00    1.0000000000e+00    0.0000000000e+00
   -1.3182955229e+08   -1.5532853179e+08    2.9460234764e+07   -3.2411012770e+03   -3.8874971258e+03    6.7517404389e+02    2.0715070000e+20    1.7384514774e-05    0.0000000000e+00    1.0000000000e+00    0.0000000000e+00
    5.6890163668e+07   -1.8428734907e+08   -1.9759007944e+08    1.2749417032e+03   -4.5688865446e+03   -4.6514566172e+03    2.0715070000e+20    1.7384514774e-05    0.0000000000e+00    1.0000000000e+00    0.0000000000e+00
   -1.9192862788e+07   -4.7363898467e+07    4.1805884176e+07   -5.1987904692e+02   -8.0009141730e+02    8.2848614763e+02    2.0659420000e+20    1.7337812144e-05    0.0000000000e+00    1.0000000000e+00    0.0000000000e+00
   -2.1536031033e+08   -4.1277525469e+08   -1.4757220421e+08   -5.1858717709e+03   -1.0408176708e+04   -3.1964930237e+03    2.0659420000e+20    1.7337812144e-05    0.0000000000e+00    1.0000000000e+00    0.0000000000e+00
   -8.8937856773e+07   -3.9559443857e+08    1.4349611519e+06   -2.8930583890e+03   -1.1477700193e+04    2.4737505583e+02    2.0500750000e+20    1.7204653001e-05    0.0000000000e+00    1.0000000000e+00    0.0000000000e+00
    3.6394648080e+07   -1.4959192397e+08   -1.6544637826e+07    6.9453640841e+02   -3.6437518069e+03   -2.7525651379e+02    2.0500750000e+20    1.7204653001e-05    0.0000000000e+00    1.0000000000e+00    0.0000000000e+00
   -4.6218933004e+07   -2.9087023927e+08    8.7036696156e+06   -1.4715483087e+03   -7.7437699625e+03    3.5069114044e+02    2.0500750000e+20    1.7204653001e-05    0.0000000000e+00    1.0000000000e+00    0.0000000000e+00
    8.3505787048e+06   -1.4906089166e+08   -2.1877423684e+07    4.8175676057e+01   -3.6457636324e+03   -4.2860300058e+02    2.0500750000e+20    1.7204653001e-05    0.0000000000e+00    1.0000000000e+00    0.0000000000e+00
   -1.1145469480e+08   -1.8227039000e+08   -3.0126290015e+07   -2.7429220955e+03   -4.6295371811e+03   -6.6038828564e+02    2.0465810000e+20    1.7175330631e-05    0.0000000000e+00    1.0000000000e+00    0.0000000000e+00
    3.1965801121e+07    1.6649507671e+08   -6.6681866047e+07    9.8259577883e+02    5.3825131711e+03   -4.4498795793e+01    2.0465810000e+20    1.7175330631e-05    0.0000000000e+00    1.0000000000e+00    0.0000000000e+00
   -6.9504162051e+07   -7.7848906395e+07    1.6165080901e+08   -1.7731646125e+03   -1.7745871515e+03    3.6852846715e+03    2.0382550000e+20    1.7105457119e-05    0.0000000000e+00    1.0000000000e+00    0.0000000000e+00
   -8.9150671677e+07   -9.7088145237e+07    1.6241718480e+06   -2.1699568431e+03   -2.2343518461e+03   -6.1030739102e+01    2.0382550000e+20    1.7105457119e-05    0.0000000000e+00    1.0000000000e+00    0.0000000000e+00
   -5.3340732004e+07   -1.4723168686e+08   -6.0193850447e+06   -1.4278815731e+03   -3.6323738240e+03   -2.5245650432e+02    2.0262970000e+20    1.7005103112e-05    0.0000000000e+00    1.0000000000e+00    0.0000000000e+00
   -6.3669396297e+07   -2.2519766168e+08    2.4326013631e+07   -1.7112803210e+03   -5.8400062394e+03    3.9607737306e+02    2.0262970000e+20    1.7005103112e-05    0.0000000000e+00    1.0000000000e+00    0.0000000000e+00
   -1.8370470119e+07   -7.9865930711e+07   -1.0263221052e+06   -5.6634423931e+02   -1.7163810732e+03    3.0256915047e+01    2.0262970000e+20    1.7005103112e-05    0.0000000000e+00    1.0000000000e+00    0.0000000000e+00
   -1.2664253651e+08    2.7412223747e+07    1.0351419832e+07   -2.8971321137e+03    1.1542393691e+03    3.0521161457e+02    2.0215730000e+20    1.6965458328e-05    0.0000000000e+00    1.0000000000e+00    0.0000000000e+00
   -7.0321824527e+07   -1.9682538102e+08   -5.9572885323e+07   -1.8754187635e+03   -5.0208605869e+03   -1.2356941970e+03    2.0183760000e+20    1.6938628443e-05    0.0000000000e+00    1.0000000000e+00    0.0000000000e+00
   -3.0444644746e+08   -3.2544795930e+08   -4.0958171991e+07   -7.3914399401e+03   -8.2555102999e+03   -9.1594348282e+02    2.0183760000e+20    1.6938628443e-05    0.0000000000e+00    1.0000000000e+00    0.0000000000e+00
   -1.6103185141e+08   -2.0615986799e+08   -9.0438392180e+07   -3.9936077435e+03   -5.2588182259e+03   -2.0336601709e+03    2.0048500000e+20    1.6825115457e-05    0.0000000000e+00    1.0000000000e+00    0.0000000000e+00
   -2.0037672735e+08   -2.6290751742e+08   -1.9390305052e+08   -5.0029718122e+03   -6.6598779875e+03   -4.5571348924e+03    2.0048500000e+20    1.6825115457e-05    0.0000000000e+00    1.0000000000e+00    0.0000000000e+00
    2.4815037792e+07    1.6776863462e+08   -8.5645391785e+06    1.3879704120e+03    6.5960539099e+03    5.2619410791e+02    2.0048500000e+20    1.6825115457e-05    0.0000000000e+00    1.0000000000e+00    0.0000000000e+00
   -1.0879453450e+08   -3.5816795023e+08   -1.6370707077e+07   -2.8267336314e+03   -1.0049148829e+04   -5.2248412222e+01    2.0025390000e+20    1.6805721067e-05    0.0000000000e+00    1.0000000000e+00    0.0000000000e+00
   -9.3757212470e+07   -1.4772491135e+08   -1.0783411289e+07   -2.3506933184e+03   -3.6664185420e+03   -2.1279974070e+02    2.0025390000e+20    1.6805721067e-05    0.0000000000e+00    1.0000000000e+00    0.0000000000e+00
    3.0819008970e+07    2.1414070130e+08   -2.0478454303e+06    4.1297578179e+03    8.3500226709e+03    1.0762565684e+03    1.9880820000e+20    1.6684394936e-05    0.0000000000e+00    1.0000000000e+00    0.0000000000e+00
   -5.7588380245e+07   -2.1071316534e+08    8.6833457538e+07   -1.5622123105e+03   -5.3826566407e+03    1.9041916074e+03    1.9867050000e+20    1.6672838867e-05    0.0000000000e+00    1.0000000000e+00    0.0000000000e+00
    3.8661432715e+07    2.2925395200e+08   -1.0948574762e+07    6.4168352898e+03    6.3539478874e+03   -9.9430558053e+02    1.9796810000e+20    1.6613892008e-05    0.0000000000e+00    1.0000000000e+00    0.0000000000e+00
   -7.5263887304e+07   -1.8434713424e+08    6.5979951956e+07   -1.9159466472e+03   -4.6563453891e+03    1.4180078640e+03    1.9796810000e+20    1.6613892008e-05    0.0000000000e+00    1.0000000000e+00    0.0000000000e+00
   -9.9161982122e+07   -1.8056101909e+08   -1.7525390754e+08   -2.5083294046e+03   -4.5085011562e+03   -4.0820217409e+03    1.9796810000e+20    1.6613892008e-05    0.0000000000e+00    1.0000000000e+00    0.0000000000e+00
   -1.0602813066e+08   -4.2853083559e+08    4.7975934953e+06   -3.4869760580e+03   -1.3643474547e+04    7.4156099548e+02    1.9796810000e+20    1.6613892008e-05    0.0000000000e+00    1.0000000000e+00    0.0000000000e+00
    9.9512933695e+06    1.9926197580e+08    2.4427142921e+06    2.3433796424e+03    7.0144082935e+03   -9.0590792291e+02    1.9712670000e+20    1.6543279981e-05    0.0000000000e+00    1.0000000000e+00    0.0000000000e+00
   -2.1132563643e+07    1.4142633675e+08   -6.6944797538e+07   -1.8883518460e+01    4.4613125839e+03   -6.8364012695e+02    1.9712670000e+20    1.6543279981e-05    0.0000000000e+00    1.0000000000e+00    0.0000000000e+00
   -9.7212370873e+07   -3.3524249199e+08   -1.3570620893e+07   -2.6080960509e+03   -9.2636246793e+03   -2.1334619014e+02    1.9708730000e+20    1.6539973452e-05    0.0000000000e+00    1.0000000000e+00    0.0000000000e+00
   -4.4116533184e+07   -3.3457853188e+08   -1.6478706592e+07   -1.5700159688e+03   -8.9877653343e+03   -7.2132880595e+01    1.9708730000e+20    1.6539973452e-05    0.0000000000e+00    1.0000000000e+00    0.0000000000e+00
   -1.1223954631e+07   -2.5333168188e+08   -5.2036442388e+07   -5.2724453238e+02   -6.5387000867e+03   -9.7972000499e+02    1.9708730000e+20    1.6539973452e-05    0.0000000000e+00    1.0000000000e+00    0.0000000000e+00
   -2.3530047748e+08   -4.1951940348e+08   -7.3266983734e+07   -5.3615360574e+03   -1.0590742967e+04   -1.3573807654e+03    1.9708730000e+20    1.6539973452e-05    0.0000000000e+00    1.0000000000e+00    0.0000000000e+00
   -4.5842926367e+07   -5.2955928139e+07   -1.2220279005e+07   -1.1127573286e+03   -9.6307860379e+02   -2.0268822155e+02    1.9628400000e+20    1.6472558856e-05    0.0000000000e+00    1.0000000000e+00    0.0000000000e+00
   -3.4553393699e+07   -1.8675067325e+07   -6.4276869921e+07   -8.2130912276e+02   -1.2684153905e+01   -1.3256116613e+03    1.9628400000e+20    1.6472558856e-05    0.0000000000e+00    1.0000000000e+00    0.0000000000e+00
   -2.2586102491e+08   -3.3641761263e+08    1.0752764083e+08   -5.4218825162e+03   -8.5729292588e+03    2.2510218136e+03    1.9471190000e+20    1.6340624976e-05    0.0000000000e+00    1.0000000000e+00    0.0000000000e+00
    8.6512767920e+07   -1.2192770462e+08   -7.8979694981e+06    1.8832222916e+03   -2.8866055769e+03   -1.8519792913e+02    1.9471190000e+20    1.6340624976e-05    0.0000000000e+00    1.0000000000e+00    0.0000000000e+00
   -1.1980029241e+07   -1.8611482986e+08    1.0526014378e+07   -4.8904662127e+02   -4.6993469669e+03    1.0681044588e+02    1.9391990000e+20    1.6274158699e-05    0.0000000000e+00    1.0000000000e+00    0.0000000000e+00
    2.9629564914e+07   -9.3259682055e+06    1.4330141907e+08    6.1618972386e+02    1.4440641535e+02    3.1196227972e+03    1.9391990000e+20    1.6274158699e-05    0.0000000000e+00    1.0000000000e+00    0.0000000000e+00
   -2.3439421724e+07   -3.4495143399e+08    1.4861901444e+08   -8.3399589475e+02   -8.8042616260e+03    3.1906253569e+03    1.9391990000e+20    1.6274158699e-05    0.0000000000e+00    1.0000000000e+00    0.0000000000e+00
   -2.9094957591e+07    1.0202522893e+08   -1.5134474631e+07   -3.8339325675e+02    3.6429646403e+03   -7.8015115996e+01    1.9391990000e+20    1.6274158699e-05    0.0000000000e+00    1.0000000000e+00    0.0000000000e+00
   -1.6312299904e+07   -1.5534870127e+08   -1.0949483829e+06   -5.7934796273e+02   -3.8476192461e+03   -5.5335268503e+01    1.9233500000e+20    1.6141150616e-05    0.0000000000e+00    1.0000000000e+00    0.0000000000e+00
   -8.5572829675e+07   -3.0613873646e+08   -6.3103855889e+06   -2.2784854607e+03   -8.2976852958e+03   -1.4337878451e+02    1.9233500000e+20    1.6141150616e-05    0.0000000000e+00    1.0000000000e+00    0.0000000000e+00
   -4.8583491718e+07   -2.5567653760e+08    4.8915206365e+06   -1.4517748861e+03   -6.7250816529e+03    1.2972348478e+02    1.9233500000e+20    1.6141150616e-05    0.0000000000e+00    1.0000000000e+00    0.0000000000e+00
   -3.3423258163e+07    6.9642801391e+07    8.6083319965e+07   -6.5798996762e+02    2.3842489711e+03    1.5263018478e+03    1.9204960000e+20    1.6117199259e-05    0.0000000000e+00    1.0000000000e+00    0.0000000000e+00
   -4.6472075183e+07    8.9922434964e+07    5.0136268636e+07   -8.0396828688e+02    3.0682611524e+03    7.3929711385e+02    1.9204960000e+20    1.6117199259e-05    0.0000000000e+00    1.0000000000e+00    0.0000000000e+00
   -1.6632728633e+08   -3.2813412566e+08   -3.9297018180e+07   -3.8316048121e+03   -8.7714191329e+03   -8.3720216141e+02    1.9204960000e+20    1.6117199259e-05    0.0000000000e+00    1.0000000000e+00    0.0000000000e+00
   -3.5716575750e+06    5.8282204562e+07   -1.1992638712e+08   -8.2441300430e+01    2.0167814403e+03   -2.3760910523e+03    1.9204960000e+20    1.6117199259e-05    0.0000000000e+00    1.0000000000e+00    0.0000000000e+00
    1.1676277709e+07    1.6591967995e+08   -7.2513670967e+06    1.2622470686e+03    6.2197037809e+03    4.8268181308e+02    1.9204960000e+20    1.6117199259e-05    0.0000000000e+00    1.0000000000e+00    0.0000000000e+00
   -6.2749963370e+06   -1.5447092153e+07    2.4003443162e+07   -2.0152443722e+02    1.5315475275e+02    4.2104552559e+02    1.9074900000e+20    1.6008050219e-05    0.0000000000e+00    1.0000000000e+00    0.0000000000e+00
    6.6823574646e+06    8.7882683884e+07   -5.4826836478e+06    1.8454609096e+02    3.3903259900e+03   -3.7005747012e+02    1.9074900000e+20    1.6008050219e-05    0.0000000000e+00    1.0000000000e+00    0.0000000000e+00
    2.1212391810e+07   -7.1643314363e+07   -2.7985203718e+07    3.3721833143e+02   -1.4770989064e+03   -5.1029073324e+02    1.9074900000e+20    1.6008050219e-05    0.0000000000e+00    1.0000000000e+00    0.0000000000e+00
   -9.1672599342e+07   -3.9932979895e+08    8.6316691199e+05   -2.7504723257e+03   -1.1713112670e+04    6.6977660574e+01    1.9074900000e+20    1.6008050219e-05    0.0000000000e+00    1.0000000000e+00    0.0000000000e+00
   -7.6038078448e+07   -4.1349093176e+08   -2.4301034032e+07   -2.8798080408e+03   -1.1379923591e+04    5.6757931544e+02    1.9074900000e+20    1.6008050219e-05    0.0000000000e+00    1.0000000000e+00    0.0000000000e+00
   -1.1986859624e+08   -2.7177212568e+08    2.3064072607e+07   -2.9386543399e+03   -7.2092647085e+03    4.7230761655e+02    1.9034520000e+20    1.5974162489e-05    0.0000000000e+00    1.0000000000e+00    0.0000000000e+00
    3.2264918306e+06    1.9343065110e+08   -7.1218669353e+06    1.9528756714e+03    6.8265409988e+03    2.9639091042e+01    1.9034520000e+20    1.5974162489e-05    0.0000000000e+00    1.0000000000e+00    0.0000000000e+00
   -1.5801488184e+08   -3.8396330346e+07   -1.6812008260e+08   -3.9092829084e+03   -7.6977118030e+02   -3.8964228371e+03    1.9034520000e+20    1.5974162489e-05    0.0000000000e+00    1.0000000000e+00    0.0000000000e+00
   -7.1223813049e+06    7.9099575809e+07   -1.9314305485e+07   -6.1021552522e+01    3.0523645847e+03   -3.6645830217e+02    1.8995540000e+20    1.5941449668e-05    0.0000000000e+00    1.0000000000e+00    0.0000000000e+00
    1.2673581993e+08    6.4253146577e+07    6.7850300126e+07    2.6593308584e+03    2.2507448802e+03    1.2314868061e+03    1.8995540000e+20    1.5941449668e-05    0.0000000000e+00    1.0000000000e+00    0.0000000000e+00
    1.0184581096e+08   -1.9304426362e+08   -1.0610790058e+08    2.3284271840e+03   -4.8059790343e+03   -2.3969135203e+03    1.8995540000e+20    1.5941449668e-05    0.0000000000e+00    1.0000000000e+00    0.0000000000e+00
   -3.0240207914e+08   -2.7596863875e+08    2.2067781117e+07   -7.4018642403e+03   -7.0047243145e+03    4.8000893240e+02    1.8949040000e+20    1.5902425907e-05    0.0000000000e+00    1.0000000000e+00    0.0000000000e+00
   -1.7679407946e+08   -1.3375842603e+08   -1.3176598836e+07   -4.3351245726e+03   -3.3008551436e+03   -3.0722858261e+02    1.8949040000e+20    1.5902425907e-05    0.0000000000e+00    1.0000000000e+00    0.0000000000e+00
    6.6450734324e+07   -7.9753388501e+07    8.2256380169e+07    1.4513425751e+03   -1.7294267117e+03    1.7348599035e+03    1.8916140000e+20    1.5874815547e-05    0.0000000000e+00    1.0000000000e+00    0.0000000000e+00
   -1.2107806064e+08   -3.1184327055e+08    1.0637658054e+08   -3.0393441762e+03   -8.0949602069e+03    2.0916652296e+03    1.8916140000e+20    1.5874815547e-05    0.0000000000e+00    1.0000000000e+00    0.0000000000e+00
   -5.1971111912e+07   -4.2726544085e+08   -9.0775763290e+07   -1.7766752028e+03   -1.0875323557e+04   -1.2654838974e+03    1.8916140000e+20    1.5874815547e-05    0.0000000000e+00    1.0000000000e+00    0.0000000000e+00
   -1.0577333100e+08    4.0864249732e+07    2.6863235200e+07   -2.3496527439e+03    1.5649693942e+03    5.3244245034e+02    1.8863390000e+20    1.5830546657e-05    0.0000000000e+00    1.0000000000e+00    0.0000000000e+00
   -1.0802871042e+08   -3.0476616402e+08    7.4245885082e+07   -2.7208694540e+03   -8.0441589733e+03    1.4077303387e+03    1.8777560000e+20    1.5758516348e-05    0.0000000000e+00    1.0000000000e+00    0.0000000000e+00
   -1.5462187429e+08   -8.9571860088e+07   -2.5789638669e+07   -3.7605613511e+03   -2.0794663976e+03   -5.1214624025e+02    1.8777560000e+20    1.5758516348e-05    0.0000000000e+00    1.0000000000e+00    0.0000000000e+00
    5.1526623994e+07   -2.1222241972e+08   -2.7250082062e+07    1.0095992880e+03   -5.3678436990e+03   -4.9913352444e+02    1.8757180000e+20    1.5741413030e-05    0.0000000000e+00    1.0000000000e+00    0.0000000000e+00
    4.5902061708e+07   -1.3197970678e+07   -4.2072953332e+07    9.3284404241e+02    1.9545010910e+02   -7.5539703671e+02    1.8757180000e+20    1.5741413030e-05    0.0000000000e+00    1.0000000000e+00    0.0000000000e+00
   -8.8108685779e+07   -4.3577080464e+08    8.6494389072e+06   -4.2965733455e+03   -1.2622923333e+04    6.8217944179e+02    1.8757180000e+20    1.5741413030e-05    0.0000000000e+00    1.0000000000e+00    0.0000000000e+00
   -8.3137015541e+06   -3.0846914099e+08    6.3548418570e+07   -5.4099875983e+02   -8.0252250979e+03    1.1799060737e+03    1.8691540000e+20    1.5686326586e-05    0.0000000000e+00    1.0000000000e+00    0.0000000000e+00
   -2.4823278274e+06    7.6393453483e+06    2.4532969402e+08   -1.2762098047e+02    3.9938096033e+02    5.7162912284e+03    1.8605330000e+20    1.5613977373e-05    0.0000000000e+00    1.0000000000e+00    0.0000000000e+00
   -8.0109069273e+07   -3.2067221172e+08    9.2216962700e+06   -2.1203178662e+03   -8.7215175994e+03    2.6250839042e+01    1.8605330000e+20    1.5613977373e-05    0.0000000000e+00    1.0000000000e+00    0.0000000000e+00
   -6.1541049485e+07   -1.7823195561e+08    1.8677306012e+07   -1.6513794759e+03   -4.5174497214e+03    4.8389232998e+02    1.8598000000e+20    1.5607825885e-05    0.0000000000e+00    1.0000000000e+00    0.0000000000e+00
   -1.8957690558e+07    9.3980606953e+07   -2.0580176778e+07   -2.7365697250e+02    3.4680989730e+03   -4.1383652639e+02    1.8518310000e+20    1.5540948391e-05    0.0000000000e+00    1.0000000000e+00    0.0000000000e+00
    1.4513104130e+07   -9.7851670119e+07   -2.2442583600e+08    2.5444422149e+02   -2.3293162388e+03   -5.2888353006e+03    1.8518310000e+20    1.5540948391e-05    0.0000000000e+00    1.0000000000e+00    0.0000000000e+00
    4.5220573259e+07    1.9686069417e+08   -3.5626090975e+07    1.4045983796e+03    6.8746406884e+03    1.9749191777e+03    1.8432310000e+20    1.5468775414e-05    0.0000000000e+00    1.0000000000e+00    0.0000000000e+00
   -8.2455837376e+07    3.1512716336e+07   -9.9795411371e+07   -1.9005605108e+03    1.2140763819e+03   -2.0306280903e+03    1.8432310000e+20    1.5468775414e-05    0.0000000000e+00    1.0000000000e+00    0.0000000000e+00
   -1.9533364333e+07   -2.5110354529e+08    2.0103375874e+07   -7.7949984117e+02   -6.5245725891e+03    2.3901626928e+02    1.8358720000e+20    1.5407017165e-05    0.0000000000e+00    1.0000000000e+00    0.0000000000e+00
    8.5897383807e+07   -2.5904679557e+08   -1.6551227726e+08    1.9301938963e+03   -6.5074337369e+03   -3.8234627673e+03    1.8358720000e+20    1.5407017165e-05    0.0000000000e+00    1.0000000000e+00    0.0000000000e+00
   -1.5467771933e+07    9.6735121783e+07    9.1285633533e+07   -2.3778412004e+02    3.1380669274e+03    1.5121893133e+03    1.8278790000e+20    1.5339938258e-05    0.0000000000e+00    1.0000000000e+00    0.0000000000e+00
   -7.8750969823e+07   -3.7459793531e+08   -1.0415611546e+06   -2.5453063167e+03   -1.0557499863e+04   -2.2680745652e+01    1.8278790000e+20    1.5339938258e-05    0.0000000000e+00    1.0000000000e+00    0.0000000000e+00
    3.1232997111e+07    1.0023541086e+07    1.3608645157e+08    6.7151550283e+02    6.6748056812e+02    2.9205078432e+03    1.8278790000e+20    1.5339938258e-05    0.0000000000e+00    1.0000000000e+00    0.0000000000e+00
    5.1508846343e+07   -3.5630088124e+07   -1.0073673424e+08    1.0978308631e+03   -5.2029200262e+02   -2.1479552538e+03    1.8278790000e+20    1.5339938258e-05    0.0000000000e+00    1.0000000000e+00    0.0000000000e+00
    8.2681693215e+07    6.7882942432e+07   -8.0628004732e+07    1.7298173144e+03    2.4315106750e+03   -1.3895762879e+03    1.8278790000e+20    1.5339938258e-05    0.0000000000e+00    1.0000000000e+00    0.0000000000e+00
   -1.3729817330e+08   -4.3793223006e+08    4.8193731278e+06   -4.1332487048e+02   -1.2988707125e+04   -3.7314495910e+02    1.8278790000e+20    1.5339938258e-05    0.0000000000e+00    1.0000000000e+00    0.0000000000e+00
    4.7399833051e+06   -3.1730244756e+08   -9.9502257341e+07   -1.9297470374e+02   -8.1464753797e+03   -2.0263803359e+03    1.8278790000e+20    1.5339938258e-05    0.0000000000e+00    1.0000000000e+00    0.0000000000e+00
   -2.1361594105e+08   -3.4584172550e+08   -1.8155942365e+08   -5.2827214225e+03   -8.7608321339e+03   -4.1121820713e+03    1.8278790000e+20    1.5339938258e-05    0.0000000000e+00    1.0000000000e+00    0.0000000000e+00
    1.1505634372e+08    2.7671202616e+07    6.5904309971e+07    2.5015195071e+03    1.2771760155e+03    1.2806937515e+03    1.8198780000e+20    1.5272792212e-05    0.0000000000e+00    1.0000000000e+00    0.0000000000e+00
   -5.4501401302e+06    1.2097379229e+08    9.2443889229e+06    2.0475991261e+02    4.4749532172e+03    2.9808766344e+02    1.8198780000e+20    1.5272792212e-05    0.0000000000e+00    1.0000000000e+00    0.0000000000e+00
   -8.8669641327e+07    8.1771986912e+07    9.1843317539e+07   -1.9322919059e+03    2.5372589726e+03    1.7193575094e+03    1.8171150000e+20    1.5249604545e-05    0.0000000000e+00    1.0000000000e+00    0.0000000000e+00
   -8.1973314820e+07    9.7017278082e+07    5.5211501690e+07   -1.6236824165e+03    3.0575172771e+03    8.3916276611e+02    1.8171150000e+20    1.5249604545e-05    0.0000000000e+00    1.0000000000e+00    0.0000000000e+00
   -3.7382630940e+07    4.0095795888e+07    2.6232773191e+08   -9.5934650651e+02    1.1939403233e+03    6.1057685838e+03    1.8171150000e+20    1.5249604545e-05    0.0000000000e+00    1.0000000000e+00    0.0000000000e+00
   -1.6813580909e+08   -3.5375727531e+07    4.7698079096e+07   -4.0487402580e+03   -6.3031710271e+02    9.7087889204e+02    1.8171150000e+20    1.5249604545e-05    0.0000000000e+00    1.0000000000e+00    0.0000000000e+00
   -1.9176187564e+08   -2.7455532986e+08    2.9700417677e+07   -4.5926547366e+03   -7.1557522579e+03    5.4644841766e+02    1.8171150000e+20    1.5249604545e-05    0.0000000000e+00    1.0000000000e+00    0.0000000000e+00
   -9.7785140388e+07   -3.3580129489e+08   -7.6911984489e+06   -2.5110221769e+03   -9.2540852824e+03   -1.3445634004e+02    1.8171150000e+20    1.5249604545e-05    0.0000000000e+00    1.0000000000e+00    0.0000000000e+00
   -1.8769501898e+08   -5.7194094216e+07   -1.9504599772e+07   -4.5772710763e+03   -1.2184406181e+03   -4.3001490399e+02    1.8171150000e+20    1.5249604545e-05    0.0000000000e+00    1.0000000000e+00    0.0000000000e+00
   -8.8241645189e+07   -4.2819097589e+08   -1.2853473612e+07   -3.8608232247e+03   -1.2574379862e+04   -1.4743478281e+02    1.8118680000e+20    1.5205570637e-05    0.0000000000e+00    1.0000000000e+00    0.0000000000e+00
   -4.6277188422e+07   -2.7908498470e+08    3.5732018669e+07   -1.4286225951e+03   -7.3619983621e+03    6.2254034708e+02    1.8118680000e+20    1.5205570637e-05    0.0000000000e+00    1.0000000000e+00    0.0000000000e+00
    2.1102242567e+07   -1.6432225702e+08    2.2151771182e+08    3.8628991565e+02   -4.0631212499e+03    5.2154969549e+03    1.8118680000e+20    1.5205570637e-05    0.0000000000e+00    1.0000000000e+00    0.0000000000e+00
   -4.5281032630e+07   -3.3880531576e+08    1.7853572351e+08   -1.3131917380e+03   -8.6077012705e+03    3.9599451286e+03    1.8118680000e+20    1.5205570637e-05    0.0000000000e+00    1.0000000000e+00    0.0000000000e+00
   -4.4807128570e+07   -2.4913275204e+08    3.9930372752e+06   -1.3748764160e+03   -6.5341766243e+03    5.4838093988e+00    1.8118680000e+20    1.5205570637e-05    0.0000000000e+00    1.0000000000e+00    0.0000000000e+00
    1.8924179447e+07    4.2271836992e+07    1.8915211730e+07    3.6999051623e+02    1.9160187106e+03    2.8424983614e+02    1.8118680000e+20    1.5205570637e-05    0.0000000000e+00    1.0000000000e+00    0.0000000000e+00
    1.8752031775e+07   -1.6917174693e+07    2.1308912300e+08    3.7245108413e+02   -1.9366918988e+02    4.9231488305e+03    1.8118680000e+20    1.5205570637e-05    0.0000000000e+00    1.0000000000e+00    0.0000000000e+00
    2.8902330719e+07   -4.5235060881e+06   -6.0171868342e+06    5.3410146287e+02    4.8944080222e+02   -3.2531000879e+01    1.8118680000e+20    1.5205570637e-05    0.0000000000e+00    1.0000000000e+00    0.0000000000e+00
    5.1554299231e+07    1.2768614346e+08    1.1141932110e+08    1.0979505050e+03    3.8802394221e+03    1.6931364039e+03    1.7995880000e+20    1.5102514340e-05    0.0000000000e+00    1.0000000000e+00    0.0000000000e+00
   -1.6498961221e+08   -3.2391645752e+08    1.0032635132e+08   -3.9752478494e+03   -8.3967344298e+03    1.9953230122e+03    1.7995880000e+20    1.5102514340e-05    0.0000000000e+00    1.0000000000e+00    0.0000000000e+00
   -1.2496657079e+08   -2.2140906837e+08    3.6545304978e+07   -3.0918614661e+03   -5.7333224824e+03    7.1629113864e+02    1.7995880000e+20    1.5102514340e-05    0.0000000000e+00    1.0000000000e+00    0.0000000000e+00
   -1.8951275992e+08   -1.5822119851e+08   -4.9544049082e+07   -4.6418648226e+03   -3.9448076348e+03   -1.0812494370e+03    1.7995880000e+20    1.5102514340e-05    0.0000000000e+00    1.0000000000e+00    0.0000000000e+00
    5.7102293272e+07    2.3681814659e+08    3.6488984296e+06    9.4387613224e+03    2.7905298564e+03   -1.4534968067e+03    1.7995880000e+20    1.5102514340e-05    0.0000000000e+00    1.0000000000e+00    0.0000000000e+00
    7.7952977432e+07    1.6607713733e+08    5.3808061043e+07    1.1055471868e+03    5.5367934819e+03   -2.0618160264e+02    1.7958170000e+20    1.5070867329e-05    0.0000000000e+00    1.0000000000e+00    0.0000000000e+00
   -1.6137413093e+08   -2.8305420193e+08   -4.3224532140e+07   -3.8939031923e+03   -7.4530629939e+03   -8.2978395481e+02    1.7819600000e+20    1.4954576521e-05    0.0000000000e+00    1.0000000000e+00    0.0000000000e+00
   -1.2430903410e+07   -3.7345784254e+08    3.5078751882e+07   -9.5139471695e+02   -9.7812926423e+03    3.2688380291e+02    1.7797220000e+20    1.4935794763e-05    0.0000000000e+00    1.0000000000e+00    0.0000000000e+00
    1.3401181183e+07   -2.9935043966e+08    8.3649701861e+07    2.2768718051e+01   -7.7080744829e+03    1.6833555433e+03    1.7797220000e+20    1.4935794763e-05    0.0000000000e+00    1.0000000000e+00    0.0000000000e+00
   -4.5325329256e+07   -1.4497613072e+08   -2.0479531306e+08   -1.2258759789e+03   -3.5602602939e+03   -4.7895718026e+03    1.7797220000e+20    1.4935794763e-05    0.0000000000e+00    1.0000000000e+00    0.0000000000e+00
   -1.4580736999e+07   -1.2408499179e+08   -1.0821768758e+08   -4.5665137864e+02   -2.9633287896e+03   -2.3776647469e+03    1.7731060000e+20    1.4880271924e-05    0.0000000000e+00    1.0000000000e+00    0.0000000000e+00
   -1.9967162137e+08   -2.8961052766e+08   -1.6454657107e+08   -4.9392771367e+03   -7.3579309090e+03   -3.7633476500e+03    1.7731060000e+20    1.4880271924e-05    0.0000000000e+00    1.0000000000e+00    0.0000000000e+00
   -6.6354818084e+07   -1.0705991828e+07    1.8472934239e+08   -1.6397737721e+03   -2.6680358311e+01    4.1765218247e+03    1.7642250000e+20    1.4805740737e-05    0.0000000000e+00    1.0000000000e+00    0.0000000000e+00
   -7.0675056513e+07    3.9434922576e+07    1.1104168618e+08   -1.6135484140e+03    1.4471268159e+03    2.3132641370e+03    1.7642250000e+20    1.4805740737e-05    0.0000000000e+00    1.0000000000e+00    0.0000000000e+00
   -2.5619535277e+08   -2.0248950372e+08   -6.8725121897e+07   -6.3113428087e+03   -5.1007143844e+03   -1.6282214256e+03    1.7642250000e+20    1.4805740737e-05    0.0000000000e+00    1.0000000000e+00    0.0000000000e+00
    4.4719515424e+07   -2.0890767256e+08   -1.5579696946e+07    8.3493601394e+02   -5.2844970172e+03   -5.4436267515e+02    1.7635770000e+20    1.4800302587e-05    0.0000000000e+00    1.0000000000e+00    0.0000000000e+00
    7.9636045801e+07   -1.0717473605e+07    9.0770179158e+07    1.7460297508e+03    1.6754003586e+02    1.8398164801e+03    1.7635770000e+20    1.4800302587e-05    0.0000000000e+00    1.0000000000e+00    0.0000000000e+00
   -8.4931470510e+07   -3.8251560080e+08    1.5445345919e+08   -2.2581462053e+03   -9.7393933350e+03    3.1759757189e+03    1.7635770000e+20    1.4800302587e-05    0.0000000000e+00    1.0000000000e+00    0.0000000000e+00
   -5.4072323773e+07   -2.6757958470e+08    1.0510380529e+08   -1.5174698094e+03   -6.8943757354e+03    2.2000543974e+03    1.7635770000e+20    1.4800302587e-05    0.0000000000e+00    1.0000000000e+00    0.0000000000e+00
    4.9429621060e+07   -2.6184438133e+08   -5.7672204940e+07    9.3585682517e+02   -6.6779891515e+03   -1.1310096489e+03    1.7635770000e+20    1.4800302587e-05    0.0000000000e+00    1.0000000000e+00    0.0000000000e+00
   -5.1512220097e+07   -2.3250816984e+08   -2.7603916298e+08   -1.3927065184e+03   -5.8268474827e+03   -6.5832367377e+03    1.7635770000e+20    1.4800302587e-05    0.0000000000e+00    1.0000000000e+00    0.0000000000e+00
    3.7758579721e+06   -3.3484647142e+08    1.3396832042e+07   -4.2666052999e+02   -8.7817295686e+03    1.8838566496e+01    1.7554840000e+20    1.4732384459e-05    0.0000000000e+00    1.0000000000e+00    0.0000000000e+00
    3.9553546986e+07    1.7944809612e+08    1.0849530850e+07    1.2380095805e+03    7.4810904394e+03   -9.2315805865e+02    1.7554840000e+20    1.4732384459e-05    0.0000000000e+00    1.0000000000e+00    0.0000000000e+00
    3.5226532483e+07    1.5103430694e+08    6.8029320602e+06    8.9656242703e+02    6.0514216994e+03    4.0038168842e+02    1.7554840000e+20    1.4732384459e-05    0.0000000000e+00    1.0000000000e+00    0.0000000000e+00
    1.8130704089e+07   -1.9504304086e+08   -1.2737990660e+08    2.5915892301e+02   -4.8887429193e+03   -2.8732140137e+03    1.7554840000e+20    1.4732384459e-05    0.0000000000e+00    1.0000000000e+00    0.0000000000e+00
   -5.2094270488e+07   -3.4985858890e+08   -1.1566726418e+07   -1.8427709984e+03   -9.5388989422e+03   -3.8480847766e+02    1.7473770000e+20    1.4664348840e-05    0.0000000000e+00    1.0000000000e+00    0.0000000000e+00
   -2.0374397153e+05   -2.4739133806e+08   -2.9270389444e+06   -3.1270981545e+02   -6.4101907924e+03   -1.9752450002e+02    1.7473770000e+20    1.4664348840e-05    0.0000000000e+00    1.0000000000e+00    0.0000000000e+00
    4.3757631250e+07    6.7331358058e+07    5.0870669339e+06    8.3648509704e+02    2.7548201017e+03    2.3737416648e+02    1.7473770000e+20    1.4664348840e-05    0.0000000000e+00    1.0000000000e+00    0.0000000000e+00
    2.6289517156e+07   -4.0104418481e+08   -1.0352467519e+08    2.0559786476e+02   -1.0199282873e+04   -2.0447100571e+03    1.7473770000e+20    1.4664348840e-05    0.0000000000e+00    1.0000000000e+00    0.0000000000e+00
   -1.4985469984e+08   -1.5342719731e+08    2.6178088910e+08   -3.7796860930e+03   -3.7837892871e+03    6.2790788254e+03    1.7463750000e+20    1.4655939849e-05    0.0000000000e+00    1.0000000000e+00    0.0000000000e+00
   -2.5631897333e+08   -1.1449218253e+08    4.0198149068e+07   -6.3100387756e+03   -2.7665249633e+03    8.4776639869e+02    1.7463750000e+20    1.4655939849e-05    0.0000000000e+00    1.0000000000e+00    0.0000000000e+00
   -2.2721825076e+08   -2.2171087942e+08    1.7468093004e+08   -5.6579997382e+03   -5.5749546106e+03    4.1135729598e+03    1.7463750000e+20    1.4655939849e-05    0.0000000000e+00    1.0000000000e+00    0.0000000000e+00
   -5.1764163244e+07    1.7758834506e+08    3.6191752346e+06   -7.7925691731e+01    5.4420170362e+03    4.0917745107e+02    1.7463750000e+20    1.4655939849e-05    0.0000000000e+00    1.0000000000e+00    0.0000000000e+00
    9.4338123021e+07   -3.0882625271e+08    1.3822201873e+08    2.0874787541e+03   -7.8204798949e+03    3.1275274453e+03    1.7311170000e+20    1.4527891560e-05    0.0000000000e+00    1.0000000000e+00    0.0000000000e+00
   -1.5098144256e+08   -4.5249334205e+08    1.9510562360e+07   -1.5001186526e+03   -1.1383302489e+04   -1.1786916394e+03    1.7311170000e+20    1.4527891560e-05    0.0000000000e+00    1.0000000000e+00    0.0000000000e+00
   -5.3185507881e+07   -3.5128157402e+08   -2.4797721316e+08   -1.4577632585e+03   -8.8494465167e+03   -5.7857510854e+03    1.7229630000e+20    1.4459461507e-05    0.0000000000e+00    1.0000000000e+00    0.0000000000e+00
    3.7416926441e+07    2.8332020928e+07    2.0647174772e+07    7.7217340337e+02    1.4851812147e+03    2.6679312903e+02    1.7147910000e+20    1.4390880395e-05    0.0000000000e+00    1.0000000000e+00    0.0000000000e+00
   -1.3535198703e+08    1.1942153691e+02   -4.4592367689e+06   -3.1631941590e+03    3.9916314425e+02   -9.2388945558e+00    1.7102990000e+20    1.4353182602e-05    0.0000000000e+00    1.0000000000e+00    0.0000000000e+00
   -1.7540121050e+07    1.0317975132e+08   -3.5737341139e+07   -1.1739303633e+02    3.6255413713e+03   -2.7638534942e+02    1.7102990000e+20    1.4353182602e-05    0.0000000000e+00    1.0000000000e+00    0.0000000000e+00
   -1.6769760273e+08    3.7755997858e+07   -7.6739026741e+07   -3.9607383376e+03    1.2857119126e+03   -1.5984714435e+03    1.7102990000e+20    1.4353182602e-05    0.0000000000e+00    1.0000000000e+00    0.0000000000e+00
   -2.6372238144e+08   -3.3079736609e+08    2.1089850479e+08   -6.5524412517e+03   -8.3179733195e+03    4.9563090194e+03    1.7066010000e+20    1.4322148222e-05    0.0000000000e+00    1.0000000000e+00    0.0000000000e+00
    8.2000003716e+07   -1.5365489193e+07   -1.1001795412e+07    1.7274017116e+03    1.4225274229e+02   -3.6947071288e+02    1.6983930000e+20    1.4253264990e-05    0.0000000000e+00    1.0000000000e+00    0.0000000000e+00
   -2.0729996034e+08   -4.6855457315e+08   -1.5449907183e+08   -4.9993632857e+03   -1.1645075922e+04   -3.2810643205e+03    1.6983930000e+20    1.4253264990e-05    0.0000000000e+00    1.0000000000e+00    0.0000000000e+00
   -9.0758491473e+07    1.0255519906e+08    1.0679412488e+07   -1.7340886273e+03    3.2983602792e+03    5.2612562646e+01    1.6828770000e+20    1.4123051512e-05    0.0000000000e+00    1.0000000000e+00    0.0000000000e+00
   -1.5895409358e+08   -2.0521217151e+08    4.2328755103e+07   -3.8789130042e+03   -5.2424591693e+03    8.5406868317e+02    1.6828770000e+20    1.4123051512e-05    0.0000000000e+00    1.0000000000e+00    0.0000000000e+00
    1.2673560614e+07    1.9419323530e+08    8.5602134897e+06    2.1199056971e+03    7.1302168716e+03   -6.5060617106e+02    1.6828770000e+20    1.4123051512e-05    0.0000000000e+00    1.0000000000e+00    0.0000000000e+00
   -1.2817945401e+08   -2.2905840570e+08   -3.3073746100e+05   -3.1093289445e+03   -5.9488607312e+03    8.7236847279e+01    1.6828770000e+20    1.4123051512e-05    0.0000000000e+00    1.0000000000e+00    0.0000000000e+00
   -7.4021699065e+07   -3.0974231206e+08   -4.9829005975e+07   -1.9876775971e+03   -8.2172486875e+03   -7.3797746353e+02    1.6828770000e+20    1.4123051512e-05    0.0000000000e+00    1.0000000000e+00    0.0000000000e+00
   -4.1227541685e+07    8.2984675483e+07   -1.9771825623e+08   -9.8516145347e+02    2.3714113229e+03   -4.3257886902e+03    1.6828770000e+20    1.4123051512e-05    0.0000000000e+00    1.0000000000e+00    0.0000000000e+00
   -6.4228710043e+07   -3.6621266283e+08    1.0498423472e+08   -1.8572216746e+03   -9.5181774502e+03    1.9157223199e+03    1.6819150000e+20    1.4114978209e-05    0.0000000000e+00    1.0000000000e+00    0.0000000000e+00
   -1.1634127936e+08   -2.4620538951e+08   -3.4532742229e+07   -2.9062726184e+03   -6.4618792751e+03   -7.0897416213e+02    1.6819150000e+20    1.4114978209e-05    0.0000000000e+00    1.0000000000e+00    0.0000000000e+00
   -3.3663370263e+05   -3.0375820611e+08   -1.1772343208e+07   -4.3322474332e+02   -7.9631173935e+03   -4.7447888618e+01    1.6819150000e+20    1.4114978209e-05    0.0000000000e+00    1.0000000000e+00    0.0000000000e+00
    8.7744038661e+06   -6.1854657471e+07   -7.9833319078e+07    1.0136646884e+02   -1.2267160927e+03   -1.6724127926e+03    1.6819150000e+20    1.4114978209e-05    0.0000000000e+00    1.0000000000e+00    0.0000000000e+00
   -4.2343387419e+07   -8.0773202656e+07   -2.7338569462e+08   -1.1328086424e+03   -1.9060062180e+03   -6.5199299085e+03    1.6819150000e+20    1.4114978209e-05    0.0000000000e+00    1.0000000000e+00    0.0000000000e+00
   -2.9340278523e+08   -3.8334679777e+08    8.0495570782e+06   -6.9357968000e+03   -9.6673889304e+03    3.3164560489e+02    1.6819150000e+20    1.4114978209e-05    0.0000000000e+00    1.0000000000e+00    0.0000000000e+00
   -1.5407797857e+08   -1.2793842153e+08    5.7843009526e+07   -3.7788026981e+03   -3.1266212733e+03    1.1737983575e+03    1.6736610000e+20    1.4045708936e-05    0.0000000000e+00    1.0000000000e+00    0.0000000000e+00
   -4.4462227026e+07   -1.3907189714e+08   -3.5772895252e+06   -1.1786049595e+03   -3.4139103071e+03   -2.5877597199e+01    1.6736610000e+20    1.4045708936e-05    0.0000000000e+00    1.0000000000e+00    0.0000000000e+00
   -1.2768285182e+08    9.2042246620e+07   -1.6759934546e+07   -2.7510730160e+03    2.8794642407e+03   -2.1646999722e+02    1.6736610000e+20    1.4045708936e-05    0.0000000000e+00    1.0000000000e+00    0.0000000000e+00
    5.8564047153e+07   -1.2138693743e+08    9.3522795284e+07    1.2437020952e+03   -2.8941936244e+03    2.0775081295e+03    1.6653520000e+20    1.3975978091e-05    0.0000000000e+00    1.0000000000e+00    0.0000000000e+00
    9.8937554099e+07   -6.2851323266e+07    7.3529949860e+07    2.1983558657e+03   -1.2921867360e+03    1.5507895924e+03    1.6653520000e+20    1.3975978091e-05    0.0000000000e+00    1.0000000000e+00    0.0000000000e+00
   -8.5441439036e+07   -4.3733420981e+08    2.9309491402e+07   -3.3211075037e+03   -1.1582176693e+04   -1.1592693952e+03    1.6653520000e+20    1.3975978091e-05    0.0000000000e+00    1.0000000000e+00    0.0000000000e+00
   -2.9111539351e+08   -3.5049815256e+08    2.9790422994e+08   -7.3116293880e+03   -8.7860473228e+03    7.2052794135e+03    1.6653520000e+20    1.3975978091e-05    0.0000000000e+00    1.0000000000e+00    0.0000000000e+00
   -1.3488817747e+07    1.7878838685e+08    8.8478557072e+07    1.7346328996e+02    5.0796731377e+03    8.3452981759e+02    1.6551050000e+20    1.3889983150e-05    0.0000000000e+00    1.0000000000e+00    0.0000000000e+00
   -1.0582277978e+08    7.8090055603e+07    6.8531628722e+07   -2.3043685184e+03    2.4883761215e+03    1.2883859292e+03    1.6551050000e+20    1.3889983150e-05    0.0000000000e+00    1.0000000000e+00    0.0000000000e+00
    4.5253523008e+07    6.7194709682e+07    2.9489899934e+08    1.0214933874e+03    1.8260748622e+03    6.9129013915e+03    1.6551050000e+20    1.3889983150e-05    0.0000000000e+00    1.0000000000e+00    0.0000000000e+00
   -9.9784641298e+07   -1.3970340010e+07    3.1349888700e+07   -2.3183809614e+03    5.4931868799e+01    5.6472031069e+02    1.6551050000e+20    1.3889983150e-05    0.0000000000e+00    1.0000000000e+00    0.0000000000e+00
   -1.1322887753e+08   -3.2049865240e+08    2.8675781090e+07   -2.7375358003e+03   -8.6732379093e+03    4.1722945219e+02    1.6551050000e+20    1.3889983150e-05    0.0000000000e+00    1.0000000000e+00    0.0000000000e+00
   -7.6198118713e+05    2.0456495933e+08    2.2343641344e+06    2.1871675794e+03    6.8373613459e+03    7.9014746607e+01    1.6551050000e+20    1.3889983150e-05    0.0000000000e+00    1.0000000000e+00    0.0000000000e+00
   -1.9117520255e+08   -1.7856526273e+08   -2.7188147585e+08   -4.8279480257e+03   -4.4454866463e+03   -6.5539588983e+03    1.6551050000e+20    1.3889983150e-05    0.0000000000e+00    1.0000000000e+00    0.0000000000e+00
   -9.5345179252e+07   -3.4836799228e+08   -1.5251581830e+08   -2.4623379857e+03   -8.9262880074e+03   -3.2376221558e+03    1.6551050000e+20    1.3889983150e-05    0.0000000000e+00    1.0000000000e+00    0.0000000000e+00
    1.8973984343e+08    1.3699193103e+08   -2.4195201885e+08    4.4738177842e+03    3.5679645492e+03   -5.5659905670e+03    1.6551050000e+20    1.3889983150e-05    0.0000000000e+00    1.0000000000e+00    0.0000000000e+00
   -1.1770494573e+08    1.0447145196e+08   -4.0441819443e+07   -2.4733206490e+03    3.1563491697e+03   -5.8204561195e+02    1.6551050000e+20    1.3889983150e-05    0.0000000000e+00    1.0000000000e+00    0.0000000000e+00
    2.7310869242e+07    1.0663856519e+08   -2.4799556248e+08    5.9698971403e+02    2.8747015127e+03   -5.5944593597e+03    1.6551050000e+20    1.3889983150e-05    0.0000000000e+00    1.0000000000e+00    0.0000000000e+00
   -9.7875767618e+07    3.5711209018e+07   -1.9818448377e+08   -2.3887913919e+03    1.1409730125e+03   -4.4889118820e+03    1.6551050000e+20    1.3889983150e-05    0.0000000000e+00    1.0000000000e+00    0.0000000000e+00
    3.8359649527e+07    8.7484104432e+07    1.8407872255e+08    8.4430448757e+02    2.5578214200e+03    3.9165435743e+03    1.6486950000e+20    1.3836189105e-05    0.0000000000e+00    1.0000000000e+00    0.0000000000e+00
   -2.1996833085e+08   -4.0030766518e+08   -1.5951645521e+08   -5.3451629567e+03   -1.0086134033e+04   -3.4656351562e+03    1.6486950000e+20    1.3836189105e-05    0.0000000000e+00    1.0000000000e+00    0.0000000000e+00
   -2.5949767179e+08   -3.3367301544e+08    3.5920638504e+07   -6.1122263817e+03   -8.4712491662e+03    6.7923895994e+02    1.6403290000e+20    1.3765979905e-05    0.0000000000e+00    1.0000000000e+00    0.0000000000e+00
    4.0981291284e+07   -1.3946579630e+08    1.0686648846e+07    7.7291589487e+02   -3.3649781581e+03    3.5971106096e+02    1.6403290000e+20    1.3765979905e-05    0.0000000000e+00    1.0000000000e+00    0.0000000000e+00
   -2.0559930472e+08   -3.8815670742e+08   -5.0709196966e+07   -4.5571237256e+03   -1.0071976459e+04   -6.8557869438e+02    1.6403290000e+20    1.3765979905e-05    0.0000000000e+00    1.0000000000e+00    0.0000000000e+00
   -4.4950914756e+07   -4.4168192693e+08   -1.6029845311e+07   -2.4867235945e+03   -1.1367756011e+04    5.0545322667e+02    1.6403290000e+20    1.3765979905e-05    0.0000000000e+00    1.0000000000e+00    0.0000000000e+00
   -6.9765751855e+07   -1.2186742768e+08    2.9496028715e+08   -1.8069764516e+03   -2.9695077636e+03    7.0913165553e+03    1.6363760000e+20    1.3732805512e-05    0.0000000000e+00    1.0000000000e+00    0.0000000000e+00
   -2.3551303671e+08   -2.8359531130e+08    2.4329573245e+07   -5.6421784713e+03   -7.3024418409e+03    4.3410882774e+02    1.6363760000e+20    1.3732805512e-05    0.0000000000e+00    1.0000000000e+00    0.0000000000e+00
   -1.2552781817e+08   -2.7739296168e+08   -4.5355513433e+06   -3.0466308962e+03   -7.3873737478e+03   -1.1104903786e+02    1.6363760000e+20    1.3732805512e-05    0.0000000000e+00    1.0000000000e+00    0.0000000000e+00
   -4.9503054772e+07   -3.5684514923e+08   -3.1604876183e+06   -1.8347978905e+03   -9.7047794863e+03   -3.6008095374e+02    1.6319360000e+20    1.3695544114e-05    0.0000000000e+00    1.0000000000e+00    0.0000000000e+00
    8.1075283664e+07   -2.5348836864e+08    6.1834467592e+07    1.7443983044e+03   -6.4237621910e+03    1.2671636146e+03    1.6319360000e+20    1.3695544114e-05    0.0000000000e+00    1.0000000000e+00    0.0000000000e+00
   -2.0938279950e+08   -4.2155227261e+08   -4.3751381718e+06   -4.1460850821e+03   -1.0686492751e+04   -8.3582749707e+01    1.6319360000e+20    1.3695544114e-05    0.0000000000e+00    1.0000000000e+00    0.0000000000e+00
    8.3395526088e+07    3.0137310341e+07   -1.1827410551e+07    1.6985103388e+03    1.4728157518e+03    9.3406192018e-01    1.6319360000e+20    1.3695544114e-05    0.0000000000e+00    1.0000000000e+00    0.0000000000e+00
    5.8820869988e+07    1.2673983103e+08   -9.5598856355e+07    1.1812499834e+03    3.9974824740e+03   -1.3139783010e+03    1.6319360000e+20    1.3695544114e-05    0.0000000000e+00    1.0000000000e+00    0.0000000000e+00
   -2.9116078819e+08   -4.5098144752e+08   -1.7629713684e+06   -6.7946947945e+03   -1.1179880360e+04   -4.4557453172e-01    1.6319360000e+20    1.3695544114e-05    0.0000000000e+00    1.0000000000e+00    0.0000000000e+00
    3.2668576440e+07   -4.6048785450e+07   -2.2994708467e+08    6.9072792557e+02   -9.8687040225e+02   -5.3602093418e+03    1.6319360000e+20    1.3695544114e-05    0.0000000000e+00    1.0000000000e+00    0.0000000000e+00
    9.4774565660e+07    5.2685224293e+07    1.0115128490e+08    2.0265207452e+03    1.8730578782e+03    1.9348887392e+03    1.6235160000e+20    1.3624881735e-05    0.0000000000e+00    1.0000000000e+00    0.0000000000e+00
   -2.3180306110e+07   -1.8221967728e+08    2.9553741287e+08   -6.9018867204e+02   -4.5362007876e+03    7.0935801421e+03    1.6235160000e+20    1.3624881735e-05    0.0000000000e+00    1.0000000000e+00    0.0000000000e+00
    3.8137915676e+07    1.2182131259e+08    6.4306613505e+06    7.0893114254e+02    4.7431687017e+03    2.7423794653e+02    1.6235160000e+20    1.3624881735e-05    0.0000000000e+00    1.0000000000e+00    0.0000000000e+00
   -3.9787743960e+07   -4.1575621005e+08    7.9311751752e+06   -2.1996516571e+03   -1.1111356532e+04    6.0539856986e+02    1.6235160000e+20    1.3624881735e-05    0.0000000000e+00    1.0000000000e+00    0.0000000000e+00
   -1.3695011294e+08   -1.1264292459e+08    1.7372413070e+07   -3.3248960218e+03   -2.6954792982e+03    3.5281080073e+02    1.6174610000e+20    1.3574066923e-05    0.0000000000e+00    1.0000000000e+00    0.0000000000e+00
    5.1214014324e+07    1.1550680802e+07   -4.8927897332e+06    1.0184234445e+03    9.6915098589e+02    3.4222586496e+01    1.6150670000e+20    1.3553975981e-05    0.0000000000e+00    1.0000000000e+00    0.0000000000e+00
   -1.5736511553e+08   -2.1176078100e+08   -2.7815647490e+08   -3.9886073370e+03   -5.2823130378e+03   -6.6685646820e+03    1.6150670000e+20    1.3553975981e-05    0.0000000000e+00    1.0000000000e+00    0.0000000000e+00
   -2.8329908293e+08   -4.0312268436e+08   -8.1920122332e+07   -6.7504936165e+03   -1.0132735637e+04   -1.6963650566e+03    1.6150670000e+20    1.3553975981e-05    0.0000000000e+00    1.0000000000e+00    0.0000000000e+00
    4.4281966000e+07   -1.4246676406e+08   -2.6690702417e+07    8.7003245118e+02   -3.4512447061e+03   -4.3423877471e+02    1.6065880000e+20    1.3482818461e-05    0.0000000000e+00    1.0000000000e+00    0.0000000000e+00
   -2.3796115347e+08   -1.5067801530e+08   -1.2206085186e+08   -5.9105491023e+03   -3.7340417490e+03   -2.8339551814e+03    1.6065880000e+20    1.3482818461e-05    0.0000000000e+00    1.0000000000e+00    0.0000000000e+00
    6.2468315678e+06   -1.3960942253e+07    1.1181884945e+08    7.7235080612e+01    6.5478030407e+01    2.3738922279e+03    1.5983460000e+20    1.3413649894e-05    0.0000000000e+00    1.0000000000e+00    0.0000000000e+00
   -1.1345611808e+08   -1.7111966990e+08   -2.1950874934e+07   -2.7624315600e+03   -4.3081310308e+03   -5.1945501952e+02    1.5983460000e+20    1.3413649894e-05    0.0000000000e+00    1.0000000000e+00    0.0000000000e+00
    7.7150471594e+07    1.7851887755e+08    2.2162114628e+06    1.8348399995e+02    7.2336564166e+03   -4.3672115516e+02    1.5980770000e+20    1.3411392390e-05    0.0000000000e+00    1.0000000000e+00    0.0000000000e+00
    8.4805056348e+07   -2.5215833557e+08    6.4950279814e+07    1.8161655820e+03   -6.4165203527e+03    1.3828776912e+03    1.5809570000e+20    1.3267717813e-05    0.0000000000e+00    1.0000000000e+00    0.0000000000e+00
   -3.0443031646e+06   -2.3284198930e+08   -1.1687054089e+07   -3.5204849674e+02   -6.0129051193e+03   -2.8993413885e+02    1.5809570000e+20    1.3267717813e-05    0.0000000000e+00    1.0000000000e+00    0.0000000000e+00
    4.7002715726e+07   -1.0901886189e+08    1.4098358879e+07    9.2329696395e+02   -2.5323952561e+03    2.9873460891e+02    1.5809570000e+20    1.3267717813e-05    0.0000000000e+00    1.0000000000e+00    0.0000000000e+00
   -4.2396600113e+06   -1.3383095382e+08    2.6070375613e+07   -3.0268927131e+02   -3.2380303076e+03    6.6676760339e+02    1.5809570000e+20    1.3267717813e-05    0.0000000000e+00    1.0000000000e+00    0.0000000000e+00
    1.0942293778e+08    2.0852924736e+07   -2.6370617803e+07    2.3060066966e+03    1.1214409341e+03   -3.8314625149e+02    1.5809570000e+20    1.3267717813e-05    0.0000000000e+00    1.0000000000e+00    0.0000000000e+00
    5.8600418657e+07   -1.4982991613e+08   -1.0053165900e+08    1.2487014340e+03   -3.6587571667e+03   -2.2116054745e+03    1.5809570000e+20    1.3267717813e-05    0.0000000000e+00    1.0000000000e+00    0.0000000000e+00
   -1.6213128717e+08   -2.2711656152e+08   -1.4599202500e+08   -4.0391876112e+03   -5.7830820313e+03   -3.4047249101e+03    1.5790140000e+20    1.3251411755e-05    0.0000000000e+00    1.0000000000e+00    0.0000000000e+00
   -1.8668069017e+08   -2.2066218226e+08   -3.4810734744e+07   -4.5349164474e+03   -5.6526512241e+03   -6.3906188536e+02    1.5790140000e+20    1.3251411755e-05    0.0000000000e+00    1.0000000000e+00    0.0000000000e+00
   -1.8052890517e+08   -1.7008808747e+08    1.6083587437e+08   -4.4823922228e+03   -4.2203183124e+03    3.7303620466e+03    1.5692610000e+20    1.3169562564e-05    0.0000000000e+00    1.0000000000e+00    0.0000000000e+00
    5.7845712891e+06    2.1735977719e+08    6.8287637526e+06    2.8891218450e+03    6.9906487155e+03    1.0743481953e+02    1.5692610000e+20    1.3169562564e-05    0.0000000000e+00    1.0000000000e+00    0.0000000000e+00
    1.2217027712e+08    1.1859113095e+08   -2.5156586035e+08    2.8226017050e+03    3.1259516475e+03   -5.7370375802e+03    1.5692610000e+20    1.3169562564e-05    0.0000000000e+00    1.0000000000e+00    0.0000000000e+00
   -1.0355638242e+08   -9.3697546730e+07   -1.1490222022e+08   -2.5709340429e+03   -2.1982212618e+03   -2.5108666682e+03    1.5692610000e+20    1.3169562564e-05    0.0000000000e+00    1.0000000000e+00    0.0000000000e+00
   -9.5657243742e+07   -2.1560839781e+08    6.6888890715e+07   -2.4203495491e+03   -5.5337812291e+03    1.3603916375e+03    1.5636960000e+20    1.3122859934e-05    0.0000000000e+00    1.0000000000e+00    0.0000000000e+00
   -2.9529349478e+08   -4.2771894904e+08    7.2509620931e+07   -7.0268532189e+03   -1.0687856274e+04    1.5870925694e+03    1.5636960000e+20    1.3122859934e-05    0.0000000000e+00    1.0000000000e+00    0.0000000000e+00
    5.6621751126e+07   -1.5931850904e+08   -1.4519788062e+08    1.2333010364e+03   -3.9137281554e+03   -3.2935728143e+03    1.5636960000e+20    1.3122859934e-05    0.0000000000e+00    1.0000000000e+00    0.0000000000e+00
    4.3872207281e+07   -1.5719849962e+08   -2.8858546101e+08    9.6951909482e+02   -3.8888764688e+03   -6.9183084073e+03    1.5636960000e+20    1.3122859934e-05    0.0000000000e+00    1.0000000000e+00    0.0000000000e+00
   -1.0898684411e+08   -3.9250448202e+08   -1.1875133412e+08   -2.7917146416e+03   -1.0089249119e+04   -2.0885626806e+03    1.5636960000e+20    1.3122859934e-05    0.0000000000e+00    1.0000000000e+00    0.0000000000e+00
   -8.3281790167e+07    1.0055314311e+08    5.7408457719e+06   -1.5394028239e+03    3.2997192084e+03    6.6738635541e+01    1.5594480000e+20    1.3087209840e-05    0.0000000000e+00    1.0000000000e+00    0.0000000000e+00
   -9.8011465683e+07   -3.9730580374e+08   -3.8207858487e+07   -2.7467065444e+03   -1.1171103656e+04    2.2300536210e+01    1.5594480000e+20    1.3087209840e-05    0.0000000000e+00    1.0000000000e+00    0.0000000000e+00
   -1.9309832523e+08   -2.6402243963e+08   -7.4096603509e+06   -4.6338624266e+03   -6.8680809225e+03   -8.1592276628e+00    1.5594480000e+20    1.3087209840e-05    0.0000000000e+00    1.0000000000e+00    0.0000000000e+00
    5.0676331149e+07   -3.5453428336e+08    1.9508275424e+08    1.0273514163e+03   -8.9571867537e+03    4.4808456853e+03    1.5550080000e+20    1.3049948443e-05    0.0000000000e+00    1.0000000000e+00    0.0000000000e+00
   -1.4899590687e+07   -3.0420729323e+08   -5.6452911609e+06   -7.7803718235e+02   -8.0535875942e+03   -1.1374574035e+02    1.5550080000e+20    1.3049948443e-05    0.0000000000e+00    1.0000000000e+00    0.0000000000e+00
    6.6785738837e+07    5.4515375394e+07    1.6530167281e+07    1.2845162825e+03    2.2847736345e+03    3.5583668121e+02    1.5550080000e+20    1.3049948443e-05    0.0000000000e+00    1.0000000000e+00    0.0000000000e+00
    1.4347294144e+08    1.6150805834e+08    1.2294072013e+08    2.9222461371e+03    4.3740330611e+03    2.1588948884e+03    1.5495710000e+20    1.3004320016e-05    0.0000000000e+00    1.0000000000e+00    0.0000000000e+00
   -1.2268936765e+08   -2.1687354882e+07    1.7721937333e+07   -2.8789185246e+03   -1.8154853995e+02    2.9988668395e+02    1.5495710000e+20    1.3004320016e-05    0.0000000000e+00    1.0000000000e+00    0.0000000000e+00
   -1.1081969553e+08   -1.7753744640e+08    1.1917288578e+08   -2.7941932844e+03   -4.4579506253e+03    2.6655685470e+03    1.5495710000e+20    1.3004320016e-05    0.0000000000e+00    1.0000000000e+00    0.0000000000e+00
   -2.0623064912e+08   -2.9966660613e+08    1.5522864611e+07   -4.8559983499e+03   -7.8200747358e+03    3.2595267560e+02    1.5495710000e+20    1.3004320016e-05    0.0000000000e+00    1.0000000000e+00    0.0000000000e+00
   -1.5517829430e+08    6.4087633902e+07    1.1072802011e+07   -3.5497712475e+03    2.0808893004e+03    2.3539024309e+02    1.5495710000e+20    1.3004320016e-05    0.0000000000e+00    1.0000000000e+00    0.0000000000e+00
   -1.7294875569e+08   -3.5093321670e+08   -3.3380923503e+07   -3.8611795235e+03   -9.3603129163e+03   -4.3712929057e+02    1.5495710000e+20    1.3004320016e-05    0.0000000000e+00    1.0000000000e+00    0.0000000000e+00
