#   x1                  x2                  x3                  v1                  v2                  v3                  mass                rel_mass            mat0_frac           mat1_frac           mat2_frac
   -2.2646751484e+03    6.6866026642e+03    1.0048690606e+03   -2.5658751686e-01    1.0612788336e-01   -1.0737798857e-01    1.8708348147e+21    9.9807518570e-01    9.0172401705e-01    9.8275982946e-02    0.0000000000e+00
   -8.1378752633e+06   -3.5050847507e+06    2.0308913218e+06   -1.3077574675e+02   -8.9994013812e+01    3.2518017741e+01    3.8000370000e+16    2.0272888897e-05    0.0000000000e+00    1.0000000000e+00    0.0000000000e+00
   -7.8260470633e+06   -3.7818566744e+06   -3.0414317640e+05   -1.1686627358e+02   -9.2714474068e+01   -5.9887001946e+00    3.8000370000e+16    2.0272888897e-05    0.0000000000e+00    1.0000000000e+00    0.0000000000e+00
    4.9585439479e+06   -2.0568439674e+06    1.0330992065e+07    1.0241100417e+02   -6.5792640293e+01    2.1012399346e+02    3.7994750000e+16    2.0269890673e-05    0.0000000000e+00    1.0000000000e+00    0.0000000000e+00
   -2.6726119257e+07   -1.6830573901e+06   -3.5624876206e+06   -6.7162482640e+02   -5.7725603887e+01   -9.0557398248e+01    3.7994750000e+16    2.0269890673e-05    0.0000000000e+00    1.0000000000e+00    0.0000000000e+00
    9.7114305425e+06    9.1295724518e+05   -1.4913126341e+07    2.3111020071e+02    5.4839524201e+00   -3.5602232400e+02    3.7993510000e+16    2.0269229143e-05    0.0000000000e+00    1.0000000000e+00    0.0000000000e+00
    1.5790880490e+06   -2.7669666249e+06    1.0767586608e+07    3.1710241695e+01   -8.0774034517e+01    2.1353265025e+02    3.7992890000e+16    2.0268898378e-05    0.0000000000e+00    1.0000000000e+00    0.0000000000e+00
    1.1828226780e+07   -4.1465565092e+06   -5.6530465458e+06    2.5882518413e+02   -1.1495621049e+02   -1.2288965955e+02    3.7992890000e+16    2.0268898378e-05    0.0000000000e+00    1.0000000000e+00    0.0000000000e+00
   -2.4305079750e+07   -6.6444289994e+05   -1.2294838594e+07   -6.1150598590e+02   -3.1510300625e+01   -3.0956117673e+02    3.7990420000e+16    2.0267580653e-05    0.0000000000e+00    1.0000000000e+00    0.0000000000e+00
   -5.1419117048e+06   -5.7751957410e+06    1.3074790093e+07   -1.1689017238e+02   -1.5462417047e+02    2.9475547709e+02    3.7989200000e+16    2.0266929793e-05    0.0000000000e+00    1.0000000000e+00    0.0000000000e+00
    8.0925232282e+06   -2.7263173321e+06    4.9958046802e+06    1.4561224646e+02   -7.8020007484e+01    8.9054215328e+01    3.7987970000e+16    2.0266273598e-05    0.0000000000e+00    1.0000000000e+00    0.0000000000e+00
    1.7496065375e+07   -3.9761145077e+05    1.0816934923e+07    4.2681401437e+02   -2.5907251050e+01    2.6404451384e+02    3.7987360000e+16    2.0265948168e-05    0.0000000000e+00    1.0000000000e+00    0.0000000000e+00
   -7.9282691535e+05   -1.7038828972e+06    1.1552605833e+06    1.1403053897e+02    7.3458724121e+01   -1.6839833223e+02    3.7986750000e+16    2.0265622738e-05    0.0000000000e+00    1.0000000000e+00    0.0000000000e+00
   -2.2692472129e+07    5.9610015446e+05    3.8239478106e+06   -5.6260048300e+02   -5.0109433593e-01    9.2915640570e+01    3.7985540000e+16    2.0264977213e-05    0.0000000000e+00    1.0000000000e+00    0.0000000000e+00
   -2.5699481654e+07   -4.3497255806e+06   -3.0431614855e+06   -6.4404190677e+02   -1.2559212330e+02   -7.6440603333e+01    3.7985540000e+16    2.0264977213e-05    0.0000000000e+00    1.0000000000e+00    0.0000000000e+00
   -6.8707155604e+06   -2.6347404332e+06   -1.6839052538e+07   -1.6306321424e+02   -8.1199929640e+01   -4.0274023453e+02    3.7985540000e+16    2.0264977213e-05    0.0000000000e+00    1.0000000000e+00    0.0000000000e+00
    5.8158213220e+06   -4.3270420886e+06   -1.9604755527e+07    1.4161965923e+02   -1.2421913738e+02   -4.7832039774e+02    3.7984930000e+16    2.0264651782e-05    0.0000000000e+00    1.0000000000e+00    0.0000000000e+00
   -1.3593145813e+07    5.0707320213e+06    2.5602620650e+07   -3.4372922124e+02    1.1541979771e+02    6.4809316145e+02    3.7984320000e+16    2.0264326352e-05    0.0000000000e+00    1.0000000000e+00    0.0000000000e+00
   -1.3404177051e+07   -3.7361657711e+06    1.3331492378e+07   -3.2130592976e+02   -1.0845728900e+02    3.2216114916e+02    3.7984320000e+16    2.0264326352e-05    0.0000000000e+00    1.0000000000e+00    0.0000000000e+00
   -2.9665029531e+06   -4.1698567312e+06    1.9424305903e+06    1.9486966423e+01   -5.2732496288e+01   -1.9066940752e+01    3.7984000000e+16    2.0264155635e-05    0.0000000000e+00    1.0000000000e+00    0.0000000000e+00
   -1.0709760677e+07   -6.0363641578e+06   -6.4108593861e+06   -2.3210751362e+02   -1.5944690712e+02   -1.4052305839e+02    3.7984000000e+16    2.0264155635e-05    0.0000000000e+00    1.0000000000e+00    0.0000000000e+00
   -1.3011700387e+07   -3.6932415021e+06    1.2086269407e+07   -3.1074524221e+02   -1.0814920464e+02    2.8690132143e+02    3.7981980000e+16    2.0263077981e-05    0.0000000000e+00    1.0000000000e+00    0.0000000000e+00
   -1.5552277082e+07   -4.0690025522e+06    1.6028801488e+07   -3.8338649010e+02   -1.1809343451e+02    3.9592165382e+02    3.7981980000e+16    2.0263077981e-05    0.0000000000e+00    1.0000000000e+00    0.0000000000e+00
    1.0444452278e+07   -4.6706021022e+06   -4.6844467683e+06    2.1756163928e+02   -1.2473594443e+02   -9.5386773891e+01    3.7981910000e+16    2.0263040637e-05    0.0000000000e+00    1.0000000000e+00    0.0000000000e+00
    2.0127876055e+07    6.9441864773e+06   -2.9682698680e+07    5.1512899431e+02    1.6528922542e+02   -7.5951907551e+02    3.7980710000e+16    2.0262400447e-05    0.0000000000e+00    1.0000000000e+00    0.0000000000e+00
    8.6447699486e+06   -5.7908489416e+05   -2.2245921242e+07    2.1557548482e+02   -2.9835842567e+01   -5.5248392347e+02    3.7980710000e+16    2.0262400447e-05    0.0000000000e+00    1.0000000000e+00    0.0000000000e+00
    2.0953654589e+07   -2.5262867688e+06   -1.4077448033e+06    5.1265414215e+02   -7.9611023695e+01   -3.4857138431e+01    3.7980660000e+16    2.0262373772e-05    0.0000000000e+00    1.0000000000e+00    0.0000000000e+00
    2.8144008987e+06   -3.7432154862e+06   -5.6993547032e+05   -5.5542910260e+01   -2.8798109525e+01    1.5951340750e+01    3.7979360000e+16    2.0261680233e-05    0.0000000000e+00    1.0000000000e+00    0.0000000000e+00
   -2.1667021991e+05   -3.4115141967e+06   -4.6334014539e+06   -6.1136307365e+00   -5.8639032144e+01    2.5566699702e+00    3.7979360000e+16    2.0261680233e-05    0.0000000000e+00    1.0000000000e+00    0.0000000000e+00
   -2.4343365563e+07    1.9606995077e+06    2.6167032426e+07   -6.2129532876e+02    3.6832337261e+01    6.6936393205e+02    3.7978910000e+16    2.0261440161e-05    0.0000000000e+00    1.0000000000e+00    0.0000000000e+00
    4.3750793431e+06   -2.6956659939e+06   -4.8514637227e+06    4.1437575079e+01   -6.6584950366e+01   -4.8750120485e+01    3.7978310000e+16    2.0261120066e-05    0.0000000000e+00    1.0000000000e+00    0.0000000000e+00
   -2.7276905094e+06   -3.3409553563e+06   -9.2604457916e+06   -4.8033934409e+01   -8.9859590122e+01   -1.6983564538e+02    3.7978310000e+16    2.0261120066e-05    0.0000000000e+00    1.0000000000e+00    0.0000000000e+00
   -2.0611975313e+06   -1.4441176642e+06   -7.6660967266e+06   -3.1074846338e+01   -4.9719150427e+01   -1.0814055409e+02    3.7978310000e+16    2.0261120066e-05    0.0000000000e+00    1.0000000000e+00    0.0000000000e+00
    2.7524889714e+06   -5.3236227474e+06    1.8702508481e+07    6.6656405582e+01   -1.4921461141e+02    4.5099053055e+02    3.7978080000e+16    2.0260997363e-05    0.0000000000e+00    1.0000000000e+00    0.0000000000e+00
   -6.4150725686e+05   -4.3470638636e+06    3.1014743917e+07   -1.5181777757e+01   -1.2676960527e+02    7.8699441591e+02    3.7978080000e+16    2.0260997363e-05    0.0000000000e+00    1.0000000000e+00    0.0000000000e+00
    3.4077846169e+06   -3.5180412728e+06    6.7144346279e+06    4.7389123495e+01   -8.6849188095e+01    9.3847026159e+01    3.7978080000e+16    2.0260997363e-05    0.0000000000e+00    1.0000000000e+00    0.0000000000e+00
   -2.2762704992e+07   -1.8824348075e+06    4.7477284742e+07   -5.8835554573e+02   -6.2305434151e+01    1.2258052035e+03    3.7978080000e+16    2.0260997363e-05    0.0000000000e+00    1.0000000000e+00    0.0000000000e+00
   -2.6510172424e+07   -2.4134439954e+06    1.5776903262e+07   -6.7226459152e+02   -7.6812241559e+01    4.0049874129e+02    3.7978080000e+16    2.0260997363e-05    0.0000000000e+00    1.0000000000e+00    0.0000000000e+00
    1.2095009471e+07   -2.2656475213e+06    4.1373252947e+06    2.6072053854e+02   -7.1405966022e+01    8.8145727085e+01    3.7978080000e+16    2.0260997363e-05    0.0000000000e+00    1.0000000000e+00    0.0000000000e+00
   -7.5987294633e+06   -5.9256483367e+06   -7.2639527948e+06   -1.5073579141e+02   -1.5214150308e+02   -1.4875448274e+02    3.7978080000e+16    2.0260997363e-05    0.0000000000e+00    1.0000000000e+00    0.0000000000e+00
   -4.6947707578e+06   -4.2589056513e+06   -5.1844954073e+06   -6.0386774751e+01   -9.8768734012e+01   -6.8265149280e+01    3.7978080000e+16    2.0260997363e-05    0.0000000000e+00    1.0000000000e+00    0.0000000000e+00
   -4.8701785448e+06   -3.5880281466e+06   -5.5291273094e+06   -6.6513847777e+01   -8.7520143980e+01   -7.4350708254e+01    3.7978080000e+16    2.0260997363e-05    0.0000000000e+00    1.0000000000e+00    0.0000000000e+00
    4.1955066620e+07    6.9544188478e+06    1.9017701003e+07    1.0807349839e+03    1.6706033824e+02    4.9056776213e+02    3.7977720000e+16    2.0260805306e-05    0.0000000000e+00    1.0000000000e+00    0.0000000000e+00
   -4.1324931099e+06   -6.2953501030e+06    1.0254549814e+07   -8.8009970693e+01   -1.6298882866e+02    2.1166111581e+02    3.7977450000e+16    2.0260661263e-05    0.0000000000e+00    1.0000000000e+00    0.0000000000e+00
   -7.4159553151e+06   -4.3320675299e+06   -1.2829634240e+07   -1.6938008344e+02   -1.2175995233e+02   -2.9259010789e+02    3.7977450000e+16    2.0260661263e-05    0.0000000000e+00    1.0000000000e+00    0.0000000000e+00
    8.3636399833e+06   -6.7573652716e+06   -1.7396011502e+07    2.0268057653e+02   -1.8503073732e+02   -4.2184458713e+02    3.7977450000e+16    2.0260661263e-05    0.0000000000e+00    1.0000000000e+00    0.0000000000e+00
    8.3738452137e+05   -2.1329265457e+06   -1.6364653572e+07    1.9739820690e+01   -7.0326431827e+01   -3.8244830297e+02    3.7977450000e+16    2.0260661263e-05    0.0000000000e+00    1.0000000000e+00    0.0000000000e+00
    7.6411637518e+06   -5.5877723844e+06    3.7809543187e+07    1.9725653772e+02   -1.5865618916e+02    9.6836823952e+02    3.7976820000e+16    2.0260325163e-05    0.0000000000e+00    1.0000000000e+00    0.0000000000e+00
   -3.8108256294e+07   -1.5653918242e+06   -1.7570990169e+07   -9.7934327619e+02   -5.4285014554e+01   -4.5058735599e+02    3.7976820000e+16    2.0260325163e-05    0.0000000000e+00    1.0000000000e+00    0.0000000000e+00
   -1.2012297028e+07   -3.9803237730e+05    2.8709678429e+07   -3.0628656606e+02   -2.4233630550e+01    7.2770021369e+02    3.7976530000e+16    2.0260170451e-05    0.0000000000e+00    1.0000000000e+00    0.0000000000e+00
    1.2032982455e+07   -2.4644657961e+06    6.8975560388e+06    2.6669117554e+02   -7.5773361695e+01    1.5385985773e+02    3.7976530000e+16    2.0260170451e-05    0.0000000000e+00    1.0000000000e+00    0.0000000000e+00
    8.1731498549e+06   -6.9941850063e+05    1.8242911338e+07    1.9969807056e+02   -3.4029898768e+01    4.4291385045e+02    3.7975580000e+16    2.0259663633e-05    0.0000000000e+00    1.0000000000e+00    0.0000000000e+00
   -1.4153155567e+07   -5.3556473161e+06    1.6379759582e+06   -3.1990075593e+02   -1.4646097375e+02    3.7583621593e+01    3.7975580000e+16    2.0259663633e-05    0.0000000000e+00    1.0000000000e+00    0.0000000000e+00
    2.0742570136e+07   -1.8098152306e+06    2.5087966216e+07    5.2811405235e+02   -6.0767155821e+01    6.3789031333e+02    3.7975580000e+16    2.0259663633e-05    0.0000000000e+00    1.0000000000e+00    0.0000000000e+00
   -7.7014614801e+06   -7.5693507199e+06   -1.4101438369e+06   -1.3598204356e+02   -1.7916784815e+02   -2.6173428037e+01    3.7975580000e+16    2.0259663633e-05    0.0000000000e+00    1.0000000000e+00    0.0000000000e+00
   -1.6921492564e+07   -5.5621279640e+06    3.6643579441e+06   -4.0142144488e+02   -1.5393589950e+02    8.7688995718e+01    3.7975580000e+16    2.0259663633e-05    0.0000000000e+00    1.0000000000e+00    0.0000000000e+00
    6.4833667535e+06   -2.0294728926e+06    9.8601779008e+06    1.3372728138e+02   -6.5410604376e+01    2.0495782271e+02    3.7975580000e+16    2.0259663633e-05    0.0000000000e+00    1.0000000000e+00    0.0000000000e+00
   -2.5961921935e+07   -5.7062655635e+06   -4.0742071628e+06   -6.5145875881e+02   -1.6068711890e+02   -1.0132723958e+02    3.7975580000e+16    2.0259663633e-05    0.0000000000e+00    1.0000000000e+00    0.0000000000e+00
    1.1261680641e+07   -4.7507736794e+06   -5.1707784556e+06    2.4196739215e+02   -1.2803605731e+02   -1.1136257937e+02    3.7975580000e+16    2.0259663633e-05    0.0000000000e+00    1.0000000000e+00    0.0000000000e+00
   -1.1676866523e+07   -5.9416662333e+06   -1.3801444749e+07   -2.8039914820e+02   -1.6421391589e+02   -3.2991973296e+02    3.7975580000e+16    2.0259663633e-05    0.0000000000e+00    1.0000000000e+00    0.0000000000e+00
    1.3990154525e+07   -4.6571905630e+06   -5.5038255261e+06    3.2079905063e+02   -1.3043745603e+02   -1.2543515684e+02    3.7975580000e+16    2.0259663633e-05    0.0000000000e+00    1.0000000000e+00    0.0000000000e+00
    2.4645476357e+07   -4.2150523685e+06   -1.3630013648e+07    6.2179646764e+02   -1.2299175888e+02   -3.4336636060e+02    3.7975580000e+16    2.0259663633e-05    0.0000000000e+00    1.0000000000e+00    0.0000000000e+00
    1.2302280782e+06    1.6008644794e+06   -3.0894338025e+07    3.0378568399e+01    2.6664978770e+01   -7.8444636482e+02    3.7975580000e+16    2.0259663633e-05    0.0000000000e+00    1.0000000000e+00    0.0000000000e+00
    1.3563759134e+07   -3.9719256174e+06   -1.3084741634e+07    3.2622867081e+02   -1.1601282836e+02   -3.1545626985e+02    3.7975580000e+16    2.0259663633e-05    0.0000000000e+00    1.0000000000e+00    0.0000000000e+00
    1.4068117515e+07   -3.4377897526e+05   -2.2468310897e+07    3.5199880945e+02   -2.4294628970e+01   -5.6529959977e+02    3.7975580000e+16    2.0259663633e-05    0.0000000000e+00    1.0000000000e+00    0.0000000000e+00
    3.1015177148e+06   -7.1825926359e+06    2.3844589536e+07    7.6268175508e+01   -1.9818493510e+02    5.9381035426e+02    3.7974970000e+16    2.0259338203e-05    0.0000000000e+00    1.0000000000e+00    0.0000000000e+00
    3.3070830899e+06   -4.2934132064e+06    3.1455159486e+05   -3.2068219258e+01   -5.3474685217e+01   -3.3207851526e+00    3.7974970000e+16    2.0259338203e-05    0.0000000000e+00    1.0000000000e+00    0.0000000000e+00
    2.8283773367e+07    2.0135717566e+06    1.3778602621e+07    7.1842973122e+02    3.7702461347e+01    3.5172951813e+02    3.7974970000e+16    2.0259338203e-05    0.0000000000e+00    1.0000000000e+00    0.0000000000e+00
   -1.5394493861e+07   -6.7137738676e+06   -1.1371712300e+07   -3.7239946986e+02   -1.8411640768e+02   -2.7512330690e+02    3.7974970000e+16    2.0259338203e-05    0.0000000000e+00    1.0000000000e+00    0.0000000000e+00
    3.2942053195e+07    3.7265416759e+06   -1.4479412315e+06    8.3914856043e+02    8.1546914715e+01   -3.5993537237e+01    3.7974750000e+16    2.0259220835e-05    0.0000000000e+00    1.0000000000e+00    0.0000000000e+00
    4.0071962961e+06   -7.1908131024e+06   -9.9619445300e+06    8.2715446778e+01   -1.8340195702e+02   -2.0633556657e+02    3.7974360000e+16    2.0259012773e-05    0.0000000000e+00    1.0000000000e+00    0.0000000000e+00
    2.8516816517e+05   -3.4876109476e+06   -8.6889253954e+05   -2.9205210343e+01    4.3306391662e+01    9.8665774749e+01    3.7974360000e+16    2.0259012773e-05    0.0000000000e+00    1.0000000000e+00    0.0000000000e+00
   -1.5356470106e+07    1.7297188937e+04   -1.9020431689e+07   -3.8192692515e+02   -1.4592969846e+01   -4.7428401304e+02    3.7972980000e+16    2.0258276555e-05    0.0000000000e+00    1.0000000000e+00    0.0000000000e+00
   -1.6204746853e+07   -4.4486406842e+05    3.0442513999e+07   -4.1453009770e+02   -2.5375915034e+01    7.7690114924e+02    3.7972390000e+16    2.0257961794e-05    0.0000000000e+00    1.0000000000e+00    0.0000000000e+00
   -1.4478777721e+06   -3.2809482225e+06   -5.8024232369e+06   -1.1043807025e+01   -7.0853214177e+01   -4.6032428474e+01    3.7972390000e+16    2.0257961794e-05    0.0000000000e+00    1.0000000000e+00    0.0000000000e+00
    5.8836337634e+06   -3.8737404053e+06   -1.0191696899e+07    1.2154030012e+02   -1.0614719811e+02   -2.1280214924e+02    3.7972390000e+16    2.0257961794e-05    0.0000000000e+00    1.0000000000e+00    0.0000000000e+00
    7.4648337408e+06   -4.9040845779e+06    8.6322336408e+06    1.5436953477e+02   -1.3067712248e+02    1.7887130959e+02    3.7971960000e+16    2.0257732393e-05    0.0000000000e+00    1.0000000000e+00    0.0000000000e+00
   -1.6495185614e+06   -3.6939063092e+06    1.6962315629e+07   -3.8241322015e+01   -1.0773800192e+02    4.0051344533e+02    3.7971960000e+16    2.0257732393e-05    0.0000000000e+00    1.0000000000e+00    0.0000000000e+00
   -2.7867756990e+07   -4.0320188822e+06    3.5562877523e+06   -7.0253241878e+02   -1.1817636387e+02    8.8511882139e+01    3.7971960000e+16    2.0257732393e-05    0.0000000000e+00    1.0000000000e+00    0.0000000000e+00
    7.9358169168e+06   -4.1295166216e+06    4.1158441701e+06    1.3815658389e+02   -1.0641323008e+02    7.1741668373e+01    3.7971960000e+16    2.0257732393e-05    0.0000000000e+00    1.0000000000e+00    0.0000000000e+00
    1.9608954401e+07   -2.8920570333e+06    1.6127793482e+07    4.8982242730e+02   -8.9100038376e+01    4.0358379279e+02    3.7971960000e+16    2.0257732393e-05    0.0000000000e+00    1.0000000000e+00    0.0000000000e+00
   -4.5817992530e+07   -7.5157389293e+06   -8.3976651599e+06   -1.1796606691e+03   -2.0819544407e+02   -2.1674044441e+02    3.7971960000e+16    2.0257732393e-05    0.0000000000e+00    1.0000000000e+00    0.0000000000e+00
    1.3028695775e+07   -7.2195005883e+06   -3.3290031560e+06    2.9271284860e+02   -1.9071382049e+02   -7.3374527568e+01    3.7971960000e+16    2.0257732393e-05    0.0000000000e+00    1.0000000000e+00    0.0000000000e+00
    3.2981531496e+07    3.8261414284e+05   -2.8852154512e+07    8.4795505988e+02   -3.7782740519e+00   -7.4244423275e+02    3.7971960000e+16    2.0257732393e-05    0.0000000000e+00    1.0000000000e+00    0.0000000000e+00
   -7.1481055013e+06   -3.0580415645e+06   -2.0337679263e+07   -1.7469475633e+02   -9.3368218375e+01   -4.9976376364e+02    3.7971960000e+16    2.0257732393e-05    0.0000000000e+00    1.0000000000e+00    0.0000000000e+00
    5.1467023361e+06   -4.5972340222e+06   -7.6113794985e+06    9.3976014620e+01   -1.1624911243e+02   -1.3668292993e+02    3.7971960000e+16    2.0257732393e-05    0.0000000000e+00    1.0000000000e+00    0.0000000000e+00
   -1.5429466530e+07   -1.3283464183e+06   -3.7410901010e+07   -3.9643957544e+02   -4.8287068173e+01   -9.5975639306e+02    3.7971960000e+16    2.0257732393e-05    0.0000000000e+00    1.0000000000e+00    0.0000000000e+00
    2.1634448373e+07    9.3567277568e+05   -2.3802538477e+07    5.5057330462e+02    9.0749546512e+00   -6.0486269266e+02    3.7971960000e+16    2.0257732393e-05    0.0000000000e+00    1.0000000000e+00    0.0000000000e+00
    7.6641523510e+05   -3.6311079833e+06   -1.1228766409e+07    1.7729465363e+01   -1.0152446041e+02   -2.2832499320e+02    3.7971960000e+16    2.0257732393e-05    0.0000000000e+00    1.0000000000e+00    0.0000000000e+00
   -2.7693651027e+07    3.5587790149e+06    3.9148569464e+07   -7.1470309651e+02    7.8832825951e+01    1.0080450381e+03    3.7971800000e+16    2.0257647034e-05    0.0000000000e+00    1.0000000000e+00    0.0000000000e+00
    2.8922299319e+07    5.9932173363e+06    7.8038560203e+06    7.3322510616e+02    1.3945230579e+02    1.9806936613e+02    3.7971800000e+16    2.0257647034e-05    0.0000000000e+00    1.0000000000e+00    0.0000000000e+00
   -1.2965263923e+07    4.0469219415e+06   -3.6401451656e+07   -3.3303723986e+02    9.0897778760e+01   -9.3307283377e+02    3.7971800000e+16    2.0257647034e-05    0.0000000000e+00    1.0000000000e+00    0.0000000000e+00
    6.6119421367e+06   -1.7879802013e+06    2.0577353137e+07    1.6108456900e+02   -6.0254181619e+01    5.0532525898e+02    3.7971220000e+16    2.0257337609e-05    0.0000000000e+00    1.0000000000e+00    0.0000000000e+00
    1.2743445028e+07    7.1411088632e+05    3.4470094897e+07    3.2616522664e+02    4.7993100357e+00    8.8135995619e+02    3.7971220000e+16    2.0257337609e-05    0.0000000000e+00    1.0000000000e+00    0.0000000000e+00
    1.2433708129e+07   -2.7442323202e+06    1.3189102180e+07    2.9669712274e+02   -8.4216683750e+01    3.1472247098e+02    3.7971220000e+16    2.0257337609e-05    0.0000000000e+00    1.0000000000e+00    0.0000000000e+00
    1.5167780602e+07   -1.1252056799e+06    1.8090090615e+07    3.7786512280e+02   -4.4048190810e+01    4.4801014089e+02    3.7971220000e+16    2.0257337609e-05    0.0000000000e+00    1.0000000000e+00    0.0000000000e+00
