#   x1                  x2                  x3                  v1                  v2                  v3                  mass                rel_mass            mat0_frac           mat1_frac           mat2_frac
    3.7676017096e+07    1.4746284012e+08   -6.2163026221e+03    1.0637239069e+03    3.7484952533e+03    2.3201859659e-01    6.3826669719e+23    4.9798900890e-01    9.0409033121e-01    9.5909668794e-02    0.0000000000e+00
   -3.7714451343e+07   -1.4844508894e+08   -8.3555681677e+04   -1.0647712920e+03   -3.7769884736e+03   -3.2981598621e+00    6.3511985493e+23    4.9553377684e-01    8.0746627856e-01    1.9253372144e-01    0.0000000000e+00
   -4.8127162506e+06    5.8005288961e+07    3.0612070196e+05   -4.7085590132e+01    1.7258671573e+03   -1.1127806153e+01    1.5246616000e+20    1.1895728266e-04    1.0000000000e+00    0.0000000000e+00    0.0000000000e+00
   -2.2188029953e+06    1.0291712487e+08    6.0508145020e+06    2.4167168516e+02    3.1203041497e+03    1.2898858655e+02    1.0205733000e+20    7.9627260581e-05    7.4492199629e-01    2.5507800371e-01    0.0000000000e+00
   -3.8916618116e+06    7.5684318213e+07   -3.7288805318e+06    2.6407591943e+01    2.2691449788e+03   -9.8283467995e+01    7.7155310000e+19    6.0198184438e-05    1.0000000000e+00    0.0000000000e+00    0.0000000000e+00
   -5.4546962951e+06    8.4999988735e+07    7.4867736868e+05    3.8364046849e+01    2.5504516506e+03    1.4305065617e+00    7.6543220000e+19    5.9720619035e-05    1.0000000000e+00    0.0000000000e+00    0.0000000000e+00
    7.6551706705e+06    1.0974612835e+08   -7.3014216933e+06    4.9291130243e+02    3.4511087393e+03   -1.3429263895e+02    7.5604170000e+19    5.8987952611e-05    1.0000000000e+00    0.0000000000e+00    0.0000000000e+00
    2.2125641794e+06    1.1855108243e+07    1.4846302398e+07    6.4089308458e+01    3.5945708076e+02    3.4851262281e+02    7.5285210000e+19    5.8739093357e-05    1.0000000000e+00    0.0000000000e+00    0.0000000000e+00
    1.5003222048e+06    9.8658331625e+07    7.0198565664e+06    3.0867059839e+02    3.0291011293e+03    1.3465682395e+02    7.4746560000e+19    5.8318827376e-05    1.0000000000e+00    0.0000000000e+00    0.0000000000e+00
   -2.1371976672e+06    4.6231014451e+07    2.7390221829e+06   -8.1263637763e+00    1.3891697177e+03    4.5792140415e+01    7.4637740000e+19    5.8233923739e-05    1.0000000000e+00    0.0000000000e+00    0.0000000000e+00
   -2.1191472458e+07    5.6726686857e+07   -2.1558297828e+06   -4.1336192296e+02    1.6515756456e+03    1.5434320499e+01    7.4528540000e+19    5.8148723618e-05    1.0000000000e+00    0.0000000000e+00    0.0000000000e+00
   -5.5614141360e+06    5.3204073667e+07   -2.2829213839e+07   -9.0794114959e+01    1.5500694150e+03   -4.5807009336e+02    2.8640190000e+19    2.2345674458e-05    0.0000000000e+00    1.0000000000e+00    0.0000000000e+00
   -1.2589215854e+07   -7.6849058574e+07   -9.6514706657e+06   -4.1327380836e+02   -2.3483397246e+03   -1.6664942308e+02    2.8509120000e+19    2.2243410906e-05    0.0000000000e+00    1.0000000000e+00    0.0000000000e+00
    1.4865404105e+07    1.2884696583e+08    2.7337466453e+06    1.0179867807e+03    4.2452534219e+03    1.1493422947e+02    2.8509120000e+19    2.2243410906e-05    0.0000000000e+00    1.0000000000e+00    0.0000000000e+00
   -7.7960134791e+06   -5.7734626423e+07   -2.0377447966e+06   -3.0392900849e+02   -1.7495646714e+03   -1.1465349057e+02    2.8379130000e+19    2.2141989993e-05    0.0000000000e+00    1.0000000000e+00    0.0000000000e+00
   -1.9220534954e+07   -4.7914979545e+07   -1.2372606804e+07   -4.5992394295e+02   -1.4318448863e+03   -3.4077599759e+02    2.8379130000e+19    2.2141989993e-05    0.0000000000e+00    1.0000000000e+00    0.0000000000e+00
   -4.1140044333e+06   -2.3411446451e+07    3.2415213462e+06   -1.3116560493e+02   -6.9816355826e+02    8.9569734636e+01    2.8314530000e+19    2.2091587724e-05    0.0000000000e+00    1.0000000000e+00    0.0000000000e+00
    1.6629052402e+07    5.8540195452e+07    5.2682861356e+06    4.3060021594e+02    1.7718827345e+03    9.0959656636e+01    2.8090410000e+19    2.1916724618e-05    0.0000000000e+00    1.0000000000e+00    0.0000000000e+00
    1.3163736717e+05   -4.7645494281e+07   -1.6765808033e+07   -5.9618596993e+01   -1.4033893558e+03   -3.0205673365e+02    2.7963680000e+19    2.1817847225e-05    0.0000000000e+00    1.0000000000e+00    0.0000000000e+00
   -1.4241598825e+07    7.3901355292e+07    3.0709385516e+06   -2.2131502546e+02    2.1762889268e+03    1.1212147847e+02    2.7932140000e+19    2.1793239059e-05    0.0000000000e+00    1.0000000000e+00    0.0000000000e+00
   -2.6362967067e+07   -3.0837643630e+07   -2.3294682446e+07   -6.5051728361e+02   -9.1997600053e+02   -4.8364156241e+02    2.7681840000e+19    2.1597949771e-05    0.0000000000e+00    1.0000000000e+00    0.0000000000e+00
   -5.0428389664e+06    4.9918982496e+07   -2.0189202719e+06   -9.7208801310e+01    1.4821072079e+03   -3.1459705292e+01    2.7619800000e+19    2.1549544867e-05    0.0000000000e+00    1.0000000000e+00    0.0000000000e+00
   -3.4155217139e+07   -2.1457905942e+07   -3.8105984531e+06   -8.0345984966e+02   -6.4206042757e+02    5.6712613238e+00    2.7557980000e+19    2.1501311611e-05    0.0000000000e+00    1.0000000000e+00    0.0000000000e+00
   -6.9971861094e+06   -1.8630971886e+07   -3.9003629199e+06   -2.0004660154e+02   -5.5770804104e+02   -3.5812691055e+01    2.7373700000e+19    2.1357532506e-05    0.0000000000e+00    1.0000000000e+00    0.0000000000e+00
   -2.8581117403e+07    1.8096679264e+07   -1.8481009184e+07   -6.6202545894e+02    5.0786319920e+02   -3.5184753289e+02    2.7282220000e+19    2.1286157899e-05    0.0000000000e+00    1.0000000000e+00    0.0000000000e+00
   -1.2692472462e+06   -5.2045064775e+07   -1.5900706446e+06   -8.9707394379e+01   -1.5380126048e+03   -7.9276768417e+01    2.7251820000e+19    2.1262439184e-05    0.0000000000e+00    1.0000000000e+00    0.0000000000e+00
   -4.4549750687e+07   -4.4146491581e+07    8.0796531398e+06   -1.0695589222e+03   -1.3159767518e+03    1.0063573694e+02    2.7251820000e+19    2.1262439184e-05    0.0000000000e+00    1.0000000000e+00    0.0000000000e+00
    1.0534673458e+07    9.1709123870e+07    1.7376603028e+07    3.6724557050e+02    2.7882544050e+03    1.9974495956e+02    2.7191150000e+19    2.1215103183e-05    0.0000000000e+00    1.0000000000e+00    0.0000000000e+00
    1.4997256342e+07    6.3270378526e+07   -1.3885911426e+07    3.8623982612e+02    1.8990909927e+03   -2.2225687067e+02    2.7130670000e+19    2.1167915424e-05    0.0000000000e+00    1.0000000000e+00    0.0000000000e+00
    7.3923548954e+06    2.9882697633e+07   -5.6143341111e+06    1.6925082502e+02    8.8772229464e+02   -1.1457026457e+02    2.7070370000e+19    2.1120868104e-05    0.0000000000e+00    1.0000000000e+00    0.0000000000e+00
    6.7688449603e+06   -2.5711002664e+07   -1.1633624451e+07    1.0452125600e+02   -7.5639872041e+02   -2.4821391834e+02    2.7070370000e+19    2.1120868104e-05    0.0000000000e+00    1.0000000000e+00    0.0000000000e+00
   -3.1596790290e+06   -4.9440356104e+07    2.5352851666e+07   -1.3867512991e+02   -1.4543966539e+03    5.0072304698e+02    2.6950280000e+19    2.1027171378e-05    0.0000000000e+00    1.0000000000e+00    0.0000000000e+00
   -2.1270830986e+07   -4.2470728349e+06   -1.1535608383e+07   -5.2936969481e+02   -1.4638623931e+02   -2.0517833110e+02    2.6950280000e+19    2.1027171378e-05    0.0000000000e+00    1.0000000000e+00    0.0000000000e+00
   -2.6068376209e+07   -1.4417141602e+08   -5.5069768907e+06   -2.1596220940e+03   -5.0928537620e+03    1.6139739148e+02    2.6920360000e+19    2.1003827169e-05    0.0000000000e+00    1.0000000000e+00    0.0000000000e+00
    1.0583885103e+07   -7.4690196654e+07    3.5357158683e+06    1.1576530021e+02   -2.2074186960e+03    1.0818760047e+00    2.6920360000e+19    2.1003827169e-05    0.0000000000e+00    1.0000000000e+00    0.0000000000e+00
   -1.8359502311e+07   -1.2856825085e+08    2.6981410620e+06   -1.0563463147e+03   -4.2690171633e+03   -3.3312081406e+02    2.6860650000e+19    2.0957240180e-05    0.0000000000e+00    1.0000000000e+00    0.0000000000e+00
   -4.0888273358e+07   -1.0750695832e+07    3.5277503543e+07   -9.7806279344e+02   -3.1483114320e+02    7.5226472361e+02    2.6858620000e+19    2.0955656332e-05    0.0000000000e+00    1.0000000000e+00    0.0000000000e+00
    5.3142661387e+06    1.1473806106e+08    8.8996175470e+04    5.6750865003e+02    3.5753169511e+03   -4.4429064244e+01    2.6858620000e+19    2.0955656332e-05    0.0000000000e+00    1.0000000000e+00    0.0000000000e+00
   -1.4779796105e+07    7.2944202012e+07   -4.6643850785e+06   -2.0979906444e+02    2.1285680428e+03    4.0776611039e+01    2.6858620000e+19    2.0955656332e-05    0.0000000000e+00    1.0000000000e+00    0.0000000000e+00
   -7.8316969015e+06   -4.9501611033e+07   -1.2720939998e+07   -2.2043301513e+02   -1.4590943478e+03   -1.4205474711e+02    2.6858620000e+19    2.0955656332e-05    0.0000000000e+00    1.0000000000e+00    0.0000000000e+00
    2.7754745775e+07    1.3982651819e+08    3.2927399876e+06    1.9155799643e+03    5.2634723395e+03    5.1730171063e+02    2.6858620000e+19    2.0955656332e-05    0.0000000000e+00    1.0000000000e+00    0.0000000000e+00
   -4.4522765575e+06   -8.2226675279e+07    6.2539528400e+06   -2.8071516532e+02   -2.5020824554e+03    1.8634331225e+02    2.6830860000e+19    2.0933997400e-05    0.0000000000e+00    1.0000000000e+00    0.0000000000e+00
   -1.6147342366e+07   -7.3056233898e+07    9.8170066840e+04   -4.8300978586e+02   -2.2378383326e+03    2.9204815988e+01    2.6830860000e+19    2.0933997400e-05    0.0000000000e+00    1.0000000000e+00    0.0000000000e+00
   -7.4042212011e+06   -1.2368735137e+07   -2.1668762913e+07   -1.8725284048e+02   -3.6363868462e+02   -4.1411343002e+02    2.6830860000e+19    2.0933997400e-05    0.0000000000e+00    1.0000000000e+00    0.0000000000e+00
   -4.0109633012e+07   -7.3205179495e+07    4.1874452768e+07   -9.6730170317e+02   -2.1154876773e+03    7.9494972390e+02    2.6788640000e+19    2.0901056474e-05    0.0000000000e+00    1.0000000000e+00    0.0000000000e+00
   -3.7859242740e+05    6.6565505678e+07   -7.9325906547e+06    6.8877640196e+01    1.9950137013e+03   -2.3844786530e+02    2.6788640000e+19    2.0901056474e-05    0.0000000000e+00    1.0000000000e+00    0.0000000000e+00
   -1.8473219929e+06   -1.1814627011e+08    4.0014197673e+05   -5.2743168148e+02   -3.6163901051e+03   -1.1097307961e+02    2.6771390000e+19    2.0887597664e-05    0.0000000000e+00    1.0000000000e+00    0.0000000000e+00
    1.4455531477e+07    1.2412596149e+08    4.8854278024e+06    8.2269236072e+02    4.0848526725e+03    2.1470429562e+02    2.6771390000e+19    2.0887597664e-05    0.0000000000e+00    1.0000000000e+00    0.0000000000e+00
    1.5212706356e+07   -5.5768891224e+06   -3.1528500805e+06    3.2278675751e+02   -1.6108408100e+02   -7.4893611663e+01    2.6712080000e+19    2.0841322763e-05    0.0000000000e+00    1.0000000000e+00    0.0000000000e+00
   -2.9029990311e+07   -8.2203913956e+07    1.3249601735e+06   -6.8874312513e+02   -2.5501814721e+03    1.3984433116e+02    2.6684080000e+19    2.0819476578e-05    0.0000000000e+00    1.0000000000e+00    0.0000000000e+00
    1.8849418665e+07    8.7919061472e+05    6.3265860965e+06    4.2147354021e+02    3.1196564855e+01    1.1475492327e+02    2.6652920000e+19    2.0795164895e-05    0.0000000000e+00    1.0000000000e+00    0.0000000000e+00
    2.2505868516e+07    9.9714796958e+07    1.4167003399e+06    5.9749789809e+02    3.2065762361e+03    4.1719606846e+01    2.6623400000e+19    2.0772132774e-05    0.0000000000e+00    1.0000000000e+00    0.0000000000e+00
    6.7480529487e+05   -8.3822168834e+07   -1.1015819256e+07   -1.5902195476e+02   -2.5157796856e+03   -1.3740645230e+02    2.6593920000e+19    2.0749131863e-05    0.0000000000e+00    1.0000000000e+00    0.0000000000e+00
   -3.0632481900e+07   -5.4244364522e+07   -2.1799319747e+07   -7.3476090823e+02   -1.6012347868e+03   -3.7886257331e+02    2.6580010000e+19    2.0738278990e-05    0.0000000000e+00    1.0000000000e+00    0.0000000000e+00
    6.2336408294e+06    1.2616407548e+08   -1.5771210284e+07    6.3993053350e+02    3.6578877367e+03    2.1477466475e+02    2.6580010000e+19    2.0738278990e-05    0.0000000000e+00    1.0000000000e+00    0.0000000000e+00
    8.0272046414e+06   -5.9150541335e+07   -8.4299502407e+06    8.1013492516e+01   -1.7462084744e+03   -1.3459174675e+02    2.6564470000e+19    2.0726154358e-05    0.0000000000e+00    1.0000000000e+00    0.0000000000e+00
    1.0949627775e+07    7.5313724931e+07   -2.6223884615e+06    3.1908361541e+02    2.2981349729e+03    5.5267662026e+00    2.6564470000e+19    2.0726154358e-05    0.0000000000e+00    1.0000000000e+00    0.0000000000e+00
   -1.9935083167e+07   -2.7668294604e+07   -4.5269949399e+07   -4.9285223952e+02   -7.9783087105e+02   -9.5753297422e+02    2.6545430000e+19    2.0711298952e-05    0.0000000000e+00    1.0000000000e+00    0.0000000000e+00
    1.2680412296e+07   -1.5163843834e+07    9.4859038883e+06    2.6171889232e+02   -4.4068627694e+02    1.5254036821e+02    2.6505690000e+19    2.0680292974e-05    0.0000000000e+00    1.0000000000e+00    0.0000000000e+00
    2.3370435252e+07    1.3778179900e+08   -9.7686772096e+05    1.5741617779e+03    4.9312763025e+03   -2.8871831172e+02    2.6476350000e+19    2.0657401293e-05    0.0000000000e+00    1.0000000000e+00    0.0000000000e+00
    7.3004251845e+05    4.3959260991e+07   -1.6098356356e+07    4.2237349821e+01    1.2854466175e+03   -2.5382378981e+02    2.6476350000e+19    2.0657401293e-05    0.0000000000e+00    1.0000000000e+00    0.0000000000e+00
   -3.3064206817e+07   -1.4870353258e+08    3.5088204136e+06   -3.7906849168e+03   -5.5598871768e+03   -5.3570343434e+02    2.6447040000e+19    2.0634533019e-05    0.0000000000e+00    1.0000000000e+00    0.0000000000e+00
   -2.9030242156e+07   -1.4024439213e+08   -1.1924704319e+06   -1.7874673480e+03   -5.4453703627e+03   -6.5606611429e+02    2.6417780000e+19    2.0611703756e-05    0.0000000000e+00    1.0000000000e+00    0.0000000000e+00
   -1.8471675110e+07   -2.1685829143e+07   -3.6103751720e+06   -4.4507988042e+02   -6.4584603659e+02   -4.0030370359e+01    2.6373280000e+19    2.0576983926e-05    0.0000000000e+00    1.0000000000e+00    0.0000000000e+00
    1.0078049297e+07    8.8465211921e+07    1.2491922543e+06    2.9497585753e+02    2.7344013188e+03    2.4072684538e+01    2.6359340000e+19    2.0566107647e-05    0.0000000000e+00    1.0000000000e+00    0.0000000000e+00
   -5.2845668245e+06    4.1755605808e+07    4.8911566382e+07   -8.8295712488e+01    1.1782287295e+03    1.0467930617e+03    2.6304760000e+19    2.0523523191e-05    0.0000000000e+00    1.0000000000e+00    0.0000000000e+00
   -3.0926180280e+07   -1.3571951294e+08   -1.0632010999e+06   -9.9988915203e+02   -5.3223149833e+03    4.3509352687e+02    2.6304760000e+19    2.0523523191e-05    0.0000000000e+00    1.0000000000e+00    0.0000000000e+00
   -1.9967841960e+07   -3.3100107640e+07   -1.1457985080e+06   -4.7528619739e+02   -9.8283804448e+02    4.8321922749e+01    2.6304760000e+19    2.0523523191e-05    0.0000000000e+00    1.0000000000e+00    0.0000000000e+00
    5.6636587740e+06    1.2510431998e+08    7.5423643468e+04    7.5523381976e+02    3.8444762971e+03   -2.5889299237e+02    2.6270580000e+19    2.0496855241e-05    0.0000000000e+00    1.0000000000e+00    0.0000000000e+00
    1.9904365258e+07    6.3152464219e+07   -6.5904167113e+07    5.1320521827e+02    1.7338947377e+03   -1.3978205807e+03    2.6270580000e+19    2.0496855241e-05    0.0000000000e+00    1.0000000000e+00    0.0000000000e+00
    1.5301333136e+07    8.6609535153e+07    2.6482725071e+07    4.3470733465e+02    2.5914278455e+03    4.0488857779e+02    2.6242880000e+19    2.0475243122e-05    0.0000000000e+00    1.0000000000e+00    0.0000000000e+00
    2.4091164305e+06   -1.8001920037e+06   -2.2877530592e+07    3.1830696117e+01   -5.9945909041e+01   -4.7641674954e+02    2.6242880000e+19    2.0475243122e-05    0.0000000000e+00    1.0000000000e+00    0.0000000000e+00
   -1.2765999930e+07   -1.0880644957e+07   -1.7162072397e+07   -3.0046064805e+02   -3.2505063407e+02   -5.3150582420e+02    2.6236440000e+19    2.0470218500e-05    0.0000000000e+00    1.0000000000e+00    0.0000000000e+00
   -1.6039101209e+07    2.8448847943e+07    5.0388647125e+06   -3.5099627552e+02    8.3010628736e+02    1.0087433280e+02    2.6236440000e+19    2.0470218500e-05    0.0000000000e+00    1.0000000000e+00    0.0000000000e+00
    5.7143093236e+06    1.0855354139e+08    4.1936253116e+07    3.0581584083e+02    3.0583793827e+03    6.2173329687e+02    2.6236440000e+19    2.0470218500e-05    0.0000000000e+00    1.0000000000e+00    0.0000000000e+00
    1.2211182983e+07    4.5385970179e+07    2.1644198897e+07    3.2807946250e+02    1.3425533416e+03    3.9109409607e+02    2.6236440000e+19    2.0470218500e-05    0.0000000000e+00    1.0000000000e+00    0.0000000000e+00
    5.5750806469e+06    3.0031217336e+07    1.2266867126e+07    1.6753249071e+02    8.9989073625e+02    2.5665514105e+02    2.6236440000e+19    2.0470218500e-05    0.0000000000e+00    1.0000000000e+00    0.0000000000e+00
   -5.2712010211e+05   -4.2801672890e+07    4.1110135703e+06   -2.8314522106e+01   -1.2620913700e+03    8.2809178986e+01    2.6236440000e+19    2.0470218500e-05    0.0000000000e+00    1.0000000000e+00    0.0000000000e+00
   -4.4392029334e+07   -4.0394479247e+07   -3.7042640192e+07   -1.0663546775e+03   -1.1693130437e+03   -7.6157330480e+02    2.6236440000e+19    2.0470218500e-05    0.0000000000e+00    1.0000000000e+00    0.0000000000e+00
    8.9645330585e+06    6.6470541970e+07   -5.0511243517e+07    2.6687149715e+02    1.8671057850e+03   -1.0014646142e+03    2.6236440000e+19    2.0470218500e-05    0.0000000000e+00    1.0000000000e+00    0.0000000000e+00
    2.5878374959e+07    5.2323370021e+07    5.7048812296e+06    5.9862003118e+02    1.5722281399e+03    8.0377624125e+01    2.6213850000e+19    2.0452593310e-05    0.0000000000e+00    1.0000000000e+00    0.0000000000e+00
    8.2547004050e+06    4.3786609960e+07   -3.5231571219e+07    2.1118088620e+02    1.2560296694e+03   -7.0597383980e+02    2.6213850000e+19    2.0452593310e-05    0.0000000000e+00    1.0000000000e+00    0.0000000000e+00
    1.1220677025e+07    1.1069482986e+08   -5.8542962173e+06    5.3187516162e+02    3.4814287014e+03    1.5550676807e+02    2.6213850000e+19    2.0452593310e-05    0.0000000000e+00    1.0000000000e+00    0.0000000000e+00
    1.7029411767e+07   -7.2410471418e+06   -2.1060455575e+07    3.8569878427e+02   -2.0410748116e+02   -3.9081464144e+02    2.6184850000e+19    2.0429966904e-05    0.0000000000e+00    1.0000000000e+00    0.0000000000e+00
   -1.1604550466e+07    1.0781913974e+08    1.4443163034e+07    3.4937781208e+01    3.1118300207e+03    6.6169633345e+01    2.6168300000e+19    2.0417054249e-05    0.0000000000e+00    1.0000000000e+00    0.0000000000e+00
    9.0703365010e+05    1.1006314348e+08    4.3560919146e+05    4.1620411114e+02    3.3613439869e+03   -6.9804075159e+01    2.6168300000e+19    2.0417054249e-05    0.0000000000e+00    1.0000000000e+00    0.0000000000e+00
   -2.5384781733e+07    7.3605264274e+07   -4.9638863536e+06   -4.8411812193e+02    2.1162879736e+03    5.7838249678e+00    2.6155880000e+19    2.0407363905e-05    0.0000000000e+00    1.0000000000e+00    0.0000000000e+00
    4.0173795035e+07    7.8617166388e+07   -9.4640801538e+06    8.9288717192e+02    2.4014937731e+03   -1.0806141223e+02    2.6126940000e+19    2.0384784313e-05    0.0000000000e+00    1.0000000000e+00    0.0000000000e+00
    2.6679960883e+07    1.3772938278e+08   -6.3198929241e+05    1.5175139110e+03    5.2274171486e+03   -3.7394758802e+02    2.6069150000e+19    2.0339695348e-05    0.0000000000e+00    1.0000000000e+00    0.0000000000e+00
    1.0336609520e+07    8.4977249200e+07    1.4118954982e+07    3.6924047643e+02    2.5738420125e+03    1.1526777721e+02    2.6032580000e+19    2.0311162670e-05    0.0000000000e+00    1.0000000000e+00    0.0000000000e+00
    1.5234430603e+07   -6.0230044191e+07    1.6813576795e+05    2.4543548462e+02   -1.7694716232e+03   -7.7274936645e+00    2.6011490000e+19    2.0294707811e-05    0.0000000000e+00    1.0000000000e+00    0.0000000000e+00
   -1.0243929897e+07   -5.0098245646e+06    3.8396124648e+06   -2.5300925423e+02   -1.5408380026e+02    9.1644128996e+00    2.5964970000e+19    2.0258411936e-05    0.0000000000e+00    1.0000000000e+00    0.0000000000e+00
    6.5706168447e+06   -8.4147235101e+07    3.3448594835e+06   -3.4159179530e+01   -2.5112059833e+03   -2.2617389076e+01    2.5953950000e+19    2.0249813901e-05    0.0000000000e+00    1.0000000000e+00    0.0000000000e+00
   -1.9662313265e+07   -1.3503984013e+08   -5.8472332798e+04   -1.3678822654e+03   -4.4956336439e+03   -5.0282677742e+02    2.5953950000e+19    2.0249813901e-05    0.0000000000e+00    1.0000000000e+00    0.0000000000e+00
    6.6745475031e+06   -9.2683820788e+07   -9.9497075841e+05   -8.1983979616e+01   -2.7668620558e+03    9.5060243387e+01    2.5953950000e+19    2.0249813901e-05    0.0000000000e+00    1.0000000000e+00    0.0000000000e+00
   -1.0626942649e+07   -3.3976877671e+06   -2.1220275973e+07   -2.6868379917e+02   -1.1489028549e+02   -4.1507856305e+02    2.5953950000e+19    2.0249813901e-05    0.0000000000e+00    1.0000000000e+00    0.0000000000e+00
   -2.2756583719e+07   -1.1324782277e+08   -5.2572025946e+06   -7.4649292647e+02   -3.7213459400e+03    1.4027721304e+02    2.5953950000e+19    2.0249813901e-05    0.0000000000e+00    1.0000000000e+00    0.0000000000e+00
   -1.3016658851e+06    4.1222645002e+07    5.9968184812e+06    3.3375856495e+01    1.2216875982e+03    1.3897261235e+02    2.5931240000e+19    2.0232095085e-05    0.0000000000e+00    1.0000000000e+00    0.0000000000e+00
    1.4995742858e+07   -8.6668317412e+07    3.4064652203e+06    1.6167741150e+02   -2.5274032981e+03   -9.3461887180e+01    2.5925220000e+19    2.0227398155e-05    0.0000000000e+00    1.0000000000e+00    0.0000000000e+00
    1.7483634984e+05   -1.0278901723e+08   -8.1493871052e+05   -2.9800381103e+02   -3.1278338468e+03    1.1082187406e+01    2.5925220000e+19    2.0227398155e-05    0.0000000000e+00    1.0000000000e+00    0.0000000000e+00
    2.3227448545e+07   -3.6476402062e+06    2.6720986100e+06    5.1836077803e+02   -9.7924265065e+01    5.0631637009e+01    2.5925220000e+19    2.0227398155e-05    0.0000000000e+00    1.0000000000e+00    0.0000000000e+00
   -7.3144331519e+06    1.7033509758e+07   -4.6791594367e+07   -1.6316633079e+02    4.7477767276e+02   -1.0060524244e+03    2.5925220000e+19    2.0227398155e-05    0.0000000000e+00    1.0000000000e+00    0.0000000000e+00
    1.9153687767e+07    8.8178737474e+07    6.6406516309e+07    5.0824824557e+02    2.3949947925e+03    1.3365945994e+03    2.5897540000e+19    2.0205801641e-05    0.0000000000e+00    1.0000000000e+00    0.0000000000e+00
    3.4143163075e+06   -3.3770869911e+07    1.9109831845e+07    2.7430709818e+01   -9.8875903204e+02    3.2564035451e+02    2.5896520000e+19    2.0205005816e-05    0.0000000000e+00    1.0000000000e+00    0.0000000000e+00
    2.9000408285e+07    3.3531160283e+07    2.3479901422e+07    6.8368509054e+02    9.7869945485e+02    4.3105199722e+02    2.5867850000e+19    2.0182636883e-05    0.0000000000e+00    1.0000000000e+00    0.0000000000e+00
   -2.6720920301e+07    7.0054807807e+07    4.2930760676e+07   -5.5913070054e+02    1.9391384141e+03    8.5425984880e+02    2.5863890000e+19    2.0179547208e-05    0.0000000000e+00    1.0000000000e+00    0.0000000000e+00
   -3.7001258450e+06    1.0627546691e+08   -3.0247924554e+06    2.6089116928e+02    3.1988362368e+03   -1.9478701095e+02    2.5863890000e+19    2.0179547208e-05    0.0000000000e+00    1.0000000000e+00    0.0000000000e+00
   -4.8747102804e+07   -4.9851352506e+07    1.6849474543e+07   -1.1234835292e+03   -1.4524368797e+03    2.8985925363e+02    2.5863890000e+19    2.0179547208e-05    0.0000000000e+00    1.0000000000e+00    0.0000000000e+00
   -5.9101543149e+07   -9.5970006058e+07    3.3812974154e+06   -1.2025176778e+03   -2.9012151694e+03   -4.2226947981e+01    2.5863890000e+19    2.0179547208e-05    0.0000000000e+00    1.0000000000e+00    0.0000000000e+00
    3.5939152633e+06   -6.8723826079e+07    3.4862480027e+07    1.7095347002e+00   -1.9728118170e+03    6.3827437497e+02    2.5839200000e+19    2.0160283554e-05    0.0000000000e+00    1.0000000000e+00    0.0000000000e+00
    2.9181011090e+07   -2.0680989292e+07   -4.8989644417e+06    6.5310377266e+02   -5.8967846439e+02   -8.6874685768e+01    2.5839200000e+19    2.0160283554e-05    0.0000000000e+00    1.0000000000e+00    0.0000000000e+00
    3.4457163289e+07    3.6417466289e+07   -1.2489694170e+07    7.9897747980e+02    1.0811264447e+03   -2.5681745131e+02    2.5839200000e+19    2.0160283554e-05    0.0000000000e+00    1.0000000000e+00    0.0000000000e+00
   -2.4526591379e+07   -5.2788247484e+07    4.5238153255e+07   -6.0914225448e+02   -1.5095642323e+03    9.0334942537e+02    2.5796700000e+19    2.0127124167e-05    0.0000000000e+00    1.0000000000e+00    0.0000000000e+00
    2.5716341424e+07   -1.9728413998e+07   -2.0204942276e+07    5.7577719248e+02   -5.6147501980e+02   -4.0008000928e+02    2.5782000000e+19    2.0115654920e-05    0.0000000000e+00    1.0000000000e+00    0.0000000000e+00
   -2.3030220275e+07   -1.3328181395e+08    3.2919364169e+06   -1.1543487132e+03   -4.7538157385e+03    3.9045212538e+01    2.5782000000e+19    2.0115654920e-05    0.0000000000e+00    1.0000000000e+00    0.0000000000e+00
    4.4309451005e+07    1.2415871200e+08   -9.1702055982e+07    1.0905218776e+03    3.2169804295e+03   -1.9787152507e+03    2.5763170000e+19    2.0100963360e-05    0.0000000000e+00    1.0000000000e+00    0.0000000000e+00
    3.4832950798e+07   -6.6938443954e+06   -8.7255137787e+06    8.0419383946e+02   -1.8067167979e+02   -1.9284227399e+02    2.5753440000e+19    2.0093371811e-05    0.0000000000e+00    1.0000000000e+00    0.0000000000e+00
   -4.3152261856e+07   -3.2384758385e+07    8.1046033087e+06   -1.0039158179e+03   -9.5845419696e+02    2.6337606094e+02    2.5696220000e+19    2.0048727572e-05    0.0000000000e+00    1.0000000000e+00    0.0000000000e+00
   -2.1381019014e+05   -1.0265983603e+08    1.4278197519e+04   -3.3703303701e+02   -3.1214854959e+03   -2.1666838470e+01    2.5667910000e+19    2.0026639519e-05    0.0000000000e+00    1.0000000000e+00    0.0000000000e+00
    3.0529014521e+07    3.9715151479e+07    3.3730580581e+04    6.8515422126e+02    1.1836800958e+03    1.9725702926e+01    2.5667910000e+19    2.0026639519e-05    0.0000000000e+00    1.0000000000e+00    0.0000000000e+00
    3.8218783033e+07    1.5034057524e+08   -4.3310898748e+06    3.2604705051e+03    4.1477891047e+03    1.5416117937e+01    2.5667910000e+19    2.0026639519e-05    0.0000000000e+00    1.0000000000e+00    0.0000000000e+00
   -5.0037029898e+06   -1.1830497380e+08   -4.9570901082e+05   -6.1709091688e+02   -3.6683422263e+03    5.3590039978e+01    2.5667910000e+19    2.0026639519e-05    0.0000000000e+00    1.0000000000e+00    0.0000000000e+00
    1.8954005724e+07    3.3360958807e+07   -2.8843888895e+07    4.6743909105e+02    9.7046474945e+02   -5.4306585706e+02    2.5667910000e+19    2.0026639519e-05    0.0000000000e+00    1.0000000000e+00    0.0000000000e+00
    2.4684334195e+05   -9.5871475607e+07   -4.6689586319e+06   -2.3807710450e+02   -2.8868537449e+03    1.0158330809e+02    2.5667910000e+19    2.0026639519e-05    0.0000000000e+00    1.0000000000e+00    0.0000000000e+00
    7.4315782358e+06   -1.7957441710e+07   -4.9686046292e+07    1.5495392390e+02   -5.1136851550e+02   -1.0731690174e+03    2.5667910000e+19    2.0026639519e-05    0.0000000000e+00    1.0000000000e+00    0.0000000000e+00
    5.0576387561e+06   -6.5453473729e+07   -2.5228478052e+07    3.4236490984e+01   -1.8930501562e+03   -4.0628584541e+02    2.5667910000e+19    2.0026639519e-05    0.0000000000e+00    1.0000000000e+00    0.0000000000e+00
   -3.6643643287e+07   -7.3578245453e+07   -1.0229103994e+08   -9.2418956327e+02   -1.9664728361e+03   -2.3668319422e+03    2.5667910000e+19    2.0026639519e-05    0.0000000000e+00    1.0000000000e+00    0.0000000000e+00
   -1.1405650919e+07   -5.4426721623e+07   -6.7066377158e+07   -3.1197682918e+02   -1.5172904967e+03   -1.4688073131e+03    2.5667910000e+19    2.0026639519e-05    0.0000000000e+00    1.0000000000e+00    0.0000000000e+00
   -1.4621228849e+07    4.4687800209e+07   -6.0196740833e+07   -3.1561401680e+02    1.2340298642e+03   -1.3159124287e+03    2.5629420000e+19    1.9996608817e-05    0.0000000000e+00    1.0000000000e+00    0.0000000000e+00
    4.2621843996e+07    6.2894529406e+07    1.6732609454e+07    9.8593456689e+02    1.8728908345e+03    2.6659561753e+02    2.5611020000e+19    1.9982252752e-05    0.0000000000e+00    1.0000000000e+00    0.0000000000e+00
    2.3038527212e+07   -1.4346768407e+07    3.0745054301e+07    5.3529131842e+02   -4.0379599178e+02    6.0362355536e+02    2.5611020000e+19    1.9982252752e-05    0.0000000000e+00    1.0000000000e+00    0.0000000000e+00
    2.7317215799e+07    4.1701427198e+07   -2.6992356532e+06    6.3147621887e+02    1.2482071567e+03   -8.7295989034e+01    2.5611020000e+19    1.9982252752e-05    0.0000000000e+00    1.0000000000e+00    0.0000000000e+00
    2.2128084991e+07    4.9009868434e+07    6.8624307484e+07    5.6403778252e+02    1.3521156498e+03    1.5145164965e+03    2.5611020000e+19    1.9982252752e-05    0.0000000000e+00    1.0000000000e+00    0.0000000000e+00
   -1.3566491167e+07    8.2340040753e+07    1.8693641777e+06   -1.3057671218e+02    2.4315748785e+03    8.9037362514e+01    2.5562770000e+19    1.9944607095e-05    0.0000000000e+00    1.0000000000e+00    0.0000000000e+00
   -1.9286966691e+07    6.3639331798e+07    2.3804143894e+07   -3.9195520735e+02    1.8265183218e+03    5.4100753601e+02    2.5562770000e+19    1.9944607095e-05    0.0000000000e+00    1.0000000000e+00    0.0000000000e+00
    1.8494226998e+07   -4.4594402719e+07    7.2028101260e+06    3.7390990222e+02   -1.2934403270e+03    9.1553308548e+01    2.5554230000e+19    1.9937944008e-05    0.0000000000e+00    1.0000000000e+00    0.0000000000e+00
    3.2071986986e+07    6.7060172265e+07    1.6028120733e+06    7.3314817056e+02    2.0388382046e+03   -4.1426502728e+01    2.5554230000e+19    1.9937944008e-05    0.0000000000e+00    1.0000000000e+00    0.0000000000e+00
   -4.3224058388e+07   -9.6192515811e+07   -2.3473633709e+07   -9.4791327217e+02   -2.8912943078e+03   -2.4153388385e+02    2.5529500000e+19    1.9918649146e-05    0.0000000000e+00    1.0000000000e+00    0.0000000000e+00
   -1.3852855576e+07    9.1942539035e+07   -2.2961345616e+07   -1.4607594570e+02    2.6236546501e+03   -2.9009423510e+02    2.5529500000e+19    1.9918649146e-05    0.0000000000e+00    1.0000000000e+00    0.0000000000e+00
   -3.6890469252e+07    3.8490374141e+07   -2.3853641158e+07   -8.4089432411e+02    1.0712069898e+03   -4.2618029888e+02    2.5529500000e+19    1.9918649146e-05    0.0000000000e+00    1.0000000000e+00    0.0000000000e+00
   -1.2980123070e+07   -1.3881952358e+08    1.2759407591e+06   -1.3043414714e+03   -4.1846412869e+03   -5.3563680025e+02    2.5497530000e+19    1.9893705484e-05    0.0000000000e+00    1.0000000000e+00    0.0000000000e+00
    1.2279633276e+07   -7.9119127004e+07    1.6459226264e+07    1.3506574487e+02   -2.3116784677e+03    2.4485534995e+02    2.5497530000e+19    1.9893705484e-05    0.0000000000e+00    1.0000000000e+00    0.0000000000e+00
   -6.0999193953e+06   -1.1351333616e+08    3.7396486999e+06   -5.5946504401e+02   -3.5321009108e+03    2.3212069643e+02    2.5497530000e+19    1.9893705484e-05    0.0000000000e+00    1.0000000000e+00    0.0000000000e+00
    3.4061197854e+07    5.2109650015e+06   -3.4414653478e+07    8.0504265809e+02    1.5246733876e+02   -7.1144340302e+02    2.5497530000e+19    1.9893705484e-05    0.0000000000e+00    1.0000000000e+00    0.0000000000e+00
    1.3556829963e+07   -2.2154542042e+07   -6.8499821052e+07    3.1561415502e+02   -6.1440419722e+02   -1.5462394453e+03    2.5497530000e+19    1.9893705484e-05    0.0000000000e+00    1.0000000000e+00    0.0000000000e+00
    2.0372234287e+07    1.1629263267e+08    3.4918549096e+06    6.8658092853e+02    3.8358844920e+03   -2.4601398739e+02    2.5469220000e+19    1.9871617431e-05    0.0000000000e+00    1.0000000000e+00    0.0000000000e+00
   -2.2214940283e+07   -1.4357444933e+08   -2.7991627950e+07   -8.1160866916e+02   -3.7962739716e+03    3.4271622584e+02    2.5469220000e+19    1.9871617431e-05    0.0000000000e+00    1.0000000000e+00    0.0000000000e+00
    2.2458387906e+07   -3.5689151230e+07   -1.0063178658e+07    4.6542217022e+02   -1.0299213241e+03   -2.6641805553e+02    2.5440930000e+19    1.9849544982e-05    0.0000000000e+00    1.0000000000e+00    0.0000000000e+00
   -1.8005257557e+06   -3.6566193332e+07    6.3588813266e+07   -5.7688213462e+01   -1.0185561593e+03    1.3971640138e+03    2.5440930000e+19    1.9849544982e-05    0.0000000000e+00    1.0000000000e+00    0.0000000000e+00
    2.7770189971e+07    4.4786004834e+07   -1.5631951627e+07    6.4413154139e+02    1.3196142507e+03   -2.3902211953e+02    2.5440930000e+19    1.9849544982e-05    0.0000000000e+00    1.0000000000e+00    0.0000000000e+00
    1.6565506846e+07   -7.3021921389e+07   -7.2160380650e+07    3.4890787896e+02   -1.9809943734e+03   -1.5818500330e+03    2.5440930000e+19    1.9849544982e-05    0.0000000000e+00    1.0000000000e+00    0.0000000000e+00
   -3.7619586108e+07   -1.0954511075e+08   -5.0695607491e+07   -8.8567442501e+02   -3.0205264976e+03   -7.8455910137e+02    2.5440930000e+19    1.9849544982e-05    0.0000000000e+00    1.0000000000e+00    0.0000000000e+00
    7.8054189545e+06    1.3779949613e+08   -1.3543465165e+07    1.0537397401e+03    4.1148470806e+03   -1.9983826491e+02    2.5429910000e+19    1.9840946947e-05    0.0000000000e+00    1.0000000000e+00    0.0000000000e+00
   -1.1929051785e+07    4.5706883113e+06    2.2447907334e+07   -2.8203300431e+02    1.1711067737e+02    4.1716164965e+02    2.5429910000e+19    1.9840946947e-05    0.0000000000e+00    1.0000000000e+00    0.0000000000e+00
   -1.8633143309e+07   -2.3125745554e+07   -1.3760409390e+07   -4.1074351956e+02   -6.7587888030e+02   -3.4505387232e+02    2.5429910000e+19    1.9840946947e-05    0.0000000000e+00    1.0000000000e+00    0.0000000000e+00
   -3.0096611023e+07   -3.4035598842e+07   -3.3530933934e+07   -7.3302704146e+02   -9.9489846789e+02   -6.8732457176e+02    2.5429910000e+19    1.9840946947e-05    0.0000000000e+00    1.0000000000e+00    0.0000000000e+00
   -2.3735538561e+07    9.1617181220e+07    1.1707488697e+07   -3.2991642077e+02    2.6390756922e+03    3.7801476636e+02    2.5429910000e+19    1.9840946947e-05    0.0000000000e+00    1.0000000000e+00    0.0000000000e+00
   -2.6454784034e+05   -9.9388019822e+07   -3.6291261119e+05   -2.8688539630e+02   -3.0423711072e+03   -1.8012285077e+00    2.5412670000e+19    1.9827495939e-05    0.0000000000e+00    1.0000000000e+00    0.0000000000e+00
   -1.9569499947e+07   -6.7059080857e+07    1.7959012522e+07   -5.1131430764e+02   -2.0045610990e+03    2.4627725990e+02    2.5412670000e+19    1.9827495939e-05    0.0000000000e+00    1.0000000000e+00    0.0000000000e+00
    1.2423613576e+07   -8.0178825035e+07    1.5363145397e+06    1.1131480859e+02   -2.3622785671e+03   -2.8664288827e+01    2.5384420000e+19    1.9805454699e-05    0.0000000000e+00    1.0000000000e+00    0.0000000000e+00
    2.5503687846e+07    6.0619606295e+07   -3.6301264456e+06    5.6471722607e+02    1.8251300989e+03   -1.4371301426e+02    2.5384420000e+19    1.9805454699e-05    0.0000000000e+00    1.0000000000e+00    0.0000000000e+00
   -3.3080351910e+07    4.5156413268e+07    7.6209214020e+07   -7.7659543335e+02    1.2148071707e+03    1.7279917509e+03    2.5363680000e+19    1.9789272918e-05    0.0000000000e+00    1.0000000000e+00    0.0000000000e+00
   -2.2513157555e+07    6.5757014699e+07   -6.5621773981e+06   -4.6913004356e+02    1.8953300800e+03   -2.1470366393e+02    2.5363680000e+19    1.9789272918e-05    0.0000000000e+00    1.0000000000e+00    0.0000000000e+00
   -4.1325430612e+07    3.1667975127e+06    8.7273629346e+06   -9.7006183227e+02    8.2037848607e+01    1.7180534820e+02    2.5363680000e+19    1.9789272918e-05    0.0000000000e+00    1.0000000000e+00    0.0000000000e+00
   -8.1173045862e+06   -3.4799317937e+07   -2.7076454797e+06   -2.2569425059e+02   -1.0366582983e+03   -5.6033731935e+00    2.5363680000e+19    1.9789272918e-05    0.0000000000e+00    1.0000000000e+00    0.0000000000e+00
   -4.0637263876e+07    5.5295853923e+07    5.1857329611e+06   -8.8089584213e+02    1.5678307596e+03    2.1203829641e+02    2.5363680000e+19    1.9789272918e-05    0.0000000000e+00    1.0000000000e+00    0.0000000000e+00
    2.6665328533e+07    1.4605302456e+08   -9.5559996111e+06    2.4018859066e+03    4.6305567757e+03    1.5934175955e+02    2.5330620000e+19    1.9763478816e-05    0.0000000000e+00    1.0000000000e+00    0.0000000000e+00
   -1.2711586787e+07   -3.8584477347e+07    2.2971197794e+07   -3.4142627279e+02   -1.1356124498e+03    4.1064876799e+02    2.5330620000e+19    1.9763478816e-05    0.0000000000e+00    1.0000000000e+00    0.0000000000e+00
   -2.3112554544e+07    5.0253488199e+07    7.6555398310e+06   -4.5425767220e+02    1.4631301629e+03    2.1120577412e+02    2.5330620000e+19    1.9763478816e-05    0.0000000000e+00    1.0000000000e+00    0.0000000000e+00
    1.4922801694e+05   -3.0987990350e+06   -3.9093793253e+07    1.6873951245e+00   -8.8179153080e+01   -8.2596205308e+02    2.5330620000e+19    1.9763478816e-05    0.0000000000e+00    1.0000000000e+00    0.0000000000e+00
    2.7023419593e+07    4.0226456117e+07    3.2007731793e+07    6.5377842026e+02    1.1634656501e+03    6.0372053682e+02    2.5328010000e+19    1.9761442439e-05    0.0000000000e+00    1.0000000000e+00    0.0000000000e+00
    1.6244845048e+07   -3.3955370154e+07    7.5161808603e+07    3.8147524053e+02   -9.1755243559e+02    1.6943935742e+03    2.5328010000e+19    1.9761442439e-05    0.0000000000e+00    1.0000000000e+00    0.0000000000e+00
    5.8121076719e+05    6.4452297561e+05    7.6501256815e+07    1.4272058124e+01    8.5705720684e+00    1.7662760996e+03    2.5328010000e+19    1.9761442439e-05    0.0000000000e+00    1.0000000000e+00    0.0000000000e+00
    3.3887414698e+07    1.2250399726e+07   -9.1127749073e+07    8.3819566974e+02    3.3420160748e+02   -2.1240418857e+03    2.5328010000e+19    1.9761442439e-05    0.0000000000e+00    1.0000000000e+00    0.0000000000e+00
    2.0801018360e+07   -3.2282762118e+07   -1.1975853941e+06    4.3501697210e+02   -9.3727375472e+02    1.8751983995e+01    2.5271670000e+19    1.9717484794e-05    0.0000000000e+00    1.0000000000e+00    0.0000000000e+00
    3.6252632658e+07   -2.7235338041e+07    5.9075818866e+07    8.6403538752e+02   -7.4150714658e+02    1.3025545596e+03    2.5243540000e+19    1.9695537181e-05    0.0000000000e+00    1.0000000000e+00    0.0000000000e+00
    3.5145652510e+07   -5.2676082254e+06   -2.2330447265e+07    8.1746827216e+02   -1.4337472565e+02   -4.3091554474e+02    2.5243540000e+19    1.9695537181e-05    0.0000000000e+00    1.0000000000e+00    0.0000000000e+00
    2.9101711567e+06   -1.0986175606e+08   -5.6557832508e+06   -2.9688205727e+02   -3.2735419630e+03    1.2918161977e+02    2.5243540000e+19    1.9695537181e-05    0.0000000000e+00    1.0000000000e+00    0.0000000000e+00
   -2.7738494544e+07    6.9453991328e+07    3.0172788863e+07   -5.6266760033e+02    1.9522865642e+03    5.5249618886e+02    2.5231620000e+19    1.9686236948e-05    0.0000000000e+00    1.0000000000e+00    0.0000000000e+00
   -3.3465695513e+06    7.7028820407e+07    1.0115073675e+07    1.3178502764e+02    2.3065768717e+03    9.5687529577e+01    2.5231620000e+19    1.9686236948e-05    0.0000000000e+00    1.0000000000e+00    0.0000000000e+00
   -4.0775598352e+07    7.2334926039e+07   -4.7821865532e+07   -9.1425046476e+02    1.9582410278e+03   -9.8138384556e+02    2.5231620000e+19    1.9686236948e-05    0.0000000000e+00    1.0000000000e+00    0.0000000000e+00
   -4.3506688716e+07    9.0739376340e+06   -6.3081876729e+07   -1.0567862184e+03    2.3576382291e+02   -1.4232121098e+03    2.5231620000e+19    1.9686236948e-05    0.0000000000e+00    1.0000000000e+00    0.0000000000e+00
   -2.3382904046e+07   -1.4351260726e+08   -1.1201255067e+06   -2.0449334862e+03   -4.4836755085e+03    9.7395291190e+02    2.5215430000e+19    1.9673605172e-05    0.0000000000e+00    1.0000000000e+00    0.0000000000e+00
    1.0735111769e+07   -8.2977998865e+07    2.7422680598e+07    1.1239595924e+02   -2.3901769720e+03    4.4624223240e+02    2.5159260000e+19    1.9629780164e-05    0.0000000000e+00    1.0000000000e+00    0.0000000000e+00
    7.3992005331e+06   -8.9624600145e+07    4.3125940834e+07    5.3875102372e+01   -2.5243140362e+03    7.8168123458e+02    2.5159260000e+19    1.9629780164e-05    0.0000000000e+00    1.0000000000e+00    0.0000000000e+00
    2.6932434427e+07    9.2218420500e+07    3.0438785183e+07    6.6648231489e+02    2.7352103586e+03    4.0599059233e+02    2.5159260000e+19    1.9629780164e-05    0.0000000000e+00    1.0000000000e+00    0.0000000000e+00
    3.0477034212e+07   -1.3553788148e+07   -4.7963101872e+07    7.1614888243e+02   -3.7943389808e+02   -1.0431378738e+03    2.5159260000e+19    1.9629780164e-05    0.0000000000e+00    1.0000000000e+00    0.0000000000e+00
    7.7088806754e+06    1.1340400295e+08   -8.1102801085e+07    2.5097018661e+02    2.9771391851e+03   -1.6974497011e+03    2.5159260000e+19    1.9629780164e-05    0.0000000000e+00    1.0000000000e+00    0.0000000000e+00
    1.3496895751e+06    8.3997147903e+07    7.4170833962e+07    8.5974744873e+01    2.2650696762e+03    1.5882557566e+03    2.5131210000e+19    1.9607894968e-05    0.0000000000e+00    1.0000000000e+00    0.0000000000e+00
    1.5452831959e+07   -2.6490918610e+07    5.7377405941e+06    3.0908005954e+02   -7.7366993372e+02    2.1490926609e+02    2.5131210000e+19    1.9607894968e-05    0.0000000000e+00    1.0000000000e+00    0.0000000000e+00
    2.4456028683e+07    1.2942050723e+08    3.6018395782e+07    6.9877540855e+02    3.5505937748e+03    1.1197066848e+02    2.5103180000e+19    1.9586025377e-05    0.0000000000e+00    1.0000000000e+00    0.0000000000e+00
   -1.5213979461e+07   -1.3236937530e+08   -4.4963405809e+06   -1.1869760765e+03   -4.3023790624e+03   -9.2862677326e+00    2.5103180000e+19    1.9586025377e-05    0.0000000000e+00    1.0000000000e+00    0.0000000000e+00
   -3.1426274292e+07   -1.1854313314e+08    6.7732925187e+07   -7.7855100592e+02   -3.1644979342e+03    1.2688378770e+03    2.5103180000e+19    1.9586025377e-05    0.0000000000e+00    1.0000000000e+00    0.0000000000e+00
    1.4371517998e+07   -7.8522569340e+07    5.9943857926e+06    1.5799195094e+02   -2.3126259115e+03    1.8370289407e+02    2.5103180000e+19    1.9586025377e-05    0.0000000000e+00    1.0000000000e+00    0.0000000000e+00
    7.1514807170e+06    1.5015221548e+07   -2.8305772722e+06    1.6434522028e+02    4.4442850417e+02   -1.2203071958e+02    2.5103180000e+19    1.9586025377e-05    0.0000000000e+00    1.0000000000e+00    0.0000000000e+00
   -2.0116922615e+07   -9.7525838445e+07    3.9505985092e+07   -5.5150905403e+02   -2.7957700344e+03    5.6642989505e+02    2.5100060000e+19    1.9583591088e-05    0.0000000000e+00    1.0000000000e+00    0.0000000000e+00
   -3.9185435817e+07   -4.6535422667e+07    4.8217212532e+06   -8.9714435065e+02   -1.3791846986e+03    6.7516618953e+01    2.5100060000e+19    1.9583591088e-05    0.0000000000e+00    1.0000000000e+00    0.0000000000e+00
   -2.5423227471e+07    1.3040484762e+08   -8.0360640655e+07   -5.1987386895e+02    3.3708891015e+03   -1.7119528026e+03    2.5100060000e+19    1.9583591088e-05    0.0000000000e+00    1.0000000000e+00    0.0000000000e+00
   -1.2531980316e+07    9.7494468630e+07   -2.7699181282e+06   -2.2381498094e+01    2.8919137548e+03   -9.7142905841e+01    2.5067250000e+19    1.9557992040e-05    0.0000000000e+00    1.0000000000e+00    0.0000000000e+00
   -3.0976938729e+07   -8.4097924458e+06   -1.9659595908e+07   -7.0373265894e+02   -2.3927028971e+02   -3.7590370932e+02    2.5067250000e+19    1.9557992040e-05    0.0000000000e+00    1.0000000000e+00    0.0000000000e+00
    4.3396207026e+07    1.3829082138e+08   -5.0178972321e+07    9.6727145553e+02    3.5846648139e+03   -5.9378500478e+02    2.5067250000e+19    1.9557992040e-05    0.0000000000e+00    1.0000000000e+00    0.0000000000e+00
    4.7663749683e+07    4.7801318816e+07    3.8321651413e+07    1.1421339977e+03    1.3557027848e+03    7.5159098419e+02    2.5047170000e+19    1.9542325205e-05    0.0000000000e+00    1.0000000000e+00    0.0000000000e+00
   -3.7814573510e+06    7.4319721706e+07    8.4582197760e+07   -5.1050015464e+01    2.0063925409e+03    1.8952674842e+03    2.5047170000e+19    1.9542325205e-05    0.0000000000e+00    1.0000000000e+00    0.0000000000e+00
    1.3472577609e+07   -9.2918638841e+07   -7.5127304256e+06    8.4139626785e+01   -2.7321935909e+03   -7.2887251599e+01    2.5047170000e+19    1.9542325205e-05    0.0000000000e+00    1.0000000000e+00    0.0000000000e+00
    2.2163789736e+07    9.3953386087e+06   -3.3993705473e+06    4.8835737897e+02    2.7372822423e+02    2.6820972086e+00    2.5047170000e+19    1.9542325205e-05    0.0000000000e+00    1.0000000000e+00    0.0000000000e+00
    1.7865364669e+07    1.4539430626e+08   -1.1337960268e+07    1.7524753523e+03    4.3274764177e+03   -6.2118579485e+01    2.5034460000e+19    1.9532408598e-05    0.0000000000e+00    1.0000000000e+00    0.0000000000e+00
   -4.0027527789e+07    4.6527859033e+07    4.1440909925e+07   -9.1231361811e+02    1.2798504345e+03    8.5422179615e+02    2.5034460000e+19    1.9532408598e-05    0.0000000000e+00    1.0000000000e+00    0.0000000000e+00
   -3.4607849359e+07    5.8541828286e+07    1.4786434057e+06   -7.2551672373e+02    1.6632469784e+03   -9.7017702539e+01    2.5034460000e+19    1.9532408598e-05    0.0000000000e+00    1.0000000000e+00    0.0000000000e+00
    3.7465679189e+07    1.1320630563e+08    2.5797834384e+07    8.1120494138e+02    3.3933044706e+03    4.9304245040e+01    2.5034460000e+19    1.9532408598e-05    0.0000000000e+00    1.0000000000e+00    0.0000000000e+00
   -2.7012937114e+07   -1.2520383511e+08   -2.7155014717e+06   -7.1833827945e+02   -4.4124326958e+03    1.2866296913e+02    2.5034460000e+19    1.9532408598e-05    0.0000000000e+00    1.0000000000e+00    0.0000000000e+00
   -7.7290215727e+06    1.1158264487e+08    7.4373561828e+06    2.2269196574e+02    3.3150106990e+03    1.3767385603e+02    2.5034460000e+19    1.9532408598e-05    0.0000000000e+00    1.0000000000e+00    0.0000000000e+00
   -3.8270093489e+07   -1.7982937770e+07   -4.1187277666e+05   -8.7344604880e+02   -5.2886185194e+02    1.4264127969e+01    2.5034460000e+19    1.9532408598e-05    0.0000000000e+00    1.0000000000e+00    0.0000000000e+00
   -6.6145093024e+07   -5.4876724254e+07   -3.2816157486e+07   -1.5629331331e+03   -1.5552367927e+03   -6.3062981948e+02    2.5034460000e+19    1.9532408598e-05    0.0000000000e+00    1.0000000000e+00    0.0000000000e+00
   -3.2718522962e+07   -1.1321985888e+08   -2.4619845890e+07   -7.7746019773e+02   -3.4207259828e+03   -2.3831189857e+01    2.5034460000e+19    1.9532408598e-05    0.0000000000e+00    1.0000000000e+00    0.0000000000e+00
   -2.3524875654e+07    4.6298417164e+07   -2.3973750770e+06   -4.8082711806e+02    1.3484350912e+03   -9.9204092709e-01    2.5001700000e+19    1.9506848561e-05    0.0000000000e+00    1.0000000000e+00    0.0000000000e+00
    6.4777121406e+06    1.2528460944e+08   -6.6603405041e+07    2.6571950758e+02    3.2851345379e+03   -1.2251813631e+03    2.5001700000e+19    1.9506848561e-05    0.0000000000e+00    1.0000000000e+00    0.0000000000e+00
   -3.6267852205e+07    9.1725800599e+07   -4.5361080592e+07   -7.4613083821e+02    2.4692008114e+03   -8.6755616093e+02    2.5001700000e+19    1.9506848561e-05    0.0000000000e+00    1.0000000000e+00    0.0000000000e+00
    4.1119780293e+07    2.5855601768e+07    6.5018003563e+07    1.0034790366e+03    7.1277818117e+02    1.4454344875e+03    2.4991240000e+19    1.9498687451e-05    0.0000000000e+00    1.0000000000e+00    0.0000000000e+00
   -1.5106371879e+07   -2.4711896094e+07    3.5146099775e+07   -3.7250417322e+02   -7.1401187502e+02    6.9474506303e+02    2.4991240000e+19    1.9498687451e-05    0.0000000000e+00    1.0000000000e+00    0.0000000000e+00
   -6.1254070185e+07   -5.5407082209e+07    5.5972991828e+07   -1.4695138651e+03   -1.5286595792e+03    1.2171536658e+03    2.4991240000e+19    1.9498687451e-05    0.0000000000e+00    1.0000000000e+00    0.0000000000e+00
   -3.6722855906e+07   -1.1981276166e+08    3.4517130510e+06   -7.7544398917e+02   -4.1205204707e+03   -2.4892746854e+02    2.4991240000e+19    1.9498687451e-05    0.0000000000e+00    1.0000000000e+00    0.0000000000e+00
   -1.0228831774e+06    4.6673998935e+07   -3.4151164895e+07    1.1449997868e+01    1.3467634363e+03   -6.8707754589e+02    2.4991240000e+19    1.9498687451e-05    0.0000000000e+00    1.0000000000e+00    0.0000000000e+00
    2.5288757936e+07   -1.6476760777e+06    1.5296850921e+06    5.6030610285e+02   -4.5580128999e+01   -3.7590724552e+01    2.4935370000e+19    1.9455096510e-05    0.0000000000e+00    1.0000000000e+00    0.0000000000e+00
    2.9020202263e+07    7.4695855638e+07    9.9525081888e+07    7.3759558721e+02    1.9865490914e+03    2.2807615871e+03    2.4935370000e+19    1.9455096510e-05    0.0000000000e+00    1.0000000000e+00    0.0000000000e+00
    2.7816086175e+07    6.2483112096e+07   -1.0417432914e+07    6.3479325946e+02    1.8626219391e+03   -8.0421583586e+01    2.4935370000e+19    1.9455096510e-05    0.0000000000e+00    1.0000000000e+00    0.0000000000e+00
    2.5763922679e+07   -6.2645980546e+07   -3.2946951184e+07    5.3758561519e+02   -1.7573870792e+03   -6.1811280132e+02    2.4935370000e+19    1.9455096510e-05    0.0000000000e+00    1.0000000000e+00    0.0000000000e+00
   -3.5994513171e+07   -6.7571013042e+07   -1.0865084648e+08   -8.9918663403e+02   -1.7891256285e+03   -2.5433826943e+03    2.4935370000e+19    1.9455096510e-05    0.0000000000e+00    1.0000000000e+00    0.0000000000e+00
    3.2089566926e+07    1.3373200473e+08    4.6090521216e+07    7.8953192537e+02    3.5372816558e+03    4.3210976362e+02    2.4903590000e+19    1.9430301090e-05    0.0000000000e+00    1.0000000000e+00    0.0000000000e+00
    9.0912108298e+06    1.3699423006e+08   -6.2281807008e+06    1.1411152753e+03    4.1853988620e+03   -7.4894904757e+01    2.4903590000e+19    1.9430301090e-05    0.0000000000e+00    1.0000000000e+00    0.0000000000e+00
   -5.0548939729e+07   -4.1500154498e+07   -1.1829484872e+07   -1.1664665721e+03   -1.2055574976e+03   -1.9265823936e+02    2.4903590000e+19    1.9430301090e-05    0.0000000000e+00    1.0000000000e+00    0.0000000000e+00
   -1.6877701839e+07   -1.2229066604e+08   -8.2032367286e+07   -4.4975364791e+02   -3.1945125315e+03   -1.6851894781e+03    2.4879580000e+19    1.9411567986e-05    0.0000000000e+00    1.0000000000e+00    0.0000000000e+00
    1.5504603814e+07   -6.6545503571e+07    7.2575023566e+05    2.3297398782e+02   -1.9505568514e+03   -5.8525979459e+01    2.4851710000e+19    1.9389823230e-05    0.0000000000e+00    1.0000000000e+00    0.0000000000e+00
    3.7746109036e+07    5.0849893745e+07   -7.8394599443e+05    8.6840642054e+02    1.5219081421e+03   -1.0317810952e+02    2.4851710000e+19    1.9389823230e-05    0.0000000000e+00    1.0000000000e+00    0.0000000000e+00
   -1.8259063346e+07    1.0542025266e+07    1.0559753961e+08   -4.4145464746e+02    2.7402760854e+02    2.4893281036e+03    2.4851710000e+19    1.9389823230e-05    0.0000000000e+00    1.0000000000e+00    0.0000000000e+00
   -2.5699408722e+06    7.0299260943e+07    5.7323798016e+07   -3.6657202938e+00    1.9587270955e+03    1.2147680488e+03    2.4838320000e+19    1.9379376073e-05    0.0000000000e+00    1.0000000000e+00    0.0000000000e+00
   -3.5652399932e+07    7.0501829401e+07   -6.1979229106e+06   -7.2580589089e+02    2.0139319808e+03   -1.0189306932e+02    2.4838320000e+19    1.9379376073e-05    0.0000000000e+00    1.0000000000e+00    0.0000000000e+00
   -4.1060610353e+07   -6.5568677846e+07   -4.6707028435e+07   -9.8349503371e+02   -1.8646425985e+03   -9.2804300913e+02    2.4838320000e+19    1.9379376073e-05    0.0000000000e+00    1.0000000000e+00    0.0000000000e+00
    4.7297918579e+07    4.1199402952e+07   -2.5837941890e+07    1.1124264908e+03    1.1915498529e+03   -4.7675338596e+02    2.4823860000e+19    1.9368094079e-05    0.0000000000e+00    1.0000000000e+00    0.0000000000e+00
    3.1802133829e+07   -4.5319901806e+07   -3.5832461147e+07    7.1328139550e+02   -1.2678023188e+03   -7.2232253474e+02    2.4823860000e+19    1.9368094079e-05    0.0000000000e+00    1.0000000000e+00    0.0000000000e+00
   -4.3369386507e+07   -9.9151180931e+07   -5.2407623423e+07   -1.0173085226e+03   -2.7609152810e+03   -9.1754451024e+02    2.4823860000e+19    1.9368094079e-05    0.0000000000e+00    1.0000000000e+00    0.0000000000e+00
   -2.5194359205e+07   -5.0829938433e+07    7.6162772131e+07   -6.3082944036e+02   -1.3943786229e+03    1.7000461983e+03    2.4796020000e+19    1.9346372729e-05    0.0000000000e+00    1.0000000000e+00    0.0000000000e+00
    4.1529657951e+07    5.0735330317e+07   -1.0347965416e+07    9.4405480949e+02    1.4981526032e+03   -1.3439550456e+02    2.4796020000e+19    1.9346372729e-05    0.0000000000e+00    1.0000000000e+00    0.0000000000e+00
   -6.1037985623e+07   -8.5114120120e+07    7.0189239441e+07   -1.4512703919e+03   -2.2894682777e+03    1.5001509836e+03    2.4773150000e+19    1.9328529077e-05    0.0000000000e+00    1.0000000000e+00    0.0000000000e+00
   -2.9828181481e+07    1.4455753137e+07   -1.2468924928e+08   -7.3589834393e+02    3.7327513678e+02   -3.0079696658e+03    2.4773150000e+19    1.9328529077e-05    0.0000000000e+00    1.0000000000e+00    0.0000000000e+00
   -5.0544428464e+06    1.8254108480e+07   -5.8059560986e+07   -9.8768518067e+01    5.1179072734e+02   -1.2619677803e+03    2.4773150000e+19    1.9328529077e-05    0.0000000000e+00    1.0000000000e+00    0.0000000000e+00
    1.1290276779e+07    1.3312836784e+08   -1.0880889045e+07    1.0842488271e+03    4.1569820291e+03   -1.6052942825e+02    2.4740600000e+19    1.9303132888e-05    0.0000000000e+00    1.0000000000e+00    0.0000000000e+00
   -9.9569844520e+06    8.9215389037e+07   -1.0475724957e+08   -2.0757492250e+02    2.3525582798e+03   -2.4220925634e+03    2.4740600000e+19    1.9303132888e-05    0.0000000000e+00    1.0000000000e+00    0.0000000000e+00
   -4.3624082590e+07    3.9388713381e+07   -1.9347998569e+07   -9.9359170610e+02    1.0949664652e+03   -3.2317295293e+02    2.4740600000e+19    1.9303132888e-05    0.0000000000e+00    1.0000000000e+00    0.0000000000e+00
   -1.9691823861e+07   -1.4267299061e+08   -5.7961584043e+06   -1.8236032063e+03   -4.5725363272e+03   -1.5032317723e+02    2.4740390000e+19    1.9302969041e-05    0.0000000000e+00    1.0000000000e+00    0.0000000000e+00
    8.7246161107e+06   -8.7544655578e+07    8.0709233057e+07    1.5885264835e+02   -2.3420716226e+03    1.7582839049e+03    2.4740390000e+19    1.9302969041e-05    0.0000000000e+00    1.0000000000e+00    0.0000000000e+00
    4.1611240620e+07    1.2493432123e+08   -3.7667678713e+07    8.9208205720e+02    3.4762953327e+03   -2.3515239483e+02    2.4740390000e+19    1.9302969041e-05    0.0000000000e+00    1.0000000000e+00    0.0000000000e+00
   -2.2362688883e+07   -1.0846281270e+08    3.7346673532e+07   -6.0030682226e+02   -3.1193520630e+03    4.3439257282e+02    2.4708070000e+19    1.9277752302e-05    0.0000000000e+00    1.0000000000e+00    0.0000000000e+00
    2.8267272225e+07    1.1596390317e+08   -1.0669815244e+08    7.1537355769e+02    2.9939258949e+03   -2.4041876346e+03    2.4708070000e+19    1.9277752302e-05    0.0000000000e+00    1.0000000000e+00    0.0000000000e+00
   -4.1733041225e+07    7.0134862269e+07   -2.2409232827e+07   -8.9128352238e+02    1.9304449763e+03   -3.5124251725e+02    2.4708070000e+19    1.9277752302e-05    0.0000000000e+00    1.0000000000e+00    0.0000000000e+00
   -3.8360137239e+07    4.1230992972e+07    1.7373631563e+08   -9.5940150718e+02    1.0668381065e+03    4.2894875526e+03    2.4675570000e+19    1.9252395123e-05    0.0000000000e+00    1.0000000000e+00    0.0000000000e+00
   -2.1318951920e+07    5.9667315892e+07    1.7676738234e+07   -3.9717999595e+02    1.7285035944e+03    3.1048311751e+02    2.4675570000e+19    1.9252395123e-05    0.0000000000e+00    1.0000000000e+00    0.0000000000e+00
    3.3301694980e+07   -6.0249020940e+07    3.5952807068e+07    7.2403930748e+02   -1.6895530079e+03    7.3707848878e+02    2.4657060000e+19    1.9237953235e-05    0.0000000000e+00    1.0000000000e+00    0.0000000000e+00
    4.6616142455e+07   -1.7592152920e+07    7.0945449619e+07    1.1355362279e+03   -4.8022494589e+02    1.6340515672e+03    2.4657060000e+19    1.9237953235e-05    0.0000000000e+00    1.0000000000e+00    0.0000000000e+00
    2.6174938849e+07   -3.1213697208e+07    1.0409527593e+08    6.3860463736e+02   -8.3220529611e+02    2.4571968602e+03    2.4657060000e+19    1.9237953235e-05    0.0000000000e+00    1.0000000000e+00    0.0000000000e+00
    9.1844195830e+06   -1.2662354731e+08    4.6725268127e+07    1.1938495109e+01   -3.3705512975e+03    7.0734075405e+02    2.4657060000e+19    1.9237953235e-05    0.0000000000e+00    1.0000000000e+00    0.0000000000e+00
    3.3853733878e+07    2.6348293798e+07    8.4426105407e+06    7.7043156144e+02    7.6953493446e+02    7.8248161201e+01    2.4657060000e+19    1.9237953235e-05    0.0000000000e+00    1.0000000000e+00    0.0000000000e+00
    3.2900131822e+07    1.4046739644e+08   -1.3992621433e+06    1.3942883274e+03    5.8382412469e+03    1.4247047722e+03    2.4657060000e+19    1.9237953235e-05    0.0000000000e+00    1.0000000000e+00    0.0000000000e+00
    3.2719669057e+07    2.4353795006e+06   -4.5536754261e+07    7.8159993912e+02    7.2995818726e+01   -9.6087557778e+02    2.4657060000e+19    1.9237953235e-05    0.0000000000e+00    1.0000000000e+00    0.0000000000e+00
   -4.0536476464e+07    9.9160009308e+06    7.9354126927e+07   -9.7781752103e+02    2.6397346597e+02    1.8205749050e+03    2.4643100000e+19    1.9227061351e-05    0.0000000000e+00    1.0000000000e+00    0.0000000000e+00
   -4.7152298713e+07    5.9225538141e+07    2.0677089770e+06   -1.0375921270e+03    1.6622937232e+03   -6.0421744120e+01    2.4643100000e+19    1.9227061351e-05    0.0000000000e+00    1.0000000000e+00    0.0000000000e+00
   -1.0401833547e+07   -1.2892570531e+08   -3.3452293502e+06   -9.7532805705e+02   -4.0710638205e+03   -1.3906349001e+02    2.4601580000e+19    1.9194666580e-05    0.0000000000e+00    1.0000000000e+00    0.0000000000e+00
   -3.2436699884e+07   -8.4610774922e+07    1.2470139717e+08   -8.1056006383e+02   -2.2039768481e+03    2.9443663410e+03    2.4601580000e+19    1.9194666580e-05    0.0000000000e+00    1.0000000000e+00    0.0000000000e+00
   -5.4202933305e+07    3.3101485816e+07    7.5395903503e+06   -1.2451661225e+03    9.3385733277e+02    2.2582380969e+02    2.4578210000e+19    1.9176432818e-05    0.0000000000e+00    1.0000000000e+00    0.0000000000e+00
    1.6433992360e+06    1.0869261484e+08   -4.9222844588e+07    1.9523088064e+02    2.9743611332e+03   -7.9726292545e+02    2.4578210000e+19    1.9176432818e-05    0.0000000000e+00    1.0000000000e+00    0.0000000000e+00
   -4.4305488439e+07    1.3249966647e+07   -4.6639201634e+07   -1.0481548404e+03    3.5801906119e+02   -9.9674009240e+02    2.4578210000e+19    1.9176432818e-05    0.0000000000e+00    1.0000000000e+00    0.0000000000e+00
    1.8997553155e+07   -4.4249046143e+07    5.9234366137e+06    3.4877967897e+02   -1.2918059289e+03    6.8188382776e+01    2.4573870000e+19    1.9173046659e-05    0.0000000000e+00    1.0000000000e+00    0.0000000000e+00
    4.4407972088e+07    9.2154748427e+07    7.1539228857e+07    1.0645409890e+03    2.4739668263e+03    1.4816294000e+03    2.4573870000e+19    1.9173046659e-05    0.0000000000e+00    1.0000000000e+00    0.0000000000e+00
    3.8831034986e+07    3.2565362140e+07   -8.9505823835e+07    9.5545828591e+02    8.6946513441e+02   -2.0635593510e+03    2.4573870000e+19    1.9173046659e-05    0.0000000000e+00    1.0000000000e+00    0.0000000000e+00
    5.3505023733e+07   -1.8099487374e+07   -1.0017255882e+08    1.3199602183e+03   -4.7878436403e+02   -2.3667297692e+03    2.4518470000e+19    1.9129822422e-05    0.0000000000e+00    1.0000000000e+00    0.0000000000e+00
    1.2388426798e+07   -9.0912244342e+07   -5.5799415154e+06    5.2448262344e+01   -2.6831701365e+03   -2.1433014248e+02    2.4490790000e+19    1.9108225908e-05    0.0000000000e+00    1.0000000000e+00    0.0000000000e+00
    3.4756399659e+07   -8.9408347003e+06    1.3575229481e+07    7.9339593752e+02   -2.5269230640e+02    2.3047605545e+02    2.4490790000e+19    1.9108225908e-05    0.0000000000e+00    1.0000000000e+00    0.0000000000e+00
    3.4094383407e+07    9.2595600081e+07   -7.2862061829e+06    7.4057201840e+02    2.9224082744e+03   -1.2527427760e+02    2.4490790000e+19    1.9108225908e-05    0.0000000000e+00    1.0000000000e+00    0.0000000000e+00
    3.6887550134e+07    1.0626435236e+07   -3.6528572006e+07    8.6906720625e+02    2.9991569533e+02   -7.4395444426e+02    2.4490790000e+19    1.9108225908e-05    0.0000000000e+00    1.0000000000e+00    0.0000000000e+00
   -5.5289970297e+06   -9.2129898001e+07   -5.5178710547e+07   -2.1659001702e+02   -2.5626757148e+03   -1.0589165452e+03    2.4490790000e+19    1.9108225908e-05    0.0000000000e+00    1.0000000000e+00    0.0000000000e+00
   -1.1890464740e+06   -2.5690722312e+07   -1.6933224609e+08   -3.2521956481e+01   -6.7679976883e+02   -4.1769202331e+03    2.4490790000e+19    1.9108225908e-05    0.0000000000e+00    1.0000000000e+00    0.0000000000e+00
   -3.3027683453e+07    5.4239233549e+07    6.7508257526e+06   -6.9236264926e+02    1.5348592833e+03   -4.5484678089e+00    2.4448690000e+19    1.9075378608e-05    0.0000000000e+00    1.0000000000e+00    0.0000000000e+00
   -3.5105067253e+07    7.2738500213e+07    6.8104384259e+06   -7.0303066656e+02    2.0499917195e+03   -1.2103848679e+00    2.4448690000e+19    1.9075378608e-05    0.0000000000e+00    1.0000000000e+00    0.0000000000e+00
   -4.0847758187e+07   -7.4854993119e+07    3.2191525977e+07   -9.6003024557e+02   -2.1784540620e+03    5.3398093344e+02    2.4448690000e+19    1.9075378608e-05    0.0000000000e+00    1.0000000000e+00    0.0000000000e+00
   -2.7951356211e+07   -4.3240852743e+07    3.1750298403e+06   -6.3024080710e+02   -1.2800032483e+03    4.1194803009e+01    2.4448690000e+19    1.9075378608e-05    0.0000000000e+00    1.0000000000e+00    0.0000000000e+00
   -1.1963420126e+07    1.0024529821e+08   -6.7950427877e+05    7.8372666050e+00    2.9602470872e+03   -3.6755008553e+01    2.4448690000e+19    1.9075378608e-05    0.0000000000e+00    1.0000000000e+00    0.0000000000e+00
   -4.6460939595e+07    8.3257877431e+06   -1.1424082352e+07   -1.0932705250e+03    2.2355471751e+02   -1.8917371691e+02    2.4448690000e+19    1.9075378608e-05    0.0000000000e+00    1.0000000000e+00    0.0000000000e+00
   -3.3165428942e+06    8.7563820129e+07   -4.9567948333e+06    9.8751207572e+01    2.6081220034e+03    9.0373763049e+01    2.4448690000e+19    1.9075378608e-05    0.0000000000e+00    1.0000000000e+00    0.0000000000e+00
   -3.1838745412e+07   -3.7883356516e+07   -5.1552411409e+07   -7.8661888909e+02   -1.0722590824e+03   -1.1066030672e+03    2.4448690000e+19    1.9075378608e-05    0.0000000000e+00    1.0000000000e+00    0.0000000000e+00
   -4.5507590539e+07    8.3527621556e+07   -1.5784864280e+07   -9.5425065419e+02    2.3217482617e+03   -2.3353595245e+02    2.4448690000e+19    1.9075378608e-05    0.0000000000e+00    1.0000000000e+00    0.0000000000e+00
   -1.3495443636e+07    1.2944544935e+08   -2.6714675495e+05    2.1550787369e+02    3.6653444480e+03    2.2433711148e+02    2.4448690000e+19    1.9075378608e-05    0.0000000000e+00    1.0000000000e+00    0.0000000000e+00
    2.3938672515e+07   -3.7869371184e+07    2.1154718330e+07    5.1644154486e+02   -1.0826086194e+03    3.7151167371e+02    2.4407830000e+19    1.9043498783e-05    0.0000000000e+00    1.0000000000e+00    0.0000000000e+00
    5.4947299821e+07   -4.2607215978e+06    8.9336528054e+07    1.3563145018e+03   -1.1409021573e+02    2.0946161783e+03    2.4407830000e+19    1.9043498783e-05    0.0000000000e+00    1.0000000000e+00    0.0000000000e+00
    1.1746382814e+07   -8.8944400241e+07   -1.0252650604e+07    6.7075881509e+01   -2.6048711806e+03   -5.2132563553e+01    2.4407830000e+19    1.9043498783e-05    0.0000000000e+00    1.0000000000e+00    0.0000000000e+00
    3.0559247886e+07    1.3921735374e+08   -1.8059720702e+07    9.4376768792e+02    4.0538513709e+03    9.4952266675e+02    2.4407830000e+19    1.9043498783e-05    0.0000000000e+00    1.0000000000e+00    0.0000000000e+00
   -5.5823861969e+07   -7.1974440349e+07    8.7290182196e+07   -1.3623265071e+03   -1.9192725763e+03    1.9708948837e+03    2.4384060000e+19    1.9024952932e-05    0.0000000000e+00    1.0000000000e+00    0.0000000000e+00
   -3.7814752852e+07   -1.5315905275e+08   -1.9795011851e+06   -3.8134211855e+03   -4.1868512357e+03    1.0117749389e+03    2.4384060000e+19    1.9024952932e-05    0.0000000000e+00    1.0000000000e+00    0.0000000000e+00
   -4.0248264023e+07    8.8088152991e+07    1.1282135539e+08   -9.6868000185e+02    2.2957218671e+03    2.6674984978e+03    2.4384060000e+19    1.9024952932e-05    0.0000000000e+00    1.0000000000e+00    0.0000000000e+00
   -8.2051119887e+07   -1.7649484907e+07    3.5196942446e+07   -1.9961632471e+03   -4.9529440624e+02    7.4416779730e+02    2.4384060000e+19    1.9024952932e-05    0.0000000000e+00    1.0000000000e+00    0.0000000000e+00
   -2.8117503363e+07   -1.1945013658e+08   -3.9166900936e+06   -6.3647342130e+02   -4.0974356037e+03   -6.1560600528e+01    2.4384060000e+19    1.9024952932e-05    0.0000000000e+00    1.0000000000e+00    0.0000000000e+00
   -2.9767344180e+07   -1.9841458740e+07   -4.9158447860e+06   -6.8121444577e+02   -5.8421010274e+02   -1.5820954225e+02    2.4384060000e+19    1.9024952932e-05    0.0000000000e+00    1.0000000000e+00    0.0000000000e+00
   -4.0332381468e+07   -1.2542708870e+08    6.0029797951e+07   -9.3532379846e+02   -3.3147244855e+03    9.8646338997e+02    2.4380200000e+19    1.9021941280e-05    0.0000000000e+00    1.0000000000e+00    0.0000000000e+00
    3.6867838392e+07    6.6487630145e+07   -8.3272748897e+06    8.0697011387e+02    1.9841668349e+03   -5.1678917815e+01    2.4380200000e+19    1.9021941280e-05    0.0000000000e+00    1.0000000000e+00    0.0000000000e+00
   -2.8974085188e+07   -7.7816556862e+07    2.5916702946e+07   -7.0043781779e+02   -2.3081539455e+03    3.8899841451e+02    2.4351770000e+19    1.8999759600e-05    0.0000000000e+00    1.0000000000e+00    0.0000000000e+00
    1.1906125776e+07   -1.0554285608e+08    1.0947657705e+07   -1.1456222842e+01   -3.0555287261e+03   -9.9531387246e+00    2.4324970000e+19    1.8978849680e-05    0.0000000000e+00    1.0000000000e+00    0.0000000000e+00
    3.8192722890e+07   -5.1447016606e+06   -7.1441147100e+06    8.7911034995e+02   -1.3701469321e+02   -1.8147445858e+02    2.4324970000e+19    1.8978849680e-05    0.0000000000e+00    1.0000000000e+00    0.0000000000e+00
