#   x1                  x2                  x3                  v1                  v2                  v3                  mass                rel_mass            mat0_frac           mat1_frac           mat2_frac
    5.5760734696e+05    5.9624103399e+05    7.7036800825e+04    4.5168298981e+00    1.6185790308e+01    3.1158187771e+00    1.1824048703e+25    9.9229859889e-01    9.0559697971e-01    9.4403020294e-02    0.0000000000e+00
    9.8362889160e+06    9.7295059808e+06    2.7897254596e+05    3.5195934403e+03   -5.8199591854e+03    1.1914405241e+00    2.5389253000e+21    2.1307185729e-04    3.3210725026e-01    6.6789274974e-01    0.0000000000e+00
    2.0934541255e+06    2.5674546159e+07   -1.4568865480e+06    4.8119891014e+03    5.7687046232e+02    1.5046713685e+02    2.1044341000e+21    1.7660845801e-04    7.0762192078e-01    2.9237807922e-01    0.0000000000e+00
   -4.0947341407e+07    1.8812587569e+07    3.8055630438e+04   -2.1897137246e+03    5.8319387072e+03   -1.5354985450e+02    1.3114945000e+21    1.1006332834e-04    1.0000000000e+00    0.0000000000e+00    0.0000000000e+00
    1.6591900033e+06    2.7694577670e+07    2.0334716656e+05    4.6796467625e+03    1.4252405171e+03   -3.1826499222e+02    1.0709757000e+21    8.9878493671e-05    5.4721353622e-01    4.5278646378e-01    0.0000000000e+00
   -4.1082872174e+07    1.4430055088e+07   -1.8682977253e+06   -2.6579372435e+03    5.5825950525e+03   -1.7551602407e+02    9.9817500000e+20    8.3768908501e-05    8.2147819771e-01    1.7852180229e-01    0.0000000000e+00
    4.9868264817e+06    2.1694843329e+07   -3.0226118588e+05    5.0284527255e+03   -9.1183245934e+02    2.7795374858e+02    9.1343020000e+20    7.6656949780e-05    6.4611986772e-01    3.5388013228e-01    0.0000000000e+00
   -1.1088354809e+06    3.4084638142e+07   -6.9620497549e+05    4.1759993591e+03    2.8812828027e+03    4.0920532737e+01    8.2591930000e+20    6.9312854230e-05    1.0000000000e+00    0.0000000000e+00    0.0000000000e+00
   -4.2189720224e+07    5.4568407495e+06   -5.6737611436e+05   -3.2112059145e+03    4.6487936831e+03    2.3278779346e+01    8.1997900000e+20    6.8814331980e-05    1.0000000000e+00    0.0000000000e+00    0.0000000000e+00
    9.4232454188e+05    2.9171716834e+07   -1.6108308065e+06    4.2540405162e+03    1.7778177710e+03    3.8520128188e+02    8.1103490000e+20    6.8063724627e-05    1.0000000000e+00    0.0000000000e+00    0.0000000000e+00
   -1.2962487075e+07    2.8354729020e+07   -1.7038817931e+06    2.6949763119e+03    3.5069746927e+03    5.8331400618e+02    7.8186930000e+20    6.5616087211e-05    1.0000000000e+00    0.0000000000e+00    0.0000000000e+00
    5.8872963809e+06    2.4331415797e+07    1.6149995093e+06    4.9686190747e+03    1.2180916434e+02    7.2025003435e+02    7.7311620000e+20    6.4881508973e-05    1.0000000000e+00    0.0000000000e+00    0.0000000000e+00
   -4.0467966192e+07    1.6951016609e+07   -9.3042527527e+05   -2.3883631275e+03    5.6220391183e+03   -7.1208520721e+01    7.6731130000e+20    6.4394349770e-05    1.0000000000e+00    0.0000000000e+00    0.0000000000e+00
   -1.8991954626e+06    3.0214421109e+07    1.4659889809e+06    3.9805430187e+03    1.8988310205e+03   -8.2801546838e+02    7.4298350000e+20    6.2352710526e-05    1.0000000000e+00    0.0000000000e+00    0.0000000000e+00
   -4.5998409016e+07    1.0084152180e+07   -1.4547036825e+06   -3.5117476474e+03    5.0321561397e+03   -2.3429064666e+02    7.2901450000e+20    6.1180403182e-05    1.0000000000e+00    0.0000000000e+00    0.0000000000e+00
   -3.7221454049e+07    2.3823368263e+07    1.1092332206e+06   -1.3580637599e+03    7.1348754058e+03    4.3586121290e+01    7.0596020000e+20    5.9245638690e-05    1.0000000000e+00    0.0000000000e+00    0.0000000000e+00
   -1.8512518602e+07    2.9873317036e+07    2.0063686115e+06    1.7711504475e+03    4.1671289955e+03   -5.5841412039e+02    7.0433190000e+20    5.9108988389e-05    1.0000000000e+00    0.0000000000e+00    0.0000000000e+00
   -4.1911029194e+05    2.3628448243e+07    4.6914945012e+05    4.6007459648e+03    2.2385533859e+02   -1.0416167313e+03    6.9855930000e+20    5.8624539870e-05    1.0000000000e+00    0.0000000000e+00    0.0000000000e+00
    2.9796201769e+06    2.7145702635e+07   -1.4731466155e+06    5.3363874657e+03    1.6629530031e+03    7.4644259929e+02    6.9778630000e+20    5.8559668112e-05    1.0000000000e+00    0.0000000000e+00    0.0000000000e+00
    5.0810767709e+06    2.3911953255e+07    5.5777973661e+05    5.0430898901e+03   -1.2024259354e+02    7.6986438516e+02    6.7933400000e+20    5.7011112969e-05    1.0000000000e+00    0.0000000000e+00    0.0000000000e+00
    8.4020369695e+06    1.8993140050e+07    6.4911025186e+05    4.6662199113e+03   -2.2859357313e+03   -2.2182104987e+02    6.7571890000e+20    5.6707726307e-05    1.0000000000e+00    0.0000000000e+00    0.0000000000e+00
   -3.9499373624e+07    1.8748924794e+07   -1.1104007296e+06   -2.2442772328e+03    6.0397889347e+03   -3.7332083269e+02    6.6628730000e+20    5.5916206947e-05    1.0000000000e+00    0.0000000000e+00    0.0000000000e+00
    1.1398814717e+07    9.6981552747e+06   -2.0268308908e+06    3.6388539090e+03   -6.0127778603e+03    6.3939220767e+01    6.0902620000e+20    5.1110737118e-05    1.0000000000e+00    0.0000000000e+00    0.0000000000e+00
    1.0354212233e+07    7.6332572258e+06   -2.0660925810e+06    2.5041696101e+03   -6.6507293932e+03    1.1161375093e+02    6.0699840000e+20    5.0940559952e-05    1.0000000000e+00    0.0000000000e+00    0.0000000000e+00
   -2.4216164223e+06    2.8514146057e+07    4.9396090581e+05    4.4884899939e+03    2.7011490462e+03   -8.9802718327e+01    6.0513740000e+20    5.0784380987e-05    1.0000000000e+00    0.0000000000e+00    0.0000000000e+00
   -6.2852697647e+06    2.7959159940e+07   -4.2436123287e+05    3.6259124924e+03    2.8485940180e+03   -1.6118002386e+02    5.9034480000e+20    4.9542955429e-05    1.0000000000e+00    0.0000000000e+00    0.0000000000e+00
    3.7429388605e+06    2.0758078671e+07    2.7042572630e+05    5.1438447133e+03   -1.0694836556e+03   -8.5620686432e+02    5.8820550000e+20    4.9363420953e-05    1.0000000000e+00    0.0000000000e+00    0.0000000000e+00
   -1.1282665496e+07    2.6884345608e+07    5.4280898229e+05    3.1196834627e+03    3.1413459682e+03   -9.0587032746e+02    5.8820550000e+20    4.9363420953e-05    1.0000000000e+00    0.0000000000e+00    0.0000000000e+00
   -4.0082137456e+07    1.5334795568e+07    5.3060816826e+05   -2.4783245781e+03    5.5597169524e+03    1.1227550208e+02    5.5817720000e+20    4.6843383970e-05    1.0000000000e+00    0.0000000000e+00    0.0000000000e+00
   -1.1975168040e+07    3.0171573410e+07    7.1484062979e+05    2.2819419278e+03    4.5609829761e+03    4.3499048474e+02    5.4527710000e+20    4.5760780923e-05    1.0000000000e+00    0.0000000000e+00    0.0000000000e+00
   -3.6783717461e+07    2.1103915374e+07   -1.1320519124e+05   -1.2613708704e+03    6.2121947666e+03    2.7438318126e+02    5.4084560000e+20    4.5388880286e-05    1.0000000000e+00    0.0000000000e+00    0.0000000000e+00
   -3.7196665082e+07    1.7708969480e+07   -1.7416248311e+04   -1.9650594487e+03    5.8683277402e+03   -2.7220859319e+02    5.2710430000e+20    4.4235681997e-05    1.0000000000e+00    0.0000000000e+00    0.0000000000e+00
    6.6307364674e+06    2.1645827530e+07    1.9350367644e+06    5.2685847888e+03   -6.3465800330e+02    2.1769946109e+02    5.2646100000e+20    4.4181694932e-05    0.0000000000e+00    1.0000000000e+00    0.0000000000e+00
   -4.4741511851e+07    1.0750297065e+07   -3.7494609818e+05   -3.4637183021e+03    5.0344011271e+03    1.1428183303e+02    5.2474280000e+20    4.4037500038e-05    1.0000000000e+00    0.0000000000e+00    0.0000000000e+00
    6.1722412015e+06    1.9696398118e+07    5.7827088089e+04    5.1970699033e+03   -1.4934790546e+03    2.4135861339e+02    4.1139920000e+20    3.4525470927e-05    0.0000000000e+00    1.0000000000e+00    0.0000000000e+00
   -3.4736816934e+07   -1.2435977707e+07   -1.3192769046e+06   -3.2680843103e+03    3.2444257558e+03    1.8001803445e+02    3.9169680000e+20    3.2872004808e-05    0.0000000000e+00    1.0000000000e+00    0.0000000000e+00
   -3.5893466864e+07    2.2979291968e+07    1.2754865901e+06   -1.4224968636e+03    6.3437080672e+03    3.0532422549e+02    3.8109160000e+20    3.1981994511e-05    0.0000000000e+00    1.0000000000e+00    0.0000000000e+00
   -1.7178417979e+06    2.1981962328e+07    2.0176057669e+06    4.4154133652e+03    2.5450005487e+02   -4.6012800927e+02    3.6948710000e+20    3.1008120893e-05    0.0000000000e+00    1.0000000000e+00    0.0000000000e+00
   -1.9012018916e+07    2.7945800340e+07    2.7449547800e+06    1.2473652710e+03    5.0563377439e+03    2.4535594400e+02    3.5544210000e+20    2.9829435472e-05    0.0000000000e+00    1.0000000000e+00    0.0000000000e+00
    3.3025998192e+06    1.5936520238e+07    1.9670773397e+06    5.3541090213e+03   -2.9993301037e+03   -2.0205161823e+02    3.5434100000e+20    2.9737028885e-05    0.0000000000e+00    1.0000000000e+00    0.0000000000e+00
   -5.6554053139e+06    2.8696259618e+07   -1.9473649757e+06    3.7282178936e+03    2.9080075207e+03   -8.6135846636e+02    3.5141320000e+20    2.9491321859e-05    0.0000000000e+00    1.0000000000e+00    0.0000000000e+00
    9.1174530172e+06    1.3293759553e+07   -2.2693936974e+06    4.5915424042e+03   -4.3925261343e+03    1.5746537239e+01    3.3058230000e+20    2.7743149689e-05    0.0000000000e+00    1.0000000000e+00    0.0000000000e+00
   -4.0640494624e+07   -2.4785379113e+06    1.5632252454e+05   -3.1041826009e+03    3.8026517493e+03   -2.8375640215e+02    2.4821150000e+20    2.0830421953e-05    0.0000000000e+00    1.0000000000e+00    0.0000000000e+00
   -9.0995256056e+05    2.3592709616e+07    2.8351590507e+06    4.9065003558e+03    2.2515576395e+02   -8.3413442013e+02    2.4656700000e+20    2.0692412115e-05    0.0000000000e+00    1.0000000000e+00    0.0000000000e+00
   -2.9062866156e+07   -1.7550661643e+07   -3.2881829660e+05   -3.5294762327e+03    3.0955984252e+03    2.7345585044e+01    2.4656700000e+20    2.0692412115e-05    0.0000000000e+00    1.0000000000e+00    0.0000000000e+00
   -1.0089173282e+05    2.4465173815e+07   -3.0618693577e+06    4.5495100822e+03    4.2425269401e+02    1.0192977836e+03    2.4492380000e+20    2.0554511375e-05    0.0000000000e+00    1.0000000000e+00    0.0000000000e+00
    2.0746547200e+06    1.4554479550e+07   -3.0046698870e+06    5.7231761541e+03   -2.7072038979e+03    2.3283349636e+03    2.4492380000e+20    2.0554511375e-05    0.0000000000e+00    1.0000000000e+00    0.0000000000e+00
    7.4200732085e+06    1.6774347845e+07    1.6054591646e+06    5.0952806815e+03   -2.5181870536e+03    1.1410835221e+02    2.4328200000e+20    2.0416728127e-05    0.0000000000e+00    1.0000000000e+00    0.0000000000e+00
   -7.0856212961e+06    2.5468963326e+07   -1.7023252305e+06    4.0065132817e+03    2.9261293214e+03   -4.2804544892e+02    2.4164130000e+20    2.0279037193e-05    0.0000000000e+00    1.0000000000e+00    0.0000000000e+00
   -1.3008678542e+07    3.2770958942e+07    4.9704771871e+06    2.3988743656e+03    3.9986721535e+03    4.7489006282e+02    2.4164130000e+20    2.0279037193e-05    0.0000000000e+00    1.0000000000e+00    0.0000000000e+00
    7.8593737988e+06    1.2366394550e+07    2.9791404121e+06    5.5095650156e+03   -4.7540821835e+03    1.2896141130e+03    2.4164130000e+20    2.0279037193e-05    0.0000000000e+00    1.0000000000e+00    0.0000000000e+00
   -1.0938799164e+06    2.3253390181e+07   -1.1930334479e+06    4.7566516927e+03    1.1196750823e+03   -1.0822158948e+03    2.4000160000e+20    2.0141430181e-05    0.0000000000e+00    1.0000000000e+00    0.0000000000e+00
    9.8199001235e+06    8.6461615755e+06    2.9451386853e+06    4.7042003500e+03   -5.9663951545e+03    1.6394607741e+03    2.4000160000e+20    2.0141430181e-05    0.0000000000e+00    1.0000000000e+00    0.0000000000e+00
   -4.2107303567e+06    2.5201844353e+07    4.8687837800e+06    4.1959354091e+03    1.0725104389e+03   -1.9841145485e+02    2.3918210000e+20    2.0072656047e-05    0.0000000000e+00    1.0000000000e+00    0.0000000000e+00
   -3.7952165262e+07    1.9813615076e+07   -5.9314269278e+05   -1.9372306557e+03    6.2590227855e+03   -2.5211302483e+02    2.3918210000e+20    2.0072656047e-05    0.0000000000e+00    1.0000000000e+00    0.0000000000e+00
    8.9634343760e+06    1.3135018544e+07   -6.5924930477e+05    3.6053252119e+03   -4.5610453444e+03   -4.0178285152e+02    2.3672460000e+20    1.9866417569e-05    0.0000000000e+00    1.0000000000e+00    0.0000000000e+00
   -1.3905849950e+06    2.1968441728e+07   -2.4628725263e+06    5.0305176806e+03   -1.4084011963e+02    7.7513322345e+02    2.3672460000e+20    1.9866417569e-05    0.0000000000e+00    1.0000000000e+00    0.0000000000e+00
   -8.5647263313e+06    3.0169023415e+07   -3.4607528334e+06    3.2397905823e+03    3.1404338896e+03   -1.4253396165e+02    2.3672460000e+20    1.9866417569e-05    0.0000000000e+00    1.0000000000e+00    0.0000000000e+00
   -3.6886481395e+07    1.1082506418e+07   -1.9519294771e+06   -2.0663050868e+03    5.1547625304e+03   -4.1070728503e+01    2.3672460000e+20    1.9866417569e-05    0.0000000000e+00    1.0000000000e+00    0.0000000000e+00
   -5.2938573638e+05    3.0902463903e+07    8.6063874936e+05    4.2455658503e+03    2.8757867720e+03    3.7947024728e+01    2.3672460000e+20    1.9866417569e-05    0.0000000000e+00    1.0000000000e+00    0.0000000000e+00
   -3.1905920117e+07   -3.2813655778e+07    3.1104022774e+06   -4.4719423618e+03    6.2192142673e+02    4.4846287902e+01    2.3672460000e+20    1.9866417569e-05    0.0000000000e+00    1.0000000000e+00    0.0000000000e+00
    4.5328038343e+06    3.1355091013e+07   -1.5965084793e+06    4.3156860632e+03    1.4251221423e+03    3.3857515675e+02    2.3590570000e+20    1.9797693789e-05    0.0000000000e+00    1.0000000000e+00    0.0000000000e+00
   -3.8768216451e+07   -1.3883147735e+07    1.0662388576e+06   -3.8643082436e+03    2.7898881197e+03    1.0020824219e+02    2.3508690000e+20    1.9728978402e-05    0.0000000000e+00    1.0000000000e+00    0.0000000000e+00
    6.0597302238e+06    1.3275942884e+07    8.9135061927e+05    3.9993183991e+03   -4.5402969273e+03    8.3922772837e+02    2.3508690000e+20    1.9728978402e-05    0.0000000000e+00    1.0000000000e+00    0.0000000000e+00
    8.4881895816e+06    1.8290449634e+07   -7.0504470301e+05    4.1782589765e+03   -2.3475173630e+03   -5.3584031820e+02    2.3181250000e+20    1.9454183988e-05    0.0000000000e+00    1.0000000000e+00    0.0000000000e+00
    7.9090765629e+06    1.4513720668e+07    1.3048375419e+06    5.4855724041e+03   -3.3985427725e+03   -2.1586898636e+03    2.2935680000e+20    1.9248096570e-05    0.0000000000e+00    1.0000000000e+00    0.0000000000e+00
    1.4746548001e+07    1.0217961001e+07    9.4188916917e+05    3.0316331306e+03   -5.6144348028e+03   -3.3228781563e+00    2.2935680000e+20    1.9248096570e-05    0.0000000000e+00    1.0000000000e+00    0.0000000000e+00
   -1.1815619255e+07    2.8936580634e+07   -4.3751929052e+06    3.0281184951e+03    3.2045401099e+03   -1.5067355354e+02    2.2690060000e+20    1.9041967190e-05    0.0000000000e+00    1.0000000000e+00    0.0000000000e+00
   -3.5910242042e+07    1.6288198606e+07    5.2495290067e+05   -1.7305766875e+03    5.7865448363e+03    3.6455202051e+02    2.2690060000e+20    1.9041967190e-05    0.0000000000e+00    1.0000000000e+00    0.0000000000e+00
    4.7485610188e+07   -4.2404987588e+07   -1.5248345073e+07    7.1589983302e+02   -3.3020044679e+03    7.3488374148e+02    2.2690060000e+20    1.9041967190e-05    0.0000000000e+00    1.0000000000e+00    0.0000000000e+00
    1.2094035670e+07    6.2906207401e+06   -1.8390941318e+06    3.1053018264e+03   -6.8998928659e+03    9.9315172143e+02    2.2690060000e+20    1.9041967190e-05    0.0000000000e+00    1.0000000000e+00    0.0000000000e+00
   -2.6611898072e+07   -2.3862049735e+07   -2.6023180801e+06   -3.7339823044e+03    2.4741402898e+03   -1.8460686836e+02    2.2526240000e+20    1.8904486061e-05    0.0000000000e+00    1.0000000000e+00    0.0000000000e+00
    1.7628676716e+06    2.4129470740e+07    2.8332460541e+06    5.1740335704e+03    7.5655241835e+02   -8.1020872881e+02    2.2526240000e+20    1.8904486061e-05    0.0000000000e+00    1.0000000000e+00    0.0000000000e+00
    9.4358062028e+06    1.1703690132e+07   -2.7575834293e+05    4.8766724273e+03   -5.2564548218e+03    4.4485225101e+01    2.2526240000e+20    1.8904486061e-05    0.0000000000e+00    1.0000000000e+00    0.0000000000e+00
   -4.2221537481e+07   -3.6989504501e+06   -6.7477782427e+04   -3.5996731648e+03    3.8284314196e+03   -1.0424495607e+02    2.2526240000e+20    1.8904486061e-05    0.0000000000e+00    1.0000000000e+00    0.0000000000e+00
    9.1814398359e+06    1.0603804575e+07   -3.6962642232e+06    2.9729448651e+03   -5.4944792512e+03    5.3033454372e+01    2.2198390000e+20    1.8629347567e-05    0.0000000000e+00    1.0000000000e+00    0.0000000000e+00
   -7.0113231213e+06    3.2812526617e+07   -2.1786000521e+06    2.9578174329e+03    2.8153077815e+03    1.7551416445e+01    2.2034310000e+20    1.8491648241e-05    0.0000000000e+00    1.0000000000e+00    0.0000000000e+00
   -1.1393604210e+07    3.2932191877e+07    4.2735741042e+06    2.8707244130e+03    4.1348514936e+03   -8.1588268360e+01    2.1787930000e+20    1.8284881054e-05    0.0000000000e+00    1.0000000000e+00    0.0000000000e+00
   -9.5174479510e+06    3.9665819340e+05   -6.8927563783e+06    2.6417136856e+03    6.0380721275e+03   -1.6137771352e+03    2.1787930000e+20    1.8284881054e-05    0.0000000000e+00    1.0000000000e+00    0.0000000000e+00
    1.4614341554e+07   -1.3225512682e+07    1.1038648211e+07   -4.6187934851e+03   -1.9132628245e+03   -2.9890820090e+03    2.1787930000e+20    1.8284881054e-05    0.0000000000e+00    1.0000000000e+00    0.0000000000e+00
   -3.9328202915e+07    6.5700705274e+06   -2.5740167488e+06   -2.6191998035e+03    4.4941300230e+03   -5.0688069095e+02    2.1787930000e+20    1.8284881054e-05    0.0000000000e+00    1.0000000000e+00    0.0000000000e+00
   -1.3461682406e+07    1.8467643573e+07   -6.2514444592e+06    3.6679558939e+03    1.1295092765e+03    3.3723844659e+02    2.1623490000e+20    1.8146879608e-05    0.0000000000e+00    1.0000000000e+00    0.0000000000e+00
   -4.3152138562e+07   -9.1098446133e+06   -1.4143926921e+06   -4.1556364576e+03    3.1841589692e+03    8.9896553158e+01    2.1541190000e+20    1.8077811748e-05    0.0000000000e+00    1.0000000000e+00    0.0000000000e+00
   -1.2697740562e+07    3.5739271247e+07    7.4618256020e+06    1.4318912720e+03    5.0346262815e+03   -9.4865065741e+02    2.1458850000e+20    1.8008710318e-05    0.0000000000e+00    1.0000000000e+00    0.0000000000e+00
   -7.4866030093e+06    3.0325687576e+07    2.0219751791e+05    3.2065141799e+03    3.9657034774e+03    3.2338790897e+02    2.1211500000e+20    1.7801129087e-05    0.0000000000e+00    1.0000000000e+00    0.0000000000e+00
   -4.2766338781e+07   -1.7466204822e+07   -1.6248493326e+06   -4.5155920696e+03    2.2754939539e+03    3.4594219295e+01    2.1211500000e+20    1.7801129087e-05    0.0000000000e+00    1.0000000000e+00    0.0000000000e+00
    1.4886851287e+07   -2.9858581780e+05   -2.1469862366e+06    6.4232545454e+02   -7.0127080536e+03    2.6049718720e+02    2.1211500000e+20    1.7801129087e-05    0.0000000000e+00    1.0000000000e+00    0.0000000000e+00
    2.3051356355e+07   -2.8544444089e+07    1.8916765273e+07   -1.8141462276e+03   -2.1428102053e+03   -1.3637931175e+03    2.1136460000e+20    1.7738153969e-05    0.0000000000e+00    1.0000000000e+00    0.0000000000e+00
    6.3581459655e+07    5.0298305026e+07    3.6378757353e+07    3.7701970067e+03    1.7118879891e+02    1.6128961836e+03    2.1136460000e+20    1.7738153969e-05    0.0000000000e+00    1.0000000000e+00    0.0000000000e+00
   -4.1447694947e+07   -1.4781182488e+07   -2.7661064657e+06   -4.3057153440e+03    2.6072272183e+03    1.0703688365e+02    2.0977240000e+20    1.7604533255e-05    0.0000000000e+00    1.0000000000e+00    0.0000000000e+00
   -6.6631985110e+05    2.9069061146e+07   -6.3491846159e+05    4.3195202350e+03    1.8599233944e+03    7.8204099417e+02    2.0880840000e+20    1.7523632383e-05    0.0000000000e+00    1.0000000000e+00    0.0000000000e+00
   -1.5646465563e+07    2.3675928763e+07    2.8307089639e+06    2.9468095511e+03    3.9294715234e+03    1.3511887633e+03    2.0880840000e+20    1.7523632383e-05    0.0000000000e+00    1.0000000000e+00    0.0000000000e+00
    1.5421969591e+07    7.4182494856e+06   -8.0044447889e+05    2.4771874933e+03   -5.9455560806e+03    1.5264117734e+02    2.0880840000e+20    1.7523632383e-05    0.0000000000e+00    1.0000000000e+00    0.0000000000e+00
   -2.0553588998e+07    3.0522494366e+07   -1.7063056232e+06    1.3460583435e+03    4.2379719817e+03   -7.3205457845e+02    2.0797990000e+20    1.7454102951e-05    0.0000000000e+00    1.0000000000e+00    0.0000000000e+00
    5.2872216092e+06    1.4510606645e+07    5.2571804399e+05    5.4923030206e+03   -3.5743889643e+03   -2.4049599726e+03    2.0715070000e+20    1.7384514774e-05    0.0000000000e+00    1.0000000000e+00    0.0000000000e+00
   -1.6023498767e+07   -9.1076861738e+05   -7.1961287978e+05    1.6491700586e+02    7.4827755613e+03    6.4362754646e+02    2.0715070000e+20    1.7384514774e-05    0.0000000000e+00    1.0000000000e+00    0.0000000000e+00
   -6.7825915088e+06   -2.7976824390e+07    3.9679467887e+06   -4.1213427042e+03    1.9945707510e+03   -3.6220949752e+01    2.0715070000e+20    1.7384514774e-05    0.0000000000e+00    1.0000000000e+00    0.0000000000e+00
   -3.1265477197e+07   -3.4396865220e+07   -1.8284940811e+07    7.4553422313e+02    1.8051346856e+03    1.8723363802e+03    2.0715070000e+20    1.7384514774e-05    0.0000000000e+00    1.0000000000e+00    0.0000000000e+00
   -1.1592514126e+07    2.9568748524e+07   -2.0753971031e+06    3.0680487129e+03    3.2804174906e+03    7.2151052476e+02    2.0715070000e+20    1.7384514774e-05    0.0000000000e+00    1.0000000000e+00    0.0000000000e+00
   -3.7920158601e+06    1.7960473804e+07    2.1424124859e+06    5.2533697300e+03   -9.8524609991e+02   -9.4163668758e+02    2.0715070000e+20    1.7384514774e-05    0.0000000000e+00    1.0000000000e+00    0.0000000000e+00
    1.5858455194e+07   -9.7001960547e+05   -5.4344139092e+05    7.5018300094e+02   -7.7510767885e+03    1.0197306421e+03    2.0465810000e+20    1.7175330631e-05    0.0000000000e+00    1.0000000000e+00    0.0000000000e+00
    5.5956534894e+06    1.6705988949e+07   -1.4492149253e+06    4.1541235031e+03   -2.5453956625e+03    1.1110802685e+02    2.0382550000e+20    1.7105457119e-05    0.0000000000e+00    1.0000000000e+00    0.0000000000e+00
    6.4732201774e+06    1.1971431939e+07   -4.4594339031e+05    5.3871877841e+03   -5.7535216449e+03   -4.3908152264e+02    2.0382550000e+20    1.7105457119e-05    0.0000000000e+00    1.0000000000e+00    0.0000000000e+00
   -1.0463235955e+06    3.3326454454e+07   -3.3061814024e+06    4.4168202591e+03    2.4298313543e+03    6.1714788332e+01    2.0382550000e+20    1.7105457119e-05    0.0000000000e+00    1.0000000000e+00    0.0000000000e+00
   -3.7646271365e+07   -1.0125322224e+08   -2.8984588474e+07   -9.2216471742e+02   -1.1815844115e+03    5.8796899191e+01    2.0262970000e+20    1.7005103112e-05    0.0000000000e+00    1.0000000000e+00    0.0000000000e+00
   -4.0625703818e+07   -1.3296943340e+07    2.0433699670e+06   -4.0323689334e+03    2.9184957948e+03    2.8365279974e+02    2.0215730000e+20    1.6965458328e-05    0.0000000000e+00    1.0000000000e+00    0.0000000000e+00
   -2.3365773819e+07   -8.3444477411e+06   -8.4409433034e+05   -1.9070118704e+03    5.0625423301e+03    6.9514357800e+01    2.0048500000e+20    1.6825115457e-05    0.0000000000e+00    1.0000000000e+00    0.0000000000e+00
    7.8680790454e+07   -4.4040470984e+07   -1.9936023663e+07    3.0689498018e+03   -3.9973749227e+03   -8.5588444656e+02    2.0048500000e+20    1.6825115457e-05    0.0000000000e+00    1.0000000000e+00    0.0000000000e+00
   -6.4301947812e+07   -8.4193181939e+07   -1.6817383808e+07   -1.1086985974e+03   -6.8282889278e+02    2.8395296118e+02    2.0048500000e+20    1.6825115457e-05    0.0000000000e+00    1.0000000000e+00    0.0000000000e+00
   -1.5677211343e+07   -2.9374893301e+07   -2.2105492946e+07   -2.6308989343e+03    1.6847234421e+03   -1.3783318634e+03    2.0048500000e+20    1.6825115457e-05    0.0000000000e+00    1.0000000000e+00    0.0000000000e+00
    7.8282701663e+06    1.7274401778e+07   -1.5338479159e+06    4.5151017438e+03   -2.3369249274e+03    1.0514221266e+02    2.0048500000e+20    1.6825115457e-05    0.0000000000e+00    1.0000000000e+00    0.0000000000e+00
    1.4565932798e+06    3.1056436927e+07   -1.6384584820e+06    3.8565947242e+03    2.5752245726e+03   -1.9847039665e+02    2.0048500000e+20    1.6825115457e-05    0.0000000000e+00    1.0000000000e+00    0.0000000000e+00
   -9.9453091488e+06    3.2334144301e+07   -2.0402578914e+06    2.8553372390e+03    3.9238676525e+03   -3.9220686328e+02    2.0048500000e+20    1.6825115457e-05    0.0000000000e+00    1.0000000000e+00    0.0000000000e+00
   -3.9628241985e+07    2.3326608733e+07    1.0166325461e+06   -2.3855521014e+03    6.5266772921e+03   -1.1827972808e+02    2.0025390000e+20    1.6805721067e-05    0.0000000000e+00    1.0000000000e+00    0.0000000000e+00
   -2.2246727292e+07    2.6594211845e+07    1.8431348037e+06    8.4033784692e+02    5.5652457405e+03   -2.9060809976e+01    1.9964720000e+20    1.6754805549e-05    0.0000000000e+00    1.0000000000e+00    0.0000000000e+00
   -3.3685901563e+07    1.8285298281e+07    1.1632668549e+06   -1.2499805906e+03    5.8831884560e+03    4.4093751831e+02    1.9880820000e+20    1.6684394936e-05    0.0000000000e+00    1.0000000000e+00    0.0000000000e+00
   -6.6538932904e+07   -8.1371152866e+07    6.2564969926e+07   -1.4066946297e+03   -1.2314970035e+03    5.6247491382e+02    1.9796810000e+20    1.6613892008e-05    0.0000000000e+00    1.0000000000e+00    0.0000000000e+00
    1.3778235796e+07    1.0560949187e+06   -3.0896950130e+06    1.4063116577e+03   -7.4397686866e+03   -4.7681925148e+02    1.9796810000e+20    1.6613892008e-05    0.0000000000e+00    1.0000000000e+00    0.0000000000e+00
    7.1459069696e+06    1.6482258677e+07   -1.6611585401e+05    4.7584564390e+03   -3.1773936567e+03    2.7216766059e+01    1.9796810000e+20    1.6613892008e-05    0.0000000000e+00    1.0000000000e+00    0.0000000000e+00
   -2.7444250500e+07   -2.5665761170e+07   -2.8859233152e+07    7.3958679404e+02    1.3509214343e+03    2.4790773147e+03    1.9796810000e+20    1.6613892008e-05    0.0000000000e+00    1.0000000000e+00    0.0000000000e+00
    1.3255549154e+05    2.5960037776e+07   -3.5695819097e+06    4.6891697582e+03    6.4332138386e+02    1.0116621124e+02    1.9796810000e+20    1.6613892008e-05    0.0000000000e+00    1.0000000000e+00    0.0000000000e+00
   -1.3193636700e+07   -2.9487155427e+07    1.3273440755e+06   -4.0978944347e+03    1.9082053420e+03   -1.1474705439e+02    1.9712670000e+20    1.6543279981e-05    0.0000000000e+00    1.0000000000e+00    0.0000000000e+00
   -3.5739654654e+07    1.1963082988e+07   -1.0042140002e+06   -1.8123123029e+03    4.9972119037e+03   -7.3154845256e+01    1.9712670000e+20    1.6543279981e-05    0.0000000000e+00    1.0000000000e+00    0.0000000000e+00
    7.9591775235e+06   -2.9878668204e+07   -5.4416464935e+06   -4.0343479647e+03    2.1350431071e+02    4.7566421381e+02    1.9712670000e+20    1.6543279981e-05    0.0000000000e+00    1.0000000000e+00    0.0000000000e+00
   -3.2376720555e+07   -1.9010108906e+07   -2.0183376180e+06   -3.6048776548e+03    2.6067317073e+03    1.4058537982e+02    1.9712670000e+20    1.6543279981e-05    0.0000000000e+00    1.0000000000e+00    0.0000000000e+00
    6.1038143058e+06    1.1779219755e+07    1.2313658665e+06    5.4733639025e+03   -4.6786541797e+03   -2.5609154708e+03    1.9712670000e+20    1.6543279981e-05    0.0000000000e+00    1.0000000000e+00    0.0000000000e+00
    3.9708932129e+06    1.4032141779e+07    1.9440775353e+06    4.9604716793e+03   -3.5172489995e+03    3.6993246127e+01    1.9708730000e+20    1.6539973452e-05    0.0000000000e+00    1.0000000000e+00    0.0000000000e+00
   -2.9066323542e+07   -2.6123585371e+07   -1.4961067579e+05   -3.9498126670e+03    1.9720189507e+03    3.9779028794e+01    1.9628400000e+20    1.6472558856e-05    0.0000000000e+00    1.0000000000e+00    0.0000000000e+00
   -4.4038053880e+07    1.5446583556e+07    2.2074342977e+06   -2.7554241002e+03    5.4335866115e+03    1.8932022847e+02    1.9544000000e+20    1.6401728632e-05    0.0000000000e+00    1.0000000000e+00    0.0000000000e+00
   -3.7494626167e+07   -1.1708672815e+07   -7.5302766056e+03   -3.5980373966e+03    3.0822560446e+03   -3.3292632450e+02    1.9544000000e+20    1.6401728632e-05    0.0000000000e+00    1.0000000000e+00    0.0000000000e+00
    1.2109787764e+07    1.1881153043e+07   -1.6873119187e+06    4.1129148155e+03   -4.4746147244e+03   -2.3540794616e+02    1.9544000000e+20    1.6401728632e-05    0.0000000000e+00    1.0000000000e+00    0.0000000000e+00
   -5.6397322018e+06    2.9744590848e+07   -5.7370384821e+06    3.9523776970e+03    3.0825765574e+03   -4.4289519417e+02    1.9471190000e+20    1.6340624976e-05    0.0000000000e+00    1.0000000000e+00    0.0000000000e+00
   -9.0444796041e+07   -8.1991193674e+07    1.8367173127e+07   -1.7585016639e+03   -9.7756777388e+02   -1.4908221331e+02    1.9391990000e+20    1.6274158699e-05    0.0000000000e+00    1.0000000000e+00    0.0000000000e+00
   -2.6090669263e+06    2.1834523481e+07    3.9105661519e+06    4.3001179058e+03    2.0665884378e+03   -1.6850118728e+03    1.9374780000e+20    1.6259715712e-05    0.0000000000e+00    1.0000000000e+00    0.0000000000e+00
   -2.1991326032e+07   -7.2722933996e+06   -8.1140275178e+07   -3.6182765923e+02   -2.6161512297e+01    2.3920600127e+02    1.9374780000e+20    1.6259715712e-05    0.0000000000e+00    1.0000000000e+00    0.0000000000e+00
   -5.8239426716e+06    2.7612925493e+07    4.7341276842e+06    3.7006584508e+03    1.8649514014e+03   -1.6204082590e+02    1.9374780000e+20    1.6259715712e-05    0.0000000000e+00    1.0000000000e+00    0.0000000000e+00
    1.4227248363e+07   -5.7085657543e+05    2.8405037465e+06    5.3295083676e+02   -6.6039398941e+03   -4.3781678737e+01    1.9233500000e+20    1.6141150616e-05    0.0000000000e+00    1.0000000000e+00    0.0000000000e+00
    6.7161259577e+07    5.7797455815e+07   -2.9596275335e+07    4.1970893013e+03    8.3527363215e+02   -1.5808977854e+03    1.9233500000e+20    1.6141150616e-05    0.0000000000e+00    1.0000000000e+00    0.0000000000e+00
   -9.7343873405e+06    3.3764702393e+07   -6.2793382144e+06    3.1495251493e+03    4.2531889278e+03    1.1006844926e+01    1.9233500000e+20    1.6141150616e-05    0.0000000000e+00    1.0000000000e+00    0.0000000000e+00
    3.8460438226e+06    1.5933844127e+07   -2.2147168190e+06    4.9451285649e+03   -2.7378212710e+03   -4.5556363173e+02    1.9233500000e+20    1.6141150616e-05    0.0000000000e+00    1.0000000000e+00    0.0000000000e+00
   -5.7061990206e+07   -8.1142135816e+07    4.3815293440e+07   -1.0675174177e+03   -8.6330991439e+02    3.4042351849e+01    1.9204960000e+20    1.6117199259e-05    0.0000000000e+00    1.0000000000e+00    0.0000000000e+00
   -1.6484132466e+07   -2.3585660772e+06   -1.0810089659e+07    5.3180909312e+03    4.5726845603e+03    9.5960542479e+02    1.9204960000e+20    1.6117199259e-05    0.0000000000e+00    1.0000000000e+00    0.0000000000e+00
   -5.2008194013e+07   -5.1832149424e+07   -6.2293348252e+06   -1.2708111140e+02    1.1578681564e+03   -2.2119579669e+02    1.9204960000e+20    1.6117199259e-05    0.0000000000e+00    1.0000000000e+00    0.0000000000e+00
    3.6931970494e+06    2.2458657291e+07    4.2542097895e+06    5.5801001178e+03    7.0123898350e+02   -1.0216505014e+03    1.9204960000e+20    1.6117199259e-05    0.0000000000e+00    1.0000000000e+00    0.0000000000e+00
   -4.2318615137e+07    1.1640530764e+06    7.1255285770e+05   -3.4471086157e+03    4.1890944119e+03    3.0499528375e+02    1.9204960000e+20    1.6117199259e-05    0.0000000000e+00    1.0000000000e+00    0.0000000000e+00
   -1.3321347001e+07    3.8701657841e+07   -6.3796884615e+05    2.0784987767e+03    5.0603152775e+03   -7.5354769044e+01    1.9204960000e+20    1.6117199259e-05    0.0000000000e+00    1.0000000000e+00    0.0000000000e+00
   -1.7313492402e+07    3.2881651580e+07    2.0965989140e+06    1.3071547425e+03    4.1489443709e+03    4.0506804628e+02    1.9204960000e+20    1.6117199259e-05    0.0000000000e+00    1.0000000000e+00    0.0000000000e+00
    7.9081877528e+07    2.2627670901e+07   -4.1427048869e+07    4.0468322667e+03   -9.6691814846e+02   -1.4543218713e+03    1.9204960000e+20    1.6117199259e-05    0.0000000000e+00    1.0000000000e+00    0.0000000000e+00
   -1.4414050572e+07    3.1640697165e+07   -2.1132495287e+06    1.7882719077e+03    4.5836920530e+03   -8.2615174060e+01    1.9204960000e+20    1.6117199259e-05    0.0000000000e+00    1.0000000000e+00    0.0000000000e+00
   -1.1003457221e+07    2.9361303340e+07    2.7242888376e+06    2.7309193990e+03    2.8189797969e+03   -2.8079005909e+02    1.9204960000e+20    1.6117199259e-05    0.0000000000e+00    1.0000000000e+00    0.0000000000e+00
   -4.1615806789e+06    2.4512392116e+07    3.9814051638e+05    4.2915455101e+03    1.5312106195e+03   -4.1382834558e+02    1.9204960000e+20    1.6117199259e-05    0.0000000000e+00    1.0000000000e+00    0.0000000000e+00
    1.6378277079e+07    6.2997245393e+06    2.4408678026e+05    2.3145222294e+03   -6.5461541624e+03    1.2018764948e+02    1.9204960000e+20    1.6117199259e-05    0.0000000000e+00    1.0000000000e+00    0.0000000000e+00
   -4.3619171282e+07   -1.0723041679e+07   -1.5125785756e+06   -4.2068786586e+03    3.0690083309e+03   -1.6409694043e+01    1.9204960000e+20    1.6117199259e-05    0.0000000000e+00    1.0000000000e+00    0.0000000000e+00
   -5.5663174123e+07   -4.6185601000e+07   -7.4326053750e+06    2.0934126412e+01    1.2145629086e+03   -3.3880903682e+02    1.9074900000e+20    1.6008050219e-05    0.0000000000e+00    1.0000000000e+00    0.0000000000e+00
   -4.4665414104e+07    1.5653181411e+07   -3.2229366962e+06   -3.0303527943e+03    5.3660539880e+03   -1.7639012132e+02    1.9074900000e+20    1.6008050219e-05    0.0000000000e+00    1.0000000000e+00    0.0000000000e+00
    1.3098296099e+07    1.2729812987e+07   -1.9445265871e+06    3.8222951098e+03   -4.7288968313e+03   -1.7470525690e+03    1.9034520000e+20    1.5974162489e-05    0.0000000000e+00    1.0000000000e+00    0.0000000000e+00
   -1.0400673879e+06    2.1468311281e+07   -4.1803123581e+05    4.9488234782e+03    6.4199977046e+02   -2.3570682827e+03    1.9034520000e+20    1.5974162489e-05    0.0000000000e+00    1.0000000000e+00    0.0000000000e+00
   -1.0597376379e+08   -1.0513307036e+08   -3.9747347618e+07   -2.5420520621e+03   -2.0469209669e+03   -4.9725990863e+02    1.9034520000e+20    1.5974162489e-05    0.0000000000e+00    1.0000000000e+00    0.0000000000e+00
   -3.5618477133e+07   -1.6105975909e+07    5.2396534556e+05    2.4435202805e+03    2.6445670156e+03    1.4579089231e+03    1.9034520000e+20    1.5974162489e-05    0.0000000000e+00    1.0000000000e+00    0.0000000000e+00
   -3.3104456993e+07    9.9600117851e+04    6.3879281807e+05   -1.9198180504e+03    4.3705060398e+03   -1.3666976813e+02    1.9034520000e+20    1.5974162489e-05    0.0000000000e+00    1.0000000000e+00    0.0000000000e+00
   -2.4603900098e+07   -6.2283489007e+07   -1.1924115980e+08   -7.2570180226e+02   -1.2278902191e+03   -2.0280251516e+03    1.9034520000e+20    1.5974162489e-05    0.0000000000e+00    1.0000000000e+00    0.0000000000e+00
   -3.5901293731e+07    1.9401524144e+07   -1.3857593985e+06   -1.2057265313e+03    5.7390910157e+03    1.3997732194e+02    1.9034520000e+20    1.5974162489e-05    0.0000000000e+00    1.0000000000e+00    0.0000000000e+00
    2.6052335052e+07   -2.8683970822e+07    5.0570983720e+06   -2.4469079463e+03   -1.5186363547e+03    3.5770778504e+02    1.8995540000e+20    1.5941449668e-05    0.0000000000e+00    1.0000000000e+00    0.0000000000e+00
   -4.4990206617e+07    2.4289914676e+06   -2.7381225377e+06   -3.6821218940e+03    4.1573967819e+03   -5.3795934237e+02    1.8949040000e+20    1.5902425907e-05    0.0000000000e+00    1.0000000000e+00    0.0000000000e+00
   -3.2549657903e+07    2.2636571126e+07   -6.0016116420e+04   -1.5018965724e+03    6.6421304336e+03    1.2985669163e+02    1.8949040000e+20    1.5902425907e-05    0.0000000000e+00    1.0000000000e+00    0.0000000000e+00
   -3.3756177226e+07   -1.6978571466e+07    8.0547801846e+05   -3.5753671968e+03    2.8044900086e+03   -3.0470174898e+02    1.8949040000e+20    1.5902425907e-05    0.0000000000e+00    1.0000000000e+00    0.0000000000e+00
   -2.2042568537e+07   -3.2757176059e+07   -1.5285133699e+06   -4.1545564591e+03    1.0943985563e+03    6.6709470534e+01    1.8949040000e+20    1.5902425907e-05    0.0000000000e+00    1.0000000000e+00    0.0000000000e+00
   -8.3683936304e+07   -7.4244564986e+07   -2.9950217707e+07   -1.5456194927e+03   -8.0896374063e+02    1.4857467404e+02    1.8916140000e+20    1.5874815547e-05    0.0000000000e+00    1.0000000000e+00    0.0000000000e+00
    1.0943877878e+07    5.0894047030e+06    4.2887367409e+06    2.7755948200e+03   -5.7484006253e+03    1.2478902042e+03    1.8863390000e+20    1.5830546657e-05    0.0000000000e+00    1.0000000000e+00    0.0000000000e+00
   -3.1914248433e+07    1.2949700520e+07    1.4900925290e+06   -1.0336766061e+03    5.3047729690e+03    1.3162599079e+02    1.8777560000e+20    1.5758516348e-05    0.0000000000e+00    1.0000000000e+00    0.0000000000e+00
   -4.0565028340e+07    1.5384388956e+06    9.7654425362e+05   -3.0383652790e+03    4.2443756135e+03   -7.6427113610e+01    1.8757180000e+20    1.5741413030e-05    0.0000000000e+00    1.0000000000e+00    0.0000000000e+00
   -1.1780783158e+07    3.2738726337e+07    2.0345791456e+06    2.3884282090e+03    3.6830597091e+03    1.0409301434e+03    1.8691540000e+20    1.5686326586e-05    0.0000000000e+00    1.0000000000e+00    0.0000000000e+00
   -3.3586124599e+07   -1.5193244828e+07    7.9531327149e+06   -3.3947656025e+03    3.0704684955e+03    5.0277422882e+02    1.8691540000e+20    1.5686326586e-05    0.0000000000e+00    1.0000000000e+00    0.0000000000e+00
   -1.2361586071e+07    2.9911755620e+07   -8.8200442551e+05    2.8979464623e+03    4.0221284235e+03    5.2293020605e+02    1.8691540000e+20    1.5686326586e-05    0.0000000000e+00    1.0000000000e+00    0.0000000000e+00
   -2.6298354611e+07   -2.1248890490e+07   -2.4550783749e+06   -3.4860841949e+03    2.7465636199e+03   -1.3569749017e+02    1.8605330000e+20    1.5613977373e-05    0.0000000000e+00    1.0000000000e+00    0.0000000000e+00
   -2.9523041537e+07    7.9942977052e+05    3.2869688563e+06   -1.0737753881e+03    4.6423975157e+03    2.7623694587e+02    1.8605330000e+20    1.5613977373e-05    0.0000000000e+00    1.0000000000e+00    0.0000000000e+00
    7.4653157253e+06    1.0908105042e+07   -1.0349186244e+06    5.9018337930e+03   -5.2205982828e+03   -1.0961681920e+03    1.8605330000e+20    1.5613977373e-05    0.0000000000e+00    1.0000000000e+00    0.0000000000e+00
   -3.0888245597e+07    2.6112694116e+07    1.8898776860e+06   -4.6645080765e+02    6.0434895251e+03    5.7112660358e+01    1.8598000000e+20    1.5607825885e-05    0.0000000000e+00    1.0000000000e+00    0.0000000000e+00
   -4.4923349587e+07   -5.2473976227e+07    1.6733186935e+07   -1.1159315460e+02    8.8428646513e+02   -9.6464007936e+02    1.8598000000e+20    1.5607825885e-05    0.0000000000e+00    1.0000000000e+00    0.0000000000e+00
   -3.5298629970e+07    2.3654011426e+07    2.4797764321e+06   -1.1202110728e+03    5.7105085857e+03    7.7218046012e+01    1.8598000000e+20    1.5607825885e-05    0.0000000000e+00    1.0000000000e+00    0.0000000000e+00
   -6.0724574565e+06   -7.3387995801e+07   -8.7368495453e+07   -3.5456565083e+02   -1.0923956850e+03   -9.2950208200e+02    1.8598000000e+20    1.5607825885e-05    0.0000000000e+00    1.0000000000e+00    0.0000000000e+00
   -2.9608977110e+07    1.9935037366e+07    1.1207817920e+06   -6.3136256191e+02    5.7617029309e+03    1.6633942111e+02    1.8518920000e+20    1.5541460315e-05    0.0000000000e+00    1.0000000000e+00    0.0000000000e+00
    3.5306873230e+07   -3.1957471264e+06    2.1491259305e+07   -8.6588846256e+02   -3.0178228677e+03    8.3671474437e+02    1.8518310000e+20    1.5540948391e-05    0.0000000000e+00    1.0000000000e+00    0.0000000000e+00
   -3.7292305674e+07   -1.0369970348e+08   -1.4061445176e+08   -1.1326114056e+03   -2.5189781053e+03   -3.1297679901e+03    1.8518310000e+20    1.5540948391e-05    0.0000000000e+00    1.0000000000e+00    0.0000000000e+00
   -1.0595589224e+08   -1.0727686918e+08    3.1768632509e+06   -2.4910554240e+03   -1.8412071969e+03    3.1634834055e+02    1.8358720000e+20    1.5407017165e-05    0.0000000000e+00    1.0000000000e+00    0.0000000000e+00
   -2.7667845975e+07    1.1316634314e+07   -2.4939106631e+06    8.5405786317e+01    4.9462427245e+03   -7.4424853979e+02    1.8278790000e+20    1.5339938258e-05    0.0000000000e+00    1.0000000000e+00    0.0000000000e+00
   -1.4632822233e+07    4.9112570057e+06   -2.8623990378e+05    2.6546135950e+03    7.0921633381e+03    5.4182894017e+01    1.8278790000e+20    1.5339938258e-05    0.0000000000e+00    1.0000000000e+00    0.0000000000e+00
   -9.0565539313e+07   -1.8271598198e+08    1.0030601226e+08   -2.6404527390e+03   -4.7674615237e+03    2.4480912470e+03    1.8278790000e+20    1.5339938258e-05    0.0000000000e+00    1.0000000000e+00    0.0000000000e+00
    1.2424303054e+07   -5.1214494930e+07   -1.0832789909e+08   -3.4509922427e+00   -8.6045719898e+02   -1.4825356486e+03    1.8278790000e+20    1.5339938258e-05    0.0000000000e+00    1.0000000000e+00    0.0000000000e+00
   -7.0979263740e+07   -1.3681643726e+08   -1.8261274845e+08   -2.1275108844e+03   -3.6978328412e+03   -4.7587903625e+03    1.8278790000e+20    1.5339938258e-05    0.0000000000e+00    1.0000000000e+00    0.0000000000e+00
   -5.7461709394e+07   -1.1177377286e+08   -3.9425625899e+07   -1.3887177867e+03   -1.8931625569e+03   -2.4350010729e+02    1.8278790000e+20    1.5339938258e-05    0.0000000000e+00    1.0000000000e+00    0.0000000000e+00
   -1.4645844639e+07    2.9478108342e+07   -1.0916474756e+06    1.7588360284e+03    4.6474929929e+03    4.7554942324e+01    1.8278790000e+20    1.5339938258e-05    0.0000000000e+00    1.0000000000e+00    0.0000000000e+00
   -2.7120431138e+07    2.9450150250e+07   -6.3144617521e+05    5.6596615633e+02    5.6748000470e+03    3.2709032849e+02    1.8198780000e+20    1.5272792212e-05    0.0000000000e+00    1.0000000000e+00    0.0000000000e+00
   -1.5234688122e+07    2.8073441468e+07   -4.0052428598e+06    2.3437750636e+03    3.6545592782e+03    1.0161565811e+02    1.8171150000e+20    1.5249604545e-05    0.0000000000e+00    1.0000000000e+00    0.0000000000e+00
    8.9187312418e+07   -7.6822042901e+06    4.9852882150e+07    4.2061431456e+03   -2.1518326385e+03    2.5600149498e+03    1.8171150000e+20    1.5249604545e-05    0.0000000000e+00    1.0000000000e+00    0.0000000000e+00
   -3.8394472820e+07   -9.3298220691e+06   -3.3612429915e+05   -3.6040252012e+03    3.3131999759e+03   -7.6263768529e+01    1.8171150000e+20    1.5249604545e-05    0.0000000000e+00    1.0000000000e+00    0.0000000000e+00
   -3.8669650831e+07   -5.9959000256e+07    4.2551070082e+07   -4.5639042568e+02    8.7031442096e+01   -5.6792492712e+02    1.8171150000e+20    1.5249604545e-05    0.0000000000e+00    1.0000000000e+00    0.0000000000e+00
   -2.4218143212e+07    3.1715597841e+07   -3.7291518498e+05    3.4786194886e+02    4.5077301367e+03   -3.3815666351e+02    1.8171150000e+20    1.5249604545e-05    0.0000000000e+00    1.0000000000e+00    0.0000000000e+00
    9.1460292950e+06    1.5778429115e+07    3.1697696776e+06    5.3280905251e+03   -2.7772163694e+03   -1.8461440589e+03    1.8171150000e+20    1.5249604545e-05    0.0000000000e+00    1.0000000000e+00    0.0000000000e+00
   -3.8539791095e+07    1.9287611802e+07    1.0038165281e+06   -1.8677704034e+03    5.6149427454e+03    4.1788079351e+02    1.8171150000e+20    1.5249604545e-05    0.0000000000e+00    1.0000000000e+00    0.0000000000e+00
   -3.1745230772e+06    2.5227300355e+07    7.0453191675e+05    3.9960833208e+03    9.0340895470e+02   -9.9246216641e+02    1.8171150000e+20    1.5249604545e-05    0.0000000000e+00    1.0000000000e+00    0.0000000000e+00
   -2.9957568193e+05    1.6032812106e+07   -3.7828649211e+06    5.4385079337e+03   -2.4054762966e+03    1.2188472459e+03    1.8171150000e+20    1.5249604545e-05    0.0000000000e+00    1.0000000000e+00    0.0000000000e+00
   -9.4589791690e+06    2.8637922271e+07   -2.7743578760e+06    3.4493673590e+03    3.2693627153e+03    1.4548439256e+02    1.8171150000e+20    1.5249604545e-05    0.0000000000e+00    1.0000000000e+00    0.0000000000e+00
   -2.2251259396e+06    2.6679426668e+07    2.6450330309e+06    4.6676623690e+03    1.8037544910e+03   -7.0134972347e+02    1.8171150000e+20    1.5249604545e-05    0.0000000000e+00    1.0000000000e+00    0.0000000000e+00
   -5.3250430481e+06    2.5889839762e+07    8.6625701490e+05    4.0397408511e+03    1.6909458873e+03   -1.0364600274e+03    1.8171150000e+20    1.5249604545e-05    0.0000000000e+00    1.0000000000e+00    0.0000000000e+00
   -3.8683148910e+07    1.6283511532e+06   -1.5531815446e+06   -2.7955139372e+03    4.3285407419e+03   -5.7599198745e+02    1.8171150000e+20    1.5249604545e-05    0.0000000000e+00    1.0000000000e+00    0.0000000000e+00
   -4.1092677331e+07   -1.7661704239e+07   -4.9863870616e+05   -4.2921264897e+03    2.4109630405e+03   -8.5001151594e+01    1.8171150000e+20    1.5249604545e-05    0.0000000000e+00    1.0000000000e+00    0.0000000000e+00
   -4.3367437880e+07   -1.1667912352e+06    1.9539272526e+06   -3.9026649389e+03    4.0935159317e+03    5.4617202404e+02    1.8171150000e+20    1.5249604545e-05    0.0000000000e+00    1.0000000000e+00    0.0000000000e+00
   -1.0400318522e+08   -5.2927592239e+07    4.1611394584e+06   -1.6802619336e+03   -1.8405513411e+02    2.0193013126e+02    1.8171150000e+20    1.5249604545e-05    0.0000000000e+00    1.0000000000e+00    0.0000000000e+00
   -2.5276412090e+07    1.7296141194e+07    2.9068065104e+06    2.3519940662e+02    4.9387258171e+03   -7.4408673538e+02    1.8171150000e+20    1.5249604545e-05    0.0000000000e+00    1.0000000000e+00    0.0000000000e+00
   -4.8830208345e+07   -3.5269339308e+06    8.9865936887e+05   -4.5946977583e+03    3.5044835496e+03    2.8770374039e+02    1.8171150000e+20    1.5249604545e-05    0.0000000000e+00    1.0000000000e+00    0.0000000000e+00
   -2.5907117995e+07    2.0198873471e+06   -2.6366132880e+05   -3.5784628439e+02    5.0552827860e+03    2.1259984483e+02    1.8171150000e+20    1.5249604545e-05    0.0000000000e+00    1.0000000000e+00    0.0000000000e+00
   -3.4422169700e+07    2.2986668778e+07   -6.0845931018e+05   -1.5557892172e+03    6.3331323018e+03   -9.6594006277e+01    1.8171150000e+20    1.5249604545e-05    0.0000000000e+00    1.0000000000e+00    0.0000000000e+00
   -4.5654673263e+07   -2.1416797198e+07    2.4207614106e+06   -5.0734310361e+03    1.7563716516e+03   -2.3014595983e+01    1.8171150000e+20    1.5249604545e-05    0.0000000000e+00    1.0000000000e+00    0.0000000000e+00
    5.1905156500e+06    2.0609831215e+07   -2.8978071191e+06    5.0087586596e+03   -1.2763060384e+03    1.5878312467e+03    1.8171150000e+20    1.5249604545e-05    0.0000000000e+00    1.0000000000e+00    0.0000000000e+00
   -4.5258335327e+07   -5.7210586384e+06   -3.5599001021e+06   -4.2331801395e+03    3.4644022657e+03   -3.1286791113e+02    1.8171150000e+20    1.5249604545e-05    0.0000000000e+00    1.0000000000e+00    0.0000000000e+00
   -4.0345805929e+07    1.7303070728e+06    5.6838540014e+06   -2.8199098182e+03    4.3928574833e+03    5.2358720978e+02    1.8171150000e+20    1.5249604545e-05    0.0000000000e+00    1.0000000000e+00    0.0000000000e+00
    8.6742957575e+06    1.0800762509e+07   -2.1241232682e+06    3.8016282191e+03   -5.1502772634e+03   -5.8741772873e+02    1.8171150000e+20    1.5249604545e-05    0.0000000000e+00    1.0000000000e+00    0.0000000000e+00
   -5.7366494993e+06    2.7677443642e+07    7.5088926600e+05    4.0234772835e+03    2.4279636649e+03   -1.0184786328e+03    1.8171150000e+20    1.5249604545e-05    0.0000000000e+00    1.0000000000e+00    0.0000000000e+00
   -1.8710910557e+07    2.8942188350e+07   -2.6422268876e+06    1.5548613307e+03    4.2282096777e+03    3.7777418423e+02    1.8171150000e+20    1.5249604545e-05    0.0000000000e+00    1.0000000000e+00    0.0000000000e+00
   -5.8900322362e+07   -7.7656809708e+07   -6.6581753556e+07   -1.2469567771e+03   -1.1248494712e+03   -5.3720055349e+02    1.8118680000e+20    1.5205570637e-05    0.0000000000e+00    1.0000000000e+00    0.0000000000e+00
   -1.2964951167e+08   -1.3798021252e+08    7.6797732131e+07   -3.5594237380e+03   -3.3549301878e+03    1.7234295236e+03    1.7995880000e+20    1.5102514340e-05    0.0000000000e+00    1.0000000000e+00    0.0000000000e+00
   -1.2070548544e+08   -1.1506598231e+08    2.6849195309e+07   -3.0241097428e+03   -2.3504868534e+03    3.1937661886e+02    1.7995880000e+20    1.5102514340e-05    0.0000000000e+00    1.0000000000e+00    0.0000000000e+00
    3.9655762882e+06    2.4497975642e+07    1.5907272319e+06    4.5531248118e+03    1.9212207907e+01    1.3268071235e+01    1.7995880000e+20    1.5102514340e-05    0.0000000000e+00    1.0000000000e+00    0.0000000000e+00
   -8.2078980718e+06    2.3406834055e+07   -2.0493038657e+06    3.8972608357e+03    1.9056068001e+03   -8.2723585202e+02    1.7995880000e+20    1.5102514340e-05    0.0000000000e+00    1.0000000000e+00    0.0000000000e+00
   -3.5083246279e+07    4.1753336629e+06   -9.5878386973e+05   -2.0586171273e+03    4.6309714568e+03    6.7532083361e+01    1.7995880000e+20    1.5102514340e-05    0.0000000000e+00    1.0000000000e+00    0.0000000000e+00
   -3.9488292454e+07   -9.8870896428e+06    2.3366436523e+06   -3.7565791396e+03    3.3549788828e+03   -9.7612444702e+01    1.7995880000e+20    1.5102514340e-05    0.0000000000e+00    1.0000000000e+00    0.0000000000e+00
   -3.7236844898e+07    8.1935213003e+05   -1.9492421828e+05   -2.5500517307e+03    4.3139761527e+03    3.6401539769e+02    1.7995880000e+20    1.5102514340e-05    0.0000000000e+00    1.0000000000e+00    0.0000000000e+00
   -4.5790937854e+07    6.8354164698e+06   -2.6283988132e+05   -4.0023385079e+03    4.6305001189e+03    4.2894837320e+01    1.7995880000e+20    1.5102514340e-05    0.0000000000e+00    1.0000000000e+00    0.0000000000e+00
   -3.3733300198e+07   -1.0158570708e+07   -1.0440271029e+06   -3.0831935976e+03    3.7194801686e+03   -6.8602005405e+00    1.7995880000e+20    1.5102514340e-05    0.0000000000e+00    1.0000000000e+00    0.0000000000e+00
    2.4155009848e+06    2.0029810494e+07   -1.5832284383e+06    4.2405892273e+03   -1.5016665060e+03   -1.2241654865e+03    1.7995880000e+20    1.5102514340e-05    0.0000000000e+00    1.0000000000e+00    0.0000000000e+00
   -3.8295986096e+07   -1.7172511855e+07   -3.7997291995e+06   -4.2058976795e+03    2.5630398940e+03   -8.3355176522e+01    1.7995880000e+20    1.5102514340e-05    0.0000000000e+00    1.0000000000e+00    0.0000000000e+00
   -1.3445356211e+07    2.5613061164e+07   -2.1574205091e+06    2.9617506882e+03    2.7436816630e+03   -3.9752213921e+01    1.7995880000e+20    1.5102514340e-05    0.0000000000e+00    1.0000000000e+00    0.0000000000e+00
    5.6864021627e+06    1.6223500376e+07    1.9567739198e+06    4.7106361011e+03   -3.1676266987e+03    9.2361891765e+02    1.7995880000e+20    1.5102514340e-05    0.0000000000e+00    1.0000000000e+00    0.0000000000e+00
   -1.2049589044e+07    2.7829447745e+07    2.8143761293e+06    2.8294245603e+03    2.6907692986e+03   -1.7392649685e+02    1.7819600000e+20    1.4954576521e-05    0.0000000000e+00    1.0000000000e+00    0.0000000000e+00
   -1.5792188124e+06    1.8260132383e+07   -2.8420422216e+06    5.3280180619e+03   -1.0803701080e+03    8.6242727305e+02    1.7819600000e+20    1.4954576521e-05    0.0000000000e+00    1.0000000000e+00    0.0000000000e+00
   -1.3158465145e+07    2.2505012607e+07   -4.4432907519e+06    3.2218324119e+03    1.5747132170e+03    1.4659369642e+02    1.7819600000e+20    1.4954576521e-05    0.0000000000e+00    1.0000000000e+00    0.0000000000e+00
    1.6235589421e+07   -2.7075164306e+06    1.1692301529e+06    1.4350059805e+03   -8.6910882928e+03   -6.2641405788e+02    1.7731060000e+20    1.4880271924e-05    0.0000000000e+00    1.0000000000e+00    0.0000000000e+00
   -1.6097490578e+07    8.2222159844e+06   -8.4810415450e+05    2.9508751642e+03    5.7663865429e+03   -3.1074263112e+02    1.7731060000e+20    1.4880271924e-05    0.0000000000e+00    1.0000000000e+00    0.0000000000e+00
   -8.6969233853e+06    3.0042630904e+07    7.7461424446e+04    3.2249047818e+03    3.8505580372e+03    3.1955788968e+02    1.7731060000e+20    1.4880271924e-05    0.0000000000e+00    1.0000000000e+00    0.0000000000e+00
    7.7497299630e+05    1.2845535750e+07    6.0110575001e+06    7.6607956339e+03   -1.1920772981e+03   -4.8380694819e+03    1.7731060000e+20    1.4880271924e-05    0.0000000000e+00    1.0000000000e+00    0.0000000000e+00
   -1.4392545151e+07    3.3506106358e+07    2.2162720435e+06    2.5739227404e+03    4.6671512345e+03    9.3569367567e+01    1.7731060000e+20    1.4880271924e-05    0.0000000000e+00    1.0000000000e+00    0.0000000000e+00
    3.5116916963e+06   -2.8906761397e+07   -2.5357527467e+06   -3.5359668198e+03    1.6324487717e+03   -1.1111146499e+03    1.7731060000e+20    1.4880271924e-05    0.0000000000e+00    1.0000000000e+00    0.0000000000e+00
   -4.3014753390e+07    1.2342030095e+07   -1.2472612509e+06   -3.0076689135e+03    5.1471598433e+03    2.6048824359e+02    1.7731060000e+20    1.4880271924e-05    0.0000000000e+00    1.0000000000e+00    0.0000000000e+00
    8.0399955195e+07   -2.2876098841e+07    5.3087713478e+07    3.5090514857e+03   -2.7320867816e+03    3.0606550360e+03    1.7642250000e+20    1.4805740737e-05    0.0000000000e+00    1.0000000000e+00    0.0000000000e+00
    9.4294475573e+06    7.2900397226e+06   -2.8541097444e+06    3.6813368658e+03   -7.1580793924e+03   -6.6932414701e+02    1.7642250000e+20    1.4805740737e-05    0.0000000000e+00    1.0000000000e+00    0.0000000000e+00
   -3.3541149808e+07   -2.6034956355e+07    2.6424179866e+06   -4.2877775776e+03    1.7060306569e+03    8.5550152850e+01    1.7642250000e+20    1.4805740737e-05    0.0000000000e+00    1.0000000000e+00    0.0000000000e+00
   -2.7240850730e+07    2.5971923403e+07    1.6189552048e+06   -1.7706793771e+02    5.5598775370e+03   -1.0363544964e+01    1.7642250000e+20    1.4805740737e-05    0.0000000000e+00    1.0000000000e+00    0.0000000000e+00
   -5.0387678903e+07    5.5498059946e+06   -2.2696881983e+06   -4.6626861153e+03    4.5123800708e+03   -1.7870209961e+02    1.7642250000e+20    1.4805740737e-05    0.0000000000e+00    1.0000000000e+00    0.0000000000e+00
   -3.9104513236e+07    2.2219323657e+07   -4.7845468746e+05   -1.7913489674e+03    6.4886234262e+03    4.8702491147e+02    1.7642250000e+20    1.4805740737e-05    0.0000000000e+00    1.0000000000e+00    0.0000000000e+00
   -1.5215270372e+07    3.2571494144e+07    3.8918198020e+05    2.4429001353e+03    4.7165129529e+03   -8.8637339598e+01    1.7642250000e+20    1.4805740737e-05    0.0000000000e+00    1.0000000000e+00    0.0000000000e+00
   -4.1342080694e+06    3.1032957971e+07    4.7012282746e+06    3.8260390651e+03    2.0781473962e+03    4.0979381492e+01    1.7642250000e+20    1.4805740737e-05    0.0000000000e+00    1.0000000000e+00    0.0000000000e+00
   -2.6482173983e+07    1.3187194095e+07   -1.1222668608e+07    8.7985602048e+02    3.8979289344e+03    3.4227504132e+02    1.7635770000e+20    1.4800302587e-05    0.0000000000e+00    1.0000000000e+00    0.0000000000e+00
   -7.3550320644e+07   -4.5436958656e+07   -2.5740530706e+06   -4.6997412702e+02    6.2915783387e+02   -4.9673170431e+02    1.7635770000e+20    1.4800302587e-05    0.0000000000e+00    1.0000000000e+00    0.0000000000e+00
   -7.7926121833e+06    2.8849292949e+07   -2.4271032943e+06    3.9038861535e+03    3.5243782778e+03   -1.3801697439e+02    1.7635770000e+20    1.4800302587e-05    0.0000000000e+00    1.0000000000e+00    0.0000000000e+00
   -4.2690632895e+07   -1.8568173657e+07    1.4066447575e+06   -4.4506417358e+03    2.3048966627e+03    1.8374641452e+02    1.7635770000e+20    1.4800302587e-05    0.0000000000e+00    1.0000000000e+00    0.0000000000e+00
    6.0167637494e+06    1.8809260933e+07   -1.3265523542e+06    5.6782948859e+03   -1.4681235433e+03   -8.4667254826e+02    1.7635770000e+20    1.4800302587e-05    0.0000000000e+00    1.0000000000e+00    0.0000000000e+00
   -3.4415985516e+07    2.1894328601e+07    9.7721227022e+05   -1.2257706139e+03    6.1255537313e+03   -2.3399815048e+02    1.7554840000e+20    1.4732384459e-05    0.0000000000e+00    1.0000000000e+00    0.0000000000e+00
   -9.8031637274e+07   -1.6457311543e+08    8.0448254494e+06   -2.6961911068e+03   -3.7961939321e+03    8.5539391304e+01    1.7554840000e+20    1.4732384459e-05    0.0000000000e+00    1.0000000000e+00    0.0000000000e+00
   -6.5401984615e+07   -1.1156003030e+08   -8.2117959485e+07   -1.6915249077e+03   -2.3288412106e+03   -1.3978453071e+03    1.7554840000e+20    1.4732384459e-05    0.0000000000e+00    1.0000000000e+00    0.0000000000e+00
   -3.4706056216e+07    1.5605291526e+07    4.1471391862e+05   -1.5865850304e+03    5.6224152191e+03   -1.6483226556e+01    1.7553150000e+20    1.4730966176e-05    0.0000000000e+00    1.0000000000e+00    0.0000000000e+00
    1.1007935054e+07    1.2204381408e+07   -9.6818442207e+05    3.6424484164e+03   -4.7900284731e+03    1.0623037328e+03    1.7553150000e+20    1.4730966176e-05    0.0000000000e+00    1.0000000000e+00    0.0000000000e+00
   -3.3901446669e+07   -2.1792202312e+07   -7.3002195807e+06    1.7401785952e+03    3.2259424179e+03   -4.8487993600e+02    1.7473770000e+20    1.4664348840e-05    0.0000000000e+00    1.0000000000e+00    0.0000000000e+00
   -1.2385663103e+08   -2.0134319555e+08   -2.2722089447e+07   -3.5651093563e+03   -5.2198899740e+03   -4.7004234774e+02    1.7473770000e+20    1.4664348840e-05    0.0000000000e+00    1.0000000000e+00    0.0000000000e+00
   -8.2045115652e+07   -7.0157440953e+07    3.3833119309e+07   -1.4633992657e+03   -6.7055109140e+02   -6.5559194740e+01    1.7463750000e+20    1.4655939849e-05    0.0000000000e+00    1.0000000000e+00    0.0000000000e+00
   -1.1647603613e+08   -5.3834794281e+07    1.4696468568e+07   -2.2031152219e+03   -5.1942618045e+02   -1.3559948139e+02    1.7463750000e+20    1.4655939849e-05    0.0000000000e+00    1.0000000000e+00    0.0000000000e+00
   -2.4084045634e+07    8.6065570594e+06   -4.7384313187e+05    4.7970294006e+02    5.3310636349e+03   -1.7521888179e+02    1.7463750000e+20    1.4655939849e-05    0.0000000000e+00    1.0000000000e+00    0.0000000000e+00
   -4.6055917444e+07   -3.4878551776e+07    1.9793227326e+06    7.5730038468e+02    1.7402767129e+03   -1.0648776319e+03    1.7463750000e+20    1.4655939849e-05    0.0000000000e+00    1.0000000000e+00    0.0000000000e+00
   -3.4588222558e+07    2.0585286750e+07   -4.1983414850e+05   -1.5617626048e+03    5.9909250587e+03    4.7976540986e+01    1.7463750000e+20    1.4655939849e-05    0.0000000000e+00    1.0000000000e+00    0.0000000000e+00
   -4.6087663119e+07   -6.3704772312e+06   -9.6315247264e+03   -4.2570030419e+03    3.4030301911e+03   -7.5277635219e+01    1.7463750000e+20    1.4655939849e-05    0.0000000000e+00    1.0000000000e+00    0.0000000000e+00
   -3.6281787181e+07   -2.7295190842e+07    2.5373457492e+06   -4.1896775510e+03    1.4224907558e+03    5.0732992618e+02    1.7463750000e+20    1.4655939849e-05    0.0000000000e+00    1.0000000000e+00    0.0000000000e+00
    1.4003799264e+07    1.6793769626e+07   -7.9511117193e+05    4.0719102093e+03   -3.4290410051e+03    6.7609832850e+01    1.7463750000e+20    1.4655939849e-05    0.0000000000e+00    1.0000000000e+00    0.0000000000e+00
    1.1351567654e+07    2.2554691772e+07    1.8004811373e+05    4.6890567127e+03   -1.5474051853e+03   -5.7534894366e+01    1.7463750000e+20    1.4655939849e-05    0.0000000000e+00    1.0000000000e+00    0.0000000000e+00
   -2.0703337761e+07   -3.1421094958e+07    1.4524438931e+08   -6.5508151093e+02   -6.6221053002e+02    2.8806548336e+03    1.7392550000e+20    1.4596187337e-05    0.0000000000e+00    1.0000000000e+00    0.0000000000e+00
   -1.2840047178e+07   -4.2966380045e+07    3.2891774456e+07   -1.4178335469e+02    1.3676307802e+03   -1.7242908103e+03    1.7311170000e+20    1.4527891560e-05    0.0000000000e+00    1.0000000000e+00    0.0000000000e+00
   -7.7321837242e+07   -8.9542809723e+07   -7.9011980779e+06   -1.5135655471e+03   -9.4341841063e+02    3.1545114313e+02    1.7311170000e+20    1.4527891560e-05    0.0000000000e+00    1.0000000000e+00    0.0000000000e+00
   -2.8566997204e+07   -1.5334077106e+07    3.7478997360e+05   -3.0053247424e+03    3.5335629924e+03    4.0471639032e+01    1.7284030000e+20    1.4505115111e-05    0.0000000000e+00    1.0000000000e+00    0.0000000000e+00
   -1.1916793524e+08   -1.6096466416e+08   -5.8295774371e+07   -3.3182526182e+03   -3.9742440779e+03   -1.2563793718e+03    1.7229630000e+20    1.4459461507e-05    0.0000000000e+00    1.0000000000e+00    0.0000000000e+00
   -2.0941007437e+07   -1.9700292243e+06   -1.2054616315e+07    4.6496847089e+03    3.9061973191e+03    8.0696323147e+02    1.7147910000e+20    1.4390880395e-05    0.0000000000e+00    1.0000000000e+00    0.0000000000e+00
   -5.5008905343e+07   -8.7542415076e+07   -5.2801676760e+07   -1.1778716137e+03   -1.1734460857e+03   -2.9545299108e+02    1.7147910000e+20    1.4390880395e-05    0.0000000000e+00    1.0000000000e+00    0.0000000000e+00
   -3.2869374288e+07   -3.6513123205e+07    1.8550309081e+06   -4.8042542325e+03    2.8340002998e+02    8.5377254349e+01    1.7102990000e+20    1.4353182602e-05    0.0000000000e+00    1.0000000000e+00    0.0000000000e+00
   -2.0410888532e+07    3.1868036176e+07   -2.8224819219e+05    1.5556719424e+03    4.5349270212e+03    2.0274322129e+02    1.7102990000e+20    1.4353182602e-05    0.0000000000e+00    1.0000000000e+00    0.0000000000e+00
   -8.8103074597e+06    2.7664455172e+07    1.6127606135e+06    3.9265750887e+03    3.0266912194e+03   -6.8716222257e+02    1.7102990000e+20    1.4353182602e-05    0.0000000000e+00    1.0000000000e+00    0.0000000000e+00
   -4.6132834204e+07    1.4347229558e+07   -2.1793697867e+05   -3.5683803896e+03    5.3483690939e+03    2.4774295815e+02    1.7102990000e+20    1.4353182602e-05    0.0000000000e+00    1.0000000000e+00    0.0000000000e+00
   -2.9270250318e+07    1.8513618878e+07   -1.1188445428e+06   -5.5755618775e+02    5.6016223477e+03   -1.2479101097e+02    1.7102990000e+20    1.4353182602e-05    0.0000000000e+00    1.0000000000e+00    0.0000000000e+00
   -7.3705078205e+07   -1.9481953797e+08    1.6340866297e+08   -2.2563806132e+03   -5.3798211935e+03    4.3691698311e+03    1.7066010000e+20    1.4322148222e-05    0.0000000000e+00    1.0000000000e+00    0.0000000000e+00
    9.9296808348e+06    1.7646254738e+07    2.5188691913e+06    5.5873415592e+03   -2.1129572886e+03    5.3542635456e+02    1.6983930000e+20    1.4253264990e-05    0.0000000000e+00    1.0000000000e+00    0.0000000000e+00
   -2.2293102992e+07    2.4490415976e+07   -2.7685575128e+06    1.7033473546e+03    2.9017836122e+03   -1.5458629218e+02    1.6920550000e+20    1.4200075185e-05    0.0000000000e+00    1.0000000000e+00    0.0000000000e+00
   -1.8557032980e+06    1.2242653718e+07    2.9429623449e+06    6.6300623519e+03   -3.1563005900e+03   -1.8752085128e+03    1.6920550000e+20    1.4200075185e-05    0.0000000000e+00    1.0000000000e+00    0.0000000000e+00
   -4.3267682866e+06   -2.4656265520e+07    5.1366546703e+06   -4.5444207151e+03    2.2191176854e+03   -5.2913583391e+02    1.6920550000e+20    1.4200075185e-05    0.0000000000e+00    1.0000000000e+00    0.0000000000e+00
   -1.5869615908e+07    2.9866965906e+07   -1.1305423628e+06    1.7410596939e+03    4.7970224895e+03   -7.2749067658e+00    1.6920550000e+20    1.4200075185e-05    0.0000000000e+00    1.0000000000e+00    0.0000000000e+00
   -1.1165662717e+06    1.6132683567e+07    1.7184447685e+05    5.8744493546e+03   -1.8134580519e+03    1.3953463748e+03    1.6920550000e+20    1.4200075185e-05    0.0000000000e+00    1.0000000000e+00    0.0000000000e+00
    3.3947723399e+06   -2.6691864839e+07    2.6167642540e+06   -4.7543926605e+03    1.3605600106e+03   -4.7284315464e+02    1.6920550000e+20    1.4200075185e-05    0.0000000000e+00    1.0000000000e+00    0.0000000000e+00
    5.5580335861e+05    2.9611995769e+07    3.5287478065e+06    4.0645897999e+03    1.1481619370e+03   -3.5702153367e+02    1.6920550000e+20    1.4200075185e-05    0.0000000000e+00    1.0000000000e+00    0.0000000000e+00
   -3.1201511905e+07    2.3075233527e+06   -1.3172339579e+06   -1.5543286482e+03    4.4922572827e+03    3.4737069220e+02    1.6828770000e+20    1.4123051512e-05    0.0000000000e+00    1.0000000000e+00    0.0000000000e+00
   -3.8679400101e+07   -4.3722042458e+07    1.0661589830e+08   -8.9660009133e+02   -7.4498460208e+02    1.3988020401e+03    1.6828770000e+20    1.4123051512e-05    0.0000000000e+00    1.0000000000e+00    0.0000000000e+00
   -6.9994188592e+07   -5.9779470875e+07    1.7402864140e+06   -7.0105786837e+02    3.3014146500e+02    8.8809084294e+01    1.6828770000e+20    1.4123051512e-05    0.0000000000e+00    1.0000000000e+00    0.0000000000e+00
    1.0859227496e+05   -3.2131362047e+07   -1.4468429675e+07   -3.6895585941e+03    3.8456738618e+02    2.6271838027e+00    1.6828770000e+20    1.4123051512e-05    0.0000000000e+00    1.0000000000e+00    0.0000000000e+00
   -4.4906152380e+07   -5.2928109819e+07   -1.2055227313e+07   -8.9477784072e+01    1.0136465705e+03    8.9061749641e+02    1.6828770000e+20    1.4123051512e-05    0.0000000000e+00    1.0000000000e+00    0.0000000000e+00
   -5.7498576901e+07   -1.0298310302e+08   -9.4686327051e+07   -1.5081955365e+03   -2.1455313203e+03   -1.6950150438e+03    1.6828770000e+20    1.4123051512e-05    0.0000000000e+00    1.0000000000e+00    0.0000000000e+00
   -2.5765229340e+07    2.5586170909e+07    2.1978062719e+05   -1.6948358904e+02    5.2620198692e+03    3.0677091981e+02    1.6828770000e+20    1.4123051512e-05    0.0000000000e+00    1.0000000000e+00    0.0000000000e+00
    1.4673938083e+07   -6.0569267249e+05    1.5022937012e+06    1.5620860226e+03   -7.4854677684e+03   -7.3471994263e+02    1.6819150000e+20    1.4114978209e-05    0.0000000000e+00    1.0000000000e+00    0.0000000000e+00
    8.9146692265e+06    1.4838626853e+07   -2.1545087637e+06    4.2316022437e+03   -2.9710362024e+03   -4.3188680400e+02    1.6819150000e+20    1.4114978209e-05    0.0000000000e+00    1.0000000000e+00    0.0000000000e+00
   -5.4324317841e+07   -1.0187277321e+08    7.3404900436e+07   -1.3623648997e+03   -1.8339072343e+03    1.0605041111e+03    1.6819150000e+20    1.4114978209e-05    0.0000000000e+00    1.0000000000e+00    0.0000000000e+00
    1.0672011604e+06    2.4474958565e+07    9.1300562823e+05    5.2812505143e+03    8.2946303393e+02    1.2073622064e+03    1.6736610000e+20    1.4045708936e-05    0.0000000000e+00    1.0000000000e+00    0.0000000000e+00
   -2.9832374549e+07    2.2275031655e+07   -7.9762760108e+05   -7.6027236621e+02    6.0557084912e+03   -1.9542879902e+02    1.6736610000e+20    1.4045708936e-05    0.0000000000e+00    1.0000000000e+00    0.0000000000e+00
   -5.4208933396e+07    8.2539169671e+06    1.5633641280e+06   -4.7592181071e+03    4.3847003752e+03    3.9280550425e+02    1.6736610000e+20    1.4045708936e-05    0.0000000000e+00    1.0000000000e+00    0.0000000000e+00
   -3.4414286654e+05    3.0295533204e+07   -2.1496728275e+05    3.8216804851e+03    2.2214576773e+03    4.4418474139e+02    1.6736610000e+20    1.4045708936e-05    0.0000000000e+00    1.0000000000e+00    0.0000000000e+00
   -1.0504386152e+07    3.1817816024e+07   -3.1938592276e+06    2.9254815542e+03    3.6189225264e+03    3.3857438788e+02    1.6736610000e+20    1.4045708936e-05    0.0000000000e+00    1.0000000000e+00    0.0000000000e+00
    6.6510347355e+06    2.2267608638e+07   -1.6393224376e+06    5.4193001228e+03   -6.3014312796e+02    1.6243794976e+03    1.6736610000e+20    1.4045708936e-05    0.0000000000e+00    1.0000000000e+00    0.0000000000e+00
   -3.7874310045e+07    1.5514024190e+07    4.4022180159e+05   -2.0553024412e+03    5.5130565200e+03    3.3309970580e+02    1.6653520000e+20    1.3975978091e-05    0.0000000000e+00    1.0000000000e+00    0.0000000000e+00
   -6.3723439171e+07   -1.2120614558e+08    1.5340647229e+08   -1.8694813735e+03   -3.1282798929e+03    3.7164369421e+03    1.6653520000e+20    1.3975978091e-05    0.0000000000e+00    1.0000000000e+00    0.0000000000e+00
   -2.4800536484e+07    2.6800874036e+07   -1.4676988320e+06    4.5315771882e+02    5.3022534177e+03   -4.0161295889e+02    1.6653520000e+20    1.3975978091e-05    0.0000000000e+00    1.0000000000e+00    0.0000000000e+00
   -7.8453909533e+05    2.6580102037e+07   -7.1075779529e+05    3.2584323285e+03    1.9005938082e+03    5.4088117524e+01    1.6551050000e+20    1.3889983150e-05    0.0000000000e+00    1.0000000000e+00    0.0000000000e+00
   -7.3788203780e+07   -6.7095509921e+07    6.9037914079e+07   -1.5076444705e+03   -9.9878121668e+02    6.1990315116e+02    1.6551050000e+20    1.3889983150e-05    0.0000000000e+00    1.0000000000e+00    0.0000000000e+00
   -4.0438811202e+07    7.5442459113e+06   -2.0078449340e+06   -2.7240850211e+03    4.6896488053e+03   -3.9792731311e+02    1.6551050000e+20    1.3889983150e-05    0.0000000000e+00    1.0000000000e+00    0.0000000000e+00
   -3.8232004046e+07    5.9687212927e+06   -1.3991274160e+06   -2.8121822241e+03    4.8917275683e+03   -4.4310284406e+02    1.6551050000e+20    1.3889983150e-05    0.0000000000e+00    1.0000000000e+00    0.0000000000e+00
   -3.6823689115e+07   -2.0118136791e+07    4.2790202202e+05   -4.0253766346e+03    2.3732992484e+03    4.4953190750e+02    1.6551050000e+20    1.3889983150e-05    0.0000000000e+00    1.0000000000e+00    0.0000000000e+00
   -3.5512760860e+07   -2.2135842307e+07    1.7906450389e+06   -4.1245491313e+03    2.1398075889e+03   -2.1489031285e+02    1.6551050000e+20    1.3889983150e-05    0.0000000000e+00    1.0000000000e+00    0.0000000000e+00
   -1.5526019364e+07    3.2734580824e+07   -1.3009115236e+06    2.2385318866e+03    4.1163076040e+03    1.3286847354e+01    1.6551050000e+20    1.3889983150e-05    0.0000000000e+00    1.0000000000e+00    0.0000000000e+00
   -6.9395004658e+07   -1.4059956403e+08   -3.1405966139e+07   -1.8343838008e+03   -2.9399406541e+03   -3.4149549669e+02    1.6551050000e+20    1.3889983150e-05    0.0000000000e+00    1.0000000000e+00    0.0000000000e+00
    6.7498527232e+07    1.9854457223e+07   -2.0806933749e+07    2.5411649489e+03   -8.0164024156e+02   -2.2279850956e+03    1.6551050000e+20    1.3889983150e-05    0.0000000000e+00    1.0000000000e+00    0.0000000000e+00
   -4.0737736914e+07   -1.7270327401e+07    2.8249071377e+06   -4.3982324134e+03    2.5077572753e+03    2.1286683995e+02    1.6551050000e+20    1.3889983150e-05    0.0000000000e+00    1.0000000000e+00    0.0000000000e+00
   -3.8961350957e+07   -2.6424149244e+07   -3.5401603168e+07    4.0577116156e+02    8.9160499874e+02    1.7245850894e+03    1.6551050000e+20    1.3889983150e-05    0.0000000000e+00    1.0000000000e+00    0.0000000000e+00
   -4.1692749469e+07   -1.7946670832e+07    5.1497195500e+06   -4.4777167623e+03    1.9717275315e+03   -1.1902967388e+01    1.6551050000e+20    1.3889983150e-05    0.0000000000e+00    1.0000000000e+00    0.0000000000e+00
    1.2205734270e+07    2.5986485647e+06   -4.4200955710e+06    1.6339466559e+03   -6.1057816319e+03    1.2354601714e+02    1.6551050000e+20    1.3889983150e-05    0.0000000000e+00    1.0000000000e+00    0.0000000000e+00
   -3.8421353332e+07    2.4888978074e+07    4.5469017615e+05   -1.5646381109e+03    6.4787109082e+03    5.6412934511e+01    1.6551050000e+20    1.3889983150e-05    0.0000000000e+00    1.0000000000e+00    0.0000000000e+00
   -2.9373575747e+07    1.0006948184e+07   -2.5049099642e+06   -4.6982395113e+02    4.9294753608e+03   -3.5509567772e+02    1.6551050000e+20    1.3889983150e-05    0.0000000000e+00    1.0000000000e+00    0.0000000000e+00
   -3.1674376445e+07   -1.1998057656e+07   -5.8057646300e+05   -3.0017597703e+03    3.7189155362e+03    1.5188734037e+02    1.6551050000e+20    1.3889983150e-05    0.0000000000e+00    1.0000000000e+00    0.0000000000e+00
    6.8229806208e+06   -8.7475541379e+06    2.6130500760e+07   -1.3985710522e+03    1.2339213471e+03   -4.9849090844e+03    1.6486950000e+20    1.3836189105e-05    0.0000000000e+00    1.0000000000e+00    0.0000000000e+00
    6.4099500748e+07   -1.8255765121e+07    3.5342135099e+07    1.9626788189e+03   -2.8974958463e+03    1.0061928180e+03    1.6403290000e+20    1.3765979905e-05    0.0000000000e+00    1.0000000000e+00    0.0000000000e+00
   -6.3188122726e+07   -1.0184788193e+08   -1.8977267104e+07   -1.4073915101e+03   -1.2595341285e+03    2.9606418430e+01    1.6403290000e+20    1.3765979905e-05    0.0000000000e+00    1.0000000000e+00    0.0000000000e+00
   -9.7482268004e+07   -7.2618370568e+07    5.6475194365e+07   -2.1197467961e+03   -1.1187286919e+03    6.0347404161e+02    1.6363760000e+20    1.3732805512e-05    0.0000000000e+00    1.0000000000e+00    0.0000000000e+00
   -4.0971803831e+07    5.3115830234e+06   -1.9456994533e+06   -3.2217972701e+03    4.5726058202e+03   -4.1379138542e+02    1.6363760000e+20    1.3732805512e-05    0.0000000000e+00    1.0000000000e+00    0.0000000000e+00
   -5.8733370153e+06    2.2193195076e+07    5.6083314413e+06    4.1453255009e+03    8.6927329225e+02   -1.0479230416e+03    1.6363760000e+20    1.3732805512e-05    0.0000000000e+00    1.0000000000e+00    0.0000000000e+00
   -4.3770802424e+07   -9.0301814756e+06    3.7946766503e+06   -4.1993530086e+03    3.2588989217e+03    3.6603106647e+02    1.6363760000e+20    1.3732805512e-05    0.0000000000e+00    1.0000000000e+00    0.0000000000e+00
   -1.5601480297e+07    2.8597187143e+07    6.1170114803e+06    2.1488582043e+03    3.3453805042e+03    1.6674763171e+02    1.6319360000e+20    1.3695544114e-05    0.0000000000e+00    1.0000000000e+00    0.0000000000e+00
   -1.9525205527e+08   -1.4168453614e+08   -1.2778229153e+07   -5.4905567468e+03   -3.5423784097e+03   -3.4024385452e+02    1.6319360000e+20    1.3695544114e-05    0.0000000000e+00    1.0000000000e+00    0.0000000000e+00
   -9.1524419944e+07   -1.8141573916e+08   -1.4205949286e+08   -2.7259799097e+03   -4.8741986848e+03   -3.7072510412e+03    1.6319360000e+20    1.3695544114e-05    0.0000000000e+00    1.0000000000e+00    0.0000000000e+00
   -9.6150719396e+07   -7.8447898163e+07    3.3315392662e+06   -1.8431090428e+03   -8.1250618275e+02   -3.4363685863e+02    1.6235160000e+20    1.3624881735e-05    0.0000000000e+00    1.0000000000e+00    0.0000000000e+00
   -2.3459447072e+07   -1.0225003152e+08    1.2447672004e+08   -7.4408879230e+02   -2.3525075730e+03    2.5759631342e+03    1.6174610000e+20    1.3574066923e-05    0.0000000000e+00    1.0000000000e+00    0.0000000000e+00
   -2.3725352620e+07    2.9381916171e+07    1.6097862716e+06    1.4046743868e+03    4.8431015266e+03   -3.6683103829e+02    1.5983460000e+20    1.3413649894e-05    0.0000000000e+00    1.0000000000e+00    0.0000000000e+00
   -9.6648873827e+07   -4.3136766155e+07    4.3352525492e+07   -1.6583139029e+03   -3.7090609994e+02    5.3624210125e+01    1.5983460000e+20    1.3413649894e-05    0.0000000000e+00    1.0000000000e+00    0.0000000000e+00
   -3.8808759710e+07   -1.0548173216e+07   -5.0765664765e+05   -3.7201779195e+03    3.0132571233e+03    4.5637794602e+01    1.5983460000e+20    1.3413649894e-05    0.0000000000e+00    1.0000000000e+00    0.0000000000e+00
   -3.0546492655e+07    2.7284388380e+07    1.4959691616e+06   -1.6906629209e+02    6.1821674989e+03   -1.2919742607e+02    1.5983460000e+20    1.3413649894e-05    0.0000000000e+00    1.0000000000e+00    0.0000000000e+00
   -7.4946726050e+06   -7.4822641040e+07    8.5588299332e+07   -3.6531736754e+02   -1.1309165688e+03    8.7203782787e+02    1.5980770000e+20    1.3411392390e-05    0.0000000000e+00    1.0000000000e+00    0.0000000000e+00
   -1.0923185531e+08   -6.4394934495e+07    2.9446808774e+06   -2.0291035423e+03   -5.6186401805e+02   -1.4188994082e+02    1.5809570000e+20    1.3267717813e-05    0.0000000000e+00    1.0000000000e+00    0.0000000000e+00
   -1.1685906024e+08   -1.4036774739e+08   -1.6259836162e+06   -3.0737222654e+03   -3.0361887786e+03   -2.4820199263e+01    1.5809570000e+20    1.3267717813e-05    0.0000000000e+00    1.0000000000e+00    0.0000000000e+00
   -4.1074221670e+07    1.9688112691e+07    1.8603727142e+06   -2.3153181668e+03    5.9530563903e+03   -2.3448537661e+02    1.5790140000e+20    1.3251411755e-05    0.0000000000e+00    1.0000000000e+00    0.0000000000e+00
   -1.2288605973e+08   -9.1065244177e+07   -2.4992491362e+07   -2.8890380459e+03   -1.6384460222e+03   -1.8412694349e+02    1.5790140000e+20    1.3251411755e-05    0.0000000000e+00    1.0000000000e+00    0.0000000000e+00
    9.4074558675e+06    1.2306520697e+07    8.6411430940e+05    4.6484961026e+03   -4.8398497890e+03    4.4519861174e+02    1.5790140000e+20    1.3251411755e-05    0.0000000000e+00    1.0000000000e+00    0.0000000000e+00
   -2.2764682195e+06    2.9045959462e+07   -1.1431046920e+06    4.3866489571e+03    3.1428000009e+03   -4.4707539494e+02    1.5790140000e+20    1.3251411755e-05    0.0000000000e+00    1.0000000000e+00    0.0000000000e+00
   -4.8935670233e+07   -7.2999034939e+07    1.2170269733e+07   -6.3058147598e+02    9.7472771699e+01   -5.3312082482e+02    1.5692610000e+20    1.3169562564e-05    0.0000000000e+00    1.0000000000e+00    0.0000000000e+00
   -3.5440343392e+07    2.4775621047e+07   -1.7121322822e+06   -1.0558393842e+03    6.3227810658e+03    4.9913198287e+02    1.5692610000e+20    1.3169562564e-05    0.0000000000e+00    1.0000000000e+00    0.0000000000e+00
   -2.0919399363e+07   -9.6560038473e+06   -1.1204229523e+06   -2.2494276564e+03    5.2810813638e+03    3.0734135824e+02    1.5692610000e+20    1.3169562564e-05    0.0000000000e+00    1.0000000000e+00    0.0000000000e+00
   -7.3346581818e+07   -5.5621382186e+07    4.7498167949e+06   -6.8827779888e+02    2.6235246193e+02    7.1745515742e+02    1.5692610000e+20    1.3169562564e-05    0.0000000000e+00    1.0000000000e+00    0.0000000000e+00
   -2.4484627043e+06    2.0617669033e+07    2.7357496763e+06    4.8303169736e+03   -1.8675615633e+02   -2.0617858437e+03    1.5692610000e+20    1.3169562564e-05    0.0000000000e+00    1.0000000000e+00    0.0000000000e+00
   -2.9521312597e+07    2.0118899923e+05    6.3948241436e+05   -1.4289748337e+03    4.7672220519e+03    4.0678245030e+02    1.5692610000e+20    1.3169562564e-05    0.0000000000e+00    1.0000000000e+00    0.0000000000e+00
   -4.0202803233e+07    2.1095549372e+07   -8.9810635795e+05   -2.0219216723e+03    5.8221698999e+03   -1.8229147549e+02    1.5692610000e+20    1.3169562564e-05    0.0000000000e+00    1.0000000000e+00    0.0000000000e+00
    1.0694528447e+07    2.2374852630e+07    1.3126958575e+06    3.9276605482e+03   -2.0139136837e+03   -6.7225477631e+02    1.5692610000e+20    1.3169562564e-05    0.0000000000e+00    1.0000000000e+00    0.0000000000e+00
   -1.1693786768e+08   -1.4902128351e+08    4.6968354517e+07   -3.1727733874e+03   -3.5472587696e+03    8.6473183599e+02    1.5636960000e+20    1.3122859934e-05    0.0000000000e+00    1.0000000000e+00    0.0000000000e+00
   -5.3001338527e+07   -1.4875549350e+07    1.3056361846e+07    1.5653714219e+03    1.6666722986e+03    4.6095297946e+02    1.5636960000e+20    1.3122859934e-05    0.0000000000e+00    1.0000000000e+00    0.0000000000e+00
   -7.0605708286e+07   -9.6733077085e+07   -2.1783492523e+07   -1.5046689213e+03   -1.2645650623e+03    1.6744669888e+02    1.5636960000e+20    1.3122859934e-05    0.0000000000e+00    1.0000000000e+00    0.0000000000e+00
   -4.3141075763e+07    6.7161693182e+06   -1.0141171333e+06   -3.0139565955e+03    4.4853028057e+03   -6.0060337543e+02    1.5594480000e+20    1.3087209840e-05    0.0000000000e+00    1.0000000000e+00    0.0000000000e+00
   -3.6020693789e+07   -2.1277940164e+07    5.3391634085e+04   -4.1818483963e+03    2.3392930075e+03    1.4021677952e+02    1.5594480000e+20    1.3087209840e-05    0.0000000000e+00    1.0000000000e+00    0.0000000000e+00
    1.2679010950e+07    8.7134265247e+06   -2.0212831738e+06    2.8720972239e+03   -6.3576285452e+03   -3.3338408743e+02    1.5594480000e+20    1.3087209840e-05    0.0000000000e+00    1.0000000000e+00    0.0000000000e+00
    1.5197298708e+07    1.3976487950e+06    2.3799528234e+06    1.3485203192e+03   -6.0620336874e+03   -5.8992380182e+02    1.5550080000e+20    1.3049948443e-05    0.0000000000e+00    1.0000000000e+00    0.0000000000e+00
   -5.1998570212e+07    1.2587841890e+06   -5.6169238268e+05   -4.7584990576e+03    3.7178535280e+03   -2.6298050950e+02    1.5550080000e+20    1.3049948443e-05    0.0000000000e+00    1.0000000000e+00    0.0000000000e+00
   -4.2577574570e+07   -7.7385064978e+07    9.5850633008e+07   -1.0562402434e+03   -1.3903633061e+03    1.3884891866e+03    1.5495710000e+20    1.3004320016e-05    0.0000000000e+00    1.0000000000e+00    0.0000000000e+00
    4.8749047615e+06   -1.7455248069e+07    1.4575965083e+07   -4.6690508774e+03   -1.0879161886e+03   -2.5457909654e+03    1.5495710000e+20    1.3004320016e-05    0.0000000000e+00    1.0000000000e+00    0.0000000000e+00
   -3.5971194561e+07    9.4331569096e+06   -2.9315265865e+06   -2.0433623179e+03    4.8706899341e+03    1.6580931609e+01    1.5495710000e+20    1.3004320016e-05    0.0000000000e+00    1.0000000000e+00    0.0000000000e+00
   -4.1124569502e+07   -5.1461576349e+06    1.8059875460e+05   -3.6273123604e+03    3.6863647453e+03    5.6476288286e+01    1.5495710000e+20    1.3004320016e-05    0.0000000000e+00    1.0000000000e+00    0.0000000000e+00
   -2.0609849084e+07   -6.7682077600e+06    6.1054475415e+06    4.3895424552e+03    4.7121709886e+03   -1.7520603166e+02    1.5495710000e+20    1.3004320016e-05    0.0000000000e+00    1.0000000000e+00    0.0000000000e+00
   -2.1518368605e+07   -2.1441585012e+07    2.2940945929e+06   -3.0777219616e+03    3.4451293348e+03   -1.7393292280e+02    1.5495710000e+20    1.3004320016e-05    0.0000000000e+00    1.0000000000e+00    0.0000000000e+00
   -4.0029236602e+07    3.0368968641e+06    1.2725855355e+05   -3.1115724765e+03    4.3593268018e+03    3.2396237384e+02    1.5495710000e+20    1.3004320016e-05    0.0000000000e+00    1.0000000000e+00    0.0000000000e+00
