#   x1                  x2                  x3                  v1                  v2                  v3                  mass                rel_mass            mat0_frac           mat1_frac           mat2_frac
   -5.2211157325e+04    1.1926894570e+06   -1.3511492765e+05    6.2969991276e+00    2.7603915049e+01   -9.6545396091e+00    1.1893761086e+25    9.9476300023e-01    8.9601191467e-01    1.0398808533e-01    0.0000000000e+00
    4.8331457813e+07   -1.2334950242e+08    2.0414366971e+07    2.8787474359e+02   -2.1951787658e+03    3.1254610099e+02    5.8329330000e+20    4.8785122629e-05    1.0000000000e+00    0.0000000000e+00    0.0000000000e+00
    1.3468975952e+07   -7.3232259492e+07   -2.0502092864e+07   -9.3781209708e+02    3.5090233178e+02    3.0889895425e+02    5.6937950000e+20    4.7621408870e-05    1.0000000000e+00    0.0000000000e+00    0.0000000000e+00
   -9.7900928995e+06   -8.0355177540e+06   -1.1793821187e+06    1.8058168768e+03    9.3660166206e+03   -7.7871097078e+02    5.3070650000e+20    4.4386900523e-05    1.0000000000e+00    0.0000000000e+00    0.0000000000e+00
    2.9754787609e+07   -8.8617920780e+07   -5.1538426876e+06   -5.8228092235e+02   -5.5878734953e+02    2.2291577035e+02    5.2061030000e+20    4.3542480820e-05    1.0000000000e+00    0.0000000000e+00    0.0000000000e+00
    8.7974286265e+06   -8.0553709189e+07    2.9525575852e+07   -7.6582268137e+02   -2.0481849998e+02   -4.0464326669e+02    5.1716750000e+20    4.3254534052e-05    1.0000000000e+00    0.0000000000e+00    0.0000000000e+00
   -1.8105319655e+06   -4.9465676351e+07   -3.9161393247e+06   -1.3408970870e+03    2.5023277493e+03    8.7153426332e+01    5.1716750000e+20    4.3254534052e-05    1.0000000000e+00    0.0000000000e+00    0.0000000000e+00
    1.8453347729e+06   -5.9864827756e+07    1.2044734181e+06   -1.3931698816e+03    1.5708422098e+03   -4.5345320978e+01    5.0296110000e+20    4.2066347996e-05    1.0000000000e+00    0.0000000000e+00    0.0000000000e+00
    7.9706825155e+06   -4.5759773517e+07   -2.3812025573e+07   -1.3926140078e+03    1.6520270479e+03    1.4688542746e+03    4.9368420000e+20    4.1290452397e-05    1.0000000000e+00    0.0000000000e+00    0.0000000000e+00
    3.2661598319e+07   -1.2278747169e+08   -1.6691106275e+07   -6.8392916198e+01   -2.0105478913e+03   -2.3876453880e+02    4.9178760000e+20    4.1131825745e-05    1.0000000000e+00    0.0000000000e+00    0.0000000000e+00
    4.4760862656e+07   -1.1841903985e+08   -2.6393967260e+07    1.6319058780e+02   -2.0225804322e+03   -3.1566242502e+02    4.8987650000e+20    4.0971986350e-05    1.0000000000e+00    0.0000000000e+00    0.0000000000e+00
   -2.6673555076e+06   -3.0630491564e+07   -7.2937833172e+06   -1.6418322005e+03    4.2195698543e+03    1.7023839062e+03    4.8795030000e+20    4.0810884031e-05    1.0000000000e+00    0.0000000000e+00    0.0000000000e+00
    6.6623273869e+07   -9.9847869307e+07    1.0248052415e+08    1.0039120908e+03   -2.2709722851e+03    1.9177358514e+03    2.5485260000e+20    2.1315203421e-05    0.0000000000e+00    1.0000000000e+00    0.0000000000e+00
    1.3272847153e+07   -1.1054300642e+08    7.1116200130e+07   -3.2348528610e+02   -1.9493385061e+03    9.5619769771e+02    2.5408120000e+20    2.1250685547e-05    0.0000000000e+00    1.0000000000e+00    0.0000000000e+00
    9.1549039114e+07   -1.5896843107e+08   -2.9861143051e+07    1.7074583282e+03   -3.7684598167e+03   -6.2243121883e+02    2.5408120000e+20    2.1250685547e-05    0.0000000000e+00    1.0000000000e+00    0.0000000000e+00
    2.5008103612e+06   -4.8410430636e+07   -1.5772830418e+07   -1.3391628443e+03    1.9937814402e+03    1.3137915744e+03    2.5408120000e+20    2.1250685547e-05    0.0000000000e+00    1.0000000000e+00    0.0000000000e+00
    9.0230951355e+07   -2.0590848982e+08   -3.7711588068e+07    1.8875865814e+03   -5.2965413281e+03   -9.3900638270e+02    2.5253920000e+20    2.1121716709e-05    0.0000000000e+00    1.0000000000e+00    0.0000000000e+00
    7.4648698137e+05   -1.4838846279e+08   -1.8184004296e+07   -5.8949386791e+02   -2.8619937983e+03   -2.3494719331e+02    2.5253920000e+20    2.1121716709e-05    0.0000000000e+00    1.0000000000e+00    0.0000000000e+00
    1.7002050842e+07   -9.7813537296e+07   -6.5126932035e+07   -3.2522849531e+02   -1.5282934745e+03   -5.7467317958e+02    2.5253920000e+20    2.1121716709e-05    0.0000000000e+00    1.0000000000e+00    0.0000000000e+00
    2.3614575845e+07   -1.1667521719e+08    1.7945539062e+07   -3.0435376374e+02   -1.7021260875e+03    1.4031055064e+02    2.4945810000e+20    2.0864021581e-05    0.0000000000e+00    1.0000000000e+00    0.0000000000e+00
   -8.6052189356e+06   -9.0956322023e+07   -2.7830510851e+07   -8.6265664416e+02   -4.5170169666e+02    9.1972385438e+01    2.4945810000e+20    2.0864021581e-05    0.0000000000e+00    1.0000000000e+00    0.0000000000e+00
    3.1809304540e+05   -2.9766083739e+07    7.8136973882e+06   -1.8899335295e+03    4.0417115136e+03   -2.1490366441e+03    2.4791880000e+20    2.0735278564e-05    0.0000000000e+00    1.0000000000e+00    0.0000000000e+00
   -1.4919066096e+07   -1.8644895060e+07    1.8560793224e+06    7.2078953302e+02    6.0701717509e+03   -8.0825758729e+02    2.4714940000e+20    2.0670927965e-05    0.0000000000e+00    1.0000000000e+00    0.0000000000e+00
    1.1907852705e+08   -2.7559920671e+08   -2.0150166900e+07    2.9030289351e+03   -7.5680447071e+03   -5.4084374666e+02    2.4638020000e+20    2.0606594093e-05    0.0000000000e+00    1.0000000000e+00    0.0000000000e+00
   -1.3020103604e+07   -4.0896497865e+07   -1.5248894327e+07   -4.7256694123e+02    2.4985546192e+03    2.0087712939e+03    2.4638020000e+20    2.0606594093e-05    0.0000000000e+00    1.0000000000e+00    0.0000000000e+00
    3.6732451514e+07   -1.1194646979e+08    7.3475718764e+07    1.5613008979e+02   -2.1509672079e+03    1.1105370169e+03    2.4484220000e+20    2.0477959805e-05    0.0000000000e+00    1.0000000000e+00    0.0000000000e+00
    1.0226712834e+08   -1.6277282886e+08   -5.1481810335e+07    2.0722878372e+03   -4.0044024064e+03   -1.1701433499e+03    2.4484220000e+20    2.0477959805e-05    0.0000000000e+00    1.0000000000e+00    0.0000000000e+00
    1.5466212079e+08   -2.7419912834e+08    1.0994721447e+07    3.9148710678e+03   -7.6144906874e+03    2.8583895146e+02    2.4176740000e+20    2.0220791593e-05    0.0000000000e+00    1.0000000000e+00    0.0000000000e+00
    2.1769530957e+07   -1.1216028062e+08    3.9514489953e+07   -2.9240321763e+02   -1.6741497207e+03    3.9638347262e+02    2.4023050000e+20    2.0092249305e-05    0.0000000000e+00    1.0000000000e+00    0.0000000000e+00
    5.2251998357e+07   -1.7559422973e+08    1.6974759239e+07    7.1312412091e+02   -4.0987340490e+03    3.8686066773e+02    2.3869380000e+20    1.9963723746e-05    0.0000000000e+00    1.0000000000e+00    0.0000000000e+00
   -7.1135720816e+06   -8.4717891852e+07   -7.5390743891e+06   -9.1109224384e+02    1.0671215468e+02    2.4239881994e+02    2.3869380000e+20    1.9963723746e-05    0.0000000000e+00    1.0000000000e+00    0.0000000000e+00
    6.5774971698e+07   -1.5870285578e+08    7.6128642597e+07    1.1070476881e+03   -3.8009591358e+03    1.6412737260e+03    2.3792540000e+20    1.9899456784e-05    0.0000000000e+00    1.0000000000e+00    0.0000000000e+00
   -9.4305031232e+06   -4.3385382761e+07    2.8137863231e+05   -9.4239798317e+02    3.1835611138e+03    1.7765741431e+02    2.3715710000e+20    1.9835198186e-05    0.0000000000e+00    1.0000000000e+00    0.0000000000e+00
   -1.3317467031e+07   -4.1854823127e+07    4.2328154505e+07   -5.2380022997e+02    7.3577894116e+02   -1.7740305990e+03    2.3562030000e+20    1.9706664262e-05    0.0000000000e+00    1.0000000000e+00    0.0000000000e+00
    1.4594982151e+07   -1.3709772629e+08    4.6400401149e+07   -2.6828367613e+02   -2.6569134887e+03    6.1904245277e+02    2.3562030000e+20    1.9706664262e-05    0.0000000000e+00    1.0000000000e+00    0.0000000000e+00
    8.8932797994e+07   -1.6527932869e+08   -1.9844010271e+07    1.6572513896e+03   -3.9491112610e+03   -4.5300838328e+02    2.3562030000e+20    1.9706664262e-05    0.0000000000e+00    1.0000000000e+00    0.0000000000e+00
    6.1421483885e+07   -1.6884197067e+08    3.1257921550e+07    9.5007255972e+02   -3.9301308415e+03    6.2243535835e+02    2.3408330000e+20    1.9578113611e-05    0.0000000000e+00    1.0000000000e+00    0.0000000000e+00
   -6.7843552449e+06   -1.1765383542e+08   -1.0451127492e+07   -8.1311572034e+02   -1.5125287641e+03   -1.6862018073e+02    2.3408330000e+20    1.9578113611e-05    0.0000000000e+00    1.0000000000e+00    0.0000000000e+00
    1.8118092933e+06   -1.0810260152e+08    3.9538691792e+07   -6.4678974843e+02   -1.3627853671e+03    3.5128909043e+02    2.3331470000e+20    1.9513829922e-05    0.0000000000e+00    1.0000000000e+00    0.0000000000e+00
   -1.1471238017e+07   -4.7342965545e+07    1.1613759765e+07   -8.3694086902e+02    2.5315294229e+03   -8.8146896112e+02    2.3100830000e+20    1.9320928672e-05    0.0000000000e+00    1.0000000000e+00    0.0000000000e+00
    4.7901083855e+07   -1.5879349414e+08   -9.1107904679e+07    6.6143661371e+02   -3.8023059129e+03   -2.0092280234e+03    2.3100830000e+20    1.9320928672e-05    0.0000000000e+00    1.0000000000e+00    0.0000000000e+00
   -9.8708497082e+06   -5.0184830878e+07    3.7182868528e+07   -7.0381136384e+02    8.6690150741e+02   -1.4745661552e+03    2.2870070000e+20    1.9127927056e-05    0.0000000000e+00    1.0000000000e+00    0.0000000000e+00
    1.4415230061e+08   -2.1994597735e+08   -6.3025182691e+07    3.5143057260e+03   -5.9543410394e+03   -1.6081468388e+03    2.2870070000e+20    1.9127927056e-05    0.0000000000e+00    1.0000000000e+00    0.0000000000e+00
    1.2696164281e+08   -1.6124907077e+08   -1.0094172777e+08    2.9151137077e+03   -4.2196791708e+03   -2.4392780187e+03    2.2870070000e+20    1.9127927056e-05    0.0000000000e+00    1.0000000000e+00    0.0000000000e+00
    1.1821711556e+08   -1.9798873347e+08    1.3090592602e+08    2.8064901811e+03   -5.3467103779e+03    3.3793615861e+03    2.2639130000e+20    1.8934774894e-05    0.0000000000e+00    1.0000000000e+00    0.0000000000e+00
    5.7343360958e+07   -1.5676245732e+08   -5.7999304503e+07    8.4153383965e+02   -3.5906505050e+03   -1.1969730855e+03    2.2639130000e+20    1.8934774894e-05    0.0000000000e+00    1.0000000000e+00    0.0000000000e+00
    2.2067001790e+07   -1.3864171626e+08   -7.0499765436e+07   -7.7654723972e+01   -2.9288044857e+03   -1.2424662320e+03    2.2639130000e+20    1.8934774894e-05    0.0000000000e+00    1.0000000000e+00    0.0000000000e+00
    1.6027850251e+08   -2.4419637954e+08   -7.0866306555e+07    4.0467301951e+03   -6.7337982585e+03   -1.9079269051e+03    2.2485060000e+20    1.8805914785e-05    0.0000000000e+00    1.0000000000e+00    0.0000000000e+00
    8.2077464656e+07   -1.5252264053e+08   -1.3046081581e+08    1.6929756721e+03   -3.9302414747e+03   -3.1003897013e+03    2.2485060000e+20    1.8805914785e-05    0.0000000000e+00    1.0000000000e+00    0.0000000000e+00
    1.3987564606e+08   -1.5961850399e+08   -1.0658855182e+08    3.2678108509e+03   -4.2053007131e+03   -2.6973983477e+03    2.2407980000e+20    1.8741447093e-05    0.0000000000e+00    1.0000000000e+00    0.0000000000e+00
    1.1584414821e+08   -1.9548589581e+08    2.3545594134e+07    2.5667382843e+03   -5.0536423846e+03    5.1620814949e+02    2.2330870000e+20    1.8676954310e-05    0.0000000000e+00    1.0000000000e+00    0.0000000000e+00
    1.6493287158e+07   -1.5538836561e+08    1.5150211026e+07   -2.1243230144e+02   -3.1714720431e+03    2.3623207168e+02    2.2176570000e+20    1.8547901835e-05    0.0000000000e+00    1.0000000000e+00    0.0000000000e+00
    4.3944540540e+07   -1.8449792754e+08    6.9725738126e+07    5.9414051521e+02   -4.5218434569e+03    1.5886795779e+03    2.2022120000e+20    1.8418723904e-05    0.0000000000e+00    1.0000000000e+00    0.0000000000e+00
    4.0331090405e+07   -1.9500537127e+08    1.8070469011e+06    4.8525180816e+02   -4.7048781773e+03    6.7060636312e+01    2.1790150000e+20    1.8224710276e-05    0.0000000000e+00    1.0000000000e+00    0.0000000000e+00
    1.0730877028e+07   -1.2845097466e+08   -4.0156890541e+07   -4.2440778235e+02   -2.2225142704e+03   -5.7620452258e+02    2.1790150000e+20    1.8224710276e-05    0.0000000000e+00    1.0000000000e+00    0.0000000000e+00
   -1.2630294372e+07   -4.7994417683e+07    2.1509047744e+07   -7.0915509189e+02    1.7884681885e+03   -1.6016244524e+03    2.1712740000e+20    1.8159966581e-05    0.0000000000e+00    1.0000000000e+00    0.0000000000e+00
    3.2462455386e+07   -1.0063390539e+08    8.3492337113e+07    4.7206170985e+01   -1.9510263764e+03    1.1766105265e+03    2.1712740000e+20    1.8159966581e-05    0.0000000000e+00    1.0000000000e+00    0.0000000000e+00
    8.0983594530e+07   -1.8782590374e+08    5.4882381222e+07    1.5944923742e+03   -4.7044849913e+03    1.2803525690e+03    2.1712740000e+20    1.8159966581e-05    0.0000000000e+00    1.0000000000e+00    0.0000000000e+00
    6.5490248581e+07   -1.6906381776e+08   -4.2041366644e+07    1.0653812134e+03   -3.9782996361e+03   -9.7831872086e+02    2.1712740000e+20    1.8159966581e-05    0.0000000000e+00    1.0000000000e+00    0.0000000000e+00
    2.5549234515e+07   -8.4430345936e+07   -2.4729077849e+07   -6.2582111992e+02   -5.0585001722e+02    2.6137811068e+02    2.1712740000e+20    1.8159966581e-05    0.0000000000e+00    1.0000000000e+00    0.0000000000e+00
    1.4445676718e+08   -2.1070753263e+08   -2.9457635585e+07    3.4565333983e+03   -5.6180976322e+03   -8.1472395167e+02    2.1635290000e+20    1.8095189432e-05    0.0000000000e+00    1.0000000000e+00    0.0000000000e+00
    2.8608622668e+07   -8.7399363554e+07   -1.0498367012e+08    6.2792874856e+01   -1.7651789737e+03   -1.6728341743e+03    2.1635290000e+20    1.8095189432e-05    0.0000000000e+00    1.0000000000e+00    0.0000000000e+00
    1.4838326700e+08   -2.3177637041e+08   -2.8030430219e+07    3.6367326949e+03   -6.2829826180e+03   -7.2044211252e+02    2.1402620000e+20    1.7900590343e-05    0.0000000000e+00    1.0000000000e+00    0.0000000000e+00
    7.0591140856e+07   -1.3205619075e+08   -1.2778464675e+08    1.3444789714e+03   -3.3109076994e+03   -2.8632951364e+03    2.1402620000e+20    1.7900590343e-05    0.0000000000e+00    1.0000000000e+00    0.0000000000e+00
    9.6626969153e+06   -1.2838254488e+08    4.2239909515e+07   -4.2435805540e+02   -2.2656941511e+03    5.2728325262e+02    2.1247240000e+20    1.7770634584e-05    0.0000000000e+00    1.0000000000e+00    0.0000000000e+00
    2.8566261331e+07   -9.6991444936e+07    8.5231262048e+07   -3.4940430709e+00   -1.7924157775e+03    1.2101320474e+03    2.1247240000e+20    1.7770634584e-05    0.0000000000e+00    1.0000000000e+00    0.0000000000e+00
   -1.4418361092e+07   -7.0210832386e+07    4.7159782558e+05   -9.2350513298e+02    1.0445033940e+03   -8.8703341938e+01    2.1247240000e+20    1.7770634584e-05    0.0000000000e+00    1.0000000000e+00    0.0000000000e+00
    2.0215483614e+07   -1.3377481455e+08    1.7519768179e+07   -2.1478560724e+02   -2.3586375189e+03    1.5486475739e+02    2.1013710000e+20    1.7575316213e-05    0.0000000000e+00    1.0000000000e+00    0.0000000000e+00
    2.2554456108e+07   -1.0845177744e+08   -4.9382924806e+07   -2.6438785999e+02   -1.6307998693e+03   -5.4976012676e+02    2.1013710000e+20    1.7575316213e-05    0.0000000000e+00    1.0000000000e+00    0.0000000000e+00
   -2.0919898054e+07   -3.7084130745e+07   -1.2842093280e+07   -1.4363307524e+02    2.8724357474e+03    1.7212719269e+03    2.1013710000e+20    1.7575316213e-05    0.0000000000e+00    1.0000000000e+00    0.0000000000e+00
    1.8249800994e+08   -2.4539198889e+08    2.5509674976e+07    4.6784322672e+03   -6.7819627229e+03    6.7728440933e+02    2.0623120000e+20    1.7248636976e-05    0.0000000000e+00    1.0000000000e+00    0.0000000000e+00
    6.0407250907e+07   -1.3966139186e+08    1.2168813990e+08    1.0421215554e+03   -3.4467716195e+03    2.7275365896e+03    2.0544780000e+20    1.7183115453e-05    0.0000000000e+00    1.0000000000e+00    0.0000000000e+00
    2.2702557897e+07   -1.1619690908e+08    8.0068883099e+07   -5.8584072449e+01   -2.3146000737e+03    1.2025408335e+03    2.0466350000e+20    1.7117518657e-05    0.0000000000e+00    1.0000000000e+00    0.0000000000e+00
    1.7523368401e+08   -2.3810157012e+08    6.8839659726e+07    4.4650956873e+03   -6.5717262074e+03    1.8645505424e+03    2.0466350000e+20    1.7117518657e-05    0.0000000000e+00    1.0000000000e+00    0.0000000000e+00
    1.0682139757e+08   -2.1967782380e+08    9.0087093933e+07    2.4658994023e+03   -5.8737497537e+03    2.2906359794e+03    2.0309240000e+20    1.6986115971e-05    0.0000000000e+00    1.0000000000e+00    0.0000000000e+00
    5.7208014421e+07   -2.1616950448e+08    5.9458234150e+07    1.0320055009e+03   -5.5546285864e+03    1.4563776898e+03    2.0309240000e+20    1.6986115971e-05    0.0000000000e+00    1.0000000000e+00    0.0000000000e+00
    1.1217750518e+07   -1.3827102508e+08   -6.7109334683e+07   -3.1885944263e+02   -2.8280490218e+03   -1.1832479108e+03    2.0309240000e+20    1.6986115971e-05    0.0000000000e+00    1.0000000000e+00    0.0000000000e+00
    5.2062810504e+07   -1.8155295895e+08    1.3870155627e+08    9.5963356287e+02   -4.7576887845e+03    3.3712509288e+03    2.0151760000e+20    1.6854403827e-05    0.0000000000e+00    1.0000000000e+00    0.0000000000e+00
    1.1946271757e+08   -1.2981313275e+08    1.4627480311e+08    2.7332271360e+03   -3.4461844374e+03    3.5899911603e+03    2.0151760000e+20    1.6854403827e-05    0.0000000000e+00    1.0000000000e+00    0.0000000000e+00
    8.2916788407e+07   -1.7690494709e+08    1.0647263714e+08    1.7132659932e+03   -4.5705689317e+03    2.5187739946e+03    2.0072880000e+20    1.6788430663e-05    0.0000000000e+00    1.0000000000e+00    0.0000000000e+00
    1.7126944437e+08   -2.6510611636e+08    8.5188995225e+07    4.4014176006e+03   -7.4057885231e+03    2.3002620485e+03    1.9914810000e+20    1.6656225058e-05    0.0000000000e+00    1.0000000000e+00    0.0000000000e+00
    1.5902980405e+08   -2.6278202251e+08   -2.5697156780e+07    4.0228468849e+03   -7.2544801518e+03   -7.0068778189e+02    1.9914810000e+20    1.6656225058e-05    0.0000000000e+00    1.0000000000e+00    0.0000000000e+00
    1.9359916248e+07   -7.3662819650e+07   -1.0679363018e+08   -1.0678766563e+02   -1.4802231717e+03   -1.4835536276e+03    1.9914810000e+20    1.6656225058e-05    0.0000000000e+00    1.0000000000e+00    0.0000000000e+00
    9.2619387726e+07   -2.2848847528e+08    1.3847392349e+08    2.1309762100e+03   -6.2368928746e+03    3.6130892950e+03    1.9835620000e+20    1.6589992618e-05    0.0000000000e+00    1.0000000000e+00    0.0000000000e+00
    1.2290734673e+08   -2.6204349699e+08   -7.5519896741e+07    2.9955090501e+03   -7.2119354386e+03   -1.9834231627e+03    1.9835620000e+20    1.6589992618e-05    0.0000000000e+00    1.0000000000e+00    0.0000000000e+00
    2.2880119349e+07   -8.7783915506e+07   -2.1956423923e+07   -6.4356079571e+02   -5.3384720229e+02    1.6976701868e+02    1.9835620000e+20    1.6589992618e-05    0.0000000000e+00    1.0000000000e+00    0.0000000000e+00
    1.1396439783e+08   -2.0847219425e+08   -1.0242277447e+08    2.6564369383e+03   -5.5838236611e+03   -2.5982862812e+03    1.9835620000e+20    1.6589992618e-05    0.0000000000e+00    1.0000000000e+00    0.0000000000e+00
    7.8216626213e+07   -1.3829779932e+08   -1.1398631009e+08    1.4690231795e+03   -3.4142055955e+03   -2.5875346059e+03    1.9835620000e+20    1.6589992618e-05    0.0000000000e+00    1.0000000000e+00    0.0000000000e+00
    2.7532711918e+07   -4.8068439060e+07   -1.0566378486e+08    1.8472303596e+01   -1.0032419053e+03   -1.2050150509e+03    1.9835620000e+20    1.6589992618e-05    0.0000000000e+00    1.0000000000e+00    0.0000000000e+00
    4.1016964208e+07   -1.7519268273e+08   -2.0960426004e+07    4.3918367141e+02   -4.0200246962e+03   -3.9554642537e+02    1.9756320000e+20    1.6523668177e-05    0.0000000000e+00    1.0000000000e+00    0.0000000000e+00
   -1.7078630838e+07   -3.5243600046e+07   -8.5807685561e+06   -1.3238732654e+02    3.2398328689e+03    1.9912313308e+03    1.9756320000e+20    1.6523668177e-05    0.0000000000e+00    1.0000000000e+00    0.0000000000e+00
   -1.3103675134e+07   -8.4957226808e+07    4.2617251654e+07   -7.7183538016e+02   -6.0248128154e+02   -3.0126518576e+02    1.9676910000e+20    1.6457251735e-05    0.0000000000e+00    1.0000000000e+00    0.0000000000e+00
    1.3342555200e+08   -2.7580655342e+08    5.4644007561e+07    3.3100160102e+03   -7.6358684693e+03    1.4820571124e+03    1.9676910000e+20    1.6457251735e-05    0.0000000000e+00    1.0000000000e+00    0.0000000000e+00
    2.9674095067e+07   -1.9250929267e+08   -6.7542163741e+07    2.6516384847e+02   -4.7194417491e+03   -1.5521117620e+03    1.9676910000e+20    1.6457251735e-05    0.0000000000e+00    1.0000000000e+00    0.0000000000e+00
    4.2913457204e+06   -4.9055694484e+07   -4.5664953519e+07   -1.0035003924e+03    6.1511510242e+02    1.0510711914e+03    1.9676910000e+20    1.6457251735e-05    0.0000000000e+00    1.0000000000e+00    0.0000000000e+00
    6.6829061036e+06   -1.1898848899e+08   -7.1166133689e+07   -4.1988288358e+02   -2.2180293082e+03   -1.0131931774e+03    1.9676910000e+20    1.6457251735e-05    0.0000000000e+00    1.0000000000e+00    0.0000000000e+00
   -1.9692662733e+07   -1.3967087494e+08    2.3591912880e+05   -1.0094849642e+03   -2.4427036170e+03   -8.2660923407e+01    1.9358060000e+20    1.6190573953e-05    0.0000000000e+00    1.0000000000e+00    0.0000000000e+00
    1.8469045502e+08   -2.6855949282e+08   -1.0592059086e+08    4.8095280696e+03   -7.5486951363e+03   -2.9031737320e+03    1.9358060000e+20    1.6190573953e-05    0.0000000000e+00    1.0000000000e+00    0.0000000000e+00
    1.1936721910e+08   -2.1665554351e+08   -1.4882864159e+08    2.8736691257e+03   -5.9527665039e+03   -3.9112811280e+03    1.9358060000e+20    1.6190573953e-05    0.0000000000e+00    1.0000000000e+00    0.0000000000e+00
    1.4424635730e+08   -1.8171989157e+08    1.3858428852e+08    3.5340967943e+03   -4.9469868644e+03    3.5975654867e+03    1.9197870000e+20    1.6056595236e-05    0.0000000000e+00    1.0000000000e+00    0.0000000000e+00
   -2.4773189462e+06   -1.2627697835e+08   -1.5644270966e+07   -7.0415765028e+02   -1.9208614416e+03   -1.7043288028e+02    1.9197870000e+20    1.6056595236e-05    0.0000000000e+00    1.0000000000e+00    0.0000000000e+00
    1.5574627500e+08   -3.0266829888e+08   -4.8038506535e+07    3.9743374811e+03   -8.4841915379e+03   -1.3015422455e+03    1.9197870000e+20    1.6056595236e-05    0.0000000000e+00    1.0000000000e+00    0.0000000000e+00
    7.4760422788e+07   -2.2998516060e+08   -4.2464182422e+07    1.5248989211e+03   -6.0209028647e+03   -1.0363494543e+03    1.9197870000e+20    1.6056595236e-05    0.0000000000e+00    1.0000000000e+00    0.0000000000e+00
    6.7845304921e+07   -1.7346274190e+08   -1.4808687746e+08    1.3837241029e+03   -4.5933854160e+03   -3.6349810515e+03    1.9197870000e+20    1.6056595236e-05    0.0000000000e+00    1.0000000000e+00    0.0000000000e+00
    1.9272711205e+07   -1.4594133946e+08   -8.6961926292e+07   -6.0827261313e+01   -3.3016155983e+03   -1.6554939321e+03    1.9197870000e+20    1.6056595236e-05    0.0000000000e+00    1.0000000000e+00    0.0000000000e+00
    5.4955233467e+07   -2.1939087857e+08    3.4025528207e+07    9.4515460227e+02   -5.5984625996e+03    7.9876111995e+02    1.9117570000e+20    1.5989434420e-05    0.0000000000e+00    1.0000000000e+00    0.0000000000e+00
    1.0759776696e+08   -1.6942440446e+08    1.9304415181e+07    2.2061351659e+03   -4.1745612187e+03    4.6519771125e+02    1.9117570000e+20    1.5989434420e-05    0.0000000000e+00    1.0000000000e+00    0.0000000000e+00
   -4.5173791976e+06   -9.5224689208e+07   -1.1178112711e+08   -5.3149256121e+02   -2.0515188608e+03   -1.7953690315e+03    1.9117570000e+20    1.5989434420e-05    0.0000000000e+00    1.0000000000e+00    0.0000000000e+00
   -6.1800255444e+06   -1.3177697618e+08    3.7506577568e+07   -7.0027871936e+02   -2.3017662046e+03    4.1853616586e+02    1.9037120000e+20    1.5922148149e-05    0.0000000000e+00    1.0000000000e+00    0.0000000000e+00
    3.7320873839e+07   -9.8268865441e+07    5.5583203443e+07   -3.3253552080e+01   -1.5185907827e+03    5.6348470447e+02    1.9037120000e+20    1.5922148149e-05    0.0000000000e+00    1.0000000000e+00    0.0000000000e+00
    3.0536965625e+07   -1.5923533607e+08    5.9919543751e+07    1.7140596968e+02   -3.5784187225e+03    1.1561203603e+03    1.8956530000e+20    1.5854744786e-05    0.0000000000e+00    1.0000000000e+00    0.0000000000e+00
   -1.0242648645e+07   -7.6314738934e+07    1.2620767787e+08   -5.8603166410e+02   -1.7524833630e+03    2.0937808064e+03    1.8875790000e+20    1.5787215966e-05    0.0000000000e+00    1.0000000000e+00    0.0000000000e+00
    2.8919843264e+07   -1.1253714770e+08    1.7029722344e+08    3.8522918435e+02   -2.9574524604e+03    3.9068948400e+03    1.8875790000e+20    1.5787215966e-05    0.0000000000e+00    1.0000000000e+00    0.0000000000e+00
    1.3266612201e+08   -2.3754265704e+08    1.0650754088e+08    3.2456257326e+03   -6.5307690892e+03    2.7534197299e+03    1.8875790000e+20    1.5787215966e-05    0.0000000000e+00    1.0000000000e+00    0.0000000000e+00
    4.4178148049e+07   -1.9623005568e+08    1.6938336783e+07    6.1544054178e+02   -4.7559959443e+03    3.9192782975e+02    1.8875790000e+20    1.5787215966e-05    0.0000000000e+00    1.0000000000e+00    0.0000000000e+00
    7.6782348868e+07   -2.4679702884e+08    1.7778935980e+07    1.6162774491e+03   -6.5450085459e+03    4.3761207515e+02    1.8875790000e+20    1.5787215966e-05    0.0000000000e+00    1.0000000000e+00    0.0000000000e+00
   -2.0613352493e+07   -1.2060251860e+08   -5.2919638900e+06   -1.0034708002e+03   -1.6096046909e+03   -4.0157298038e+01    1.8875790000e+20    1.5787215966e-05    0.0000000000e+00    1.0000000000e+00    0.0000000000e+00
    6.8454739019e+07   -2.0176603443e+08   -7.7514240154e+07    1.3131670288e+03   -5.1758261573e+03   -1.8549132371e+03    1.8875790000e+20    1.5787215966e-05    0.0000000000e+00    1.0000000000e+00    0.0000000000e+00
    6.4515493664e+07   -1.9687548884e+08   -1.1213553784e+08    1.2700146793e+03   -5.1449479535e+03   -2.7226425724e+03    1.8875790000e+20    1.5787215966e-05    0.0000000000e+00    1.0000000000e+00    0.0000000000e+00
   -2.0900531018e+07   -4.5648495536e+07   -2.3342268676e+07   -2.6729583931e+02    1.5033523322e+03    1.8990654500e+03    1.8875790000e+20    1.5787215966e-05    0.0000000000e+00    1.0000000000e+00    0.0000000000e+00
   -2.5489951211e+07   -8.7750067375e+07    8.5315914742e+07   -8.9268968128e+02   -1.5262705833e+03    8.4683768109e+02    1.8551220000e+20    1.5515754126e-05    0.0000000000e+00    1.0000000000e+00    0.0000000000e+00
   -5.9491297677e+06   -1.1949507252e+08    7.1021983264e+07   -6.7222957001e+02   -2.2055043856e+03    9.9046153595e+02    1.8551220000e+20    1.5515754126e-05    0.0000000000e+00    1.0000000000e+00    0.0000000000e+00
    1.0566052774e+08   -2.9898068541e+08   -1.6239778891e+07    2.5232182163e+03   -8.2550659327e+03   -4.2839561942e+02    1.8551220000e+20    1.5515754126e-05    0.0000000000e+00    1.0000000000e+00    0.0000000000e+00
    6.6446618781e+07   -1.9504055204e+08   -1.6832239116e+08    1.4248265535e+03   -5.3040524446e+03   -4.2758027056e+03    1.8551220000e+20    1.5515754126e-05    0.0000000000e+00    1.0000000000e+00    0.0000000000e+00
   -1.1502732176e+07   -2.5396611835e+07    2.8350135898e+07   -4.9002018490e+01    1.3970247698e+03   -3.5912078223e+03    1.8387910000e+20    1.5379165923e-05    0.0000000000e+00    1.0000000000e+00    0.0000000000e+00
    5.5686686881e+07   -1.4686195669e+08    1.9707311416e+08    1.1395599501e+03   -4.0054002712e+03    4.9555476725e+03    1.8387910000e+20    1.5379165923e-05    0.0000000000e+00    1.0000000000e+00    0.0000000000e+00
    1.1371859676e+08   -2.5025696033e+08    6.5930864372e+07    2.7078560030e+03   -6.8049445094e+03    1.6984945241e+03    1.8387910000e+20    1.5379165923e-05    0.0000000000e+00    1.0000000000e+00    0.0000000000e+00
    9.9193709124e+07   -1.4783772971e+08   -3.0330240589e+07    1.8270858973e+03   -3.5060737483e+03   -5.6461979828e+02    1.8387910000e+20    1.5379165923e-05    0.0000000000e+00    1.0000000000e+00    0.0000000000e+00
    2.2749432014e+07   -1.7060955173e+08   -7.8438720610e+07    5.0938553143e+01   -4.0364887259e+03   -1.6598205978e+03    1.8387910000e+20    1.5379165923e-05    0.0000000000e+00    1.0000000000e+00    0.0000000000e+00
    7.2657870954e+07   -1.5089466529e+08    2.3806747052e+07    1.1169507222e+03   -3.3739563519e+03    4.7898068192e+02    1.8342740000e+20    1.5341386919e-05    0.0000000000e+00    1.0000000000e+00    0.0000000000e+00
    5.3538333940e+07   -1.1510426014e+08   -2.4111238345e+07    2.5630023155e+02   -2.0126643688e+03   -3.7629394689e+02    1.8342740000e+20    1.5341386919e-05    0.0000000000e+00    1.0000000000e+00    0.0000000000e+00
    3.1138680701e+07   -8.1684646063e+07    1.9868748895e+08    4.7689192599e+02   -2.2289250851e+03    4.7404978454e+03    1.8223860000e+20    1.5241958803e-05    0.0000000000e+00    1.0000000000e+00    0.0000000000e+00
    5.7507003945e+07   -2.1303553552e+08    1.2516273153e+08    1.1322445980e+03   -5.6740306472e+03    3.1136525484e+03    1.8223860000e+20    1.5241958803e-05    0.0000000000e+00    1.0000000000e+00    0.0000000000e+00
   -1.5389308692e+07   -1.2986004716e+08    1.3260214760e+07   -9.1595687058e+02   -2.0592280005e+03    1.9353873131e+01    1.8223860000e+20    1.5241958803e-05    0.0000000000e+00    1.0000000000e+00    0.0000000000e+00
    1.6525093013e+08   -2.0401598430e+08    4.0522336058e+07    4.0375350667e+03   -5.5217457525e+03    1.0738065512e+03    1.8212120000e+20    1.5232139775e-05    0.0000000000e+00    1.0000000000e+00    0.0000000000e+00
    1.0067940832e+08   -1.1422341349e+08    2.6228370573e+07    1.6122518567e+03   -2.4673887590e+03    4.2903586919e+02    1.8082640000e+20    1.5123846097e-05    0.0000000000e+00    1.0000000000e+00    0.0000000000e+00
    2.1269092219e+08   -3.3309178068e+08    1.7205383973e+07    5.6861857790e+03   -9.4770157934e+03    4.7681037226e+02    1.8059030000e+20    1.5104099312e-05    0.0000000000e+00    1.0000000000e+00    0.0000000000e+00
    5.0106491672e+07   -1.3562813107e+08   -1.4152769505e+08    8.4205801683e+02   -3.4480312138e+03   -3.2061231894e+03    1.8059030000e+20    1.5104099312e-05    0.0000000000e+00    1.0000000000e+00    0.0000000000e+00
    3.2453198351e+07   -9.8239866073e+07    3.6894663092e+06   -4.6241104919e+02   -1.0286095432e+03   -1.9434561127e+01    1.8018320000e+20    1.5070050535e-05    0.0000000000e+00    1.0000000000e+00    0.0000000000e+00
   -2.3217986281e+07   -4.2767066357e+07    9.9514100835e+06   -1.4133539254e+02    2.4305533801e+03   -1.5541963197e+03    1.7976300000e+20    1.5034906109e-05    0.0000000000e+00    1.0000000000e+00    0.0000000000e+00
    4.0494652190e+07   -1.1606350264e+08    1.8653869613e+08    6.9497729276e+02   -3.1006894785e+03    4.4824220956e+03    1.7976300000e+20    1.5034906109e-05    0.0000000000e+00    1.0000000000e+00    0.0000000000e+00
    6.7012667197e+07   -2.4569188592e+08    8.6504369984e+07    1.3959276926e+03   -6.5986597352e+03    2.1677626530e+03    1.7893370000e+20    1.4965545630e-05    0.0000000000e+00    1.0000000000e+00    0.0000000000e+00
    1.2810698638e+08   -2.8314628110e+08    7.6393174033e+07    3.1614423693e+03   -7.8675230862e+03    2.0216950676e+03    1.7893370000e+20    1.4965545630e-05    0.0000000000e+00    1.0000000000e+00    0.0000000000e+00
   -5.4606391015e+05   -5.8451508397e+07   -1.0240951397e+08   -4.8230623029e+02   -1.0845671754e+03   -1.0473428980e+03    1.7893370000e+20    1.4965545630e-05    0.0000000000e+00    1.0000000000e+00    0.0000000000e+00
   -1.5120619115e+07   -5.2674236790e+07   -7.8346223290e+07   -5.9330191510e+02   -7.0517666603e+02    7.6931123029e+01    1.7893370000e+20    1.4965545630e-05    0.0000000000e+00    1.0000000000e+00    0.0000000000e+00
    5.8338601801e+06   -1.1644292359e+08    1.2050026525e+08   -2.8434849044e+02   -2.6878068263e+03    2.3134576012e+03    1.7810210000e+20    1.4895992786e-05    0.0000000000e+00    1.0000000000e+00    0.0000000000e+00
    1.5344940892e+08   -1.5500581630e+08    1.1253761299e+08    3.6589354676e+03   -4.1299223466e+03    2.8821871245e+03    1.7810210000e+20    1.4895992786e-05    0.0000000000e+00    1.0000000000e+00    0.0000000000e+00
    1.5577193567e+08   -2.4260978206e+08    9.8024305746e+07    3.9191757404e+03   -6.7112068384e+03    2.5765258141e+03    1.7726830000e+20    1.4826255940e-05    0.0000000000e+00    1.0000000000e+00    0.0000000000e+00
   -3.9738266821e+05   -1.9475670918e+08   -2.3433944003e+07   -5.1768196629e+02   -4.6009339377e+03   -5.0686896608e+02    1.7726830000e+20    1.4826255940e-05    0.0000000000e+00    1.0000000000e+00    0.0000000000e+00
    1.5315753406e+08   -2.8833920446e+08   -2.6075912150e+06    3.8719658392e+03   -8.0233060268e+03   -7.8857425615e+01    1.7726830000e+20    1.4826255940e-05    0.0000000000e+00    1.0000000000e+00    0.0000000000e+00
    4.2376056171e+07   -2.4025205912e+08   -5.8886921681e+07    6.8827105991e+02   -6.3116469520e+03   -1.4366318739e+03    1.7726830000e+20    1.4826255940e-05    0.0000000000e+00    1.0000000000e+00    0.0000000000e+00
    1.5394261132e+08   -1.8555716552e+08   -1.6326818256e+08    3.8795391870e+03   -5.1520677991e+03   -4.2982150390e+03    1.7726830000e+20    1.4826255940e-05    0.0000000000e+00    1.0000000000e+00    0.0000000000e+00
    1.1992599882e+07   -1.7924450021e+08   -8.4714032787e+07   -1.5031374644e+02   -4.3644970424e+03   -1.7896820050e+03    1.7726830000e+20    1.4826255940e-05    0.0000000000e+00    1.0000000000e+00    0.0000000000e+00
    1.8792279808e+07   -4.8623965506e+07    1.6921085130e+07   -1.6380029185e+03    1.3247172132e+03   -1.1809985408e+03    1.7700540000e+20    1.4804267673e-05    0.0000000000e+00    1.0000000000e+00    0.0000000000e+00
    1.0635775855e+08   -1.4208720469e+08    2.7712961636e+07    2.0046551899e+03   -3.3650591859e+03    5.0226442996e+02    1.7700540000e+20    1.4804267673e-05    0.0000000000e+00    1.0000000000e+00    0.0000000000e+00
   -4.8261427094e+06   -1.8159713496e+07   -2.0910724025e+06   -1.8883405712e+03    6.8253408921e+03    1.8069715468e+03    1.7700540000e+20    1.4804267673e-05    0.0000000000e+00    1.0000000000e+00    0.0000000000e+00
    6.8110876294e+07   -8.7140951160e+07    1.5943555185e+07    2.5967665784e+02   -1.2441370667e+03    1.0005212830e+02    1.7575100000e+20    1.4699352945e-05    0.0000000000e+00    1.0000000000e+00    0.0000000000e+00
    1.7113489809e+08   -2.1199269873e+08    3.6411637877e+07    4.2298531135e+03   -5.7649543351e+03    9.2124228979e+02    1.7575100000e+20    1.4699352945e-05    0.0000000000e+00    1.0000000000e+00    0.0000000000e+00
    3.9950529051e+07   -2.4318478708e+08   -2.9197447419e+07    6.0557601550e+02   -6.3436385928e+03   -7.1332999986e+02    1.7559370000e+20    1.4686196785e-05    0.0000000000e+00    1.0000000000e+00    0.0000000000e+00
    5.2297445523e+05   -1.4918750770e+08   -1.0276938904e+08   -4.3489114547e+02   -3.4989764368e+03   -2.0601105313e+03    1.7559370000e+20    1.4686196785e-05    0.0000000000e+00    1.0000000000e+00    0.0000000000e+00
    3.2456007409e+07   -1.5924541861e+08    1.4280469677e+08    4.1264910948e+02   -4.0879935795e+03    3.3388891286e+03    1.7390920000e+20    1.4545309621e-05    0.0000000000e+00    1.0000000000e+00    0.0000000000e+00
   -6.5139864295e+06   -1.5782795138e+08    2.3337063356e+07   -7.3218424152e+02   -3.2213911448e+03    3.8465174572e+02    1.7390920000e+20    1.4545309621e-05    0.0000000000e+00    1.0000000000e+00    0.0000000000e+00
    6.6259660589e+07   -4.3856650552e+07    1.6984993223e+08    1.2908917684e+03   -1.2398922096e+03    3.7741371174e+03    1.7390920000e+20    1.4545309621e-05    0.0000000000e+00    1.0000000000e+00    0.0000000000e+00
    3.6347620323e+07   -9.1755987589e+07    1.1337276932e+08    3.2298744576e+02   -2.0507158736e+03    1.9667302474e+03    1.7390920000e+20    1.4545309621e-05    0.0000000000e+00    1.0000000000e+00    0.0000000000e+00
    3.3164576553e+07   -2.3057310907e+08    5.7588311829e+07    4.0947249073e+02   -5.9624294785e+03    1.4058434448e+03    1.7390920000e+20    1.4545309621e-05    0.0000000000e+00    1.0000000000e+00    0.0000000000e+00
    8.0829878114e+06   -8.1019486362e+07    1.0040770471e+08   -3.1895497318e+02   -1.5913783427e+03    1.2778517621e+03    1.7390920000e+20    1.4545309621e-05    0.0000000000e+00    1.0000000000e+00    0.0000000000e+00
    1.2990527726e+08   -1.9207039814e+08   -2.0202110446e+07    2.9301371398e+03   -5.0080455382e+03   -5.0030992902e+02    1.7390920000e+20    1.4545309621e-05    0.0000000000e+00    1.0000000000e+00    0.0000000000e+00
    1.5769314328e+08   -2.0170653249e+08   -1.0228428427e+08    3.9024829018e+03   -5.5193508530e+03   -2.6334362851e+03    1.7390920000e+20    1.4545309621e-05    0.0000000000e+00    1.0000000000e+00    0.0000000000e+00
   -2.6427641654e+07   -5.3964073443e+07   -3.3608850714e+07   -3.6237009790e+02    5.4819418356e+02    1.4571356283e+03    1.7390920000e+20    1.4545309621e-05    0.0000000000e+00    1.0000000000e+00    0.0000000000e+00
    6.9824203339e+07   -1.1674666471e+08    3.0087160245e+05    6.8433579752e+02   -2.1958643156e+03    5.0946580989e+01    1.7388570000e+20    1.4543344143e-05    0.0000000000e+00    1.0000000000e+00    0.0000000000e+00
    1.5873565674e+07   -5.9628813753e+07    5.5016435584e+06   -1.5001431086e+03    1.1503399815e+03   -3.8046412874e+02    1.7326810000e+20    1.4491689698e-05    0.0000000000e+00    1.0000000000e+00    0.0000000000e+00
    1.0233810181e+08   -1.4277132633e+08   -2.1659157187e+07    1.8447379340e+03   -3.3722693984e+03   -4.1719803031e+02    1.7326810000e+20    1.4491689698e-05    0.0000000000e+00    1.0000000000e+00    0.0000000000e+00
    4.2820807734e+07   -7.5815530163e+07   -3.6897841713e+07   -4.1322899896e+02   -6.5010342464e+02    2.0241512965e+01    1.7326810000e+20    1.4491689698e-05    0.0000000000e+00    1.0000000000e+00    0.0000000000e+00
   -2.5540418707e+06   -3.3282308927e+07   -2.6447293359e+07   -1.0517278379e+03    2.0693134756e+03    2.6462649120e+03    1.7326810000e+20    1.4491689698e-05    0.0000000000e+00    1.0000000000e+00    0.0000000000e+00
    6.6832667512e+07   -8.9675477277e+07   -8.2874940233e+07    8.0029223921e+02   -1.8594935347e+03   -1.2802366020e+03    1.7326810000e+20    1.4491689698e-05    0.0000000000e+00    1.0000000000e+00    0.0000000000e+00
    2.2835099282e+07   -1.1833655266e+08    4.0712358896e+06   -3.3953265690e+02   -1.7181533706e+03    8.8293644413e+01    1.7265240000e+20    1.4440194163e-05    0.0000000000e+00    1.0000000000e+00    0.0000000000e+00
    9.8981778853e+07   -1.8091586043e+08    2.2295313278e+08    2.4104235983e+03   -5.0778945291e+03    5.9051290342e+03    1.7221420000e+20    1.4403544264e-05    0.0000000000e+00    1.0000000000e+00    0.0000000000e+00
    2.0186430967e+08   -3.1482762311e+08    5.5304547845e+07    5.3374604490e+03   -8.9214376422e+03    1.5312278823e+03    1.7221420000e+20    1.4403544264e-05    0.0000000000e+00    1.0000000000e+00    0.0000000000e+00
    4.1922799779e+07   -2.5619628703e+08    1.3587426587e+07    6.7061557956e+02   -6.7607470913e+03    3.5052653959e+02    1.7221420000e+20    1.4403544264e-05    0.0000000000e+00    1.0000000000e+00    0.0000000000e+00
    1.0413877530e+08   -1.5436491990e+08   -2.1898474120e+08    2.5317876878e+03   -4.3170810760e+03   -5.7367509131e+03    1.7221420000e+20    1.4403544264e-05    0.0000000000e+00    1.0000000000e+00    0.0000000000e+00
   -1.3444066100e+07   -1.2822542108e+08   -9.8952193821e+07   -7.5036550591e+02   -2.8384234185e+03   -1.7306030923e+03    1.7221420000e+20    1.4403544264e-05    0.0000000000e+00    1.0000000000e+00    0.0000000000e+00
    4.3182401869e+07   -1.1184622533e+08   -3.4336729667e+07    6.4715160437e+01   -1.8421387423e+03   -3.6699094591e+02    1.7203850000e+20    1.4388849177e-05    0.0000000000e+00    1.0000000000e+00    0.0000000000e+00
   -9.0189231909e+06   -1.4204489193e+07    1.2461799178e+07    7.8474141424e+02    3.3444417345e+03   -5.9207958264e+03    1.7136260000e+20    1.4332318672e-05    0.0000000000e+00    1.0000000000e+00    0.0000000000e+00
    9.2348180938e+07   -1.4740654674e+08    2.0120806847e+08    2.1604572376e+03   -4.0739898384e+03    5.1705616340e+03    1.7136260000e+20    1.4332318672e-05    0.0000000000e+00    1.0000000000e+00    0.0000000000e+00
    2.5895786689e+07   -1.9958764862e+08   -3.3688433304e+05    1.3907335067e+02   -4.8069749573e+03   -2.6289659909e+01    1.7136260000e+20    1.4332318672e-05    0.0000000000e+00    1.0000000000e+00    0.0000000000e+00
    1.0784767493e+08   -5.1594810904e+07    9.8712153554e+07    1.9199315573e+03   -1.2128117617e+03    1.8555394137e+03    1.7081640000e+20    1.4286635936e-05    0.0000000000e+00    1.0000000000e+00    0.0000000000e+00
    9.5181264147e+07   -1.2380282913e+08    2.4070272638e+07    1.5028177876e+03   -2.7073116554e+03    4.6764510154e+02    1.7081640000e+20    1.4286635936e-05    0.0000000000e+00    1.0000000000e+00    0.0000000000e+00
    1.1477454970e+08   -1.2305141898e+08    7.7023098375e+07    2.2779664925e+03   -2.9949593600e+03    1.6767994950e+03    1.6960110000e+20    1.4184991430e-05    0.0000000000e+00    1.0000000000e+00    0.0000000000e+00
    1.7873206866e+08   -1.9385723959e+08   -1.0251387327e+08    4.4970861503e+03   -5.3216728180e+03   -2.7056754635e+03    1.6960110000e+20    1.4184991430e-05    0.0000000000e+00    1.0000000000e+00    0.0000000000e+00
    8.0323975343e+07   -1.1084212254e+08   -3.4427194554e+07    9.6442307729e+02   -2.2352613511e+03   -5.2316842163e+02    1.6960110000e+20    1.4184991430e-05    0.0000000000e+00    1.0000000000e+00    0.0000000000e+00
    3.2109600906e+07   -5.3138596320e+07   -3.8887056615e+07   -1.0630453077e+03    1.7463469296e+02    5.5075780066e+02    1.6960110000e+20    1.4184991430e-05    0.0000000000e+00    1.0000000000e+00    0.0000000000e+00
    8.1181134083e+06   -6.0911492602e+07   -5.2750577946e+07   -7.4723591919e+02   -1.9148044474e+02    6.4691900127e+02    1.6960110000e+20    1.4184991430e-05    0.0000000000e+00    1.0000000000e+00    0.0000000000e+00
    1.1016062470e+08   -1.5654974312e+08    1.9461517384e+08    2.6420507591e+03   -4.3247428894e+03    5.0409892814e+03    1.6879040000e+20    1.4117186607e-05    0.0000000000e+00    1.0000000000e+00    0.0000000000e+00
    1.3751249426e+08   -1.6786829957e+08   -2.3068793759e+07    3.0711378807e+03   -4.2927953308e+03   -5.1987860190e+02    1.6839230000e+20    1.4083890566e-05    0.0000000000e+00    1.0000000000e+00    0.0000000000e+00
    9.6901904406e+07   -1.1580329317e+08    1.0846463973e+08    1.8719073175e+03   -2.8458306061e+03    2.3799386644e+03    1.6779020000e+20    1.4033532501e-05    0.0000000000e+00    1.0000000000e+00    0.0000000000e+00
    1.7743674881e+08   -2.2300891464e+08    8.6749945817e+07    4.5040106689e+03   -6.1645300909e+03    2.2987076444e+03    1.6779020000e+20    1.4033532501e-05    0.0000000000e+00    1.0000000000e+00    0.0000000000e+00
    2.7552616994e+07   -4.8250768284e+07    6.8667208897e+07   -4.6547580730e+02   -4.6539351595e+02   -1.7201322997e+02    1.6718950000e+20    1.3983291527e-05    0.0000000000e+00    1.0000000000e+00    0.0000000000e+00
    2.1281334449e+08   -2.8353633026e+08   -1.0404282343e+07    5.6276666122e+03   -8.0094377111e+03   -2.8342223104e+02    1.6718950000e+20    1.3983291527e-05    0.0000000000e+00    1.0000000000e+00    0.0000000000e+00
    1.5917018645e+08   -2.9080149083e+08    1.5058240413e+08    4.1307019184e+03   -8.2195708088e+03    4.1371934287e+03    1.6618990000e+20    1.3899687604e-05    0.0000000000e+00    1.0000000000e+00    0.0000000000e+00
    1.6221555986e+07   -2.0057424609e+08    2.2258154552e+07   -1.0138081708e+02   -4.8351431286e+03    4.8443589325e+02    1.6618990000e+20    1.3899687604e-05    0.0000000000e+00    1.0000000000e+00    0.0000000000e+00
    1.5858366934e+08   -2.8527634703e+08   -1.4443826517e+08    4.0958759115e+03   -8.0456458093e+03   -3.9426768779e+03    1.6618990000e+20    1.3899687604e-05    0.0000000000e+00    1.0000000000e+00    0.0000000000e+00
    1.5651458476e+07   -3.3633042845e+07   -7.8217967646e+07   -4.7695282804e+02   -4.6559632978e+02    2.6367199453e+02    1.6618990000e+20    1.3899687604e-05    0.0000000000e+00    1.0000000000e+00    0.0000000000e+00
    1.3798513076e+08   -1.1022952620e+08    1.0041733201e+08    3.0211407769e+03   -2.8376312550e+03    2.3147983346e+03    1.6599240000e+20    1.3883169221e-05    0.0000000000e+00    1.0000000000e+00    0.0000000000e+00
    1.7066451461e+08   -1.7329849661e+08    7.3246599014e+07    4.1339017037e+03   -4.6729787359e+03    1.8616267771e+03    1.6599240000e+20    1.3883169221e-05    0.0000000000e+00    1.0000000000e+00    0.0000000000e+00
    1.3247703834e+08   -1.2242968168e+08   -1.5569498362e+08    3.1136413175e+03   -3.2886157669e+03   -3.9105280664e+03    1.6599240000e+20    1.3883169221e-05    0.0000000000e+00    1.0000000000e+00    0.0000000000e+00
   -1.1696263310e+07   -1.3890966090e+08    8.2944588964e+07   -7.2412769577e+02   -3.0144706284e+03    1.4018355638e+03    1.6531640000e+20    1.3826630353e-05    0.0000000000e+00    1.0000000000e+00    0.0000000000e+00
   -3.7244833682e+07   -8.4234755757e+07   -1.0454384684e+07   -1.0451950102e+03    6.2292070111e+00    1.8715784760e+02    1.6531640000e+20    1.3826630353e-05    0.0000000000e+00    1.0000000000e+00    0.0000000000e+00
    1.0155875862e+08   -8.3782633376e+07    8.0116562715e+07    1.7088441825e+03   -1.9066084973e+03    1.4413323900e+03    1.6480050000e+20    1.3783481830e-05    0.0000000000e+00    1.0000000000e+00    0.0000000000e+00
    2.0610337926e+08   -1.9770736014e+08    3.4147623603e+07    5.2432451417e+03   -5.4416727064e+03    8.7178760357e+02    1.6480050000e+20    1.3783481830e-05    0.0000000000e+00    1.0000000000e+00    0.0000000000e+00
    1.8324217500e+08   -1.7554991755e+08    9.2543716139e+07    4.5672826663e+03   -4.8016941073e+03    2.3717943367e+03    1.6420630000e+20    1.3733784499e-05    0.0000000000e+00    1.0000000000e+00    0.0000000000e+00
    4.1284093852e+07   -9.0251339238e+07    5.5604215040e+07   -4.8059093977e+01   -1.3220992668e+03    4.8174619051e+02    1.6420630000e+20    1.3733784499e-05    0.0000000000e+00    1.0000000000e+00    0.0000000000e+00
    1.7693851989e+08   -1.5468452945e+08   -1.3678161621e+08    4.4271767370e+03   -4.2443842222e+03   -3.5655619038e+03    1.6420630000e+20    1.3733784499e-05    0.0000000000e+00    1.0000000000e+00    0.0000000000e+00
    1.2180181825e+08   -6.1235102599e+07   -1.6791073379e+08    2.7835760784e+03   -1.6614679129e+03   -4.0634501954e+03    1.6420630000e+20    1.3733784499e-05    0.0000000000e+00    1.0000000000e+00    0.0000000000e+00
    3.3616827304e+07   -6.7422901532e+07    7.1724877341e+06   -1.1458407270e+03    1.7589649773e+02   -1.3875315272e+02    1.6361330000e+20    1.3684187534e-05    0.0000000000e+00    1.0000000000e+00    0.0000000000e+00
    1.3555741893e+08   -1.5714622761e+08    1.3402780313e+08    3.2128990744e+03   -4.2368009715e+03    3.3453234973e+03    1.6355860000e+20    1.3679612569e-05    0.0000000000e+00    1.0000000000e+00    0.0000000000e+00
    1.6685096660e+08   -3.0685183548e+08   -9.2017730614e+07    4.3214159019e+03   -8.6525815942e+03   -2.5080088272e+03    1.6355860000e+20    1.3679612569e-05    0.0000000000e+00    1.0000000000e+00    0.0000000000e+00
   -6.1655064681e+06   -1.5170855390e+08   -4.7788184285e+07   -6.9361885445e+02   -3.1202985562e+03   -8.0824404243e+02    1.6355860000e+20    1.3679612569e-05    0.0000000000e+00    1.0000000000e+00    0.0000000000e+00
    2.0868453103e+08   -2.3991002098e+08   -1.7667870618e+08    5.5499747253e+03   -6.8133267259e+03   -4.8481162827e+03    1.6355860000e+20    1.3679612569e-05    0.0000000000e+00    1.0000000000e+00    0.0000000000e+00
   -1.2973753059e+07   -1.2267054423e+08   -4.6057723014e+07   -8.3329532681e+02   -2.0316667709e+03   -4.6321313997e+02    1.6355860000e+20    1.3679612569e-05    0.0000000000e+00    1.0000000000e+00    0.0000000000e+00
    1.7835652198e+08   -2.3133922446e+08   -3.7336267720e+07    4.4740789721e+03   -6.3776669159e+03   -9.6294861077e+02    1.6243060000e+20    1.3585269606e-05    0.0000000000e+00    1.0000000000e+00    0.0000000000e+00
    1.5940371034e+08   -1.4311541314e+08   -7.4386961097e+07    3.7003696913e+03   -3.7708593715e+03   -1.7885640726e+03    1.6243060000e+20    1.3585269606e-05    0.0000000000e+00    1.0000000000e+00    0.0000000000e+00
    2.0478527997e+08   -1.8876628953e+08    7.7580243912e+06    5.1518625001e+03   -5.1643952964e+03    2.2007822997e+02    1.6125190000e+20    1.3486686228e-05    0.0000000000e+00    1.0000000000e+00    0.0000000000e+00
    2.1140129749e+08   -2.1313862501e+08   -1.4136916511e+07    5.4374350502e+03   -5.8947142441e+03   -3.6215640421e+02    1.6125190000e+20    1.3486686228e-05    0.0000000000e+00    1.0000000000e+00    0.0000000000e+00
    4.6661779517e+07   -2.5228335689e+08   -7.3822647939e+07    8.2263699487e+02   -6.7281580688e+03   -1.8480839250e+03    1.6089320000e+20    1.3456685500e-05    0.0000000000e+00    1.0000000000e+00    0.0000000000e+00
    4.3238939503e+07   -2.1327567199e+08   -1.0615384150e+08    7.0915874203e+02   -5.5873655587e+03   -2.5650043417e+03    1.6089320000e+20    1.3456685500e-05    0.0000000000e+00    1.0000000000e+00    0.0000000000e+00
    2.0282336437e+08   -1.8125907682e+08   -3.4290708386e+07    5.0920017085e+03   -4.9392050951e+03   -9.0207641007e+02    1.6066390000e+20    1.3437507449e-05    0.0000000000e+00    1.0000000000e+00    0.0000000000e+00
    1.7950405385e+08   -1.3868213440e+08   -1.8965722924e+08    4.6128356052e+03   -3.8995971576e+03   -5.0265180845e+03    1.6066390000e+20    1.3437507449e-05    0.0000000000e+00    1.0000000000e+00    0.0000000000e+00
    3.5499561668e+07   -1.9623721722e+08    1.1686248340e+08    5.0459545356e+02   -5.0673775327e+03    2.8386944459e+03    1.5999650000e+20    1.3381687862e-05    0.0000000000e+00    1.0000000000e+00    0.0000000000e+00
    2.0165459635e+08   -2.9472046202e+08    1.9807264985e+07    5.3192185635e+03   -8.3159071564e+03    5.1194355801e+02    1.5999650000e+20    1.3381687862e-05    0.0000000000e+00    1.0000000000e+00    0.0000000000e+00
    3.9218597872e+07   -9.3665476659e+07   -1.2142585070e+08    3.9033026646e+02   -2.1452716713e+03   -2.2882352484e+03    1.5999650000e+20    1.3381687862e-05    0.0000000000e+00    1.0000000000e+00    0.0000000000e+00
    5.4362581173e+07   -8.5487910207e+07    9.9888239712e+07    6.0463287370e+02   -1.8327185452e+03    1.6252875384e+03    1.5949040000e+20    1.3339358985e-05    0.0000000000e+00    1.0000000000e+00    0.0000000000e+00
    1.5969808715e+08   -1.4390086916e+08    4.4564657503e+07    3.6285511584e+03   -3.7407371031e+03    1.0761599848e+03    1.5949040000e+20    1.3339358985e-05    0.0000000000e+00    1.0000000000e+00    0.0000000000e+00
    1.0160669628e+08   -1.6178389062e+08    5.3489626049e+07    2.0214838473e+03   -3.9853211571e+03    1.2199474725e+03    1.5949040000e+20    1.3339358985e-05    0.0000000000e+00    1.0000000000e+00    0.0000000000e+00
    6.5770570769e+07   -5.8158589816e+07   -9.0871370292e+07    6.1700154251e+02   -1.1551881083e+03   -1.2623336237e+03    1.5949040000e+20    1.3339358985e-05    0.0000000000e+00    1.0000000000e+00    0.0000000000e+00
    6.8650262719e+07   -2.2840691863e+08    1.6078502062e+08    1.5173737480e+03   -6.2751830641e+03    4.1494652656e+03    1.5909560000e+20    1.3306338948e-05    0.0000000000e+00    1.0000000000e+00    0.0000000000e+00
    6.0357357380e+07   -1.0448012133e+08    6.2968753226e+07    5.7112825817e+02   -1.9423035778e+03    1.0386214565e+03    1.5909560000e+20    1.3306338948e-05    0.0000000000e+00    1.0000000000e+00    0.0000000000e+00
    2.1339542501e+08   -3.1592691741e+08   -7.7847176930e+07    5.6974589008e+03   -8.9762527377e+03   -2.1730329786e+03    1.5909560000e+20    1.3306338948e-05    0.0000000000e+00    1.0000000000e+00    0.0000000000e+00
   -1.7139131197e+07   -8.7280732675e+06    2.1396243201e+06    3.3282393972e+03    6.4437366186e+03    7.6771193367e+02    1.5909560000e+20    1.3306338948e-05    0.0000000000e+00    1.0000000000e+00    0.0000000000e+00
    1.5987419917e+08   -2.0903792781e+08   -1.7080428282e+08    4.0705082725e+03   -5.8543225404e+03   -4.5442513353e+03    1.5909560000e+20    1.3306338948e-05    0.0000000000e+00    1.0000000000e+00    0.0000000000e+00
    8.1383212378e+07   -6.2996226243e+07    1.0969658779e+08    1.2779199066e+03   -1.4249294816e+03    2.0261831028e+03    1.5890480000e+20    1.3290380936e-05    0.0000000000e+00    1.0000000000e+00    0.0000000000e+00
    1.9322827986e+08   -2.1383424224e+08    1.2516533248e+08    5.0433674723e+03   -5.9582379816e+03    3.3834664812e+03    1.5890480000e+20    1.3290380936e-05    0.0000000000e+00    1.0000000000e+00    0.0000000000e+00
    1.7067138772e+08   -1.5525979782e+08   -4.1204223866e+07    4.0131130792e+03   -4.1048982450e+03   -9.9781460813e+02    1.5890480000e+20    1.3290380936e-05    0.0000000000e+00    1.0000000000e+00    0.0000000000e+00
    2.0983266946e+08   -1.8509855188e+08   -1.1064996457e+08    5.3955061635e+03   -5.1500279704e+03   -2.9361032185e+03    1.5890480000e+20    1.3290380936e-05    0.0000000000e+00    1.0000000000e+00    0.0000000000e+00
    1.9002501865e+08   -1.4664901544e+08   -1.3435957256e+08    4.7832328653e+03   -4.0586409144e+03   -3.4830821661e+03    1.5890480000e+20    1.3290380936e-05    0.0000000000e+00    1.0000000000e+00    0.0000000000e+00
    1.4389448669e+08   -9.0784749387e+07   -1.9242792567e+08    3.5423251085e+03   -2.5360578851e+03   -4.9247813425e+03    1.5890480000e+20    1.3290380936e-05    0.0000000000e+00    1.0000000000e+00    0.0000000000e+00
    6.3410937504e+07   -6.1286328613e+07    1.1619976974e+08    8.5525207859e+02   -1.4192138736e+03    2.0288129730e+03    1.5831990000e+20    1.3241461433e-05    0.0000000000e+00    1.0000000000e+00    0.0000000000e+00
    2.1323998041e+08   -2.2195138022e+08    1.6287800570e+07    5.5045061309e+03   -6.1614396698e+03    4.2130794664e+02    1.5831990000e+20    1.3241461433e-05    0.0000000000e+00    1.0000000000e+00    0.0000000000e+00
    9.3816173386e+07   -2.4352654620e+08    1.6557805563e+08    2.2245426812e+03   -6.7544939911e+03    4.3691439893e+03    1.5819020000e+20    1.3230613665e-05    0.0000000000e+00    1.0000000000e+00    0.0000000000e+00
    1.7816580040e+08   -2.1396798425e+08    2.0947690649e+08    4.6740182784e+03   -6.0709099676e+03    5.7198751482e+03    1.5819020000e+20    1.3230613665e-05    0.0000000000e+00    1.0000000000e+00    0.0000000000e+00
   -1.8822821114e+07   -1.4549642127e+08    3.6857601759e+06   -9.8145993585e+02   -2.6520153601e+03    6.2213766299e+01    1.5819020000e+20    1.3230613665e-05    0.0000000000e+00    1.0000000000e+00    0.0000000000e+00
    9.2604936599e+07   -3.0351066633e+08    2.9999760919e+07    2.1663807948e+03   -8.3814643252e+03    7.7781117405e+02    1.5819020000e+20    1.3230613665e-05    0.0000000000e+00    1.0000000000e+00    0.0000000000e+00
    1.4586999505e+08   -2.5860996832e+08   -9.8800229855e+07    3.6516871344e+03   -7.1776151825e+03   -2.6150004796e+03    1.5819020000e+20    1.3230613665e-05    0.0000000000e+00    1.0000000000e+00    0.0000000000e+00
    4.4631393277e+07   -2.3273475161e+08   -8.0545699410e+07    7.5202119471e+02   -6.1277887696e+03   -1.9501113493e+03    1.5819020000e+20    1.3230613665e-05    0.0000000000e+00    1.0000000000e+00    0.0000000000e+00
    2.2494462082e+07   -1.3709276696e+08   -1.4999360304e+08    1.9485131073e+02   -3.5197529411e+03   -3.3695444478e+03    1.5819020000e+20    1.3230613665e-05    0.0000000000e+00    1.0000000000e+00    0.0000000000e+00
    7.5855309711e+06   -4.0281343276e+06   -7.7218763784e+07   -4.4083512373e+02   -4.5977696798e+02    6.9555770746e+02    1.5819020000e+20    1.3230613665e-05    0.0000000000e+00    1.0000000000e+00    0.0000000000e+00
    7.2343975768e+07   -6.4863691328e+07   -7.5030523310e+07    6.3773894571e+02   -1.2053887105e+03   -9.6463789515e+02    1.5773570000e+20    1.3192600477e-05    0.0000000000e+00    1.0000000000e+00    0.0000000000e+00
    1.1121991184e+08   -5.9276682619e+07   -1.4668100814e+08    2.3529898056e+03   -1.5992316996e+03   -3.3216620643e+03    1.5773570000e+20    1.3192600477e-05    0.0000000000e+00    1.0000000000e+00    0.0000000000e+00
   -1.9027974677e+07   -1.3859975606e+08    2.4729657522e+07   -9.5955130606e+02   -2.4809896665e+03    2.1426225028e+02    1.5728010000e+20    1.3154495287e-05    0.0000000000e+00    1.0000000000e+00    0.0000000000e+00
    1.2309021774e+08   -1.1466474483e+08    1.4224402703e+08    2.7637757230e+03   -3.0542435195e+03    3.4085652226e+03    1.5656910000e+20    1.3095029111e-05    0.0000000000e+00    1.0000000000e+00    0.0000000000e+00
    2.0580558187e+08   -2.3629228217e+08    4.8330588213e+07    5.3089857414e+03   -6.5715828800e+03    1.2989335734e+03    1.5656910000e+20    1.3095029111e-05    0.0000000000e+00    1.0000000000e+00    0.0000000000e+00
    5.5525637616e+06   -1.1753464278e+08    1.0537000679e+08   -3.3626908046e+02   -2.5695855147e+03    1.8824685949e+03    1.5636530000e+20    1.3077983813e-05    0.0000000000e+00    1.0000000000e+00    0.0000000000e+00
   -2.6648871508e+07   -1.1803769999e+08    5.3025627783e+07   -1.0575060795e+03   -1.9429879318e+03    5.5151476202e+02    1.5636530000e+20    1.3077983813e-05    0.0000000000e+00    1.0000000000e+00    0.0000000000e+00
   -3.8423375945e+07   -8.5733523432e+07    1.7065438974e+07   -1.0305171662e+03   -2.1008126665e+02   -3.5790283278e+02    1.5636530000e+20    1.3077983813e-05    0.0000000000e+00    1.0000000000e+00    0.0000000000e+00
   -1.8070761972e+07   -1.6470003252e+08    5.8241204335e+07   -9.4253091766e+02   -3.6544172583e+03    1.0712344395e+03    1.5636530000e+20    1.3077983813e-05    0.0000000000e+00    1.0000000000e+00    0.0000000000e+00
    7.9478128386e+06   -1.8681031516e+08    5.0760346375e+07   -3.0628489411e+02   -4.4141190513e+03    1.0698474779e+03    1.5636530000e+20    1.3077983813e-05    0.0000000000e+00    1.0000000000e+00    0.0000000000e+00
    2.4032864448e+08   -2.7208282959e+08    7.6797351344e+07    6.4357570680e+03   -7.7146763185e+03    2.0985263890e+03    1.5636530000e+20    1.3077983813e-05    0.0000000000e+00    1.0000000000e+00    0.0000000000e+00
    4.3455736761e+07   -2.5625148788e+08   -1.1109657775e+07    7.2133109615e+02   -6.7767852884e+03   -2.6747112882e+02    1.5636530000e+20    1.3077983813e-05    0.0000000000e+00    1.0000000000e+00    0.0000000000e+00
    5.5167541172e+07   -7.1643551924e+07   -1.2264990298e+08    7.4701199053e+02   -1.6690883352e+03   -2.2348701627e+03    1.5636530000e+20    1.3077983813e-05    0.0000000000e+00    1.0000000000e+00    0.0000000000e+00
   -2.4138227548e+07   -6.8451569164e+07   -3.9133821618e+07   -7.3017688798e+02    8.5574007430e+01    7.4181509595e+02    1.5636530000e+20    1.3077983813e-05    0.0000000000e+00    1.0000000000e+00    0.0000000000e+00
    2.2105215234e+08   -1.5252647468e+08    1.7431742713e+08    5.8053560071e+03   -4.3151794249e+03    4.6849336477e+03    1.5540440000e+20    1.2997616656e-05    0.0000000000e+00    1.0000000000e+00    0.0000000000e+00
    2.0309652964e+08   -2.7607435146e+08    1.5675891763e+08    5.3882572913e+03   -7.8481147107e+03    4.3045492197e+03    1.5540440000e+20    1.2997616656e-05    0.0000000000e+00    1.0000000000e+00    0.0000000000e+00
    1.6573487274e+08   -1.7341582800e+08    1.3706490050e+08    4.1258281497e+03   -4.7653049324e+03    3.5572260088e+03    1.5540440000e+20    1.2997616656e-05    0.0000000000e+00    1.0000000000e+00    0.0000000000e+00
    2.0560822395e+08   -1.8559926303e+08    1.1357743049e+08    5.2691847207e+03   -5.1575167488e+03    3.0082861966e+03    1.5540440000e+20    1.2997616656e-05    0.0000000000e+00    1.0000000000e+00    0.0000000000e+00
    7.2156066391e+06   -3.4888813323e+07   -1.4487826928e+07   -2.0876200441e+03    2.7214824222e+03    1.9795196193e+03    1.5540440000e+20    1.2997616656e-05    0.0000000000e+00    1.0000000000e+00    0.0000000000e+00
    2.0606074206e+07   -4.3560963102e+07    5.9291064598e+06   -2.2483232835e+03    1.8006192876e+03   -5.7404199890e+02    1.5366050000e+20    1.2851761431e-05    0.0000000000e+00    1.0000000000e+00    0.0000000000e+00
    1.6449296869e+08   -2.3076175920e+08   -1.0271238118e+08    4.1526583125e+03   -6.4022517296e+03   -2.7035971809e+03    1.5366050000e+20    1.2851761431e-05    0.0000000000e+00    1.0000000000e+00    0.0000000000e+00
    1.0567955637e+07   -4.2897727871e+07   -3.4142821634e+07   -1.2871649277e+03    1.0316879966e+03    1.6661953648e+03    1.5366050000e+20    1.2851761431e-05    0.0000000000e+00    1.0000000000e+00    0.0000000000e+00
    2.1584358394e+08   -2.3558210744e+08   -1.4718511630e+08    5.7016896019e+03   -6.6686530547e+03   -4.0076909750e+03    1.5366050000e+20    1.2851761431e-05    0.0000000000e+00    1.0000000000e+00    0.0000000000e+00
    7.7213859272e+07   -4.6782101626e+07   -1.1633975321e+08    1.2050901724e+03   -1.1604329860e+03   -2.0500183045e+03    1.5366050000e+20    1.2851761431e-05    0.0000000000e+00    1.0000000000e+00    0.0000000000e+00
    1.7218164711e+08   -3.3895418107e+08    6.9385275785e+07    4.5084602683e+03   -9.6186820844e+03    1.8900036552e+03    1.5265460000e+20    1.2767630592e-05    0.0000000000e+00    1.0000000000e+00    0.0000000000e+00
    2.0466619209e+07   -1.3475145866e+08   -3.7137553601e+07   -2.3590704796e+02   -2.4959753452e+03   -6.1733993747e+02    1.5265460000e+20    1.2767630592e-05    0.0000000000e+00    1.0000000000e+00    0.0000000000e+00
   -1.3239963103e+07   -1.2505468031e+08   -3.7049884838e+07   -8.4108536315e+02   -2.0288690311e+03   -3.4003602049e+02    1.5265460000e+20    1.2767630592e-05    0.0000000000e+00    1.0000000000e+00    0.0000000000e+00
    9.4345080098e+07   -1.1631908778e+08   -2.0769096981e+08    2.2086287694e+03   -3.2471609724e+03   -5.2607835187e+03    1.5265460000e+20    1.2767630592e-05    0.0000000000e+00    1.0000000000e+00    0.0000000000e+00
    4.8132438971e+07   -6.9906281826e+07   -1.9857391887e+07   -6.1400271633e+02   -4.1165636172e+02    2.4149840575e+02    1.5249920000e+20    1.2754633343e-05    0.0000000000e+00    1.0000000000e+00    0.0000000000e+00
    8.2425811305e+07   -6.1216182723e+07   -1.8613102237e+08    1.7723795753e+03   -1.7307907924e+03   -4.4174727202e+03    1.5249920000e+20    1.2754633343e-05    0.0000000000e+00    1.0000000000e+00    0.0000000000e+00
    7.2316621497e+07   -6.1670323052e+07    1.3794317385e+08    1.2425904082e+03   -1.5752064706e+03    2.8018532489e+03    1.5191880000e+20    1.2706090208e-05    0.0000000000e+00    1.0000000000e+00    0.0000000000e+00
    8.8557446988e+07   -1.6164423337e+08    1.6026024547e+08    1.9620609337e+03   -4.3503599684e+03    3.9847891056e+03    1.5191880000e+20    1.2706090208e-05    0.0000000000e+00    1.0000000000e+00    0.0000000000e+00
    1.3170338764e+08   -2.0806352095e+08    1.3187495310e+08    3.1836527028e+03   -5.6796848441e+03    3.4669928055e+03    1.5191880000e+20    1.2706090208e-05    0.0000000000e+00    1.0000000000e+00    0.0000000000e+00
    2.1685186564e+08   -2.8263323265e+08   -2.8922698621e+07    5.7138742408e+03   -7.9673223685e+03   -7.7196308122e+02    1.5191880000e+20    1.2706090208e-05    0.0000000000e+00    1.0000000000e+00    0.0000000000e+00
    1.5009794827e+08   -1.1801201777e+08   -3.5458650284e+07    3.2102553755e+03   -2.9459914921e+03   -7.4901809921e+02    1.5191880000e+20    1.2706090208e-05    0.0000000000e+00    1.0000000000e+00    0.0000000000e+00
    2.3630719943e+08   -2.7811566560e+08    2.7276134417e+06    6.2996726802e+03   -7.8688847383e+03    8.6813753092e+01    1.5076570000e+20    1.2609647947e-05    0.0000000000e+00    1.0000000000e+00    0.0000000000e+00
    7.6091263619e+07   -2.8886939817e+08   -7.4530041819e+07    1.6958115807e+03   -7.9358626149e+03   -1.9754273771e+03    1.5076570000e+20    1.2609647947e-05    0.0000000000e+00    1.0000000000e+00    0.0000000000e+00
    1.6202159145e+08   -1.6375354810e+08   -1.8816471327e+08    4.1033300973e+03   -4.5742223881e+03   -5.0052225549e+03    1.5076570000e+20    1.2609647947e-05    0.0000000000e+00    1.0000000000e+00    0.0000000000e+00
    6.4806756547e+07   -2.3775162312e+08   -1.3904783652e+08    1.3908569607e+03   -6.4880828144e+03   -3.5664803260e+03    1.5076570000e+20    1.2609647947e-05    0.0000000000e+00    1.0000000000e+00    0.0000000000e+00
    1.0493504887e+08   -1.0711478215e+08    1.6696472968e+08    2.3490407055e+03   -2.9074062990e+03    4.0211908313e+03    1.5075840000e+20    1.2609037394e-05    0.0000000000e+00    1.0000000000e+00    0.0000000000e+00
    1.4748626287e+08   -1.5959499473e+08    1.5229062706e+08    3.5941558457e+03   -4.3928688602e+03    3.8784817036e+03    1.5075840000e+20    1.2609037394e-05    0.0000000000e+00    1.0000000000e+00    0.0000000000e+00
    9.1067003510e+07   -7.2697002854e+07    1.2365485575e+08    1.6517035118e+03   -1.7772335770e+03    2.5605507406e+03    1.5075840000e+20    1.2609037394e-05    0.0000000000e+00    1.0000000000e+00    0.0000000000e+00
    2.6359594603e+08   -2.5948178465e+08    7.0296681577e+07    7.0956930446e+03   -7.3713011241e+03    1.9226239763e+03    1.5075840000e+20    1.2609037394e-05    0.0000000000e+00    1.0000000000e+00    0.0000000000e+00
    2.0125957898e+08   -2.3927699775e+08    7.2118277426e+07    5.2193607711e+03   -6.6730575629e+03    1.9299711820e+03    1.5075840000e+20    1.2609037394e-05    0.0000000000e+00    1.0000000000e+00    0.0000000000e+00
    6.0027924284e+07   -1.0029025431e+08   -3.0980716863e+06    1.4918928530e+02   -1.5613120128e+03   -8.9113341553e+01    1.5075840000e+20    1.2609037394e-05    0.0000000000e+00    1.0000000000e+00    0.0000000000e+00
    2.7473529652e+08   -3.0958748339e+08    2.6440312608e+07    7.4678549977e+03   -8.8490356617e+03    7.4804973184e+02    1.5075840000e+20    1.2609037394e-05    0.0000000000e+00    1.0000000000e+00    0.0000000000e+00
    1.6543549398e+08   -2.1479551223e+08   -8.5179007437e+07    4.1215198739e+03   -5.8753851116e+03   -2.2673266609e+03    1.5075840000e+20    1.2609037394e-05    0.0000000000e+00    1.0000000000e+00    0.0000000000e+00
    2.2300576679e+08   -2.7735222856e+08   -7.8457587702e+07    5.9138372245e+03   -7.8423726929e+03   -2.1316815409e+03    1.5017820000e+20    1.2560510987e-05    0.0000000000e+00    1.0000000000e+00    0.0000000000e+00
    3.1938486380e+07   -2.3962339018e+08    6.1616097157e+07    4.0327169978e+02   -6.2661503449e+03    1.4815649696e+03    1.4981200000e+20    1.2529882979e-05    0.0000000000e+00    1.0000000000e+00    0.0000000000e+00
    1.6247418275e+08   -2.3774607679e+08    1.7781376452e+08    4.1948416998e+03   -6.7099562445e+03    4.8111792646e+03    1.4981200000e+20    1.2529882979e-05    0.0000000000e+00    1.0000000000e+00    0.0000000000e+00
    1.4574461422e+08   -2.2219794715e+08   -4.9456241635e+07    3.5213961590e+03   -5.9973652648e+03   -1.2989035679e+03    1.4981200000e+20    1.2529882979e-05    0.0000000000e+00    1.0000000000e+00    0.0000000000e+00
    1.9989559486e+08   -2.5077236034e+08   -1.5978557686e+08    5.2913518460e+03   -7.1071060569e+03   -4.3964511780e+03    1.4981200000e+20    1.2529882979e-05    0.0000000000e+00    1.0000000000e+00    0.0000000000e+00
   -1.5914856947e+07   -2.8317663687e+07   -1.5627192030e+07    4.9505795650e+02    2.5824913656e+03    3.3924354181e+03    1.4981200000e+20    1.2529882979e-05    0.0000000000e+00    1.0000000000e+00    0.0000000000e+00
   -1.0592249449e+07   -4.2580757261e+07    4.7643851907e+07   -5.9598474276e+02    3.4650022637e+02   -1.6448839844e+03    1.4959790000e+20    1.2511976216e-05    0.0000000000e+00    1.0000000000e+00    0.0000000000e+00
    1.0936311358e+08   -1.4077732584e+08   -8.1901145062e+06    2.0444229537e+03   -3.3020113129e+03   -2.0621452531e+02    1.4959790000e+20    1.2511976216e-05    0.0000000000e+00    1.0000000000e+00    0.0000000000e+00
    1.9801703464e+08   -3.3515373098e+08   -1.3834220071e+07    5.2467904234e+03   -9.5087043218e+03   -3.8620682706e+02    1.4885190000e+20    1.2449582732e-05    0.0000000000e+00    1.0000000000e+00    0.0000000000e+00
    2.4332657730e+07   -2.2332836171e+08   -4.2758059539e+07    1.7588032019e+02   -5.6772836559e+03   -1.0087161280e+03    1.4885190000e+20    1.2449582732e-05    0.0000000000e+00    1.0000000000e+00    0.0000000000e+00
    1.0976745769e+08   -1.4525703451e+08   -1.7672421390e+08    2.5571350369e+03   -3.9555945310e+03   -4.4710902479e+03    1.4885190000e+20    1.2449582732e-05    0.0000000000e+00    1.0000000000e+00    0.0000000000e+00
   -2.6903984543e+07   -5.6220726175e+07   -1.4724690971e+07   -4.7660889376e+02    1.3810467910e+03    1.1529072910e+03    1.4885190000e+20    1.2449582732e-05    0.0000000000e+00    1.0000000000e+00    0.0000000000e+00
    6.3823323198e+07   -3.8935909504e+06    1.4950577773e+08    1.0972732847e+03   -3.2816264148e+02    3.0003458073e+03    1.4843700000e+20    1.2414881583e-05    0.0000000000e+00    1.0000000000e+00    0.0000000000e+00
    1.8619477446e+08   -2.0643581555e+08    1.0672613222e+08    4.7424239209e+03   -5.7261697625e+03    2.7745146283e+03    1.4843700000e+20    1.2414881583e-05    0.0000000000e+00    1.0000000000e+00    0.0000000000e+00
    1.5466602531e+08   -2.4644355280e+08    8.8854835253e+07    3.8616757323e+03   -6.8057051375e+03    2.3471366742e+03    1.4843700000e+20    1.2414881583e-05    0.0000000000e+00    1.0000000000e+00    0.0000000000e+00
    4.0287984251e+07   -8.3547700625e+07    1.4547828162e+06   -6.1887532469e+02   -6.0893373164e+02    5.4440615980e+01    1.4843700000e+20    1.2414881583e-05    0.0000000000e+00    1.0000000000e+00    0.0000000000e+00
    2.0434233430e+08   -2.1740661597e+08   -1.0145249240e+08    5.2899348233e+03   -6.0568222514e+03   -2.7396336993e+03    1.4843700000e+20    1.2414881583e-05    0.0000000000e+00    1.0000000000e+00    0.0000000000e+00
    4.9787649735e+07   -9.7275003774e+07   -1.5566184091e+06   -1.4537651820e+02   -1.2978787909e+03    6.9279898475e+01    1.4843700000e+20    1.2414881583e-05    0.0000000000e+00    1.0000000000e+00    0.0000000000e+00
    1.4269749034e+08   -1.7870897266e+08   -1.2585696437e+08    3.4430615388e+03   -4.8610665226e+03   -3.1897171630e+03    1.4843700000e+20    1.2414881583e-05    0.0000000000e+00    1.0000000000e+00    0.0000000000e+00
    8.4245881949e+07   -1.3346305637e+08   -1.4776209615e+08    1.7433197162e+03   -3.4814021349e+03   -3.5196815207e+03    1.4843700000e+20    1.2414881583e-05    0.0000000000e+00    1.0000000000e+00    0.0000000000e+00
    5.0577997924e+06   -2.2777918704e+07    3.9505103607e+07   -1.1953977736e+03    8.2115971523e+02   -2.8467910164e+03    1.4788510000e+20    1.2368722114e-05    0.0000000000e+00    1.0000000000e+00    0.0000000000e+00
    1.4261968716e+06   -6.1545416536e+06   -1.1686137794e+07   -2.9318572142e+03    2.3353331441e+03    8.6287700297e+03    1.4727530000e+20    1.2317720040e-05    0.0000000000e+00    1.0000000000e+00    0.0000000000e+00
    1.5781648399e+08   -1.8896911759e+08   -1.8912979586e+08    4.0185441876e+03   -5.3031212246e+03   -5.0254325426e+03    1.4727530000e+20    1.2317720040e-05    0.0000000000e+00    1.0000000000e+00    0.0000000000e+00
    1.4520323026e+08   -1.3787404379e+08   -2.1864478913e+08    3.6621818902e+03   -3.8956255342e+03   -5.7778276475e+03    1.4727530000e+20    1.2317720040e-05    0.0000000000e+00    1.0000000000e+00    0.0000000000e+00
