#   x1                  x2                  x3                  v1                  v2                  v3                  mass                rel_mass            mat0_frac           mat1_frac           mat2_frac
    3.5806255672e+06    7.1924338112e+06    5.0019281495e+04    9.8931966715e+01    1.7935018599e+02    1.7459336575e+00    1.3343722607e+23    9.1028712411e-01    9.0077121926e-01    9.9228780737e-02    0.0000000000e+00
   -3.7257942092e+07   -7.3983119487e+07   -1.6656430819e+05   -1.0455608588e+03   -1.8463405347e+03   -4.6164796901e+00    1.2719441556e+22    8.6769968286e-02    9.1177979858e-01    8.8220201418e-02    0.0000000000e+00
   -2.7532389507e+07   -4.9677627414e+07    1.3457564664e+06   -7.8246463675e+02   -1.2379972416e+03    3.6407936728e+01    1.6712640000e+19    1.1401092071e-04    1.0000000000e+00    0.0000000000e+00    0.0000000000e+00
   -3.0609032844e+07   -6.0781588274e+07   -1.4722810347e+06   -9.0737413975e+02   -1.6328902680e+03   -2.3406276929e+01    8.4036410000e+18    5.7328276548e-05    1.0000000000e+00    0.0000000000e+00    0.0000000000e+00
   -2.9029886125e+07   -5.6449368927e+07    2.3100669613e+06   -8.5218984051e+02   -1.4661952900e+03    5.8006346424e+01    8.4008810000e+18    5.7309448275e-05    1.0000000000e+00    0.0000000000e+00    0.0000000000e+00
   -3.0699418093e+07   -6.0418798506e+07    3.0490561154e+05   -9.3354801433e+02   -1.6125458756e+03   -4.5003994279e-01    8.3953550000e+18    5.7271750799e-05    1.0000000000e+00    0.0000000000e+00    0.0000000000e+00
   -2.1970393524e+07   -3.7813364257e+07    4.1954802520e+06   -6.1086830708e+02   -8.2398921618e+02    1.2296985073e+02    8.3731650000e+18    5.7120374216e-05    1.0000000000e+00    0.0000000000e+00    0.0000000000e+00
   -2.8988613319e+07   -5.2139762961e+07   -1.0212192146e+05   -8.4193461614e+02   -1.3160223823e+03    9.7385580720e+00    8.3675960000e+18    5.7082383401e-05    1.0000000000e+00    0.0000000000e+00    0.0000000000e+00
   -1.8614255513e+07   -1.4894901851e+07    3.6641684588e+06   -3.8384314753e+02   -4.7655804750e+01    9.3283348156e+01    8.3564310000e+18    5.7006217581e-05    1.0000000000e+00    0.0000000000e+00    0.0000000000e+00
   -1.9489587854e+07   -1.7044559211e+07    7.3296393399e+06   -4.2093064688e+02   -1.3508495997e+02    1.7691177824e+02    8.3564310000e+18    5.7006217581e-05    1.0000000000e+00    0.0000000000e+00    0.0000000000e+00
   -1.1855551487e+07   -2.4822162606e+06    5.9714951724e+06   -5.4787462599e+00    4.4207822888e+02    9.4007876816e+01    8.3396170000e+18    5.6891515199e-05    1.0000000000e+00    0.0000000000e+00    0.0000000000e+00
   -9.5323172773e+05    8.8134452349e+06    2.0556414951e+06    1.3602826571e+03    8.3611644324e+02   -3.6579959017e+02    8.3311800000e+18    5.6833959353e-05    1.0000000000e+00    0.0000000000e+00    0.0000000000e+00
   -1.7469134545e+07   -2.0324148591e+07   -7.0640253803e+06   -4.3646398868e+02   -2.2245867266e+02   -1.5491225845e+02    8.3227220000e+18    5.6776260248e-05    1.0000000000e+00    0.0000000000e+00    0.0000000000e+00
   -3.5815374172e+07   -7.2200061183e+07   -1.6652640586e+06   -1.3082352747e+03   -2.3244520064e+03    2.2899390074e+02    8.3227220000e+18    5.6776260248e-05    1.0000000000e+00    0.0000000000e+00    0.0000000000e+00
   -1.3645294016e+07   -2.7965118470e+06    4.5924939239e+06   -4.7821563842e+01    3.9016746118e+02    6.6594279827e+01    8.3227220000e+18    5.6776260248e-05    1.0000000000e+00    0.0000000000e+00    0.0000000000e+00
   -6.8487515339e+06    5.0523758602e+06    1.2825220380e+06    5.8825633487e+02    7.1063791683e+02    1.3735196489e+02    8.3227220000e+18    5.6776260248e-05    1.0000000000e+00    0.0000000000e+00    0.0000000000e+00
   -1.2434626811e+07   -4.9757448347e+07   -2.0849177297e+06   -4.4411873859e+02   -1.1704233692e+03   -7.1317040594e+01    8.3142440000e+18    5.6718424706e-05    1.0000000000e+00    0.0000000000e+00    0.0000000000e+00
   -1.3692387399e+07   -6.5962143025e+06    5.5795577597e+06   -1.3300197738e+02    2.8443445302e+02    1.1745165462e+02    8.3142440000e+18    5.6718424706e-05    1.0000000000e+00    0.0000000000e+00    0.0000000000e+00
   -1.4179521021e+07    2.9727016146e+06    3.8858420767e+06    6.9444163388e+01    4.4512384947e+02   -1.3440658275e+02    2.9051420000e+18    1.9818407758e-05    0.0000000000e+00    1.0000000000e+00    0.0000000000e+00
   -1.9671945137e+07   -2.5330205295e+07   -8.2901576670e+05   -4.5441813377e+02   -4.0874068437e+02   -1.7772744553e+01    2.8959450000e+18    1.9755667315e-05    0.0000000000e+00    1.0000000000e+00    0.0000000000e+00
   -1.5867303979e+07   -9.3211889881e+06   -1.7576474945e+06   -2.0791476975e+02    1.5381799136e+02    4.4126070831e+01    2.8959450000e+18    1.9755667315e-05    0.0000000000e+00    1.0000000000e+00    0.0000000000e+00
   -1.6878263752e+07   -1.2671486220e+07   -7.4367998532e+06   -3.0703021807e+02   -3.9655197956e+00    5.3497379843e+00    2.8886820000e+18    1.9706120306e-05    0.0000000000e+00    1.0000000000e+00    0.0000000000e+00
   -1.9289822961e+07   -5.5156015777e+06   -2.1507416338e+06   -2.3573848042e+02    1.9407452519e+02    7.1749623951e+01    2.8877800000e+18    1.9699967008e-05    0.0000000000e+00    1.0000000000e+00    0.0000000000e+00
   -1.3972642650e+07   -1.2231635374e+07    2.2388336562e+06   -1.8459597828e+02    8.2084094970e+01    8.7339797173e+01    2.8797170000e+18    1.9644962529e-05    0.0000000000e+00    1.0000000000e+00    0.0000000000e+00
   -2.8721714379e+07   -4.0042842055e+07   -8.0729662038e+06   -7.4203860234e+02   -9.1611773274e+02   -1.0670430886e+02    2.8779380000e+18    1.9632826480e-05    0.0000000000e+00    1.0000000000e+00    0.0000000000e+00
   -4.2266708742e+07   -4.1223212010e+07    3.7084030939e+06   -1.0603331274e+03   -9.8682123066e+02    1.2288019599e+02    2.8743960000e+18    1.9608663530e-05    0.0000000000e+00    1.0000000000e+00    0.0000000000e+00
   -1.4259619356e+07   -2.9325031340e+07   -1.0516281736e+07   -3.9342781559e+02   -5.2962713701e+02   -1.2422769901e+02    2.8656220000e+18    1.9548808724e-05    0.0000000000e+00    1.0000000000e+00    0.0000000000e+00
   -1.0358821018e+07   -7.2433175158e+06    1.4071238654e+06   -3.7176370760e+01    3.2382836174e+02   -1.0499039014e+02    2.8647500000e+18    1.9542860082e-05    0.0000000000e+00    1.0000000000e+00    0.0000000000e+00
   -2.8190464837e+07   -2.9756609995e+07   -1.1026073870e+06   -6.5808548582e+02   -5.9334204221e+02   -6.6800916852e+01    2.8647500000e+18    1.9542860082e-05    0.0000000000e+00    1.0000000000e+00    0.0000000000e+00
   -3.3392638503e+07   -7.1580980308e+07    1.0811292264e+06   -1.2836898135e+03   -2.0352349756e+03    2.0072846403e+02    2.8621440000e+18    1.9525082372e-05    0.0000000000e+00    1.0000000000e+00    0.0000000000e+00
   -2.3889220717e+07   -1.0884510863e+07    3.8975475362e+04   -4.2637693391e+02   -1.3505044267e+00    2.5420501319e+01    2.8586830000e+18    1.9501471991e-05    0.0000000000e+00    1.0000000000e+00    0.0000000000e+00
   -5.5412733011e+07   -8.4604145805e+07   -2.9244737864e+06   -1.4043688259e+03   -2.1058816346e+03   -5.4720263172e+01    2.8586830000e+18    1.9501471991e-05    0.0000000000e+00    1.0000000000e+00    0.0000000000e+00
   -4.3681257333e+07   -4.1319654834e+07   -2.2686130998e+06   -1.0879197488e+03   -9.8240581572e+02   -3.7312602480e+01    2.8586830000e+18    1.9501471991e-05    0.0000000000e+00    1.0000000000e+00    0.0000000000e+00
   -3.6517686766e+07   -8.7287364686e+07    3.4808488572e+06   -9.8182856852e+02   -2.0403890230e+03    1.8983669798e+01    2.8560990000e+18    1.9483844362e-05    0.0000000000e+00    1.0000000000e+00    0.0000000000e+00
   -4.7236370420e+07   -4.4744046450e+07   -3.5542726625e+06   -1.1980450692e+03   -1.0937427885e+03   -4.0569179168e+01    2.8560990000e+18    1.9483844362e-05    0.0000000000e+00    1.0000000000e+00    0.0000000000e+00
   -3.4461598250e+07   -9.9569543883e+07    2.2026893527e+07   -9.5964502381e+02   -2.5192844082e+03    5.0298299540e+02    2.8552400000e+18    1.9477984403e-05    0.0000000000e+00    1.0000000000e+00    0.0000000000e+00
   -3.8933564860e+07   -7.8489720094e+07    1.8223686062e+06   -8.7645796106e+02   -1.6830792050e+03   -2.0378528158e+02    2.8552400000e+18    1.9477984403e-05    0.0000000000e+00    1.0000000000e+00    0.0000000000e+00
   -2.7817164271e+07   -2.8801511786e+07   -1.5083434004e+07   -7.0078238026e+02   -5.9001757011e+02   -2.3922787576e+02    2.8543820000e+18    1.9472131267e-05    0.0000000000e+00    1.0000000000e+00    0.0000000000e+00
   -2.9440209892e+07   -3.4019231093e+07    3.6984208426e+06   -7.3231925058e+02   -7.3012649459e+02    7.0134288826e+00    2.8518140000e+18    1.9454612787e-05    0.0000000000e+00    1.0000000000e+00    0.0000000000e+00
   -1.0650335137e+07   -2.9256492215e+07   -1.8330172511e+07   -3.2531003809e+02   -5.5441583556e+02   -2.9824428625e+02    2.8518140000e+18    1.9454612787e-05    0.0000000000e+00    1.0000000000e+00    0.0000000000e+00
   -2.3756467867e+07   -3.1864787652e+07   -2.1181877878e+07   -6.2565895552e+02   -6.7787221522e+02   -3.9481298187e+02    2.8518140000e+18    1.9454612787e-05    0.0000000000e+00    1.0000000000e+00    0.0000000000e+00
   -3.8623364622e+07   -7.2469905123e+07    1.5200238561e+07   -1.0301914680e+03   -1.8195583559e+03    2.1322798006e+02    2.8501070000e+18    1.9442967910e-05    0.0000000000e+00    1.0000000000e+00    0.0000000000e+00
   -3.2007842952e+07   -6.6739190861e+07   -9.9385563131e+05   -9.5950049449e+02   -1.8673228470e+03   -1.8147686769e+02    2.8501070000e+18    1.9442967910e-05    0.0000000000e+00    1.0000000000e+00    0.0000000000e+00
   -5.4564241836e+07   -1.1916558067e+08    1.2057865417e+07   -1.4775313168e+03   -3.0565352780e+03    2.9522715797e+02    2.8458590000e+18    1.9413988742e-05    0.0000000000e+00    1.0000000000e+00    0.0000000000e+00
   -1.1360106554e+07   -1.6324232799e+07   -3.1413418164e+07   -3.2315007699e+02   -2.7089303591e+02   -5.7471210956e+02    2.8441660000e+18    1.9402439371e-05    0.0000000000e+00    1.0000000000e+00    0.0000000000e+00
   -1.9967772486e+07   -3.9003589057e+07   -3.2156513589e+07   -5.6088571151e+02   -8.9717700175e+02   -6.9986931217e+02    2.8441660000e+18    1.9402439371e-05    0.0000000000e+00    1.0000000000e+00    0.0000000000e+00
   -2.4304499570e+07   -3.8594188506e+07   -3.4198502861e+06   -5.9270760758e+02   -8.6092617450e+02   -7.5671398172e+01    2.8433220000e+18    1.9396681740e-05    0.0000000000e+00    1.0000000000e+00    0.0000000000e+00
   -3.8340457157e+07   -7.4932412107e+07   -3.4493773669e+06   -8.0313069347e+02   -1.7572384596e+03    3.8953631014e+02    2.8433220000e+18    1.9396681740e-05    0.0000000000e+00    1.0000000000e+00    0.0000000000e+00
   -1.7217041956e+06   -2.1695624341e+07    2.5021640965e+07   -1.3180979003e+02   -3.6853963124e+02    4.1169077292e+02    2.8424780000e+18    1.9390924108e-05    0.0000000000e+00    1.0000000000e+00    0.0000000000e+00
   -3.2921747139e+07   -7.1357325935e+07   -4.0226370289e+06   -1.0949799659e+03   -2.0805152323e+03   -6.2414512418e+01    2.8416350000e+18    1.9385173299e-05    0.0000000000e+00    1.0000000000e+00    0.0000000000e+00
    4.3066363908e+06    9.7255597646e+06   -3.8426962364e+04    1.7361985741e+03   -1.4966349204e+03    3.4691928595e+01    2.8416350000e+18    1.9385173299e-05    0.0000000000e+00    1.0000000000e+00    0.0000000000e+00
   -2.4549240051e+07   -6.6699454201e+07    3.6119355044e+07   -7.0203852033e+02   -1.6642859935e+03    8.4588385641e+02    2.8399530000e+18    1.9373698968e-05    0.0000000000e+00    1.0000000000e+00    0.0000000000e+00
   -6.0442041226e+07   -7.3133843848e+07    1.2602722049e+07   -1.5597173594e+03   -1.8411980066e+03    2.7593963312e+02    2.8399530000e+18    1.9373698968e-05    0.0000000000e+00    1.0000000000e+00    0.0000000000e+00
   -2.9059024519e+07   -3.1073051475e+07    2.3704664458e+07   -7.5192441554e+02   -6.6916235727e+02    4.7149492670e+02    2.8382750000e+18    1.9362251924e-05    0.0000000000e+00    1.0000000000e+00    0.0000000000e+00
   -4.4981341295e+07   -7.0861301101e+07   -9.3305682916e+06   -1.0932611766e+03   -1.7974558090e+03   -7.8668709429e+01    2.8382750000e+18    1.9362251924e-05    0.0000000000e+00    1.0000000000e+00    0.0000000000e+00
   -3.9451430197e+07   -8.4358987678e+07   -2.2223069249e+07   -1.0679246020e+03   -2.1105608251e+03   -4.6899261405e+02    2.8382750000e+18    1.9362251924e-05    0.0000000000e+00    1.0000000000e+00    0.0000000000e+00
   -2.2982910423e+07   -1.2342681779e+07    1.0854724211e+07   -4.7241909348e+02   -8.1247180912e+01    6.7639218920e+01    2.8357640000e+18    1.9345122289e-05    0.0000000000e+00    1.0000000000e+00    0.0000000000e+00
   -3.4095590360e+07   -4.6657059159e+07    2.3679616405e+07   -9.0805824023e+02   -1.1211959213e+03    5.0510742873e+02    2.8357640000e+18    1.9345122289e-05    0.0000000000e+00    1.0000000000e+00    0.0000000000e+00
   -3.5157490087e+07   -6.9442963192e+07   -8.2832472871e+05   -1.1957988923e+03   -2.1066453369e+03    2.8210411843e+01    2.8350770000e+18    1.9340435686e-05    0.0000000000e+00    1.0000000000e+00    0.0000000000e+00
   -6.4171400881e+07   -1.0125366328e+08    1.7343268286e+07   -1.7127546718e+03   -2.5836778866e+03    4.1868262304e+02    2.8350770000e+18    1.9340435686e-05    0.0000000000e+00    1.0000000000e+00    0.0000000000e+00
   -1.9172735927e+07   -1.3715121914e+07    3.3647939140e+06   -3.7300311402e+02   -2.0425416709e+01    1.3546881696e+02    2.8350770000e+18    1.9340435686e-05    0.0000000000e+00    1.0000000000e+00    0.0000000000e+00
   -2.6753940378e+07   -3.6275968446e+06   -6.7330404799e+06   -4.7443765627e+02    1.1924893930e+02    1.3835118657e+01    2.8349300000e+18    1.9339432876e-05    0.0000000000e+00    1.0000000000e+00    0.0000000000e+00
   -1.6533373707e+07    1.2074224805e+07   -3.0730238281e+06    1.1092849570e+02    4.4765249694e+02   -1.0958250458e+02    2.8332630000e+18    1.9328060872e-05    0.0000000000e+00    1.0000000000e+00    0.0000000000e+00
   -2.4679557384e+07   -3.2431305864e+07   -3.4124214613e+06   -6.0044205268e+02   -6.6378262031e+02   -1.3342815310e+02    2.8332630000e+18    1.9328060872e-05    0.0000000000e+00    1.0000000000e+00    0.0000000000e+00
   -2.5577792117e+07   -9.2809155841e+07   -2.5179474177e+07   -7.3968532252e+02   -2.3353145303e+03   -5.7912983251e+02    2.8332630000e+18    1.9328060872e-05    0.0000000000e+00    1.0000000000e+00    0.0000000000e+00
   -4.1772593935e+07   -4.5794378979e+07   -4.6891091341e+05   -1.0556537033e+03   -1.1245996387e+03    4.1329825253e+01    2.8332630000e+18    1.9328060872e-05    0.0000000000e+00    1.0000000000e+00    0.0000000000e+00
   -2.0554372616e+07   -8.7354221593e+07   -3.7000011215e+07   -6.0888844365e+02   -2.2176329301e+03   -8.8836371587e+02    2.8332530000e+18    1.9327992654e-05    0.0000000000e+00    1.0000000000e+00    0.0000000000e+00
   -3.2956630084e+07   -6.5998725438e+07    1.7680222524e+06   -1.0525357021e+03   -1.8577483895e+03    2.0525219004e+01    2.8323520000e+18    1.9321846178e-05    0.0000000000e+00    1.0000000000e+00    0.0000000000e+00
   -1.2753905721e+07   -7.7919017191e+07   -2.6416767729e+07   -4.2674183340e+02   -1.9649310060e+03   -5.9032353475e+02    2.8323520000e+18    1.9321846178e-05    0.0000000000e+00    1.0000000000e+00    0.0000000000e+00
   -5.1405493877e+07   -7.5004480685e+07   -3.0226192583e+07   -1.3726273300e+03   -1.8958294899e+03   -6.9960979070e+02    2.8323520000e+18    1.9321846178e-05    0.0000000000e+00    1.0000000000e+00    0.0000000000e+00
   -3.4059033872e+07   -6.3421408871e+07   -4.2307930097e+06   -9.3772643781e+02   -1.6988216321e+03    7.8499793305e+01    2.8316000000e+18    1.9316716156e-05    0.0000000000e+00    1.0000000000e+00    0.0000000000e+00
   -2.9259042989e+07   -2.6182478037e+07   -3.7289749500e+07   -7.7323076759e+02   -5.8855272576e+02   -8.0799564446e+02    2.8316000000e+18    1.9316716156e-05    0.0000000000e+00    1.0000000000e+00    0.0000000000e+00
   -2.3280204560e+07   -5.6882750392e+06   -3.1097938639e+06   -3.7046520963e+02    1.1836097038e+02    9.4969586294e+01    2.8316000000e+18    1.9316716156e-05    0.0000000000e+00    1.0000000000e+00    0.0000000000e+00
   -2.8892159308e+07   -5.9847412004e+07    8.0125230006e+06   -8.3142489072e+02   -1.5234014480e+03    5.4461234289e+01    2.8314580000e+18    1.9315747455e-05    0.0000000000e+00    1.0000000000e+00    0.0000000000e+00
   -6.1681341529e+06   -8.5670247927e+07   -5.9516731317e+07   -2.3412042154e+02   -2.2043021877e+03   -1.4921194389e+03    2.8305710000e+18    1.9309696485e-05    0.0000000000e+00    1.0000000000e+00    0.0000000000e+00
   -2.4154961050e+07   -8.7529786901e+07   -3.6416627151e+07   -6.9881008686e+02   -2.2156827646e+03   -8.7090259250e+02    2.8305710000e+18    1.9309696485e-05    0.0000000000e+00    1.0000000000e+00    0.0000000000e+00
   -2.4156322834e+07   -4.2030663974e+07    8.0415267314e+06   -6.9398346540e+02   -9.6386169461e+02    2.3186597014e+02    2.8288160000e+18    1.9297724159e-05    0.0000000000e+00    1.0000000000e+00    0.0000000000e+00
   -2.0655686884e+07    4.6200263024e+06   -1.9180854213e+05   -1.3604939355e+02    3.3611249881e+02   -1.7584354619e+02    2.8282850000e+18    1.9294101763e-05    0.0000000000e+00    1.0000000000e+00    0.0000000000e+00
   -3.2285534947e+07   -4.4228412225e+07    8.7110135853e+06   -8.3879008904e+02   -1.0506747217e+03    1.2114569728e+02    2.8282850000e+18    1.9294101763e-05    0.0000000000e+00    1.0000000000e+00    0.0000000000e+00
   -3.2145142761e+07   -5.9421666595e+07   -7.5292456804e+05   -9.5529996220e+02   -1.5942631224e+03   -1.7581354162e+00    2.8270880000e+18    1.9285936023e-05    0.0000000000e+00    1.0000000000e+00    0.0000000000e+00
   -2.0644635889e+07   -8.7245689820e+07    1.5024227727e+07   -6.4465838847e+02   -2.1703401934e+03    2.9145595625e+02    2.8270880000e+18    1.9285936023e-05    0.0000000000e+00    1.0000000000e+00    0.0000000000e+00
   -2.0424566098e+07   -2.5885746454e+07    8.9176581488e+06   -5.2269193925e+02   -4.2838210939e+02    2.4458149546e+02    2.8270880000e+18    1.9285936023e-05    0.0000000000e+00    1.0000000000e+00    0.0000000000e+00
   -6.1219624662e+06   -1.5060745080e+07   -2.8028819693e+07   -2.1186090169e+02   -2.2087290950e+02   -4.4587120170e+02    2.8270880000e+18    1.9285936023e-05    0.0000000000e+00    1.0000000000e+00    0.0000000000e+00
   -3.5451872681e+07   -1.0903714321e+08   -2.8551219212e+07   -9.8750096422e+02   -2.7871095858e+03   -6.8832792156e+02    2.8270880000e+18    1.9285936023e-05    0.0000000000e+00    1.0000000000e+00    0.0000000000e+00
   -1.0391254276e+07   -4.1424922980e+07   -1.7505010040e+07   -3.4884436792e+02   -9.2241546739e+02   -3.1792405318e+02    2.8270880000e+18    1.9285936023e-05    0.0000000000e+00    1.0000000000e+00    0.0000000000e+00
   -4.4950018638e+07   -4.5786173415e+07    1.8029068499e+07   -1.1548369138e+03   -1.1041558752e+03    3.8960311736e+02    2.8266330000e+18    1.9282832087e-05    0.0000000000e+00    1.0000000000e+00    0.0000000000e+00
   -4.5458900396e+07   -7.9039843853e+07    6.5493638214e+06   -1.0720937162e+03   -1.9188604175e+03    6.7148428935e+01    2.8266330000e+18    1.9282832087e-05    0.0000000000e+00    1.0000000000e+00    0.0000000000e+00
   -1.1744446475e+07   -2.6406418332e+07   -4.5892085717e+06   -3.6390759167e+02   -3.9361291998e+02   -1.4636208498e+02    2.8262330000e+18    1.9280103352e-05    0.0000000000e+00    1.0000000000e+00    0.0000000000e+00
   -1.3318273069e+07   -1.0719911260e+08    3.3547670532e+07   -4.2503827292e+02   -2.7520136217e+03    8.1588182859e+02    2.8262330000e+18    1.9280103352e-05    0.0000000000e+00    1.0000000000e+00    0.0000000000e+00
   -4.2349182870e+07   -1.0782168977e+08    2.3370076515e+07   -1.1601899355e+03   -2.7472817192e+03    5.5591465330e+02    2.8253840000e+18    1.9274311612e-05    0.0000000000e+00    1.0000000000e+00    0.0000000000e+00
   -2.1626934576e+07   -5.4320743200e+07    8.4943375195e+06   -6.9190477386e+02   -1.3336647563e+03    2.6033004039e+02    2.8253840000e+18    1.9274311612e-05    0.0000000000e+00    1.0000000000e+00    0.0000000000e+00
   -1.4116339495e+07   -8.4593426026e+07    5.7069634971e+07   -4.3789986864e+02   -2.1666907337e+03    1.4295005400e+03    2.8249850000e+18    1.9271589698e-05    0.0000000000e+00    1.0000000000e+00    0.0000000000e+00
   -4.9222228678e+07   -5.9113395181e+07    2.7796454759e+06   -1.2137209014e+03   -1.5040612493e+03    3.4947430142e+01    2.8249850000e+18    1.9271589698e-05    0.0000000000e+00    1.0000000000e+00    0.0000000000e+00
   -2.2217166604e+07   -3.9612627503e+07   -1.1264297087e+07   -6.0450702640e+02   -8.7977977057e+02   -1.6986289490e+02    2.8241630000e+18    1.9265982148e-05    0.0000000000e+00    1.0000000000e+00    0.0000000000e+00
   -2.1672036660e+07   -7.6378764457e+07   -2.7560807612e+07   -6.3917900989e+02   -1.9082908603e+03   -6.1856209887e+02    2.8241630000e+18    1.9265982148e-05    0.0000000000e+00    1.0000000000e+00    0.0000000000e+00
   -1.5849869446e+07   -4.2201346588e+07   -2.2875694313e+06   -5.0783627026e+02   -9.4112996804e+02   -9.3097377285e+01    2.8237040000e+18    1.9262850924e-05    0.0000000000e+00    1.0000000000e+00    0.0000000000e+00
   -2.3263473133e+07   -2.5269179209e+07    2.0487513004e+05   -5.2118133285e+02   -4.3199833106e+02   -1.5420139328e+01    2.8237040000e+18    1.9262850924e-05    0.0000000000e+00    1.0000000000e+00    0.0000000000e+00
   -2.6858655451e+07   -1.0154897341e+08   -3.1473301622e+06   -7.8115016916e+02   -2.5173930728e+03   -5.8414560182e+01    2.8237040000e+18    1.9262850924e-05    0.0000000000e+00    1.0000000000e+00    0.0000000000e+00
   -2.9241034839e+07   -4.8607051895e+05   -8.1256064840e+06   -5.2647990833e+02    1.8699084202e+02   -6.9100957244e+01    2.8233410000e+18    1.9260374597e-05    0.0000000000e+00    1.0000000000e+00    0.0000000000e+00
   -8.9283593356e+06   -4.7318334300e+07   -3.1401893996e+07   -3.0946984730e+02   -1.1287660120e+03   -6.8500184049e+02    2.8228730000e+18    1.9257181977e-05    0.0000000000e+00    1.0000000000e+00    0.0000000000e+00
   -2.5596642937e+07   -9.1347203046e+07   -3.8883278669e+06   -7.7963274161e+02   -2.2234119170e+03   -2.6382650665e+01    2.8228730000e+18    1.9257181977e-05    0.0000000000e+00    1.0000000000e+00    0.0000000000e+00
   -2.7124549360e+07   -9.2640071292e+06    2.6384469103e+06   -5.1357848216e+02    1.7933633048e+00   -5.5910283438e+01    2.8208810000e+18    1.9243592876e-05    0.0000000000e+00    1.0000000000e+00    0.0000000000e+00
   -2.0598871771e+07   -5.5834913937e+07    3.2151220827e+06   -6.4999607618e+02   -1.3717217164e+03   -3.2185249810e+01    2.8188000000e+18    1.9229396631e-05    0.0000000000e+00    1.0000000000e+00    0.0000000000e+00
   -1.7661207192e+07   -3.6788843529e+07   -2.6885546759e+06   -5.3281511222e+02   -7.7066941593e+02   -9.4110454322e+01    2.8188000000e+18    1.9229396631e-05    0.0000000000e+00    1.0000000000e+00    0.0000000000e+00
   -1.8965227374e+06    6.2923690495e+05    8.6257393468e+06    2.0516967245e+01    4.6624700065e+02   -5.5329640785e+02    2.8188000000e+18    1.9229396631e-05    0.0000000000e+00    1.0000000000e+00    0.0000000000e+00
    9.5988479578e+06   -7.2371826570e+07    5.4640240946e+07    1.6982171588e+02   -1.8438070477e+03    1.3530888977e+03    2.8188000000e+18    1.9229396631e-05    0.0000000000e+00    1.0000000000e+00    0.0000000000e+00
   -3.2136459938e+07   -3.4300720582e+07   -2.6858926380e+07   -8.3926301353e+02   -7.8577635346e+02   -5.5068422480e+02    2.8184290000e+18    1.9226865729e-05    0.0000000000e+00    1.0000000000e+00    0.0000000000e+00
   -2.3470819451e+07   -1.0639549154e+08    9.9176882486e+06   -6.9166297762e+02   -2.6755912518e+03    2.1705085573e+02    2.8172080000e+18    1.9218536265e-05    0.0000000000e+00    1.0000000000e+00    0.0000000000e+00
   -2.3168904967e+07   -1.0420451441e+08   -1.5744052676e+07   -6.8459474331e+02   -2.6249995734e+03   -3.5635328473e+02    2.8172080000e+18    1.9218536265e-05    0.0000000000e+00    1.0000000000e+00    0.0000000000e+00
   -3.2303347178e+07   -3.2899640070e+07   -1.5431178625e+06   -7.9060060815e+02   -7.0585123387e+02    3.6774016971e+01    2.8167990000e+18    1.9215746133e-05    0.0000000000e+00    1.0000000000e+00    0.0000000000e+00
   -1.7648736559e+07   -6.1097852485e+06    2.1557493818e+07   -3.7786975090e+02    1.9036721607e+00    2.3148223010e+02    2.8159850000e+18    1.9210193157e-05    0.0000000000e+00    1.0000000000e+00    0.0000000000e+00
   -3.2751366247e+07   -3.2215707879e+07   -1.8956262674e+06   -7.9143975075e+02   -6.8835811384e+02   -1.0864186408e+02    2.8159850000e+18    1.9210193157e-05    0.0000000000e+00    1.0000000000e+00    0.0000000000e+00
   -4.2095865542e+07   -9.9065441635e+07   -6.2027306949e+06   -1.1244863306e+03   -2.4602930368e+03   -1.2861441961e+02    2.8159850000e+18    1.9210193157e-05    0.0000000000e+00    1.0000000000e+00    0.0000000000e+00
   -2.3038403775e+07   -3.0679089827e+07   -4.4587875965e+07   -6.3541544833e+02   -7.1733182117e+02   -1.0054070822e+03    2.8159850000e+18    1.9210193157e-05    0.0000000000e+00    1.0000000000e+00    0.0000000000e+00
   -2.6055230023e+07   -2.3548576889e+07   -1.5881576109e+07   -6.3539142865e+02   -4.3560681859e+02   -2.3622739736e+02    2.8159850000e+18    1.9210193157e-05    0.0000000000e+00    1.0000000000e+00    0.0000000000e+00
   -7.9120122688e+06    3.7711097343e+06    1.9368685772e+07   -1.3888983127e+02    1.4726880558e+02   -3.2653354823e+01    2.8151720000e+18    1.9204647003e-05    0.0000000000e+00    1.0000000000e+00    0.0000000000e+00
   -3.2939208057e+07   -8.9504828113e+06   -2.7306873113e+06   -6.6904273327e+02   -2.2178430917e+01   -6.0343312344e+01    2.8151720000e+18    1.9204647003e-05    0.0000000000e+00    1.0000000000e+00    0.0000000000e+00
   -2.1468548028e+07   -2.7172431325e+07   -1.0353165411e+07   -5.7263927650e+02   -4.7715290806e+02   -2.8265342771e+02    2.8148560000e+18    1.9202491302e-05    0.0000000000e+00    1.0000000000e+00    0.0000000000e+00
   -2.2173716808e+07   -6.5694983371e+07    5.5628053913e+07   -6.4297284509e+02   -1.6652919941e+03    1.3648907471e+03    2.8148560000e+18    1.9202491302e-05    0.0000000000e+00    1.0000000000e+00    0.0000000000e+00
   -9.6366375676e+06   -4.1721422783e+07   -7.2372604902e+06   -3.4291311977e+02   -9.1243684292e+02   -7.3912624523e+01    2.8148560000e+18    1.9202491302e-05    0.0000000000e+00    1.0000000000e+00    0.0000000000e+00
