#   x1                  x2                  x3                  v1                  v2                  v3                  mass                rel_mass            mat0_frac           mat1_frac           mat2_frac
    2.7351991728e+06    1.3390257225e+07    8.5103477805e+03    7.7085894740e+01    3.3595024908e+02    3.8332340964e-01    1.3292463692e+23    9.0841805379e-01    8.9770167065e-01    1.0229832935e-01    0.0000000000e+00
   -2.7865896435e+07   -1.3568857206e+08   -4.0833266941e+04   -7.8593685575e+02   -3.4054474079e+03   -9.2742967253e-01    1.2648279017e+22    8.6439393589e-02    8.2603385330e-01    1.7396614670e-01    0.0000000000e+00
   -1.4571335309e+07   -1.0228682725e+08   -3.3149656854e+05   -4.4678310362e+02   -2.6108289979e+03    1.1810364733e+01    1.9899555000e+19    1.3599521837e-04    8.5460488941e-01    1.4539511059e-01    0.0000000000e+00
   -1.6798749341e+07   -1.1381736857e+08   -4.8756592173e+06   -5.2668168989e+02   -2.9373002872e+03   -1.3824646548e+02    1.9837447000e+19    1.3557076712e-04    8.5410345394e-01    1.4589654606e-01    0.0000000000e+00
   -1.9501240520e+07   -1.2274948042e+08   -2.7405170285e+06   -6.2644377691e+02   -3.2419053438e+03   -6.5924892196e+01    1.1394284000e+19    7.7869487067e-05    7.4638985653e-01    2.5361014347e-01    0.0000000000e+00
   -2.1098009489e+07   -1.2687891478e+08   -5.0973752041e+06   -7.0935441682e+02   -3.3608213503e+03   -1.0316221557e+02    1.1378322000e+19    7.7760401428e-05    7.4793796484e-01    2.5206203516e-01    0.0000000000e+00
   -1.4294784944e+07   -1.0259947828e+08    4.2925318117e+04   -4.4796474462e+02   -2.5747170571e+03   -2.2554565101e+01    8.5216550000e+18    5.8237700922e-05    1.0000000000e+00    0.0000000000e+00    0.0000000000e+00
   -1.5486422758e+07   -7.5925049831e+07    1.6990212449e+06   -4.5122511061e+02   -1.8547839557e+03    4.7613286021e+01    8.4960090000e+18    5.8062434020e-05    1.0000000000e+00    0.0000000000e+00    0.0000000000e+00
   -1.9523754113e+07   -1.2386548302e+08   -3.2248631250e+06   -6.3143677701e+02   -3.2558984602e+03   -6.1811387564e+01    8.4931480000e+18    5.8042881707e-05    1.0000000000e+00    0.0000000000e+00    0.0000000000e+00
   -9.3887721663e+06   -7.2475527658e+07    1.6108689243e+06   -3.0646667311e+02   -1.7526320452e+03    5.5315505765e+01    8.4931480000e+18    5.8042881707e-05    1.0000000000e+00    0.0000000000e+00    0.0000000000e+00
   -1.5745471830e+07   -6.4908724359e+07   -1.1482933991e+06   -4.5449612299e+02   -1.5449168732e+03   -6.3582281779e+00    8.4759350000e+18    5.7925246630e-05    1.0000000000e+00    0.0000000000e+00    0.0000000000e+00
   -1.0861745805e+07   -5.1711550052e+07   -3.0143208566e+06   -3.3237460465e+02   -1.1638295283e+03   -5.5042699765e+01    8.4701790000e+18    5.7885909646e-05    1.0000000000e+00    0.0000000000e+00    0.0000000000e+00
   -1.1267973504e+07   -6.8092956191e+07   -3.1245106032e+05   -3.4923499710e+02   -1.6332735420e+03    6.3958378141e+00    8.4701790000e+18    5.7885909646e-05    1.0000000000e+00    0.0000000000e+00    0.0000000000e+00
    8.4178630081e+06   -7.6917546652e+07   -4.3765956012e+06    1.1819354585e+02   -1.8848091496e+03   -7.4072080177e+01    5.7439150000e+18    3.9254394116e-05    0.0000000000e+00    1.0000000000e+00    0.0000000000e+00
   -2.0547403775e+07   -4.0239349737e+07   -3.1304354627e+05   -5.2887986890e+02   -8.2748450646e+02    1.7977973572e-01    2.9556580000e+18    2.0199213255e-05    0.0000000000e+00    1.0000000000e+00    0.0000000000e+00
   -1.5184811590e+07    1.4971530885e+07    1.0198003156e+06    2.0155382181e+02    6.4018793715e+02   -9.0884059765e+01    2.9470880000e+18    2.0140645161e-05    0.0000000000e+00    1.0000000000e+00    0.0000000000e+00
   -1.9059012974e+07   -1.1083012455e+07   -1.1638968769e+03   -3.6863425708e+02    7.8241152605e+01    1.8489307400e+01    2.9470880000e+18    2.0140645161e-05    0.0000000000e+00    1.0000000000e+00    0.0000000000e+00
   -2.8932675607e+07   -5.2668695080e+07   -6.3792432070e+06   -7.5309297822e+02   -1.2032352351e+03   -1.3111534162e+02    2.9386320000e+18    2.0082856151e-05    0.0000000000e+00    1.0000000000e+00    0.0000000000e+00
   -2.7915303531e+07   -7.9698636115e+06    4.0903311876e+05   -5.5322679120e+02    8.6499554172e+01   -2.3715073427e-01    2.9358380000e+18    2.0063761722e-05    0.0000000000e+00    1.0000000000e+00    0.0000000000e+00
   -4.7225393181e+07   -7.8285397853e+07   -8.3465402491e+06   -1.2239959755e+03   -1.9225858343e+03   -1.8878436559e+02    2.9358380000e+18    2.0063761722e-05    0.0000000000e+00    1.0000000000e+00    0.0000000000e+00
   -1.5353649332e+07   -7.1764693075e+07   -4.6779733043e+07   -4.4110004592e+02   -1.7485583725e+03   -1.1302459386e+03    2.9339810000e+18    2.0051070830e-05    0.0000000000e+00    1.0000000000e+00    0.0000000000e+00
   -7.6931780237e+06   -1.0046172885e+07   -6.6473388376e+06   -1.7319289088e+02    1.8542376155e+02    9.9049248828e-01    2.9339810000e+18    2.0051070830e-05    0.0000000000e+00    1.0000000000e+00    0.0000000000e+00
   -1.3409621294e+07   -1.2051137171e+06    2.4201288620e+06   -1.1514359207e+02    4.5852621804e+02   -8.1695523663e+01    2.9193170000e+18    1.9950855831e-05    0.0000000000e+00    1.0000000000e+00    0.0000000000e+00
   -2.5310993680e+07   -9.0323436598e+07   -1.6314641135e+07   -6.8672000671e+02   -2.2495868023e+03   -3.6807201588e+02    2.9175060000e+18    1.9938479306e-05    0.0000000000e+00    1.0000000000e+00    0.0000000000e+00
   -2.3193334081e+07   -5.8924892344e+07    6.0561941237e+06   -6.1697692125e+02   -1.3743924174e+03    1.2519774045e+02    2.9138990000e+18    1.9913828767e-05    0.0000000000e+00    1.0000000000e+00    0.0000000000e+00
   -3.5211881382e+07   -9.4116778930e+07    1.2720719957e+07   -9.2108539317e+02   -2.3482190857e+03    2.8045017923e+02    2.9067420000e+18    1.9864917232e-05    0.0000000000e+00    1.0000000000e+00    0.0000000000e+00
   -1.4712301544e+07   -8.7147818500e+06    1.2648323014e+07   -2.9988639826e+02    9.4330060242e+01    6.7961187590e+01    2.9049640000e+18    1.9852766232e-05    0.0000000000e+00    1.0000000000e+00    0.0000000000e+00
   -2.7480507066e+07   -3.3120993454e+07   -3.8205400897e+07   -7.1324615649e+02   -7.1382639315e+02   -8.4911154877e+02    2.9049640000e+18    1.9852766232e-05    0.0000000000e+00    1.0000000000e+00    0.0000000000e+00
   -1.6208815230e+07   -1.7045164011e+07   -1.5387036685e+07   -3.8222560866e+02   -1.5988010576e+02   -2.1983734699e+02    2.9049640000e+18    1.9852766232e-05    0.0000000000e+00    1.0000000000e+00    0.0000000000e+00
   -2.3068958220e+07   -6.9810908939e+07    3.7668497496e+07   -6.2838853636e+02   -1.6856729778e+03    9.0062674431e+02    2.9040770000e+18    1.9846704400e-05    0.0000000000e+00    1.0000000000e+00    0.0000000000e+00
   -2.3318339594e+07   -1.0587163477e+08    7.3978611850e+06   -6.3388496595e+02   -2.6926092559e+03    1.4743187511e+02    2.9040770000e+18    1.9846704400e-05    0.0000000000e+00    1.0000000000e+00    0.0000000000e+00
   -4.8709360940e+07   -2.3397719403e+07   -2.2067448944e+07   -1.1980350551e+03   -4.5715581347e+02   -4.7257830166e+02    2.9014220000e+18    1.9828559908e-05    0.0000000000e+00    1.0000000000e+00    0.0000000000e+00
   -2.5221661300e+07   -1.6824230121e+07   -2.8732340427e+07   -6.1719604813e+02   -2.7785326147e+02   -5.3012134086e+02    2.9005400000e+18    1.9822532247e-05    0.0000000000e+00    1.0000000000e+00    0.0000000000e+00
   -1.0610625428e+07   -7.6512370320e+07   -4.2635282901e+07   -3.2902859242e+02   -1.8759089393e+03   -1.0103917167e+03    2.8996580000e+18    1.9816504585e-05    0.0000000000e+00    1.0000000000e+00    0.0000000000e+00
   -2.7985679371e+07   -1.2760139497e+07   -4.4996577355e+06   -5.9820091372e+02   -6.4350357835e+01   -1.1050473765e+01    2.8996580000e+18    1.9816504585e-05    0.0000000000e+00    1.0000000000e+00    0.0000000000e+00
   -6.0386049568e+07   -1.1945890275e+08   -5.5667746533e+06   -1.5343615986e+03   -2.9985395497e+03   -1.2577180196e+02    2.8978980000e+18    1.9804476598e-05    0.0000000000e+00    1.0000000000e+00    0.0000000000e+00
   -2.1489791981e+07   -1.1161428917e+08    2.7647563878e+06   -5.7968123352e+02   -2.8686037147e+03    8.0029771681e+01    2.8978980000e+18    1.9804476598e-05    0.0000000000e+00    1.0000000000e+00    0.0000000000e+00
   -1.6026518599e+07   -2.2112823810e+07   -3.0851174208e+07   -4.2675103505e+02   -4.0458543569e+02   -5.8706477216e+02    2.8978980000e+18    1.9804476598e-05    0.0000000000e+00    1.0000000000e+00    0.0000000000e+00
    2.2999697623e+06    1.6178198642e+07   -1.6062829784e+06    1.9357507825e+03   -3.6977070058e+02    5.3168977613e+02    2.8961430000e+18    1.9792482782e-05    0.0000000000e+00    1.0000000000e+00    0.0000000000e+00
   -3.2016329668e+07   -1.2386094840e+08    3.7056997124e+07   -8.5707634107e+02   -3.1144060203e+03    8.7286550080e+02    2.8961430000e+18    1.9792482782e-05    0.0000000000e+00    1.0000000000e+00    0.0000000000e+00
   -3.9184100829e+07   -7.3111101258e+07   -1.5998648942e+06   -1.0153154905e+03   -1.7734017442e+03   -4.7629807153e+01    2.8961430000e+18    1.9792482782e-05    0.0000000000e+00    1.0000000000e+00    0.0000000000e+00
   -6.4281968958e+07   -1.4404282799e+08    6.5094643381e+06   -1.6415597298e+03   -3.6076283801e+03    1.4853805288e+02    2.8952670000e+18    1.9786496125e-05    0.0000000000e+00    1.0000000000e+00    0.0000000000e+00
   -3.7133295249e+07   -5.2749252421e+07   -5.5363972848e+06   -9.4879692199e+02   -1.2104580703e+03   -1.3372901588e+02    2.8952670000e+18    1.9786496125e-05    0.0000000000e+00    1.0000000000e+00    0.0000000000e+00
   -1.2201635765e+07    2.0301725353e+07    2.7913021015e+06    3.8021825737e+02    5.7591305130e+02    8.6930575223e+01    2.8952670000e+18    1.9786496125e-05    0.0000000000e+00    1.0000000000e+00    0.0000000000e+00
   -1.3344406597e+05   -8.4196952843e+06   -4.8833728630e+06   -1.3510465833e+02    3.0561429774e+02   -3.6550022784e+01    2.8951400000e+18    1.9785628196e-05    0.0000000000e+00    1.0000000000e+00    0.0000000000e+00
   -5.5440069232e+07   -1.6519668823e+08    2.5076592861e+07   -1.4446177427e+03   -4.1460508957e+03    5.9848170027e+02    2.8943920000e+18    1.9780516302e-05    0.0000000000e+00    1.0000000000e+00    0.0000000000e+00
   -9.0121543289e+07   -1.4494024657e+08    2.5034556480e+07   -2.3303649861e+03   -3.6461237376e+03    6.1259067304e+02    2.8943920000e+18    1.9780516302e-05    0.0000000000e+00    1.0000000000e+00    0.0000000000e+00
   -8.9301133378e+06   -5.0282364742e+07    1.2608286858e+07   -2.8267300281e+02   -1.1240976786e+03    2.5085646265e+02    2.8942150000e+18    1.9779306669e-05    0.0000000000e+00    1.0000000000e+00    0.0000000000e+00
   -6.9604586165e+06   -8.9657493113e+06    1.0953030049e+06   -1.6794933508e+02    2.7463851488e+02    7.5014405308e+01    2.8942150000e+18    1.9779306669e-05    0.0000000000e+00    1.0000000000e+00    0.0000000000e+00
   -2.4520534539e+07   -7.3666577017e+07   -5.6801457695e+07   -6.7266745373e+02   -1.8082087862e+03   -1.3646748137e+03    2.8935180000e+18    1.9774543313e-05    0.0000000000e+00    1.0000000000e+00    0.0000000000e+00
   -1.4967192768e+07   -1.0081827121e+08   -2.5893381141e+05   -4.5702994212e+02   -2.5826472940e+03   -1.4215168791e+01    2.8932980000e+18    1.9773039815e-05    0.0000000000e+00    1.0000000000e+00    0.0000000000e+00
   -4.7387349519e+07   -1.5888341824e+08   -3.5389234901e+06   -1.2098843542e+03   -3.9470768544e+03   -9.2183445236e+01    2.8926450000e+18    1.9768577158e-05    0.0000000000e+00    1.0000000000e+00    0.0000000000e+00
   -3.0089772927e+07   -1.3548400743e+08   -1.2421205009e+06   -1.8328956009e+02   -3.3741828556e+03    2.2427423316e+02    2.8926450000e+18    1.9768577158e-05    0.0000000000e+00    1.0000000000e+00    0.0000000000e+00
   -5.4929029797e+07   -1.3071695056e+08    5.5706476249e+06   -1.3729111221e+03   -3.2801654121e+03    1.2309980498e+02    2.8926450000e+18    1.9768577158e-05    0.0000000000e+00    1.0000000000e+00    0.0000000000e+00
   -2.1215842439e+07   -9.7112202071e+07   -1.8800437704e+07   -5.8136402337e+02   -2.4234435022e+03   -4.2863845104e+02    2.8926450000e+18    1.9768577158e-05    0.0000000000e+00    1.0000000000e+00    0.0000000000e+00
   -1.6028714297e+07   -9.5965266956e+07   -6.1269083195e+06   -4.7679361764e+02   -2.4223325419e+03   -1.7131065406e+02    2.8914870000e+18    1.9760663290e-05    0.0000000000e+00    1.0000000000e+00    0.0000000000e+00
   -1.0465315641e+07   -4.1679405293e+07    2.5705740403e+06   -3.2284388315e+02   -8.6783690110e+02    1.7484433951e+01    2.8914870000e+18    1.9760663290e-05    0.0000000000e+00    1.0000000000e+00    0.0000000000e+00
   -1.4672504857e+07   -3.7820996251e+07   -3.9851706379e+06   -4.2035483212e+02   -7.5585548830e+02   -1.1660516363e+02    2.8914870000e+18    1.9760663290e-05    0.0000000000e+00    1.0000000000e+00    0.0000000000e+00
   -5.1685068506e+07   -1.2752942050e+08    2.7523858560e+07   -1.3359523950e+03   -3.2016809423e+03    6.3554918845e+02    2.8914870000e+18    1.9760663290e-05    0.0000000000e+00    1.0000000000e+00    0.0000000000e+00
   -1.6662824474e+07   -2.4617214487e+07    3.2320628643e+06   -4.2855608015e+02   -3.4543056042e+02    8.6899225645e+01    2.8914870000e+18    1.9760663290e-05    0.0000000000e+00    1.0000000000e+00    0.0000000000e+00
    1.2130941061e+06   -6.9696009513e+07   -9.0813734452e+06   -5.1947558752e+01   -1.6786835951e+03   -1.8269228341e+02    2.8914870000e+18    1.9760663290e-05    0.0000000000e+00    1.0000000000e+00    0.0000000000e+00
   -5.2563497031e+07   -4.4036800663e+07    2.0714134687e+07   -1.3317384249e+03   -1.0051969801e+03    4.6971381524e+02    2.8909020000e+18    1.9756665351e-05    0.0000000000e+00    1.0000000000e+00    0.0000000000e+00
   -8.3663300314e+06   -9.7731381283e+07   -9.3315909504e+07   -2.7194980364e+02   -2.4499334815e+03   -2.3142277483e+03    2.8909020000e+18    1.9756665351e-05    0.0000000000e+00    1.0000000000e+00    0.0000000000e+00
   -3.4320932172e+07   -7.2497993290e+07   -4.8753844583e+07   -9.1297866133e+02   -1.7743452907e+03   -1.1628594199e+03    2.8909020000e+18    1.9756665351e-05    0.0000000000e+00    1.0000000000e+00    0.0000000000e+00
   -1.6324869353e+07   -3.3660147714e+07   -3.6891862540e+07   -4.5245456046e+02   -7.3350469116e+02   -7.8177564188e+02    2.8900330000e+18    1.9750726533e-05    0.0000000000e+00    1.0000000000e+00    0.0000000000e+00
   -3.1841995059e+07   -1.5328304129e+08    4.8101219611e+07   -8.5965972081e+02   -3.8495655724e+03    1.1703534754e+03    2.8891640000e+18    1.9744787714e-05    0.0000000000e+00    1.0000000000e+00    0.0000000000e+00
   -2.1807239850e+07   -1.2409282400e+08   -7.5435007124e+05   -6.3259291226e+02   -3.2929670124e+03   -8.1046688913e+01    2.8891640000e+18    1.9744787714e-05    0.0000000000e+00    1.0000000000e+00    0.0000000000e+00
   -1.2092593582e+07   -3.6630896358e+07   -4.2504741299e+07   -3.5680567687e+02   -8.1066515761e+02   -9.5339996282e+02    2.8891640000e+18    1.9744787714e-05    0.0000000000e+00    1.0000000000e+00    0.0000000000e+00
   -2.8832928024e+07   -1.4512021730e+07   -4.5656350308e+06   -6.2763452877e+02   -1.1165881595e+02   -1.8850577885e+01    2.8891640000e+18    1.9744787714e-05    0.0000000000e+00    1.0000000000e+00    0.0000000000e+00
   -1.8877950583e+07   -1.1823982718e+08   -3.5304299870e+06   -5.7448361507e+02   -3.0868623036e+03   -8.7305717761e+01    2.8888270000e+18    1.9742484628e-05    0.0000000000e+00    1.0000000000e+00    0.0000000000e+00
   -5.1133626027e+07   -9.6221401303e+07    3.2056744464e+06   -1.3103980560e+03   -2.3971868723e+03    8.1685365016e+01    2.8888270000e+18    1.9742484628e-05    0.0000000000e+00    1.0000000000e+00    0.0000000000e+00
   -7.2888551106e+06   -5.8101398562e+07   -2.7747608235e+07   -2.5056837589e+02   -1.3696490542e+03   -6.2550703953e+02    2.8888270000e+18    1.9742484628e-05    0.0000000000e+00    1.0000000000e+00    0.0000000000e+00
   -7.7585634999e+07   -1.4434326832e+08   -3.7565904342e+05   -1.9948813526e+03   -3.6166383765e+03   -2.6076825302e-01    2.8888270000e+18    1.9742484628e-05    0.0000000000e+00    1.0000000000e+00    0.0000000000e+00
   -2.0401777539e+07   -6.1096833476e+07    4.9264570777e+06   -5.7047056408e+02   -1.4421598820e+03    1.2667056139e+02    2.8879540000e+18    1.9736518473e-05    0.0000000000e+00    1.0000000000e+00    0.0000000000e+00
    9.3802980391e+05   -9.4510874107e+07   -7.2378983962e+07   -4.0592338581e+01   -2.3669472716e+03   -1.7781604582e+03    2.8874300000e+18    1.9732937413e-05    0.0000000000e+00    1.0000000000e+00    0.0000000000e+00
   -1.4890323081e+07   -9.3741195908e+07   -1.8324100138e+06   -4.5943177198e+02   -2.3626912677e+03   -4.7770721889e+01    2.8870880000e+18    1.9730600157e-05    0.0000000000e+00    1.0000000000e+00    0.0000000000e+00
   -8.0714978200e+07   -1.5654373330e+08    2.0244036044e+07   -2.0866060770e+03   -3.9347560585e+03    4.9638843296e+02    2.8870880000e+18    1.9730600157e-05    0.0000000000e+00    1.0000000000e+00    0.0000000000e+00
    1.1387480252e+07   -6.8088814006e+07    7.0936360144e+06    1.9017238177e+02   -1.6434372470e+03    1.5689890465e+02    2.8862290000e+18    1.9724729679e-05    0.0000000000e+00    1.0000000000e+00    0.0000000000e+00
    4.5695004009e+06   -6.8651442981e+07    2.4854659943e+06    2.2649899749e+01   -1.6528822248e+03    8.6507446009e+01    2.8862290000e+18    1.9724729679e-05    0.0000000000e+00    1.0000000000e+00    0.0000000000e+00
   -3.1780091943e+07   -8.1750546478e+07   -1.8551231488e+07   -8.3816005117e+02   -2.0083949366e+03   -4.3373642761e+02    2.8862290000e+18    1.9724729679e-05    0.0000000000e+00    1.0000000000e+00    0.0000000000e+00
   -5.6857884645e+07   -1.6643254040e+08    1.2706254911e+07   -1.4736198166e+03   -4.1627975830e+03    2.9831488808e+02    2.8848370000e+18    1.9715216635e-05    0.0000000000e+00    1.0000000000e+00    0.0000000000e+00
   -1.3326776356e+07   -7.5678924362e+07    7.7012805452e+06   -4.1356884863e+02   -1.8529350346e+03    1.8996331836e+02    2.8845310000e+18    1.9713125406e-05    0.0000000000e+00    1.0000000000e+00    0.0000000000e+00
   -2.5792988381e+07   -1.0950646027e+08   -2.6739171230e+07   -7.0919853252e+02   -2.7541023805e+03   -5.9710953715e+02    2.8845310000e+18    1.9713125406e-05    0.0000000000e+00    1.0000000000e+00    0.0000000000e+00
   -5.0592711600e+07   -1.0746766797e+08   -6.2785504756e+07   -1.3314604049e+03   -2.6849051832e+03   -1.5427692992e+03    2.8845310000e+18    1.9713125406e-05    0.0000000000e+00    1.0000000000e+00    0.0000000000e+00
    8.5719953442e+06   -6.7626243658e+07    9.3416081263e+06    1.2546627141e+02   -1.6277979464e+03    1.9713805120e+02    2.8836910000e+18    1.9707384776e-05    0.0000000000e+00    1.0000000000e+00    0.0000000000e+00
   -2.1480059039e+07   -4.7125429181e+07    1.1346373596e+07   -5.7129224307e+02   -1.0393077597e+03    2.2143199722e+02    2.8831130000e+18    1.9703434675e-05    0.0000000000e+00    1.0000000000e+00    0.0000000000e+00
   -6.1690830778e+07   -6.9069581761e+07    4.4338115325e+06   -1.5775230473e+03   -1.6704895980e+03    1.0300459316e+02    2.8831130000e+18    1.9703434675e-05    0.0000000000e+00    1.0000000000e+00    0.0000000000e+00
   -1.4272651276e+07   -5.6455529729e+07   -9.1574530441e+07   -4.1870317293e+02   -1.3912169412e+03   -2.2471947053e+03    2.8831130000e+18    1.9703434675e-05    0.0000000000e+00    1.0000000000e+00    0.0000000000e+00
   -4.6584730344e+07   -6.7222094836e+07   -3.1653685098e+07   -1.2089481253e+03   -1.6284847160e+03   -7.3417098198e+02    2.8831130000e+18    1.9703434675e-05    0.0000000000e+00    1.0000000000e+00    0.0000000000e+00
   -1.9407026784e+07   -1.2839528497e+08   -1.1232371255e+07   -6.0260253060e+02   -3.2640517421e+03   -1.1626732118e+02    2.8828570000e+18    1.9701685150e-05    0.0000000000e+00    1.0000000000e+00    0.0000000000e+00
   -9.7655484519e+06   -1.5182695071e+08   -2.1551151015e+07   -3.3499885427e+02   -3.7815825485e+03   -4.6886975104e+02    2.8828570000e+18    1.9701685150e-05    0.0000000000e+00    1.0000000000e+00    0.0000000000e+00
   -1.5545053942e+07   -1.0519875860e+08   -2.6835899187e+06   -4.3991820411e+02   -2.6712893765e+03   -5.2545289165e+01    2.8822520000e+18    1.9697550530e-05    0.0000000000e+00    1.0000000000e+00    0.0000000000e+00
   -4.0296762756e+07   -1.1121933105e+08   -1.7517747137e+07   -1.0341787841e+03   -2.7994432055e+03   -3.8991056987e+02    2.8822520000e+18    1.9697550530e-05    0.0000000000e+00    1.0000000000e+00    0.0000000000e+00
   -4.4024971463e+06   -3.0641211765e+07    4.7851529182e+07   -1.7745850860e+02   -6.7418391563e+02    1.0648804078e+03    2.8813930000e+18    1.9691680052e-05    0.0000000000e+00    1.0000000000e+00    0.0000000000e+00
   -2.0680929560e+06   -2.6055322733e+07    1.4654539377e+07   -1.3584648169e+02   -4.1196139477e+02    2.3144766358e+02    2.8812080000e+18    1.9690415747e-05    0.0000000000e+00    1.0000000000e+00    0.0000000000e+00
    1.2005235027e+06   -9.0987400191e+07   -2.6996103351e+06   -6.1387245168e+01   -2.2721121771e+03   -4.4368640831e+01    2.8812080000e+18    1.9690415747e-05    0.0000000000e+00    1.0000000000e+00    0.0000000000e+00
   -2.8257270900e+07   -3.9340442025e+07    4.2087518183e+07   -7.4259060238e+02   -8.9530829558e+02    9.4902041710e+02    2.8805350000e+18    1.9685816408e-05    0.0000000000e+00    1.0000000000e+00    0.0000000000e+00
   -6.3488947106e+07   -7.8380883560e+07    3.2092149811e+07   -1.6392024966e+03   -1.9254766925e+03    7.7689469089e+02    2.8805350000e+18    1.9685816408e-05    0.0000000000e+00    1.0000000000e+00    0.0000000000e+00
   -4.1000207587e+07   -2.2347859380e+07   -1.4288480148e+07   -9.8460151057e+02   -3.9535045139e+02   -2.7726559461e+02    2.8805350000e+18    1.9685816408e-05    0.0000000000e+00    1.0000000000e+00    0.0000000000e+00
    9.5651854562e+04    1.3884272181e+07   -4.6173604947e+05    4.4933241136e+01    7.1672447530e+02   -3.3038510749e+02    2.8795820000e+18    1.9679303527e-05    0.0000000000e+00    1.0000000000e+00    0.0000000000e+00
    1.2653339494e+07   -5.3149181452e+07   -1.0522183015e+07    2.0638450779e+02   -1.2311424501e+03   -2.2701915606e+02    2.8795820000e+18    1.9679303527e-05    0.0000000000e+00    1.0000000000e+00    0.0000000000e+00
    1.2452248043e+07   -6.4893518159e+07   -5.3540617094e+07    2.3711206932e+02   -1.5879820944e+03   -1.2776378177e+03    2.8795820000e+18    1.9679303527e-05    0.0000000000e+00    1.0000000000e+00    0.0000000000e+00
   -4.1322169843e+07   -1.5510633523e+08   -2.3493354035e+07   -1.0801154672e+03   -3.8693403694e+03   -5.2776766783e+02    2.8795820000e+18    1.9679303527e-05    0.0000000000e+00    1.0000000000e+00    0.0000000000e+00
   -1.0278176743e+07   -1.2794510485e+08   -4.0742710776e+06   -4.2903266753e+02   -3.2521970887e+03   -6.4761078107e+00    2.8795820000e+18    1.9679303527e-05    0.0000000000e+00    1.0000000000e+00    0.0000000000e+00
   -3.7224330514e+07   -1.4029054502e+08    6.1161284449e+07   -9.9719628692e+02   -3.5280813223e+03    1.5049229065e+03    2.8788210000e+18    1.9674102790e-05    0.0000000000e+00    1.0000000000e+00    0.0000000000e+00
   -3.1597608061e+07   -1.0188270815e+08   -1.6678397543e+06   -8.1984844747e+02   -2.5749701437e+03   -5.5763833658e+01    2.8788210000e+18    1.9674102790e-05    0.0000000000e+00    1.0000000000e+00    0.0000000000e+00
    1.1985471740e+07   -8.0295268681e+07    8.4440858199e+06    2.1048290808e+02   -1.9763365321e+03    1.7314012407e+02    2.8787780000e+18    1.9673808924e-05    0.0000000000e+00    1.0000000000e+00    0.0000000000e+00
   -2.1935378398e+06   -2.6763205234e+07    3.4617830646e+06   -1.5914002314e+02   -4.0026499849e+02    3.9940781546e+01    2.8787780000e+18    1.9673808924e-05    0.0000000000e+00    1.0000000000e+00    0.0000000000e+00
   -1.5452538303e+07   -1.4867917853e+08    1.8601320077e+07   -4.8069319733e+02   -3.6946008681e+03    3.6979113049e+02    2.8787780000e+18    1.9673808924e-05    0.0000000000e+00    1.0000000000e+00    0.0000000000e+00
    9.5741269896e+05   -5.3121517925e+07   -3.8189124285e+06   -7.0910244398e+01   -1.2138627720e+03   -6.4065246567e+01    2.8787780000e+18    1.9673808924e-05    0.0000000000e+00    1.0000000000e+00    0.0000000000e+00
    1.0847901125e+07   -1.7347015855e+07   -8.8555173470e+06    5.0295096268e+01   -1.4419762594e+02   -1.3283468595e+02    2.8779790000e+18    1.9668348491e-05    0.0000000000e+00    1.0000000000e+00    0.0000000000e+00
   -4.2934863726e+07   -1.6636159923e+08    1.9551383191e+07   -1.1258315829e+03   -4.1560988072e+03    4.4966640797e+02    2.8779790000e+18    1.9668348491e-05    0.0000000000e+00    1.0000000000e+00    0.0000000000e+00
   -3.1743579414e+07   -6.2277513748e+07    4.0713565059e+07   -8.4203033284e+02   -1.4948832840e+03    9.5587507712e+02    2.8771110000e+18    1.9662416507e-05    0.0000000000e+00    1.0000000000e+00    0.0000000000e+00
   -4.4946751409e+07   -1.6451213306e+08   -2.2575057037e+07   -1.1741643288e+03   -4.1084350126e+03   -5.4023218337e+02    2.8771110000e+18    1.9662416507e-05    0.0000000000e+00    1.0000000000e+00    0.0000000000e+00
   -3.3655982540e+06   -3.7060591358e+07   -8.0742206772e+07   -1.4731225966e+02   -9.0150454091e+02   -1.9402093321e+03    2.8771110000e+18    1.9662416507e-05    0.0000000000e+00    1.0000000000e+00    0.0000000000e+00
    1.9342305261e+07   -3.9204178656e+07    3.0055047765e+07    3.7406526722e+02   -8.7413240386e+02    6.5601909693e+02    2.8763960000e+18    1.9657530137e-05    0.0000000000e+00    1.0000000000e+00    0.0000000000e+00
    2.4073659512e+07   -6.8091964422e+07    3.4064705090e+07    5.1715883634e+02   -1.6603811670e+03    7.9431902824e+02    2.8763960000e+18    1.9657530137e-05    0.0000000000e+00    1.0000000000e+00    0.0000000000e+00
   -1.3677153756e+07   -1.0516148273e+08   -7.9770037553e+06   -4.4582221902e+02   -2.6798006493e+03   -1.9795824003e+02    2.8763960000e+18    1.9657530137e-05    0.0000000000e+00    1.0000000000e+00    0.0000000000e+00
    8.2464615077e+06   -5.5904785931e+07   -3.6733900421e+06    1.0197102189e+02   -1.2988069259e+03   -1.0726295539e+02    2.8763960000e+18    1.9657530137e-05    0.0000000000e+00    1.0000000000e+00    0.0000000000e+00
   -9.6674705419e+06   -2.2426912449e+07    2.2418819615e+07   -2.8769719795e+02   -3.5808814989e+02    3.7738040515e+02    2.8763960000e+18    1.9657530137e-05    0.0000000000e+00    1.0000000000e+00    0.0000000000e+00
   -7.8485478870e+05   -5.3616588706e+07    2.6710736630e+07   -9.6249322124e+01   -1.2454767749e+03    5.8750578894e+02    2.8763960000e+18    1.9657530137e-05    0.0000000000e+00    1.0000000000e+00    0.0000000000e+00
   -3.6170056384e+07   -4.3183724920e+07    7.6231964579e+06   -9.1105382276e+02   -9.4313687671e+02    1.5708462646e+02    2.8763960000e+18    1.9657530137e-05    0.0000000000e+00    1.0000000000e+00    0.0000000000e+00
    1.2524225815e+07   -1.3173804802e+07   -1.0533206547e+07    7.1568493093e+01   -3.6086818446e+01   -9.5885963025e+01    2.8763960000e+18    1.9657530137e-05    0.0000000000e+00    1.0000000000e+00    0.0000000000e+00
   -5.0822006443e+06   -3.2131444856e+07   -1.2051999251e+07   -2.0731917364e+02   -5.9719857458e+02   -1.9718701336e+02    2.8763960000e+18    1.9657530137e-05    0.0000000000e+00    1.0000000000e+00    0.0000000000e+00
   -2.8079660286e+07   -9.5227065355e+07   -1.1327033037e+06   -7.4305000971e+02   -2.3919334250e+03   -1.3199427093e+01    2.8763960000e+18    1.9657530137e-05    0.0000000000e+00    1.0000000000e+00    0.0000000000e+00
    6.5561549129e+05   -2.8197340716e+07   -7.1156164017e+06   -8.1523929044e+01   -4.5281485281e+02   -8.2867497821e+01    2.8763960000e+18    1.9657530137e-05    0.0000000000e+00    1.0000000000e+00    0.0000000000e+00
   -5.4003774433e+07   -1.7582173169e+08   -2.9055266353e+06   -1.4072969433e+03   -4.4011780695e+03   -6.0437503509e+01    2.8763960000e+18    1.9657530137e-05    0.0000000000e+00    1.0000000000e+00    0.0000000000e+00
   -1.2080660806e+07   -1.2332782813e+08   -1.7503906432e+07   -4.0819511007e+02   -3.1234600338e+03   -3.3776597886e+02    2.8756130000e+18    1.9652179050e-05    0.0000000000e+00    1.0000000000e+00    0.0000000000e+00
   -1.8210257196e+07   -1.4771438096e+08   -1.4208659997e+07   -5.5337069235e+02   -3.6367072929e+03   -2.5068017124e+02    2.8756130000e+18    1.9652179050e-05    0.0000000000e+00    1.0000000000e+00    0.0000000000e+00
   -2.5788148670e+07   -9.3036155073e+07    3.9093511237e+07   -7.0558971229e+02   -2.3099119699e+03    9.2204952072e+02    2.8745540000e+18    1.9644941756e-05    0.0000000000e+00    1.0000000000e+00    0.0000000000e+00
   -2.7268165999e+07   -5.7525496848e+07    4.1315085282e+07   -7.2976013222e+02   -1.3643515026e+03    9.7231250521e+02    2.8745540000e+18    1.9644941756e-05    0.0000000000e+00    1.0000000000e+00    0.0000000000e+00
   -2.5464588317e+07   -3.4358312245e+06   -5.8283696587e+06   -4.5394043920e+02    1.9818367751e+02    3.2660670694e+00    2.8737030000e+18    1.9639125951e-05    0.0000000000e+00    1.0000000000e+00    0.0000000000e+00
   -2.3307728267e+07   -1.4464428159e+08   -5.6842888221e+07   -6.4768468210e+02   -3.6312291659e+03   -1.3928832590e+03    2.8728540000e+18    1.9633323814e-05    0.0000000000e+00    1.0000000000e+00    0.0000000000e+00
   -2.4228974143e+07   -4.1837928427e+06    1.7285213653e+07   -4.9842948138e+02    1.0919571922e+02    1.9744294855e+02    2.8720050000e+18    1.9627521677e-05    0.0000000000e+00    1.0000000000e+00    0.0000000000e+00
   -1.7898321653e+07   -6.4490255246e+07    1.0021843751e+07   -4.9409047613e+02   -1.5285178459e+03    2.0943408467e+02    2.8720050000e+18    1.9627521677e-05    0.0000000000e+00    1.0000000000e+00    0.0000000000e+00
   -4.4440264538e+07   -1.2774805725e+08   -2.5335714711e+07   -1.1408836739e+03   -3.2069958038e+03   -5.7517040240e+02    2.8720050000e+18    1.9627521677e-05    0.0000000000e+00    1.0000000000e+00    0.0000000000e+00
   -2.1350480146e+07   -1.2851838294e+08   -1.8055827459e+07   -6.1414063863e+02   -3.2424469698e+03   -3.2142749394e+02    2.8720050000e+18    1.9627521677e-05    0.0000000000e+00    1.0000000000e+00    0.0000000000e+00
    2.1156626480e+07   -3.7851256648e+07    3.0408471519e+07    4.0969271995e+02   -8.5027300112e+02    6.6482823935e+02    2.8717700000e+18    1.9625915668e-05    0.0000000000e+00    1.0000000000e+00    0.0000000000e+00
    3.6380936359e+06   -8.9636996391e+07    6.7735540987e+07    2.3692465423e+01   -2.2376833384e+03    1.6492624139e+03    2.8717700000e+18    1.9625915668e-05    0.0000000000e+00    1.0000000000e+00    0.0000000000e+00
    1.1892747133e+07   -4.7988115698e+07    7.5237234323e+07    2.2812722273e+02   -1.1728800708e+03    1.8168793784e+03    2.8717700000e+18    1.9625915668e-05    0.0000000000e+00    1.0000000000e+00    0.0000000000e+00
   -7.5226086440e+06   -1.6022045734e+08    5.7880579205e+07   -2.5466464031e+02   -4.0356523754e+03    1.4159204937e+03    2.8717700000e+18    1.9625915668e-05    0.0000000000e+00    1.0000000000e+00    0.0000000000e+00
   -7.5870354187e+06   -1.8487197167e+08    1.4107197871e+07   -2.6003311322e+02   -4.6261066988e+03    3.3976633158e+02    2.8717700000e+18    1.9625915668e-05    0.0000000000e+00    1.0000000000e+00    0.0000000000e+00
    1.7979774231e+07   -4.6239160940e+07   -2.8987658614e+07    3.4394265954e+02   -1.0674957276e+03   -6.4382320480e+02    2.8717700000e+18    1.9625915668e-05    0.0000000000e+00    1.0000000000e+00    0.0000000000e+00
   -1.8988394504e+06   -2.0963560670e+07   -5.0361434454e+07   -1.2030853739e+02   -4.3398431859e+02   -1.1120273859e+03    2.8717700000e+18    1.9625915668e-05    0.0000000000e+00    1.0000000000e+00    0.0000000000e+00
   -3.4204771167e+07   -1.1598700515e+08   -3.2170319438e+07   -9.1049315952e+02   -2.9077638628e+03   -7.4130933084e+02    2.8703110000e+18    1.9615944740e-05    0.0000000000e+00    1.0000000000e+00    0.0000000000e+00
   -5.9847009607e+07   -1.2509792176e+08   -1.9971083464e+07   -1.5319350688e+03   -3.1353911084e+03   -4.5701524679e+02    2.8703110000e+18    1.9615944740e-05    0.0000000000e+00    1.0000000000e+00    0.0000000000e+00
   -2.6188966667e+07   -5.4760370797e+07   -6.3028318845e+07   -7.1304699469e+02   -1.3245393716e+03   -1.5147137151e+03    2.8703110000e+18    1.9615944740e-05    0.0000000000e+00    1.0000000000e+00    0.0000000000e+00
   -3.5012634792e+07   -2.8382363791e+07   -1.5514057225e+07   -8.5573498931e+02   -5.4714986995e+02   -2.8976590394e+02    2.8703110000e+18    1.9615944740e-05    0.0000000000e+00    1.0000000000e+00    0.0000000000e+00
   -1.1510860858e+07   -1.1738719228e+08    3.8774187281e+05   -4.2251936212e+02   -3.0062836628e+03   -5.8941184218e+01    2.8702660000e+18    1.9615637206e-05    0.0000000000e+00    1.0000000000e+00    0.0000000000e+00
   -3.9122850740e+07   -1.7868777563e+08    3.2550513451e+07   -1.0395025867e+03   -4.4830155635e+03    7.9782214120e+02    2.8702660000e+18    1.9615637206e-05    0.0000000000e+00    1.0000000000e+00    0.0000000000e+00
    1.1427553230e+07   -4.8333205710e+07   -1.6563398364e+07    1.8060067113e+02   -1.0956732515e+03   -3.3683168541e+02    2.8702660000e+18    1.9615637206e-05    0.0000000000e+00    1.0000000000e+00    0.0000000000e+00
    1.5513419754e+07   -4.7131824947e+07   -4.5596555400e+07    3.0047449897e+02   -1.1189830392e+03   -1.0474566393e+03    2.8702660000e+18    1.9615637206e-05    0.0000000000e+00    1.0000000000e+00    0.0000000000e+00
   -3.5207377568e+07   -1.5779704195e+08   -1.0792043180e+07   -9.2088384246e+02   -3.8918791991e+03   -2.1616901956e+02    2.8702660000e+18    1.9615637206e-05    0.0000000000e+00    1.0000000000e+00    0.0000000000e+00
   -2.9663969719e+07   -5.4974735092e+06    1.0193954011e+07   -6.0209851669e+02    8.5439377926e+01    8.5421050655e+01    2.8694650000e+18    1.9610163105e-05    0.0000000000e+00    1.0000000000e+00    0.0000000000e+00
    1.0339084429e+07   -5.6882889126e+07   -1.0360853847e+07    1.5290146990e+02   -1.3341522622e+03   -2.3073255483e+02    2.8687800000e+18    1.9605481758e-05    0.0000000000e+00    1.0000000000e+00    0.0000000000e+00
    7.7146405577e+06   -7.5267599563e+07    7.7864607812e+06    1.0306548307e+02   -1.8356181731e+03    1.4798047916e+02    2.8680430000e+18    1.9600445039e-05    0.0000000000e+00    1.0000000000e+00    0.0000000000e+00
   -3.4019493208e+07   -1.2620605004e+08    4.9614252736e+07   -9.1574245813e+02   -3.1680032397e+03    1.1905893781e+03    2.8680430000e+18    1.9600445039e-05    0.0000000000e+00    1.0000000000e+00    0.0000000000e+00
    6.7515041082e+06   -1.1201361646e+08   -4.0494824207e+07    9.2648033127e+01   -2.8115108676e+03   -9.6046779790e+02    2.8680430000e+18    1.9600445039e-05    0.0000000000e+00    1.0000000000e+00    0.0000000000e+00
    1.4490258099e+07   -9.1838982393e+07    9.7231576393e+05    2.6980412418e+02   -2.2930112824e+03   -3.5675852030e+00    2.8673100000e+18    1.9595435656e-05    0.0000000000e+00    1.0000000000e+00    0.0000000000e+00
    2.3549025136e+07   -4.9833665281e+07    1.2783638404e+07    4.7044768282e+02   -1.1549775370e+03    2.6648834049e+02    2.8673100000e+18    1.9595435656e-05    0.0000000000e+00    1.0000000000e+00    0.0000000000e+00
   -1.4980644279e+06   -1.3384975165e+08    1.8485959011e+07   -1.4806176461e+02   -3.3591595814e+03    3.8224612410e+02    2.8673100000e+18    1.9595435656e-05    0.0000000000e+00    1.0000000000e+00    0.0000000000e+00
    3.1883664472e+07   -6.5335562242e+07    8.0578035474e+05    6.9640600200e+02   -1.5862902490e+03    1.0394432602e+01    2.8673100000e+18    1.9595435656e-05    0.0000000000e+00    1.0000000000e+00    0.0000000000e+00
   -2.5615111701e+05   -7.4688086576e+05    1.3758643319e+06   -1.6433670943e+02    7.3916121467e+02   -7.7149723011e+01    2.8673100000e+18    1.9595435656e-05    0.0000000000e+00    1.0000000000e+00    0.0000000000e+00
    9.5425137183e+06   -1.0572219390e+08    6.0118549449e+07    1.7245714100e+02   -2.6485080421e+03    1.4666628116e+03    2.8673100000e+18    1.9595435656e-05    0.0000000000e+00    1.0000000000e+00    0.0000000000e+00
   -2.8575945367e+07   -1.3587999068e+08    1.2336022518e+06   -1.3329647656e+03   -3.4708540522e+03   -7.6772088894e+02    2.8673100000e+18    1.9595435656e-05    0.0000000000e+00    1.0000000000e+00    0.0000000000e+00
   -4.2782661742e+07   -4.4349945982e+07    2.6425547278e+07   -1.0924222228e+03   -1.0195196547e+03    5.7453562216e+02    2.8669340000e+18    1.9592866040e-05    0.0000000000e+00    1.0000000000e+00    0.0000000000e+00
   -3.3800527569e+07   -1.5406359727e+07    1.3999778874e+07   -7.7356075757e+02   -1.9085759912e+02    2.2129881741e+02    2.8669340000e+18    1.9592866040e-05    0.0000000000e+00    1.0000000000e+00    0.0000000000e+00
   -3.5855693654e+07   -5.5997829412e+07    5.4422069901e+07   -9.4836540700e+02   -1.3508594025e+03    1.2902990950e+03    2.8669340000e+18    1.9592866040e-05    0.0000000000e+00    1.0000000000e+00    0.0000000000e+00
   -4.4193855124e+07   -4.6476935128e+07    2.9767269552e+07   -1.1283541169e+03   -1.0653453329e+03    6.8295128172e+02    2.8669340000e+18    1.9592866040e-05    0.0000000000e+00    1.0000000000e+00    0.0000000000e+00
   -2.3183379455e+07   -6.1654652148e+07    3.5555329888e+06   -6.1547498043e+02   -1.4490356666e+03    7.7372484362e+01    2.8669340000e+18    1.9592866040e-05    0.0000000000e+00    1.0000000000e+00    0.0000000000e+00
   -3.3085513949e+07   -1.1829263818e+08   -4.7743076808e+06   -8.1467324390e+02   -3.0440000101e+03   -6.0340854778e+01    2.8669340000e+18    1.9592866040e-05    0.0000000000e+00    1.0000000000e+00    0.0000000000e+00
   -6.2880042908e+06   -8.8525805287e+07   -1.5377248230e+06   -2.5078052669e+02   -2.2117249990e+03   -2.7360230239e+01    2.8665820000e+18    1.9590460443e-05    0.0000000000e+00    1.0000000000e+00    0.0000000000e+00
    9.1404080933e+05    7.3863480632e+06    1.8991112779e+05   -2.3000762840e+02    1.5873062416e+03    4.7449769026e+01    2.8665820000e+18    1.9590460443e-05    0.0000000000e+00    1.0000000000e+00    0.0000000000e+00
   -1.5723657367e+07   -1.4587636165e+08   -4.9368367957e+05   -5.6028467978e+02   -3.5233757715e+03   -5.1323365262e+01    2.8665820000e+18    1.9590460443e-05    0.0000000000e+00    1.0000000000e+00    0.0000000000e+00
   -9.1471936640e+06   -1.1237054029e+08    3.0423830932e+06   -3.4930064612e+02   -2.8667378672e+03    1.2350982286e+02    2.8665820000e+18    1.9590460443e-05    0.0000000000e+00    1.0000000000e+00    0.0000000000e+00
    2.0618761844e+07   -5.7334574215e+07    3.7537817949e+06    4.0144099023e+02   -1.3565022848e+03    8.7933703502e+01    2.8658580000e+18    1.9585512566e-05    0.0000000000e+00    1.0000000000e+00    0.0000000000e+00
    6.6638805097e+05   -1.5406018090e+06    2.5256665639e+06   -1.9548503364e+02    6.7197082137e+02   -6.0171939884e+01    2.8658580000e+18    1.9585512566e-05    0.0000000000e+00    1.0000000000e+00    0.0000000000e+00
   -1.4100648691e+07   -1.2377773985e+08   -3.1775371724e+07   -4.2957398636e+02   -3.1061027761e+03   -7.1469829389e+02    2.8658580000e+18    1.9585512566e-05    0.0000000000e+00    1.0000000000e+00    0.0000000000e+00
   -1.1727017518e+07   -1.6669270939e+08   -3.5285076429e+07   -3.6295691633e+02   -4.1780974101e+03   -8.4056917934e+02    2.8658580000e+18    1.9585512566e-05    0.0000000000e+00    1.0000000000e+00    0.0000000000e+00
   -1.9555318618e+07   -5.4889037095e+07    7.3638999084e+07   -5.5023794280e+02   -1.3406340135e+03    1.7805735043e+03    2.8652510000e+18    1.9581364278e-05    0.0000000000e+00    1.0000000000e+00    0.0000000000e+00
   -4.9976990353e+07   -4.8412839624e+07   -1.3031127379e+05   -1.2584650170e+03   -1.1043187086e+03   -2.2616482380e+01    2.8652510000e+18    1.9581364278e-05    0.0000000000e+00    1.0000000000e+00    0.0000000000e+00
   -1.0350880171e+07   -4.5808950308e+07    3.2258800269e+07   -3.1424083024e+02   -1.0301737336e+03    7.1669748322e+02    2.8652510000e+18    1.9581364278e-05    0.0000000000e+00    1.0000000000e+00    0.0000000000e+00
   -7.4931259625e+07   -7.9104106006e+07   -1.9795151610e+04   -1.9204074702e+03   -1.9387146366e+03   -9.8504478459e-01    2.8652510000e+18    1.9581364278e-05    0.0000000000e+00    1.0000000000e+00    0.0000000000e+00
    3.0529819170e+06   -6.2893906512e+07    5.1311530645e+07    9.6448814345e+00   -1.5236458164e+03    1.2223218052e+03    2.8644210000e+18    1.9575691989e-05    0.0000000000e+00    1.0000000000e+00    0.0000000000e+00
    1.4196704500e+07   -7.5489339984e+07   -5.4891695300e+07    2.8054538869e+02   -1.8704429765e+03   -1.3125791466e+03    2.8644210000e+18    1.9575691989e-05    0.0000000000e+00    1.0000000000e+00    0.0000000000e+00
   -1.2150173725e+07   -1.6443277074e+08   -1.7814097902e+06   -3.9090494285e+02   -4.0669413177e+03   -1.8967402725e+01    2.8644210000e+18    1.9575691989e-05    0.0000000000e+00    1.0000000000e+00    0.0000000000e+00
   -1.3211915098e+07   -6.3742502736e+07    4.2393929610e+07   -3.9318344482e+02   -1.5319621318e+03    9.8993176851e+02    2.8635720000e+18    1.9569889852e-05    0.0000000000e+00    1.0000000000e+00    0.0000000000e+00
   -3.8699758799e+07   -6.8947368628e+07    1.4043829322e+07   -9.9897119367e+02   -1.6553735708e+03    3.2860371149e+02    2.8635720000e+18    1.9569889852e-05    0.0000000000e+00    1.0000000000e+00    0.0000000000e+00
   -9.5951490708e+06   -1.1941414708e+08   -7.3332366352e+06   -3.8547470440e+02   -3.0659049130e+03   -1.9068162403e+02    2.8629990000e+18    1.9565973922e-05    0.0000000000e+00    1.0000000000e+00    0.0000000000e+00
    1.5961845367e+07   -1.6091681320e+07    1.3377340917e+07    1.6923485286e+02   -1.7732219659e+02    1.7720229316e+02    2.8629990000e+18    1.9565973922e-05    0.0000000000e+00    1.0000000000e+00    0.0000000000e+00
   -4.4913296910e+06   -1.1891215596e+07    8.1379159923e+06   -1.7313299517e+02    9.0403463103e+01   -1.8714984855e+01    2.8629990000e+18    1.9565973922e-05    0.0000000000e+00    1.0000000000e+00    0.0000000000e+00
    4.5181548765e+06   -1.4305451702e+08    5.0026052635e+07    4.1879201463e+01   -3.6017873406e+03    1.2057244584e+03    2.8629990000e+18    1.9565973922e-05    0.0000000000e+00    1.0000000000e+00    0.0000000000e+00
   -1.0000325444e+07   -1.1685631232e+08    9.0007185042e+07   -3.1365810239e+02   -2.9422194312e+03    2.2258967258e+03    2.8629990000e+18    1.9565973922e-05    0.0000000000e+00    1.0000000000e+00    0.0000000000e+00
    6.1401543439e+05   -1.0518945999e+08   -5.3238650068e+06   -9.1893674844e+01   -2.6639940045e+03   -1.3587460061e+02    2.8629990000e+18    1.9565973922e-05    0.0000000000e+00    1.0000000000e+00    0.0000000000e+00
   -1.7408656995e+07   -1.4352438831e+08    3.4780799785e+07   -5.0777839403e+02   -3.5914867719e+03    7.9841026990e+02    2.8629990000e+18    1.9565973922e-05    0.0000000000e+00    1.0000000000e+00    0.0000000000e+00
    4.0519066281e+06   -8.5358943108e+07    5.9310256199e+06    6.4319018806e+00   -2.1177045424e+03    1.6825055729e+02    2.8629990000e+18    1.9565973922e-05    0.0000000000e+00    1.0000000000e+00    0.0000000000e+00
   -1.2308766991e+06   -5.7459225579e+04   -3.9885280831e+06   -1.1233979267e+02    7.0504209085e+02    2.2579047135e+02    2.8629990000e+18    1.9565973922e-05    0.0000000000e+00    1.0000000000e+00    0.0000000000e+00
   -5.3787132394e+07   -1.9137773919e+08   -3.2741543317e+06   -1.4115246071e+03   -4.8047005557e+03   -7.9699792361e+01    2.8629990000e+18    1.9565973922e-05    0.0000000000e+00    1.0000000000e+00    0.0000000000e+00
   -4.4015846782e+07   -1.0048788219e+08   -3.0078126526e+07   -1.1477146834e+03   -2.5032102631e+03   -7.1039587339e+02    2.8627340000e+18    1.9564162890e-05    0.0000000000e+00    1.0000000000e+00    0.0000000000e+00
   -4.9628473977e+07   -1.2542880920e+08   -2.2433978886e+07   -1.2676382229e+03   -3.1439429399e+03   -5.0404979295e+02    2.8627340000e+18    1.9564162890e-05    0.0000000000e+00    1.0000000000e+00    0.0000000000e+00
   -4.0586613161e+07   -9.6952305735e+07   -3.8307738739e+07   -1.0677778829e+03   -2.4135336021e+03   -9.2592303172e+02    2.8618970000e+18    1.9558442762e-05    0.0000000000e+00    1.0000000000e+00    0.0000000000e+00
   -4.2764398102e+07   -1.3075157339e+08   -3.3899010070e+07   -1.1138828411e+03   -3.2742229879e+03   -7.9652962106e+02    2.8618970000e+18    1.9558442762e-05    0.0000000000e+00    1.0000000000e+00    0.0000000000e+00
   -1.3971708374e+07   -1.1847460577e+08   -5.8461983158e+06   -4.9477381487e+02   -3.0563955113e+03   -1.7369621126e+02    2.8615930000e+18    1.9556365201e-05    0.0000000000e+00    1.0000000000e+00    0.0000000000e+00
    1.5018342675e+07   -7.0142479959e+07    1.7293216409e+07    2.8380035217e+02   -1.7051255671e+03    3.8003895442e+02    2.8615930000e+18    1.9556365201e-05    0.0000000000e+00    1.0000000000e+00    0.0000000000e+00
    1.1589591835e+07   -6.8547315119e+07    3.3455940069e+07    2.0630049528e+02   -1.6708760564e+03    7.6902194108e+02    2.8615930000e+18    1.9556365201e-05    0.0000000000e+00    1.0000000000e+00    0.0000000000e+00
    2.2078268210e+07   -8.0990075947e+07    3.5355407765e+07    4.6963225892e+02   -2.0048966962e+03    8.2672994115e+02    2.8615930000e+18    1.9556365201e-05    0.0000000000e+00    1.0000000000e+00    0.0000000000e+00
    1.3854425225e+07   -1.3791918223e+08    3.2455090668e+07    2.6502157865e+02   -3.4734164572e+03    7.6043081282e+02    2.8615930000e+18    1.9556365201e-05    0.0000000000e+00    1.0000000000e+00    0.0000000000e+00
   -1.0446189059e+07   -1.0642629774e+08   -5.9875510502e+05   -3.7494946723e+02   -2.7133809998e+03   -1.6511097146e+01    2.8615930000e+18    1.9556365201e-05    0.0000000000e+00    1.0000000000e+00    0.0000000000e+00
   -1.7539682558e+07   -1.4795212569e+08    2.2538011529e+07   -5.2053531275e+02   -3.6775659094e+03    4.7370448387e+02    2.8615930000e+18    1.9556365201e-05    0.0000000000e+00    1.0000000000e+00    0.0000000000e+00
    1.2801314904e+07   -1.0904685581e+08   -2.0355696232e+07    2.3065826555e+02   -2.7394765906e+03   -4.5587862581e+02    2.8615930000e+18    1.9556365201e-05    0.0000000000e+00    1.0000000000e+00    0.0000000000e+00
   -1.2231842392e+06   -1.4955983935e+08   -6.7851984583e+07   -9.5400294803e+01   -3.7735619288e+03   -1.6647472453e+03    2.8615930000e+18    1.9556365201e-05    0.0000000000e+00    1.0000000000e+00    0.0000000000e+00
   -2.1756147013e+07   -1.6620701483e+08   -2.1613250401e+07   -6.1115585812e+02   -4.1429175337e+03   -4.9041893097e+02    2.8615930000e+18    1.9556365201e-05    0.0000000000e+00    1.0000000000e+00    0.0000000000e+00
    1.4980995341e+07   -6.0464315469e+07    8.1795066784e+07    3.0764238713e+02   -1.5033221156e+03    1.9927260912e+03    2.8608950000e+18    1.9551595011e-05    0.0000000000e+00    1.0000000000e+00    0.0000000000e+00
   -5.2111711494e+07   -1.9090976808e+08    8.5170465559e+06   -1.3685788811e+03   -4.7912644366e+03    2.0433991381e+02    2.8608950000e+18    1.9551595011e-05    0.0000000000e+00    1.0000000000e+00    0.0000000000e+00
   -2.9745750645e+07   -2.0488982620e+08   -3.4619762881e+06   -8.1090411158e+02   -5.1480977567e+03   -8.3191938866e+01    2.8608950000e+18    1.9551595011e-05    0.0000000000e+00    1.0000000000e+00    0.0000000000e+00
   -1.2104370715e+07   -1.5699970525e+08   -2.3209371631e+07   -3.8449851360e+02   -3.9157154876e+03   -5.1331116597e+02    2.8608950000e+18    1.9551595011e-05    0.0000000000e+00    1.0000000000e+00    0.0000000000e+00
   -1.7309555599e+07   -1.2619084509e+08    6.7275895901e+04   -6.2991014296e+02   -3.3061062536e+03   -1.3987112909e+01    2.8602010000e+18    1.9546852157e-05    0.0000000000e+00    1.0000000000e+00    0.0000000000e+00
   -3.1653883785e+07   -1.7851351472e+08    3.4203990124e+07   -8.5694785622e+02   -4.4766422566e+03    8.2859700072e+02    2.8602010000e+18    1.9546852157e-05    0.0000000000e+00    1.0000000000e+00    0.0000000000e+00
    1.0223506923e+07   -5.8171626561e+07   -1.5748683774e+07    1.5914636947e+02   -1.3697422734e+03   -3.2329399066e+02    2.8602010000e+18    1.9546852157e-05    0.0000000000e+00    1.0000000000e+00    0.0000000000e+00
    4.4483110224e+06   -1.0351518259e+08   -8.3518051655e+07    4.9469975778e+01   -2.5989696209e+03   -2.0572002303e+03    2.8602010000e+18    1.9546852157e-05    0.0000000000e+00    1.0000000000e+00    0.0000000000e+00
   -3.6992864036e+07   -1.5741997733e+08   -5.7823386775e+07   -9.9087202849e+02   -3.9614624549e+03   -1.4141568879e+03    2.8602010000e+18    1.9546852157e-05    0.0000000000e+00    1.0000000000e+00    0.0000000000e+00
   -4.8190113259e+06   -1.6068423206e+07   -3.1911500649e+06   -1.9970851505e+02   -1.7848327915e+01   -6.1573502210e+00    2.8595100000e+18    1.9542129805e-05    0.0000000000e+00    1.0000000000e+00    0.0000000000e+00
    4.8590539918e+06   -9.2682704174e+07   -2.1175426470e+06    2.5679978745e+01   -2.3145012271e+03   -1.3250498319e+01    2.8595100000e+18    1.9542129805e-05    0.0000000000e+00    1.0000000000e+00    0.0000000000e+00
   -1.3579624726e+07   -3.8077414305e+06   -3.5559419986e+07   -3.5329733943e+02    8.4414976691e+00   -6.1847794551e+02    2.8595100000e+18    1.9542129805e-05    0.0000000000e+00    1.0000000000e+00    0.0000000000e+00
   -3.9665101849e+07   -2.1697387600e+07    3.5610882733e+07   -9.8997164492e+02   -4.4295476603e+02    7.5642171503e+02    2.8593900000e+18    1.9541309715e-05    0.0000000000e+00    1.0000000000e+00    0.0000000000e+00
   -3.2654488578e+07   -1.3170970007e+07    1.3780350751e+07   -7.3609431493e+02   -1.2426264226e+02    2.1962848133e+02    2.8593900000e+18    1.9541309715e-05    0.0000000000e+00    1.0000000000e+00    0.0000000000e+00
   -3.5260758135e+05    1.1777831734e+07   -2.1892413039e+06    6.0552674023e+02    9.9824758071e+02    1.5441410583e+03    2.8593900000e+18    1.9541309715e-05    0.0000000000e+00    1.0000000000e+00    0.0000000000e+00
    5.4129705349e+06   -1.6019538807e+07   -2.2086989192e+07   -8.8232871169e+00   -1.9904130653e+02   -3.1895458226e+02    2.8588230000e+18    1.9537434790e-05    0.0000000000e+00    1.0000000000e+00    0.0000000000e+00
   -3.5906472346e+07   -1.0110440521e+08   -4.9284730343e+07   -9.5601711969e+02   -2.5202145841e+03   -1.1973841122e+03    2.8588230000e+18    1.9537434790e-05    0.0000000000e+00    1.0000000000e+00    0.0000000000e+00
   -1.3692076382e+07   -1.2891485075e+08   -1.3775733597e+07   -4.6836249112e+02   -3.2526727795e+03   -2.1665309239e+02    2.8588230000e+18    1.9537434790e-05    0.0000000000e+00    1.0000000000e+00    0.0000000000e+00
   -1.0419596622e+07   -1.5192927150e+08   -1.2932405867e+07   -3.6835417128e+02   -3.7619129759e+03   -2.4784365026e+02    2.8588230000e+18    1.9537434790e-05    0.0000000000e+00    1.0000000000e+00    0.0000000000e+00
