x1	x2	x3	v1	v2	v3	mass	rel_mass	water_fraction
3299.383344611572 -12291.089947866618 -7812.33027820463 0.04710738711561306 -0.8473910404458808 -0.21757248549047037 1.8633075069000014e+21 0.9899237039553472 0.19181825499641483 
-20838125.501 -1672651.2851 2488779.3694 -499.39809658 -46.622676039 59.444989095 8.847728e+16 4.7005529903e-05 1.0 
-7458166.7172 -3836883.1687 9285436.4402 -153.09258978 -93.118221124 190.51077144 8.843219e+16 4.6981574834e-05 1.0 
18551648.311 -1447947.9635 17896738.185 456.04224999 -43.333593896 439.49752696 8.842568e+16 4.6978116251e-05 1.0 
-30675088.986 -2504070.1847 9285647.1654 -765.42513962 -68.254771063 231.69623383 8.841222e+16 4.6970965326e-05 1.0 
-22611902.659 1312808.6136 30548884.91 -568.32028133 27.867703332 769.19172174 8.840949e+16 4.6969514952e-05 1.0 
16987197.39 -1463549.7305 -12750014.163 409.63344369 -42.007552859 -304.68940728 4.424739e+16 2.3507413584e-05 1.0 
13334648.345 -1478907.0861 -8438111.6319 300.9042836 -41.442397234 -191.06811707 4.42408e+16 2.35039125e-05 1.0 
-18410782.077 -969602.1679 -4398282.3395 -434.82516699 -28.666902104 -102.59467861 4.423936e+16 2.3503147467e-05 1.0 
13121400.108 671767.3585 -20445344.457 319.81936124 11.511811459 -500.4451316 4.423936e+16 2.3503147467e-05 1.0 
21953402.72 -893752.28233 -8535564.2827 534.82614504 -27.861512181 -206.79571892 4.423864e+16 2.3502764951e-05 1.0 
11661092.814 -1706541.0824 -6157096.7598 247.53533734 -44.74798653 -130.46015892 4.423864e+16 2.3502764951e-05 1.0 
15513457.963 -960591.45261 -9770357.9926 363.16576689 -29.594943398 -228.44862521 4.423864e+16 2.3502764951e-05 1.0 
14651295.163 -569857.07102 -9416099.6946 340.0969676 -20.544322897 -217.27184053 4.423864e+16 2.3502764951e-05 1.0 
-19249158.077 -784948.67009 -4574444.022 -457.8145732 -25.649481184 -106.57543241 4.42372e+16 2.3501999919e-05 1.0 
-18213509.993 -674227.71696 -4221304.2851 -429.37775006 -22.892382859 -100.35000827 4.42372e+16 2.3501999919e-05 1.0 
13801919.587 -39329.163543 -22180391.411 339.40255024 -6.3235260934 -546.42912619 4.42372e+16 2.3501999919e-05 1.0 
10178862.903 -4066755.5572 841014.08022 191.68166271 -95.17362715 17.388398891 4.423671e+16 2.3501739596e-05 1.0 
-924348.18377 -2021132.9947 9555750.9136 -15.696705369 -47.580319949 166.69592808 4.423576e+16 2.3501234887e-05 1.0 
-20676574.252 -855040.4503 811256.85936 -494.80264294 -27.059900581 19.196722108 4.423434e+16 2.350048048e-05 1.0 
-27023000.112 1104529.0176 2703103.9818 -666.47702252 22.551026361 66.760301419 4.423434e+16 2.350048048e-05 1.0 
19385193.511 -687783.28658 -17992461.742 476.99173773 -23.115867971 -443.7180279 4.423434e+16 2.350048048e-05 1.0 
9743957.5936 -334238.4971 -6631708.7542 196.08394007 -14.662462586 -132.04319025 4.423434e+16 2.350048048e-05 1.0 
-15966305.904 -1583125.9424 -1528983.2948 -362.26772363 -43.109801874 -34.686392592 4.423434e+16 2.350048048e-05 1.0 
6267518.7675 -1169673.6758 -7665347.6155 111.88871089 -31.934145373 -135.93485643 4.423434e+16 2.350048048e-05 1.0 
-6550872.2234 -1262718.3304 -12995790.742 -146.40247763 -36.326364316 -285.58882735 4.423434e+16 2.350048048e-05 1.0 
24533076.64 -1216605.7972 -10752198.736 604.2129734 -36.024826154 -265.55419727 4.42322e+16 2.3499343558e-05 1.0 
13912849.322 -1493595.5149 -7768689.1206 314.53972017 -41.009441023 -176.25566333 4.42322e+16 2.3499343558e-05 1.0 
-18242474.015 -1341321.245 -1485437.7266 -427.02361263 -39.183734579 -35.039085961 4.42322e+16 2.3499343558e-05 1.0 
-15822319.704 -1320935.3932 -1304602.3064 -358.51332418 -37.823965078 -31.376040569 4.42322e+16 2.3499343558e-05 1.0 
5816313.4653 -2039015.4507 -22491449.3 139.86590244 -56.456159903 -546.86019257 4.42315e+16 2.3498971667e-05 1.0 
-18430524.986 -1917138.1491 -7773364.7567 -439.20322217 -52.892550947 -185.06640735 4.423079e+16 2.3498594464e-05 1.0 
-18459902.347 -534601.13567 -3476640.9576 -434.40545597 -18.726840987 -82.973341146 4.423079e+16 2.3498594464e-05 1.0 
14712205.35 392822.22236 -23128616.288 363.66611789 3.9890180419 -571.46427305 4.423079e+16 2.3498594464e-05 1.0 
14070799.245 -3317379.6417 786311.874 307.46792081 -83.473501367 16.843978459 4.423008e+16 2.349821726e-05 1.0 
12605952.279 -3179139.6273 -195416.4753 263.91811744 -78.335521925 -2.5915043748 4.423008e+16 2.349821726e-05 1.0 
-15680378.272 -3246433.5417 2467075.4489 -356.37600607 -83.98789823 56.053228629 4.422772e+16 2.3496963458e-05 1.0 
-12579699.688 -1871501.2629 2704093.053 -265.0723711 -50.127425316 55.332253602 4.422772e+16 2.3496963458e-05 1.0 
19794941.9 -4373936.4524 -7470677.0776 475.97880111 -114.22181325 -180.83312476 4.422772e+16 2.3496963458e-05 1.0 
-19472258.669 -1888666.5474 -8320084.4252 -467.12350282 -52.960993246 -200.58044311 4.422727e+16 2.3496724385e-05 1.0 
-20522370.252 -1490646.7602 -7439648.2345 -494.54763387 -42.143284414 -180.16235122 4.422727e+16 2.3496724385e-05 1.0 
-11871164.554 -3282571.6101 1550589.4112 -243.24044534 -80.665857944 30.022340641 4.422625e+16 2.3496182487e-05 1.0 
9898479.9194 -3299778.5473 4897686.4902 193.98264243 -79.416139077 96.727739537 4.422625e+16 2.3496182487e-05 1.0 
10151600.063 -3082986.1734 5061609.5692 201.37974408 -76.707078394 99.018428467 4.422625e+16 2.3496182487e-05 1.0 
9149007.4454 -2796633.4456 3440095.1344 163.17440319 -64.838175454 61.64533794 4.422588e+16 2.3495985917e-05 1.0 
7701014.7599 -2112525.5299 22033421.338 187.13714493 -58.418599531 536.29715919 4.422588e+16 2.3495985917e-05 1.0 
12633674.055 -3594166.694 930454.91593 265.54134232 -88.207661712 18.620085844 4.422588e+16 2.3495985917e-05 1.0 
-34096209.164 -318174.97519 8248840.5549 -855.0102544 -13.545594266 206.3880795 4.422588e+16 2.3495985917e-05 1.0 
-35485419.278 917340.3878 7498527.6817 -891.11841964 18.409647695 187.99911142 4.422588e+16 2.3495985917e-05 1.0 
-17355258.236 -1539504.2827 1409189.2767 -402.93919321 -43.639938547 32.921639351 4.422588e+16 2.3495985917e-05 1.0 
-26433008.376 1924705.956 3145808.9457 -650.88861151 43.013847401 76.952306998 4.422588e+16 2.3495985917e-05 1.0 
-15491045.589 -1863255.6572 -2029744.3227 -350.09764889 -50.350428698 -44.989090809 4.422588e+16 2.3495985917e-05 1.0 
-20460964.398 -1618116.0756 -708172.36932 -487.77678057 -45.158305108 -17.263456605 4.422588e+16 2.3495985917e-05 1.0 
2581870.5793 -1293489.0627 10461831.219 49.094911933 -34.508823695 198.63417415 4.422448e+16 2.3495242135e-05 1.0 
-35718108.706 -2018008.826 15728431.661 -899.83722303 -56.422449288 395.5142958 4.422448e+16 2.3495242135e-05 1.0 
20053342.114 -3588930.7544 -8100998.5298 483.12176018 -93.751712494 -194.88353251 4.422448e+16 2.3495242135e-05 1.0 
-29494659.908 -376913.70195 -20887181.531 -740.16616874 -14.536295589 -524.94273207 4.422448e+16 2.3495242135e-05 1.0 
-21031568.785795677 -1160071.7027834468 -8422607.805958908 -508.9737115367729 -33.96408797961152 -203.15263663412696 8.844482e+16 4.6988284802999995e-05 1.0 
-4663609.5585 -1734100.658 -9252013.3306 -86.074657697 -44.19355209 -171.3064895 4.422448e+16 2.3495242135e-05 1.0 
-943437.05206 -2597081.2821 -11777286.53 -19.101080361 -64.334718608 -238.22199442 4.422448e+16 2.3495242135e-05 1.0 
10868597.176 2272980.9196 -26233722.799 269.10480382 51.926064398 -649.56078005 4.422448e+16 2.3495242135e-05 1.0 
9120185.1089 -303.60991112 -18750109.19 218.2427717 -5.4344321924 -448.79844348 4.422448e+16 2.3495242135e-05 1.0 
-11297218.056 -2506292.4444 4848766.6291 -233.85073861 -63.732614719 97.92117884 4.422407e+16 2.3495024314e-05 1.0 
-14971884.668 -2100598.2416 -6260106.7293 -342.83968677 -56.176154015 -142.29624242 4.422407e+16 2.3495024314e-05 1.0 
-1331704.1048 -2663929.9196 13800342.053 -30.497085662 -67.440847969 299.13563671 4.42231e+16 2.349450898e-05 1.0 
-19597297.082 -2237936.9138 -8622263.8968 -471.64523193 -59.976749414 -205.67501436 4.42231e+16 2.349450898e-05 1.0 
-19220960.51 -856697.24628 -4176786.9509 -454.70850697 -26.589307763 -98.509391641 4.42231e+16 2.349450898e-05 1.0 
-1062506.0969 -2544002.8793 12642981.047 -21.185564619 -64.241675407 264.85543742 4.422241e+16 2.3494142402e-05 1.0 
14792832.836 -2422753.1969 12637150.11 349.47209218 -64.903986194 300.2885135 4.422241e+16 2.3494142402e-05 1.0 
9230016.452 -3476866.3899 1225875.8307 160.63264431 -78.095069678 20.041463392 4.422241e+16 2.3494142402e-05 1.0 
-31462087.585 -285654.45154 11672756.48 -787.97937164 -12.48671593 291.27030345 4.422241e+16 2.3494142402e-05 1.0 
-34309206.018 -373888.46648 15026835.796 -862.52780652 -14.826949701 377.53167575 4.422241e+16 2.3494142402e-05 1.0 
48234236.951 3608500.9505 -17930113.462 1224.129843 87.156993721 -455.39065093 4.422241e+16 2.3494142402e-05 1.0 
26284091.077 1398116.4266 -14303499.448 652.51584404 30.120388984 -356.32907923 4.422241e+16 2.3494142402e-05 1.0 
-5475152.749 -3282607.4702 7260917.4955 -94.414539921 -73.254321717 122.16293011 4.422191e+16 2.3493876765e-05 1.0 
8223481.9777 -3193350.4853 3487662.3287 136.43817378 -72.783830399 57.623759117 4.422191e+16 2.3493876765e-05 1.0 
14763217.588 -2668826.0768 10414411.135 344.63120539 -72.088209598 244.20150631 4.422191e+16 2.3493876765e-05 1.0 
-1643629.7621 -2166012.4591 14144199.634 -34.899477176 -56.44209293 309.04930354 4.422171e+16 2.3493770511e-05 1.0 
32529511.272 2425819.5951 38318049.401 824.71815488 56.793504656 972.81117061 4.422171e+16 2.3493770511e-05 1.0 
12691083.294 -2240383.2669 7487416.7575 281.82799911 -59.401297433 165.52957654 4.422171e+16 2.3493770511e-05 1.0 
-33628762.344 -991586.78074 7706171.0058 -843.23314602 -30.081635469 193.24116095 4.422171e+16 2.3493770511e-05 1.0 
-47364347.751 8356503.4373 12320781.634 -1200.8184253 208.62411711 312.30596564 4.422171e+16 2.3493770511e-05 1.0 
9742509.6092 -1479203.606 -6459763.2723 193.95082606 -37.243943657 -129.61456159 4.422171e+16 2.3493770511e-05 1.0 
-10073913.604 -1619384.0087 -11801454.694 -226.44566297 -44.711219688 -265.19976365 4.422171e+16 2.3493770511e-05 1.0 
-227976.88148 -1231727.755 -14404173.323 -5.7702709202 -35.121122028 -317.14538966 4.422171e+16 2.3493770511e-05 1.0 
6747243.6803 -2373754.5357 -27178090.774 166.50325878 -64.952141618 -672.09322586 4.422102e+16 2.3493403933e-05 1.0 
9723576.037 -2048988.0557 25484578.78 240.47838673 -57.435598087 629.10077272 4.422034e+16 2.3493042668e-05 1.0 
15715498.843 -1623936.0204 19619184.306 385.31608098 -46.062602373 480.48202503 4.422034e+16 2.3493042668e-05 1.0 
-18754789.163 -1269900.6529 -2955430.402 -441.25862278 -35.557483961 -70.737652743 4.422034e+16 2.3493042668e-05 1.0 
14462162.16 -923495.40851 -27542825.495 360.45264874 -29.151690186 -686.21051623 4.422034e+16 2.3493042668e-05 1.0 
-26869252.266 426651.16963 -21001425.84 -672.86263723 5.2516117509 -525.766602 4.422034e+16 2.3493042668e-05 1.0 
10477757.779 2367434.7766 -38453323.999 263.52054472 55.091355379 -969.20580771 4.422034e+16 2.3493042668e-05 1.0 
6502640.7312 -1361899.4883 -12728196.519 141.21635367 -37.406124873 -278.58192691 4.422034e+16 2.3493042668e-05 1.0 
-7682903.6383 -527846.48525 -17570092.187 -182.65022809 -19.187061281 -414.19913111 4.421965e+16 2.349267609e-05 1.0 
718043.4055 -4419765.0028 12914487.285 14.74836889 -109.38720715 274.96257135 4.421906e+16 2.3492362639e-05 1.0 
-7614818.5165 -4924955.4614 11511397.396 -166.84088045 -122.06823201 251.77240286 4.421906e+16 2.3492362639e-05 1.0 
-9225307.1614 -4102542.161 11378111.898 -204.18015609 -104.10086949 253.40537325 4.421906e+16 2.3492362639e-05 1.0 
-18729209.123 -3017943.3986 2385428.7084 -441.83995455 -79.291843463 55.404586106 4.421906e+16 2.3492362639e-05 1.0 
-10999949.884 -1989288.0904 4418671.1951 -222.32618575 -51.651998871 90.755091521 4.421906e+16 2.3492362639e-05 1.0 
1729382.5843 -2777739.3831 -13918740.001 38.473184413 -72.412240514 -303.61173177 4.421906e+16 2.3492362639e-05 1.0 
11909443.101 -1327186.4966 4626883.8788 248.79987546 -36.474711694 96.815949174 4.421896e+16 2.3492309512e-05 1.0 
42507521.367 -519415.94435 -2083466.1142 1073.3827805 -18.212092431 -51.15896398 4.421896e+16 2.3492309512e-05 1.0 
33729747.592 -3252027.966 -4775872.7552 844.53302863 -87.330956218 -118.67352426 4.421896e+16 2.3492309512e-05 1.0 
7612296.828 -1560682.6223 -6449308.4946 137.09850536 -41.480892031 -114.43208136 4.421764e+16 2.3491608233e-05 1.0 
4121509.2973 -2358925.8353 -9173449.4938 73.357990217 -57.190569751 -167.46983608 4.421764e+16 2.3491608233e-05 1.0 
5842857.7364 -2106429.6469 11349050.064 121.73051215 -53.730276491 237.96343692 4.42176e+16 2.3491586982e-05 1.0 
66192.663604 -2416900.6627 25056752.043 1.9661423608 -66.011524938 614.27513378 4.42176e+16 2.3491586982e-05 1.0 
23635533.655 2036303.9535 8873966.0098 579.75548971 44.959968464 216.9367556 4.42176e+16 2.3491586982e-05 1.0 
33455603.44 -1274457.0534 7178545.5487 838.06496804 -37.643039156 179.71231119 4.42176e+16 2.3491586982e-05 1.0 
7546992.5876 1031983.8709 -31026670.953 187.98202698 21.37335569 -773.86677867 4.42176e+16 2.3491586982e-05 1.0 
8009171.9294 -1311465.7621 -20981492.058 193.98156136 -37.1725712 -506.99499215 4.42176e+16 2.3491586982e-05 1.0 
-744990.05752 -3161729.8878 12360645.748 -15.647510472 -79.203702785 256.94037339 4.421694e+16 2.3491236342e-05 1.0 
-27987317.992 -1030175.7849 11182239.101 -697.07298278 -31.670901047 277.87553231 4.421694e+16 2.3491236342e-05 1.0 
21868151.53 -3280991.015 -6985534.7932 530.78731553 -87.525394142 -169.78240417 4.421694e+16 2.3491236342e-05 1.0 
395946.85596 -3576239.514 10267847.71 9.1027650065 -83.216486939 193.22444388 4.421624e+16 2.3490864451e-05 1.0 
-19500479.295 -3912730.435 5229743.7875 -465.88571271 -103.58612645 123.64346314 4.421624e+16 2.3490864451e-05 1.0 
-16775585.703 -3784703.7046 -5971499.1462 -391.64417978 -98.289498258 -139.66258641 4.421624e+16 2.3490864451e-05 1.0 
9303767.4739 -4831462.5878 -3418829.292 174.73916416 -110.80084237 -62.306688773 4.421624e+16 2.3490864451e-05 1.0 
14631531.516 -2279882.4494 -7027712.4096 333.32696678 -62.18005414 -159.8405711 4.421624e+16 2.3490864451e-05 1.0 
5555138.9988 -2332362.5765 -11703539.942 116.33749984 -60.004600415 -246.97440618 4.421624e+16 2.3490864451e-05 1.0 
-2949437.109 -2022289.0681 -10564371.665 -58.26870709 -52.384689841 -203.06162972 4.421624e+16 2.3490864451e-05 1.0 
-2750538.0958 -1829108.5313 26212714.053 -67.269416891 -50.945988864 644.52279417 4.421623e+16 2.3490859139e-05 1.0 
15237561.896 -1650336.2818 11758764.311 359.00888574 -45.534991087 278.40496916 4.421623e+16 2.3490859139e-05 1.0 
-16447160.213 -1305301.0868 5854831.9007 -381.86257956 -38.129317641 134.53912793 4.421623e+16 2.3490859139e-05 1.0 
-33517306.097220987 694265.2552068812 12657577.93420069 -841.320853877417 11.871443241119987 316.84052605121866 8.841619e+16 4.6973074477000006e-05 1.0 
27399658.699 -352512.34671 -12610411.432 680.72055954 -14.333681147 -314.97162659 4.421623e+16 2.3490859139e-05 1.0 
24575725.039 -334115.57138 -12346199.733 605.99602397 -13.028017252 -305.34276489 4.421623e+16 2.3490859139e-05 1.0 
5453815.5374 -1318604.2156 20172977.152 130.0817672 -37.871420995 483.07878604 4.421555e+16 2.3490497874e-05 1.0 
-12055980.257 -105148.00236 17581568.61 -290.14665131 -8.0835080018 421.58012652 4.421555e+16 2.3490497874e-05 1.0 
-12121493.403 -2387229.4366 14821323.152 -285.32683042 -64.207847898 350.48107757 4.421555e+16 2.3490497874e-05 1.0 
-9878950.6059 -1309587.9682 -2681170.6449 -181.19720771 -34.956931867 -48.441715972 4.421555e+16 2.3490497874e-05 1.0 
-22370025.99 47741.914019 -874690.26329 -540.11593589 -4.3674134423 -21.832606566 4.421555e+16 2.3490497874e-05 1.0 
-5191786.7512 118197.57114 -31608891.381 -129.34092929 -2.6076197128 -788.97123361 4.421555e+16 2.3490497874e-05 1.0 
-2707344.6442 -1738679.844 -9645114.6429 -49.290784273 -42.49432515 -173.64004352 4.421555e+16 2.3490497874e-05 1.0 
9538920.1321 -1317625.9937 23361811.688 233.51303481 -38.518175955 572.74065568 4.421487e+16 2.3490136608e-05 1.0 
15995753.984 -848933.87635 4869440.6483 367.29918615 -26.815545173 109.38972968 4.421487e+16 2.3490136608e-05 1.0 
41522320.558 -502091.47211 -2339950.9782 1048.3407761 -18.076603524 -58.147944968 4.421487e+16 2.3490136608e-05 1.0 
29911635.45 -2446596.7798 -8676290.665 744.84582859 -66.372245906 -216.42319524 4.421487e+16 2.3490136608e-05 1.0 
-28333046.951 -836745.68992 -17699527.932 -709.43485695 -26.449549314 -442.65653222 4.421487e+16 2.3490136608e-05 1.0 
-19030757.862 -1093434.217 -3990755.1992 -449.76513353 -30.551722749 -95.483846745 4.421487e+16 2.3490136608e-05 1.0 
-7786878.4331 -4179500.1825 10826709.308 -167.51702185 -104.84266591 232.95944712 4.421484e+16 2.349012067e-05 1.0 
340333.12638 -3409267.1468 11600859.473 4.4293416104 -84.574697878 233.8736581 4.421484e+16 2.349012067e-05 1.0 
-4600586.3527 -3306516.2036 12446986.653 -97.559464065 -83.52706141 267.13610138 4.421484e+16 2.349012067e-05 1.0 
-6724101.4515 -2979102.2808 6454348.6756 -115.22901064 -68.53652311 111.49696433 4.421484e+16 2.349012067e-05 1.0 
-8444410.7046 -2237184.6741 -6305838.395 -159.24027691 -55.994356795 -117.88370096 4.421484e+16 2.349012067e-05 1.0 
22022982.959 -3126590.8525 -595500.15395 531.74011094 -84.296700409 -14.113386237 4.421484e+16 2.349012067e-05 1.0 
-1808601.1716 -544414.4168 21899489.152 -44.096478804 -18.677127904 527.57513052 4.421352e+16 2.3489419391e-05 1.0 
-8681309.8151 -1024777.4719 19913863.323 -208.83065732 -30.76859205 479.54601369 4.421352e+16 2.3489419391e-05 1.0 
-9998451.9793 -2856123.2853 13510041.787 -230.33208478 -74.131100505 310.11335352 4.421352e+16 2.3489419391e-05 1.0 
454432.98304 -3776268.0471 17161833.777 10.116005082 -97.300724519 396.96949451 4.421352e+16 2.3489419391e-05 1.0 
37682599.175 3268909.649 17758331.867 952.27237347 78.128440629 448.0076637 4.421352e+16 2.3489419391e-05 1.0 
-10888157.162 -3355718.684 13318773.14 -251.72762244 -86.759780058 307.96622521 4.421352e+16 2.3489419391e-05 1.0 
-17861430.812 -1688748.5878 15649577.421 -435.10641267 -47.542471785 380.42455544 4.421352e+16 2.3489419391e-05 1.0 
-31407280.935 -2656724.9513 7555401.1659 -785.47151413 -72.678835126 188.63758097 4.421352e+16 2.3489419391e-05 1.0 
-37652325.834 4436518.3829 10005278.643 -947.71371098 108.23137721 251.96846468 4.421352e+16 2.3489419391e-05 1.0 
-23300529.291 66888.876758 2951400.6435 -565.95837177 -3.0226370098 71.307548572 4.421352e+16 2.3489419391e-05 1.0 
10950385.215 -1970376.6802 -5423481.521 225.92013668 -51.172804625 -110.21648073 4.421352e+16 2.3489419391e-05 1.0 
-17533473.328 -103289.17404 -34372002.201 -441.5703567 -8.108701616 -865.24723094 4.421352e+16 2.3489419391e-05 1.0 
2966673.4426 -1071535.0983 -41442052.962 74.075096135 -32.252017415 -1045.7988009 4.421352e+16 2.3489419391e-05 1.0 
5176326.1832 -1881642.4153 -11534358.075 108.75510834 -48.856635518 -239.56187682 4.421352e+16 2.3489419391e-05 1.0 
-11703424.945 704047.79854 -20684973.927 -284.67375692 11.73960143 -503.76405188 4.421352e+16 2.3489419391e-05 1.0 
-2069712.5706 -580083.13736 -18577021.127 -48.78311214 -20.132178788 -436.24079523 4.421352e+16 2.3489419391e-05 1.0 
-7112462.3093 -2207095.2573 -16348084.816 -164.92754313 -59.191148503 -380.59734072 4.421352e+16 2.3489419391e-05 1.0 
14590598.98 -3124972.4829 21670900.149 359.43105172 -85.305569156 532.82466981 4.421345e+16 2.3489382202e-05 1.0 
-1708989.4176 -1829601.713 9512122.0157 -26.745939534 -45.462099333 167.01652163 4.421345e+16 2.3489382202e-05 1.0 
-27315442.729 -2851810.5302 14352251.902 -680.3784652 -78.441446253 358.21134312 4.421345e+16 2.3489382202e-05 1.0 
22258328.525 -3441478.7859 21368915.188 553.48778352 -92.963795384 533.58438186 4.421345e+16 2.3489382202e-05 1.0 
-10112894.684 -2677723.1848 -380601.12575 -185.77966636 -63.66188465 -7.0597340781 4.421345e+16 2.3489382202e-05 1.0 
22674782.896 -2300485.6446 -15118126.107 559.42740082 -64.89894736 -374.62972392 4.421345e+16 2.3489382202e-05 1.0 
20289931.11 -2234627.6071 -26050103.553 507.56081676 -62.357357053 -651.92597352 4.421345e+16 2.3489382202e-05 1.0 
-7906693.9217 -2346047.4219 -14579156.879 -181.67180506 -63.707752635 -333.61589513 4.421345e+16 2.3489382202e-05 1.0 
-7024484.4936 -4538650.5298 9988160.7266 -148.77987934 -110.32674198 206.84393679 4.421276e+16 2.3489015624e-05 1.0 
-9311684.2402 -4524936.9426 8503589.3017 -197.15155691 -110.82304563 178.56876325 4.421276e+16 2.3489015624e-05 1.0 
7799095.6583 -1757826.7197 10031194.784 164.90913806 -47.24913546 208.25680612 4.421276e+16 2.3489015624e-05 1.0 
-19685455.41 -2104183.7727 -831284.09317 -467.2932752 -58.498694833 -19.900925648 4.421276e+16 2.3489015624e-05 1.0 
12612118.169 -3674290.5561 248901.25601 264.80609755 -91.360160969 6.3533351313 4.421276e+16 2.3489015624e-05 1.0 
-19669631.298 -1337029.1167 -20131691.521 -486.56913351 -39.461110886 -498.12702884 4.421217e+16 2.3488702173e-05 1.0 
-22320396.72306638 -1013891.2445858363 -7359200.9783851225 -542.220562375085 -31.145358023445834 -179.26004379626752 8.841946e+16 4.6974811737000006e-05 1.0 
8985066.5402 4200642.3416 -43597062.933 227.12121118 101.84105442 -1102.7522561 4.421217e+16 2.3488702173e-05 1.0 
-15102993.168 -2111104.0894 -6901713.3008 -346.81569231 -58.784057349 -156.97691814 4.421207e+16 2.3488649046e-05 1.0 
27006251.566 -4666817.836 -15844951.585 673.47081674 -124.45576887 -395.06504928 4.421207e+16 2.3488649046e-05 1.0 
19739244.412 966326.74281 24058340.075 491.40841529 18.757665609 599.25293569 4.421082e+16 2.3487984955e-05 1.0 
3288735.8557 -2464880.1435 39734220.736 82.4473517 -68.302665951 1002.3669275 4.42107e+16 2.3487921203e-05 1.0 
-18430375.759 -2330098.3293 2669466.9249 -433.03005014 -64.842300713 63.243893867 4.42107e+16 2.3487921203e-05 1.0 
-8027002.5755 -2703807.6086 17204159.904 -189.21380847 -72.230356572 406.44173531 4.42107e+16 2.3487921203e-05 1.0 
-27757024.289 -1566701.7919 -1984301.3977 -686.30297042 -45.773389439 -48.688504558 4.42107e+16 2.3487921203e-05 1.0 
-22953020.66 -1795976.1488 1564068.5547 -556.91501532 -50.942590602 37.844549256 4.42107e+16 2.3487921203e-05 1.0 
-251498.23964 -1214335.4608 -14757311.162 -6.6648126394 -33.770915142 -324.89073987 4.420948e+16 2.3487273051e-05 1.0 
7743571.9562 -1678687.3711 23966806.558 191.15344752 -48.916692494 586.996613 4.420933e+16 2.348719336e-05 1.0 
-3100294.8133 -2173874.008 19948968.892 -75.038324248 -60.250136031 474.96613956 4.420933e+16 2.348719336e-05 1.0 
-11235287.906 -1944137.289 4840874.4464 -230.43041045 -53.540109834 98.999815852 4.420933e+16 2.348719336e-05 1.0 
-17398764.603 -3271061.2935 23265721.842 -431.53336988 -88.772566844 577.00542111 4.420933e+16 2.348719336e-05 1.0 
-25889011.341 -1687145.9063 22767341.003 -649.20125738 -49.088740421 570.17833775 4.420933e+16 2.348719336e-05 1.0 
19171578.359 -4514613.9683 3775635.1908 454.83969541 -118.03635643 89.248025042 4.420933e+16 2.348719336e-05 1.0 
26715731.645 -3426227.5175 8872981.271 660.99319533 -92.969895385 220.11475248 4.420933e+16 2.348719336e-05 1.0 
-14946898.126 -4626032.4764 -8027779.0755 -345.94204222 -118.87731609 -185.31425875 4.420933e+16 2.348719336e-05 1.0 
-19499397.025 -3127849.0077 -10398731.813 -470.94876581 -83.99561535 -250.78247118 4.420933e+16 2.348719336e-05 1.0 
-2937085.7793 -3029373.0389 8650694.138 -49.512260137 -70.228213851 146.08057688 4.420865e+16 2.3486832095e-05 1.0 
11588567.124 -2513664.866 27684618.272 287.43794136 -69.894525543 688.39910367 4.420865e+16 2.3486832095e-05 1.0 
-11164894.868 -3210258.838 -63567.335315 -219.57164256 -79.155146086 -1.2138226301 4.420865e+16 2.3486832095e-05 1.0 
18021750.189 332039.70961 24774336.13 448.6823411 2.3471096121 617.49803947 4.420865e+16 2.3486832095e-05 1.0 
-11025730.284 -2170724.5865 -1913116.7182 -215.67673045 -55.891571828 -36.589490788 4.420865e+16 2.3486832095e-05 1.0 
21436569.023 -4590789.9955 1947161.7261 515.99131323 -120.54022322 46.744705734 4.420865e+16 2.3486832095e-05 1.0 
-7020160.3565 -1314792.7878 -12969560.788 -154.3089772 -38.092089298 -287.43801761 4.420865e+16 2.3486832095e-05 1.0 
4840578.3571 -3866756.6104 -26231695.275 119.1636181 -103.86990988 -646.44208468 4.420865e+16 2.3486832095e-05 1.0 
3211431.6015 997493.70583 50590184.914 81.610502393 20.275606363 1283.3863585 4.420814e+16 2.3486561146e-05 1.0 
37975171.474 -2791007.5577 31562734.501 962.64736312 -76.397956185 800.35799307 4.420814e+16 2.3486561146e-05 1.0 
18750100.931 -1621383.6799 6151914.9345 444.94650957 -46.435858242 146.47957341 4.420814e+16 2.3486561146e-05 1.0 
13774610.1 -2360379.9248 13833442.082 326.50141836 -63.244866419 327.08414416 4.420748e+16 2.3486210506e-05 1.0 
-5754253.9094 673919.19942 32455910.587 -142.72362766 11.95794557 811.60555061 4.420748e+16 2.3486210506e-05 1.0 
-11334300.754 -2058170.9226 15640593.757 -266.92346508 -55.242602489 369.673866 4.420748e+16 2.3486210506e-05 1.0 
-9778407.7764 -2605182.6893 17728477.63 -233.07852005 -69.983102832 422.73431749 4.420748e+16 2.3486210506e-05 1.0 
-16550902.124 -2888239.1376 14951657.413 -399.31937015 -76.56004342 361.24243669 4.420748e+16 2.3486210506e-05 1.0 
24831440.722 -1715355.4708 -15724212.942 616.62964186 -48.73909118 -388.98720953 4.420748e+16 2.3486210506e-05 1.0 
-31128776.192 3176729.7177 -18098444.752 -781.39718709 75.34984617 -453.67062836 4.420748e+16 2.3486210506e-05 1.0 
9637115.8669 269774.93803 30910369.924 241.46621302 0.96941439279 771.77606069 4.420729e+16 2.3486109564e-05 1.0 
-17291786.391024917 -3158524.329740309 4669747.625131084 -402.7325009026277 -82.2763375204 110.00561023920844 8.840489e+16 4.6967071099000005e-05 1.0 
17201674.104 -36413.554848 20710112.597 424.49101091 -6.8022173107 511.70568028 4.420729e+16 2.3486109564e-05 1.0 
21489907.004 598393.47521 -35039074.705 541.64128298 9.0616336829 -884.81923083 4.420729e+16 2.3486109564e-05 1.0 
-3196774.2906 -3005977.2534 -17829069.816 -74.244396244 -80.581793751 -416.66990264 4.420729e+16 2.3486109564e-05 1.0 
7152193.3243 2089107.8553 39449276.871 180.55872515 47.948300068 994.21543683 4.420681e+16 2.3485854553e-05 1.0 
26360991.843 2373761.2564 18710676.419 657.4167641 55.055944942 467.68114914 4.420681e+16 2.3485854553e-05 1.0 
41218338.713 2122464.5127 -1850073.6666 1040.9114953 48.80695619 -46.956912616 4.420681e+16 2.3485854553e-05 1.0 
20583064.239 -3274760.9595 -7701955.5539 495.66340702 -85.84752492 -186.34801548 4.420681e+16 2.3485854553e-05 1.0 
2258133.8117 -2051377.0215 -24582609.62 55.599074397 -57.243191235 -601.50581578 4.420681e+16 2.3485854553e-05 1.0 
-4621146.9461 -4172168.7865 13418679.619 -101.06572008 -105.1723234 295.17675083 4.420662e+16 2.3485753612e-05 1.0 
-8654440.3701 -4058662.1987 8175711.0757 -176.88194436 -100.09962546 168.4028302 4.420662e+16 2.3485753612e-05 1.0 
-2846880.6572 -2761452.7262 14714182.502 -61.74145543 -72.58416715 327.99269936 4.420662e+16 2.3485753612e-05 1.0 
-14938735.72 -3542915.2665 7629136.7364 -344.5314683 -92.634334046 173.99786266 4.420662e+16 2.3485753612e-05 1.0 
9220819.9805 -4076370.993 6090242.8882 183.5403095 -97.407406629 117.67875209 4.420662e+16 2.3485753612e-05 1.0 
23792102.613 3345147.1354 37316009.054 601.39972396 79.510522487 944.31382075 4.420662e+16 2.3485753612e-05 1.0 
-41115428.622 830384.84116 1456996.4528 -1037.6495158 15.379852144 36.238885528 4.420662e+16 2.3485753612e-05 1.0 
17024460.629 -2500846.2219 10752150.658 405.04751588 -69.578396603 256.53159471 4.420662e+16 2.3485753612e-05 1.0 
19075106.872 -2774680.2132 13327864.879 463.10281185 -76.902967233 324.56014573 4.420662e+16 2.3485753612e-05 1.0 
13838974.345 -3588960.0744 227262.96182 300.73398368 -91.707525366 4.5214134902 4.420662e+16 2.3485753612e-05 1.0 
20630225.839 -3749759.973 1161007.615 493.61405505 -99.037574984 27.649060348 4.420662e+16 2.3485753612e-05 1.0 
-26118333.162 -3128793.3525 -15696113.446 -651.03009902 -84.749644445 -390.50197865 4.420662e+16 2.3485753612e-05 1.0 
44215412.82 -2650876.2358 3448638.3605 1117.9904932 -73.433215283 88.088624786 4.420662e+16 2.3485753612e-05 1.0 
19164636.238 -6404764.3109 -2247792.8984 455.20761511 -164.53153009 -53.028000596 4.420662e+16 2.3485753612e-05 1.0 
33529150.523 -6672020.0557 -2047529.6393 839.81731463 -175.44769193 -50.140558185 4.420662e+16 2.3485753612e-05 1.0 
5149288.9881 -2603929.2609 -13913738.156 114.28778613 -68.673938669 -308.76821649 4.420662e+16 2.3485753612e-05 1.0 
62324.755376 -2339048.3511 -18843751.55 -0.20269773089 -64.321997244 -443.37769825 4.420662e+16 2.3485753612e-05 1.0 
-2158061.1081 187828.32957 31069420.72 -54.076467039 -0.38947843284 773.29757101 4.420615e+16 2.3485503914e-05 1.0 
22201728.325 -3174576.793 14058161.702 546.40311053 -84.305920057 344.53674175 4.420615e+16 2.3485503914e-05 1.0 
-31596216.475 -1460067.3496 10581878.179 -789.64132858 -41.363035944 264.28009239 4.420615e+16 2.3485503914e-05 1.0 
30108107.724 -1603275.2007 -9661085.0676 751.09105774 -46.056508209 -241.83072051 4.420615e+16 2.3485503914e-05 1.0 
14057786.377 -2370594.1112 -8235693.9515 318.94950286 -60.480304736 -189.09136811 4.420615e+16 2.3485503914e-05 1.0 
-17788364.835 -1250718.5045 -2084357.1063 -414.05620862 -34.734038362 -49.225650629 4.420615e+16 2.3485503914e-05 1.0 
4998565.9619 -2053699.9623 -23107294.984 120.89717622 -56.968230553 -563.46597247 4.420615e+16 2.3485503914e-05 1.0 
-8231232.991 -975532.5365 -34607270.121 -206.55615726 -30.475883905 -869.05056929 4.420615e+16 2.3485503914e-05 1.0 
-18011594.203 -3633951.4387 14227743.451 -436.90243762 -96.835151372 345.56976116 4.420594e+16 2.3485392347e-05 1.0 
-10677359.186 -1625503.9651 -1608945.9814 -203.88173846 -42.373308095 -31.462551562 4.420594e+16 2.3485392347e-05 1.0 
15453752.349 -863202.83803 -24166795.45 382.20021139 -27.79232365 -599.25797721 4.420594e+16 2.3485392347e-05 1.0 
-9822185.3372 -2407955.5548 -34122177.134 -246.06046729 -67.648864065 -856.14274465 4.420594e+16 2.3485392347e-05 1.0 
44221483.88 5462255.1592 23007191.625 1121.5308347 133.95417354 582.98710237 4.420548e+16 2.3485147961e-05 1.0 
41035030.896 3951551.5783 21987785.698 1038.9893078 95.209438407 557.47569792 4.420548e+16 2.3485147961e-05 1.0 
37278064.904 1345051.2492 -35421810.199 945.88099882 28.997037812 -899.04902997 4.420548e+16 2.3485147961e-05 1.0 
24445087.352 -910604.04195 -17139834.88 607.26274608 -28.136362404 -424.66190722 4.420548e+16 2.3485147961e-05 1.0 
-30990588.376 2737945.8607 -20699478.832 -779.32856434 63.92243027 -519.38064009 4.420548e+16 2.3485147961e-05 1.0 
-27109958.257 3542173.6942 -14145912.149 -674.52892726 84.539631278 -351.6062583 4.420548e+16 2.3485147961e-05 1.0 
5772364.6035 5208563.1834 -47253009.463 146.55359545 127.88037349 -1196.7435987 4.420548e+16 2.3485147961e-05 1.0 
165948.93565 -1921448.8923 -18005061.944 4.5745998276 -52.119463992 -419.82798136 4.420548e+16 2.3485147961e-05 1.0 
-12651766.314 272249.41495 29637516.313 -314.96811525 0.76329197665 740.51767556 4.420527e+16 2.3485036394e-05 1.0 
-21698967.33 -4099835.8429 17771254.092 -536.44887343 -109.9694447 439.94098172 4.420527e+16 2.3485036394e-05 1.0 
11014166.554 -3656018.6842 3103475.9745 219.88787239 -89.37658507 63.344037012 4.420527e+16 2.3485036394e-05 1.0 
40094549.807 1839917.8634 20508471.612 1014.405428 41.315233546 520.77916137 4.420527e+16 2.3485036394e-05 1.0 
-15175329.351 -1717296.69 -6497458.7126 -347.49536748 -48.60927203 -149.14714704 4.420527e+16 2.3485036394e-05 1.0 
18729117.377 -3798813.0756 -6351430.6707 445.03855437 -101.38494321 -151.9003187 4.420527e+16 2.3485036394e-05 1.0 
23731503.687 -1177306.7478 -10875728.447 583.44218603 -36.610838709 -268.41491745 4.420527e+16 2.3485036394e-05 1.0 
-2089473.8113 -1036290.8085 -11338067.548 -41.828882692 -30.932065899 -224.64731957 4.420527e+16 2.3485036394e-05 1.0 
9878799.1147 -2030969.8396 -5860261.343 196.27405058 -54.669966435 -115.88776864 4.420527e+16 2.3485036394e-05 1.0 
22527893.738 -2541641.2398 -15292695.363 556.80956751 -70.472747687 -376.13330657 4.420527e+16 2.3485036394e-05 1.0 
6331513.9207 -2664634.802 -26061394.085 155.70251532 -73.338246416 -642.58025548 4.420527e+16 2.3485036394e-05 1.0 
1398386.2536 -3070346.6365 -32155106.001 34.87890351 -84.101336297 -802.73711688 4.420527e+16 2.3485036394e-05 1.0 
-8208449.9792 -1563528.0094 23597089.767 -200.10335702 -43.886103952 577.38209536 4.420482e+16 2.3484797322e-05 1.0 
-42867266.758 -1147887.9736 25995280.601 -1087.5303371 -34.453838543 659.15550981 4.420482e+16 2.3484797322e-05 1.0 
10878117.256 -2933682.0332 27528758.709 270.16951174 -79.05062221 683.02218724 4.420416e+16 2.3484446682e-05 1.0 
16460150.017 370522.34636 26947104.605 409.98198994 4.1050969353 671.68042505 4.420416e+16 2.3484446682e-05 1.0 
44625754.421 -5380350.8372 -26695122.342 1133.170064 -143.38965422 -677.10352267 4.420393e+16 2.3484324489e-05 1.0 
-8786030.2093 -2794179.8179 -17541767.225 -208.49150042 -76.213509149 -415.62158837 4.420393e+16 2.3484324489e-05 1.0 
7600479.7937 -877200.36728 13242163.125 170.52503133 -26.335240685 295.14721363 4.42035e+16 2.3484096042e-05 1.0 
-9814264.7398 731516.89302 28366177.062 -244.06383268 13.547266898 704.39534432 4.420284e+16 2.3483745402e-05 1.0 
-9600527.9525 -17660.642631 19797842.759 -230.80520804 -5.3792539967 477.14723309 4.420284e+16 2.3483745402e-05 1.0 
-26958990.863 -1452152.6927 24049906.481 -676.5644673 -42.287534694 604.20311852 4.420284e+16 2.3483745402e-05 1.0 
-41259147.767 2662478.4268 23923464.367 -1045.0990674 62.820641274 605.71257737 4.420284e+16 2.3483745402e-05 1.0 
-9306713.438 -1823554.5571 -8646358.431 -194.26288048 -48.744277768 -180.65736459 4.420284e+16 2.3483745402e-05 1.0 
-19337294.894 -132251.35878 -3078664.8916 -457.02640953 -8.8323939962 -73.243736173 4.420284e+16 2.3483745402e-05 1.0 
17916576.056 1418253.9279 -38809918.619 451.70466558 30.980859197 -980.41871623 4.420284e+16 2.3483745402e-05 1.0 
14403867.23 -1162726.595 -23935316.587 355.60916237 -34.138855866 -591.57704487 4.420284e+16 2.3483745402e-05 1.0 
679301.11617 -4264790.8138 11989598.43 15.839365661 -104.82700123 247.25427056 4.42026e+16 2.3483617897e-05 1.0 
197434.58858 -3904234.4292 16072060.431 4.929115069 -101.188871 366.033299 4.42026e+16 2.3483617897e-05 1.0 
17057344.477 918991.95359 19960897.964 419.59292485 15.533601341 491.10431479 4.42026e+16 2.3483617897e-05 1.0 
11511149.903 -2870200.7065 5089340.9699 240.31759347 -74.2362693 105.04618228 4.42026e+16 2.3483617897e-05 1.0 
32508900.586 -4255022.0771 27285056.552 820.90112394 -114.6661125 689.37681224 4.42026e+16 2.3483617897e-05 1.0 
-17958639.852 -3144199.8001 -14777986.137 -436.89431236 -85.181140429 -358.46630479 4.42026e+16 2.3483617897e-05 1.0 
9775258.9138 -3956500.2868 -1443404.291 178.97041961 -92.201847443 -26.17285695 4.42026e+16 2.3483617897e-05 1.0 
41329522.59 -533506.79708 -9889131.8161 1044.4716154 -19.30826087 -249.96261511 4.42026e+16 2.3483617897e-05 1.0 
18455422.182 -4342108.0619 -6546490.4743 439.52368227 -112.28892708 -154.53795337 4.42026e+16 2.3483617897e-05 1.0 
-17913744.774 -2340056.1779 -18806050.757 -440.87215125 -65.344087142 -461.5179582 4.42026e+16 2.3483617897e-05 1.0 
10598025.249 -2821393.3697 -8374846.7923 228.6821696 -74.059971022 -178.97344805 4.42026e+16 2.3483617897e-05 1.0 
11828503.144 -2874078.1027 -12853693.652 274.05246592 -77.566378243 -298.38408525 4.42026e+16 2.3483617897e-05 1.0 
4914540.7288 -2548765.0549 -10778955.027 99.202388242 -65.668787277 -218.23829497 4.42026e+16 2.3483617897e-05 1.0 
1035488.2855 -1901377.1691 12672425.2 19.077998808 -48.737888345 264.66714235 4.420152e+16 2.3483044123e-05 1.0 
-211290.35718 -4366360.4029 29761298.05 -6.3907787777 -115.02115308 738.87813943 4.420152e+16 2.3483044123e-05 1.0 
-23928040.035 4503024.9505 34233670.48 -604.07283782 109.37541201 864.10560814 4.420152e+16 2.3483044123e-05 1.0 
18022783.59 -1668052.0104 23708474.542 448.6795929 -47.669318687 588.78388816 4.420152e+16 2.3483044123e-05 1.0 
30325299.437 563105.85084 3946434.3372 754.21065525 8.8393963691 98.121037234 4.420152e+16 2.3483044123e-05 1.0 
22477276.772 -3828787.9933 3707499.8501 544.20669961 -100.38396915 90.904161592 4.420152e+16 2.3483044123e-05 1.0 
-19180950.883 -1760091.1119 241616.57912 -452.46587316 -47.574096752 4.799013611 4.420152e+16 2.3483044123e-05 1.0 
-18450868.347 4832685.3048 -36136368.819 -465.47304274 117.52482071 -911.02499278 4.420152e+16 2.3483044123e-05 1.0 
-10315963.66 583395.85355 -37493274.032 -260.43989056 9.2988203435 -943.66611943 4.420152e+16 2.3483044123e-05 1.0 
-7231027.5137 -1434275.0376 -7737847.2062 -135.16032365 -36.94544895 -145.12260462 4.420152e+16 2.3483044123e-05 1.0 
-7558693.8608 -1613833.168 -23440176.298 -184.22374814 -45.615592098 -572.57382444 4.420152e+16 2.3483044123e-05 1.0 
19226334.528 -4330624.4073 32633632.561 484.45997585 -116.18312245 820.38538695 4.420128e+16 2.3482916617e-05 1.0 
-6940922.9627 -702122.50069 44019837.479 -176.0496701 -23.486814496 1113.2860688 4.420128e+16 2.3482916617e-05 1.0 
-31336188.997 -799187.01539 10967551.053 -783.3170911 -26.917582889 274.63783357 4.420128e+16 2.3482916617e-05 1.0 
30408822.229 -1976367.6418 24090365.911 765.88500351 -55.729519488 606.63816041 4.420128e+16 2.3482916617e-05 1.0 
-16789896.008 -2083258.7341 -7438786.58 -392.94508842 -58.854052727 -175.19659994 4.420128e+16 2.3482916617e-05 1.0 
-39645920.971 269035.70638 -1371052.3471 -999.45074273 1.374638723 -33.45481618 4.420128e+16 2.3482916617e-05 1.0 
9123842.9896 -4654502.077 -1538660.5243 162.22237571 -104.03561519 -25.73234795 4.420128e+16 2.3482916617e-05 1.0 
30895959.361 451488.75912 -19044678.926 775.09698089 5.4064670627 -479.64820533 4.420128e+16 2.3482916617e-05 1.0 
2768638.9415 -2022363.2986 -25125625.512 66.657687201 -56.579301018 -616.31044151 4.420128e+16 2.3482916617e-05 1.0 
-15018840.127 -566667.18789 -32287738.207 -377.67501756 -20.352974935 -810.08714951 4.420128e+16 2.3482916617e-05 1.0 
25112310.411 -3056508.4693 -28644603.521 630.82705602 -84.23716276 -721.8819407 4.420128e+16 2.3482916617e-05 1.0 
17222907.256 -1389487.5641 -37813585.23 435.22290133 -41.213953533 -954.23203651 4.420128e+16 2.3482916617e-05 1.0 
-3805221.935 -2267071.2043 -36641989.016 -95.609368047 -63.879412596 -920.5491989 4.420128e+16 2.3482916617e-05 1.0 
-4281438.0926 -2493040.6303 25200928.427 -104.74018889 -68.305600819 618.7301979 4.420062e+16 2.3482565978e-05 1.0 
-39320498.084 -717034.61885 3474887.3529 -990.82498719 -24.177440216 86.398989155 4.420062e+16 2.3482565978e-05 1.0 
-35828661.051 2527067.5027 -2176230.6436 -899.44526847 58.419415117 -55.319688005 4.420062e+16 2.3482565978e-05 1.0 
10934671.399 -3968530.8795 1158396.9104 213.84336787 -96.69481246 23.099964095 4.420062e+16 2.3482565978e-05 1.0 
17430262.218 -4412004.2059 1549652.8385 405.49790238 -113.66539527 34.988816883 4.420062e+16 2.3482565978e-05 1.0 
-10246662.82 -4682864.4539 -6822111.4119 -214.7652317 -114.83743752 -142.04977622 4.420062e+16 2.3482565978e-05 1.0 
16813421.649 -2963595.5655 -29532056.895 421.06687532 -81.707598977 -739.03595573 4.420062e+16 2.3482565978e-05 1.0 
727486.88422 -2972645.7293 -21148631.478 18.031014533 -81.066982698 -507.18957612 4.420062e+16 2.3482565978e-05 1.0 
-49262860.826 4921151.2535 -8815813.3112 -1249.6738634 120.56727927 -223.53330568 4.420021e+16 2.3482348156e-05 1.0 
-44923830.804 7242954.9789 -372544.52547 -1136.3492929 179.29348014 -8.5481396023 4.420021e+16 2.3482348156e-05 1.0 
21494515.116 -1681013.9738 -27162826.209 538.27709463 -48.105102485 -680.38394911 4.420021e+16 2.3482348156e-05 1.0 
20940297.666 -1953824.0265 -25165878.488 522.42660273 -54.710546936 -628.94137163 4.420021e+16 2.3482348156e-05 1.0 
-20198623.134 239013.33255 -28929593.439 -506.86998676 0.2309176039 -725.97708084 4.420021e+16 2.3482348156e-05 1.0 
-19690122.726 -366087.11924 -4891815.0175 -467.94864559 -14.105752404 -115.50743499 4.420021e+16 2.3482348156e-05 1.0 
-1527165.5677 1708218.9505 -59496555.116 -39.282209481 38.451814287 -1513.7300414 4.420021e+16 2.3482348156e-05 1.0 
295527.277 -1712753.7731 37726681.712 6.8463985624 -49.447938358 948.95916684 4.419996e+16 2.3482215338e-05 1.0 
-17231392.613 -2658595.8308 3804883.551 -400.63362502 -72.80343924 87.695386239 4.419996e+16 2.3482215338e-05 1.0 
-22296543.99 3247358.1045 39873286.002 -565.33322785 77.221554055 1008.9298578 4.419996e+16 2.3482215338e-05 1.0 
-41215775.782 -6815802.8659 -8202137.1097 -1040.9684107 -179.66602878 -205.86950696 4.419996e+16 2.3482215338e-05 1.0 
-25795914.599 766638.85276 -4561130.1067 -634.81482262 13.029816913 -111.70737514 4.419996e+16 2.3482215338e-05 1.0 
2258330.9233 -2672249.592 -39859364.863 56.420655663 -73.425751488 -1005.183655 4.419996e+16 2.3482215338e-05 1.0 
-316982.42286 -1890729.0357 -19358258.532 -6.6734999076 -53.364615611 -457.42140353 4.419996e+16 2.3482215338e-05 1.0 
29995604.769 5504974.3192 46451036.923 761.83443964 135.20073602 1180.3265533 4.419956e+16 2.3482002829e-05 1.0 
28460698.37 -1292043.3039 24782140.619 716.71902587 -38.469814239 623.73845725 4.419956e+16 2.3482002829e-05 1.0 
16662245.19 -2291425.1599 -17635504.327 406.54866945 -63.076186222 -430.41187747 4.419956e+16 2.3482002829e-05 1.0 
17865628.743 -2082475.225 -16365736.843 434.8524263 -56.836280044 -399.35614774 4.419956e+16 2.3482002829e-05 1.0 
-35368609.024 3707907.3683 -43501866.09 -898.21809456 89.668498029 -1105.8632107 4.419956e+16 2.3482002829e-05 1.0 
-22225600.788 341804.91789 -9890971.0269 -541.96263026 3.1674623139 -240.87850474 4.419956e+16 2.3482002829e-05 1.0 
-9482263.528 -1328987.5659 -12889367.926 -214.00122983 -37.507791825 -292.00420067 4.419956e+16 2.3482002829e-05 1.0 
21265330.022 -1273825.423 -20925806.574 527.7452898 -38.397744836 -520.78953408 4.41993e+16 2.3481864698e-05 1.0 
-18161081.965 -3150912.3574 -30294503.185 -455.45975359 -86.467433697 -759.72307292 4.41993e+16 2.3481864698e-05 1.0 
23085805.444 -176728.57795 -53548523.129 586.63471785 -9.9119828933 -1361.8767764 4.41989e+16 2.3481652189e-05 1.0 
12890167.807 -3079145.8769 -19283465.774 312.1815853 -81.478551295 -468.53366505 4.41989e+16 2.3481652189e-05 1.0 
-2219890.0733 -3294231.2569 13967004.582 -47.405556001 -84.614830969 305.8009298 4.419865e+16 2.3481519371e-05 1.0 
341019.74099 -2582186.4567 25132808.13 6.211175467 -71.912110305 614.93547472 4.419865e+16 2.3481519371e-05 1.0 
-9846324.7494 -2424232.7445 2803356.3806 -182.00775827 -61.411704334 49.992932234 4.419865e+16 2.3481519371e-05 1.0 
-26015619.645 -292012.98253 -17986623.737 -648.73547908 -13.977781798 -448.49682885 4.419865e+16 2.3481519371e-05 1.0 
13421037.191 -2783236.0265 -16079257.723 322.26553948 -75.334784496 -385.89596542 4.419865e+16 2.3481519371e-05 1.0 
-34310542.382 -2036616.5926 -46521121.833 -872.61248004 -57.647675301 -1183.0221604 4.419865e+16 2.3481519371e-05 1.0 
20182992.858 -2743608.9461 -19877676.463 500.1341161 -76.006453122 -491.29553454 4.419865e+16 2.3481519371e-05 1.0 
11174260.103 -3145926.5616 33219663.523 280.60045816 -86.24300403 832.57820768 4.4198e+16 2.3481174044e-05 1.0 
-10047826.455 -3178626.5505 1834868.8119 -186.58023752 -76.770141262 34.154386249 4.4198e+16 2.3481174044e-05 1.0 
14798882.843 -1798799.3782 9431000.9285 342.87790134 -50.150996588 219.6873897 4.4198e+16 2.3481174044e-05 1.0 
-19227115.705 -1696847.1247 -8798192.4053 -461.33504932 -50.098624794 -210.34124146 4.4198e+16 2.3481174044e-05 1.0 
4325276.6976 -1894307.5876 18330880.392 101.54789435 -51.542975978 430.92025998 4.41976e+16 2.3480961535e-05 1.0 
15647177.978 -2156913.0719 17747496.125 381.34978235 -58.271700191 431.04772846 4.41976e+16 2.3480961535e-05 1.0 
13496063.502 -2135169.9583 5539628.745 298.06396157 -56.249995333 120.23098346 4.41976e+16 2.3480961535e-05 1.0 
-4611950.9901 1411314.8228 53171483.313 -116.13751928 30.653907373 1350.3021945 4.41976e+16 2.3480961535e-05 1.0 
-9668384.3766 -2742428.914 10570049.91 -211.58652802 -69.405357499 232.22057532 4.41976e+16 2.3480961535e-05 1.0 
12360757.0 2679776.1245 51442658.981 313.61035808 63.217090336 1306.2136923 4.41976e+16 2.3480961535e-05 1.0 
-27893071.261 8439530.7185 41077044.919 -708.09289087 210.19397057 1041.2479428 4.41976e+16 2.3480961535e-05 1.0 
-20912014.916 -742207.24678 22369122.079 -519.94725653 -23.933017245 556.30433219 4.41976e+16 2.3480961535e-05 1.0 
37649531.405 3283903.8002 7692260.3101 947.42539769 78.151380417 193.40508547 4.41976e+16 2.3480961535e-05 1.0 
14738290.768 -2819760.0151 155594.26091 325.85519999 -72.197771998 3.9401443485 4.41976e+16 2.3480961535e-05 1.0 
-6696265.3496 -1992328.8223 26114850.203 -163.87206513 -55.784997287 644.36503871 4.41976e+16 2.3480961535e-05 1.0 
2929061.0604 -1587931.0291 18651911.271 68.721087469 -45.366339966 439.29041303 4.41976e+16 2.3480961535e-05 1.0 
40053984.764 1936797.9355 -24645699.762 1013.9648836 43.735256438 -624.81344758 4.41976e+16 2.3480961535e-05 1.0 
34339545.937 602107.84 -19386042.325 864.36263175 10.188759042 -488.61550361 4.41976e+16 2.3480961535e-05 1.0 
-64019818.219 4843807.002 175549.86742 -1629.9408284 118.67370781 3.3622560086 4.41976e+16 2.3480961535e-05 1.0 
30989108.551 -2010718.8638 -16870571.802 777.02255067 -56.19637126 -422.42288752 4.41976e+16 2.3480961535e-05 1.0 
-16491807.295 4387630.6012 -56408280.922 -419.06880744 106.83556511 -1434.7849551 4.41976e+16 2.3480961535e-05 1.0 
-22735211.77 370145.0616 -21309149.284 -565.45566408 4.4616454579 -531.05064436 4.41976e+16 2.3480961535e-05 1.0 
5007580.2065 728261.92025 -28377396.163 123.49906221 13.61352866 -702.46602331 4.41976e+16 2.3480961535e-05 1.0 
-65633.989089 -836816.67053 -23161256.15 0.30228504369 -26.239043601 -561.58760955 4.41976e+16 2.3480961535e-05 1.0 
9528951.5669 -2990004.4648 27676308.042 236.08853389 -82.423995818 686.51776493 4.419734e+16 2.3480823405e-05 1.0 
-4025841.3732 -4091976.5598 38261820.57 -99.746455615 -109.93374951 963.42215717 4.419734e+16 2.3480823405e-05 1.0 
-29793476.928 -1714750.6845 14424112.985 -745.24725763 -50.306015386 359.58832896 4.419734e+16 2.3480823405e-05 1.0 
10388873.658 -4054226.7276 1337288.9239 198.37569625 -96.622211793 23.55978308 4.419734e+16 2.3480823405e-05 1.0 
50869940.993 -1785445.2323 29257010.659 1293.2363887 -51.249354934 745.70064545 4.419734e+16 2.3480823405e-05 1.0 
-8644963.3299 -3185096.4078 -5000603.9786 -157.57313034 -76.334874767 -91.219140142 4.419734e+16 2.3480823405e-05 1.0 
-40044677.735 383807.65233 -10915049.92 -1011.2838843 4.2033977687 -274.12481508 4.419734e+16 2.3480823405e-05 1.0 
-7734938.1659 -752324.53281 41199961.923 -194.96891815 -23.946881356 1039.4776581 4.419695e+16 2.3480616208e-05 1.0 
-10217079.453 -1144539.4577 14187354.35 -237.22618473 -32.515069939 327.60686018 4.419695e+16 2.3480616208e-05 1.0 
-16148805.451 -3247580.3054 13976402.736 -389.08197097 -86.371596526 335.89667592 4.419695e+16 2.3480616208e-05 1.0 
-36627665.043 2666353.3311 15175049.513 -922.69455789 62.956266703 381.0905889 4.419695e+16 2.3480616208e-05 1.0 
398043.5386 -2813071.6133 17789820.186 6.8494269575 -76.679553605 414.00075037 4.419669e+16 2.3480478078e-05 1.0 
-2546540.0316 -2454032.084 24816866.44 -61.281522696 -68.46152768 607.54652873 4.419669e+16 2.3480478078e-05 1.0 
19086870.202 -3212802.0311 13452260.942 464.01549729 -86.914477886 326.00769301 4.419669e+16 2.3480478078e-05 1.0 
-31427769.652 -2579161.8223 15046364.217 -788.8327612 -71.02767321 376.09920083 4.419669e+16 2.3480478078e-05 1.0 
-18494777.745 -2593774.4428 -16166698.951 -451.87577236 -72.357574559 -394.5669842 4.419669e+16 2.3480478078e-05 1.0 
-27927814.267 -1631601.778 -36093540.823 -705.97802416 -47.137102313 -914.21392919 4.419669e+16 2.3480478078e-05 1.0 
7096302.6834 -2335045.9677 -10440107.378 146.7984527 -62.016489533 -218.52899797 4.419669e+16 2.3480478078e-05 1.0 
6807671.0387 -2626008.1958 -15569475.707 158.36238734 -71.578064992 -357.5892434 4.419669e+16 2.3480478078e-05 1.0 
-12126518.134 -335136.66584 31384055.931 -302.73593223 -13.580367977 784.77158204 4.41963e+16 2.3480270881e-05 1.0 
-13766929.128 295305.22703 21345338.85 -337.84232625 1.9487688842 522.48220992 4.41963e+16 2.3480270881e-05 1.0 
26830547.166 2010070.0845 40983422.799 680.80374442 45.928891669 1038.33126 4.41963e+16 2.3480270881e-05 1.0 
18440779.558 -1868382.5193 9047710.6734 438.9990879 -51.443357022 217.75726188 4.41963e+16 2.3480270881e-05 1.0 
-39077861.723 7105454.9741 41287773.744 -993.14389379 176.32555841 1049.7449973 4.41963e+16 2.3480270881e-05 1.0 
-36339164.979 7127198.2322 27407834.942 -919.64139564 176.6147809 693.29340038 4.41963e+16 2.3480270881e-05 1.0 
47479168.481 522576.01579 2557846.2614 1202.2830814 8.2004354931 65.542095594 4.41963e+16 2.3480270881e-05 1.0 
40272330.438 -732603.42743 115762.45659 1014.8853955 -23.443830754 3.9508499352 4.41963e+16 2.3480270881e-05 1.0 
-62616465.586 -281246.90383 -21374645.403 -1594.8247976 -12.430039498 -544.56509297 4.41963e+16 2.3480270881e-05 1.0 
-38654005.142 4651427.0924 101714.30746 -972.69469036 113.15064475 3.1444919712 4.41963e+16 2.3480270881e-05 1.0 
23334279.432 -150813.46712 -47318815.848 591.27141805 -9.3092203745 -1202.0592151 4.41963e+16 2.3480270881e-05 1.0 
16844637.154 -2467174.5525 -15830728.105 408.92320245 -66.166807673 -383.7804733 4.41963e+16 2.3480270881e-05 1.0 
