#   x1                  x2                  x3                  v1                  v2                  v3                  mass                rel_mass            mat0_frac           mat1_frac           mat2_frac
    1.2760255598e+06   -1.5898840938e+06   -3.2924289506e+04   -1.0327009686e+02   -1.4896708726e+01   -2.8557174841e+00    1.1771664541e+24    9.1655279526e-01    8.0378958890e-01    1.9621041110e-01    0.0000000000e+00
   -1.3963638122e+07    1.9118453069e+07   -6.4439287208e+04    1.1260101101e+03    2.2200065640e+02   -1.1492365585e+00    1.0600599397e+23    8.2537256942e-02    9.0008921596e-01    9.9910784035e-02    0.0000000000e+00
   -1.0629835437e+07    2.3096508583e+07    4.3227108540e+06    4.4177412824e+02    3.0445626703e+02   -7.0681886953e+02    2.6562390000e+19    2.0681724932e-05    0.0000000000e+00    1.0000000000e+00    0.0000000000e+00
   -6.2122507640e+07   -6.4560045965e+06   -8.1768569373e+05   -1.3107375986e+03    3.1824325528e+02   -1.5793787232e+02    2.6141430000e+19    2.0353961544e-05    0.0000000000e+00    1.0000000000e+00    0.0000000000e+00
   -3.9384168952e+07    1.0191915231e+07   -3.5073818508e+06    1.0197974658e+01    8.7112904124e+02   -4.2343838766e+01    2.5961290000e+19    2.0213702858e-05    0.0000000000e+00    1.0000000000e+00    0.0000000000e+00
   -6.0971884258e+06   -7.4389874987e+06   -5.1735549340e+06   -2.5455387020e+03    8.4096063361e+02    7.8314678337e+02    2.5961290000e+19    2.0213702858e-05    0.0000000000e+00    1.0000000000e+00    0.0000000000e+00
   -1.3334502653e+07    2.1416666956e+07    7.0449144861e+06    5.3222691187e+02    2.5707195492e+02   -7.5012671277e+02    2.5901260000e+19    2.0166962939e-05    0.0000000000e+00    1.0000000000e+00    0.0000000000e+00
   -4.7507712472e+07    1.6296424448e+05    5.5175550419e+06   -6.9714784014e+02    5.4923367751e+02   -2.9854825689e+02    2.5841240000e+19    2.0120230807e-05    0.0000000000e+00    1.0000000000e+00    0.0000000000e+00
   -7.6979159596e+07   -1.2321389176e+07    6.9414672593e+06   -1.9994581022e+03    2.9719784717e+01    5.2710542925e-01    2.5841240000e+19    2.0120230807e-05    0.0000000000e+00    1.0000000000e+00    0.0000000000e+00
   -1.2210825155e+07    2.4419380344e+07    3.4532559558e+06    1.8914995701e+03    5.2423775387e+01    8.2098933252e+02    2.5841240000e+19    2.0120230807e-05    0.0000000000e+00    1.0000000000e+00    0.0000000000e+00
   -7.6987356171e+07   -1.0697239765e+07    8.6978457782e+05   -1.9386115634e+03    8.9053001696e+01    4.4997128661e+01    2.5841240000e+19    2.0120230807e-05    0.0000000000e+00    1.0000000000e+00    0.0000000000e+00
   -1.5496281051e+07    2.3854892511e+07   -6.6097849787e+06    1.0982255617e+03   -1.0188972179e+02   -8.4268629760e+02    2.5841240000e+19    2.0120230807e-05    0.0000000000e+00    1.0000000000e+00    0.0000000000e+00
   -1.1702256908e+07    1.7545978634e+07    5.6517119220e+06    1.2546563959e+03   -7.1180148567e+02   -2.7483435471e+02    2.5721220000e+19    2.0026782114e-05    0.0000000000e+00    1.0000000000e+00    0.0000000000e+00
   -2.1323846413e+07    2.4224607739e+07    6.9723823557e+06    9.9071802254e+02    1.4245578777e+03   -2.6456477902e+02    2.5721220000e+19    2.0026782114e-05    0.0000000000e+00    1.0000000000e+00    0.0000000000e+00
   -3.4438702346e+07    1.5079901932e+07   -1.0477081110e+07    2.1189309030e+02    1.0974684192e+03   -4.5654721469e+02    2.5631200000e+19    1.9956691701e-05    0.0000000000e+00    1.0000000000e+00    0.0000000000e+00
   -6.7117825555e+07   -8.2452563231e+06    1.1524325219e+06   -1.5355362603e+03    2.4662812492e+02    1.4750122510e+02    2.5631200000e+19    1.9956691701e-05    0.0000000000e+00    1.0000000000e+00    0.0000000000e+00
   -1.3496899111e+07    1.5751255860e+07    1.6440526951e+06    1.0789103988e+03    1.0404863940e+03    1.2290092880e+03    2.5631200000e+19    1.9956691701e-05    0.0000000000e+00    1.0000000000e+00    0.0000000000e+00
   -4.0460695457e+07   -2.0664992766e+06    5.8840476115e+06   -4.2134460226e+02    5.4918124052e+02   -4.1946662796e+02    2.5541190000e+19    1.9886609074e-05    0.0000000000e+00    1.0000000000e+00    0.0000000000e+00
   -4.5909628437e+07    9.1702734279e+06    5.6170411231e+06   -3.6481171012e+02    7.7113572194e+02    2.7719814183e+02    2.5541190000e+19    1.9886609074e-05    0.0000000000e+00    1.0000000000e+00    0.0000000000e+00
   -7.1532919683e+07   -2.9939527727e+07    1.3214610025e+05   -1.8967360539e+03   -3.9234961447e+02   -4.6485448721e+01    2.5511180000e+19    1.9863243008e-05    0.0000000000e+00    1.0000000000e+00    0.0000000000e+00
   -4.8725980329e+07    1.1143489391e+06   -3.3888588925e+06   -7.3590240332e+02    5.5163878783e+02    3.7594472183e+02    2.5498440000e+19    1.9853323525e-05    0.0000000000e+00    1.0000000000e+00    0.0000000000e+00
   -9.4415609132e+07   -4.6020232827e+07    1.2894857815e+06   -2.8022123806e+03   -1.0554271879e+03   -5.1715395122e+01    2.5429740000e+19    1.9799833064e-05    0.0000000000e+00    1.0000000000e+00    0.0000000000e+00
   -4.4557332994e+07   -3.9877293649e+07   -1.6753291593e+07   -1.1731344802e+03   -5.8784991518e+02   -1.4799822374e+02    2.5429740000e+19    1.9799833064e-05    0.0000000000e+00    1.0000000000e+00    0.0000000000e+00
   -5.6707092646e+07   -1.0620422836e+07    1.9557063261e+06   -1.1613842419e+03    3.1213345589e+02    2.2274292966e+02    2.5361120000e+19    1.9746404891e-05    0.0000000000e+00    1.0000000000e+00    0.0000000000e+00
   -8.3425630464e+07   -2.4529104327e+07    8.9147757931e+05   -2.2822216254e+03   -3.0805899009e+02    3.5105875858e+01    2.5328410000e+19    1.9720936579e-05    0.0000000000e+00    1.0000000000e+00    0.0000000000e+00
   -5.3096523678e+07   -4.8268036883e+06   -6.8754921856e+06   -9.3718644318e+02    5.0882352980e+02   -2.1988761303e+02    2.5301090000e+19    1.9699664972e-05    0.0000000000e+00    1.0000000000e+00    0.0000000000e+00
   -5.5847441346e+07   -8.6206123869e+06   -2.9947938708e+05   -1.0900545996e+03    3.8647272775e+02   -7.6812585803e+00    2.5301090000e+19    1.9699664972e-05    0.0000000000e+00    1.0000000000e+00    0.0000000000e+00
   -6.8682486941e+07   -1.1729944281e+07    3.3662818312e+05   -1.6296385034e+03    1.6185222540e+02   -8.2107433442e+01    2.5261950000e+19    1.9669190203e-05    0.0000000000e+00    1.0000000000e+00    0.0000000000e+00
   -1.6975098156e+07    2.4656655882e+07    5.6548454676e+06    1.1308470897e+03    1.3293375574e+03   -6.0045647789e+02    2.5211000000e+19    1.9629520057e-05    0.0000000000e+00    1.0000000000e+00    0.0000000000e+00
   -4.3887249930e+07    7.9778952855e+05   -6.0583313712e+06   -5.2798152071e+02    5.9359840253e+02    3.3069051621e+02    2.5211000000e+19    1.9629520057e-05    0.0000000000e+00    1.0000000000e+00    0.0000000000e+00
   -1.4508094109e+07    4.5574162862e+06   -2.5661869040e+06    1.6493573360e+03    9.3333454591e+02   -8.0997970323e+02    2.5180970000e+19    1.9606138418e-05    0.0000000000e+00    1.0000000000e+00    0.0000000000e+00
   -5.0077002128e+07   -2.1199417351e+07    1.5090368838e+07   -1.1163114386e+03   -3.9762199004e+01    4.9624046142e+01    2.5180970000e+19    1.9606138418e-05    0.0000000000e+00    1.0000000000e+00    0.0000000000e+00
   -5.9054357628e+07   -7.8951101385e+06   -6.4706081150e+06   -1.2334890596e+03    3.5301378996e+02   -3.6030463095e+02    2.5180970000e+19    1.9606138418e-05    0.0000000000e+00    1.0000000000e+00    0.0000000000e+00
   -9.2702182985e+07   -3.5552335397e+07    2.9820632613e+06   -2.6818563406e+03   -7.2575904860e+02    1.2948636807e+02    2.5180970000e+19    1.9606138418e-05    0.0000000000e+00    1.0000000000e+00    0.0000000000e+00
   -6.8254169670e+07   -4.8615147846e+06   -4.1307892168e+06   -1.5916385695e+03    2.9032972887e+02    1.1612853954e+02    2.5180970000e+19    1.9606138418e-05    0.0000000000e+00    1.0000000000e+00    0.0000000000e+00
   -7.1519766262e+06   -1.1541317085e+07   -4.9927767567e+06   -1.7324878561e+03    7.6781324868e+02    6.6993714720e+02    2.5150930000e+19    1.9582748994e-05    0.0000000000e+00    1.0000000000e+00    0.0000000000e+00
   -6.8422373354e+07   -1.6456844999e+07    2.0452640792e+07   -1.7964841215e+03   -8.6343004832e+01    2.7807828310e+02    2.5090840000e+19    1.9535962358e-05    0.0000000000e+00    1.0000000000e+00    0.0000000000e+00
    7.3848116109e+05    2.7910454281e+06    3.3813614028e+06    4.2256690820e+03    1.9697820357e+02   -8.7860500429e+01    2.5067430000e+19    1.9517735114e-05    0.0000000000e+00    1.0000000000e+00    0.0000000000e+00
   -3.5052996974e+07    1.2970628467e+07   -4.4813920147e+06    2.9409320017e+02    9.6545547543e+02   -1.9209078922e+02    2.5060790000e+19    1.9512565148e-05    0.0000000000e+00    1.0000000000e+00    0.0000000000e+00
   -5.2748086153e+07   -1.8865697137e+07    1.6014289352e+07   -1.2222415623e+03   -3.3906139100e+01    1.7596098853e+01    2.5004100000e+19    1.9468425784e-05    0.0000000000e+00    1.0000000000e+00    0.0000000000e+00
   -2.1537179108e+07    2.4663776475e+07   -3.6724099760e+06    1.1872571094e+03    1.3885473689e+03    4.3814892204e+02    2.5004100000e+19    1.9468425784e-05    0.0000000000e+00    1.0000000000e+00    0.0000000000e+00
   -3.5322620884e+07    1.5046841365e+07    1.1816452565e+07    8.5964689997e+01    1.1582241747e+03    3.0529171367e+02    2.5000670000e+19    1.9465755154e-05    0.0000000000e+00    1.0000000000e+00    0.0000000000e+00
   -3.2902770767e+07    7.1318323401e+06    1.0473686756e+07    9.3550195845e+01    1.0715466843e+03    2.9452121126e+02    2.4972700000e+19    1.9443977451e-05    0.0000000000e+00    1.0000000000e+00    0.0000000000e+00
   -2.2000179327e+07    6.5979574576e+06    2.8841407064e+06    9.1838102083e+02    9.0672799030e+02    8.1741464897e+02    2.4940530000e+19    1.9418929589e-05    0.0000000000e+00    1.0000000000e+00    0.0000000000e+00
   -6.4954249328e+07   -2.9951196318e+07   -5.3404874828e+06   -1.6959327352e+03   -3.8163069222e+02    6.8885245357e+01    2.4940530000e+19    1.9418929589e-05    0.0000000000e+00    1.0000000000e+00    0.0000000000e+00
   -7.7804266901e+07   -4.5110161078e+06   -9.9432784620e+05   -1.9289566098e+03    2.3662532002e+02   -3.8442057748e+01    2.4880360000e+19    1.9372080665e-05    0.0000000000e+00    1.0000000000e+00    0.0000000000e+00
   -7.5024841724e+07   -1.2728261223e+07    3.3874126607e+06   -1.9011862096e+03    5.3287620980e+01   -6.6754197386e+01    2.4850270000e+19    1.9348652310e-05    0.0000000000e+00    1.0000000000e+00    0.0000000000e+00
   -2.6132910243e+07    2.6729861056e+07   -6.6180039544e+06    5.3418388008e+02    1.4145944461e+03    3.6961041129e+02    2.4818240000e+19    1.9323713453e-05    0.0000000000e+00    1.0000000000e+00    0.0000000000e+00
