x1	x2	x3	v1	v2	v3	mass	rel_mass	water_fraction
583.9951526041228 1256.8549588141777 -13343.035058997873 -0.4865424652741762 0.1770048004124831 0.3657228930148682 1.468391123829998e+23 0.997957732410449 0.19840389577262882 
14562945.708 -1478624.1214 -41429882.77 383.3790182 -43.032238882 -1092.460825 6.693858e+18 4.5493242519e-05 1.0 
-11656534.016 -49522.953111 35583891.23 -279.26162963 0.067947454854 850.4247854 3.356351e+18 2.2810655682e-05 1.0 
27407591.654 767886.80032 22225927.889 613.52703095 14.944941763 516.95027034 3.356351e+18 2.2810655682e-05 1.0 
14169273.611 -941766.03066 32542227.191 331.14160404 -25.754406876 741.72654419 3.352563e+18 2.2784911425e-05 1.0 
35624805.967 -35735.734235 4453144.8291 821.61250415 -3.2349549447 107.25282134 3.352563e+18 2.2784911425e-05 1.0 
-26270716.867 -3155328.4644 -26083345.526 -623.7123945 -84.875139582 -616.94270054 3.352563e+18 2.2784911425e-05 1.0 
11153026.2 -1125894.0862 -46411845.555 310.88896702 -33.597445004 -1273.8281982 3.352563e+18 2.2784911425e-05 1.0 
5403380.4589 -1367996.693 -48991786.091 154.05411682 -42.05434593 -1364.5668446 3.352563e+18 2.2784911425e-05 1.0 
30857247.872 3752614.578 -44991560.928 890.65582644 113.98486381 -1300.6151725 3.350678e+18 2.2772100462e-05 1.0 
-27982398.339 -2207899.4121 -36052234.0 -756.24122965 -65.617152347 -970.91258751 3.350678e+18 2.2772100462e-05 1.0 
33355458.813 -953710.75865 -17229105.558 800.85884675 -26.021584772 -404.5759763 3.350678e+18 2.2772100462e-05 1.0 
13702918.083 -700035.21966 -40112180.915 344.05631454 -18.930893025 -1049.7724168 3.348801e+18 2.275934387e-05 1.0 
31259043.595 2247478.3629 33245208.288 845.62415175 67.847134246 892.85425432 3.347864e+18 2.2752975769e-05 1.0 
-10429373.912 3784167.2534 40408737.488 -276.5736696 102.5196105 1042.6514624 3.347864e+18 2.2752975769e-05 1.0 
-37557574.319 -1368309.9856 -2750422.5853 -901.54183518 -35.151018817 -59.897143519 3.346929e+18 2.2746621259e-05 1.0 
-1676066.4953 -381481.70696 -47948392.417 -50.60682586 -9.5996259474 -1318.1146711 3.346929e+18 2.2746621259e-05 1.0 
-40932578.858 -2754020.8749 -30034364.297 -1155.5539606 -83.956926134 -844.07961409 3.346929e+18 2.2746621259e-05 1.0 
-1168690.2042 -1220421.6457 -45057305.51 -27.564509602 -36.033137034 -1209.5938469 3.346929e+18 2.2746621259e-05 1.0 
3935873.1617 3539479.617 49799830.995 115.89693968 105.9675865 1395.6071487 3.345996e+18 2.2740280343e-05 1.0 
-4430829.0753 832132.60082 44123909.043 -119.58941328 24.026559081 1176.1081063 3.345064e+18 2.2733946223e-05 1.0 
35410940.75 346062.23292 19900271.48 895.83120628 11.853358865 502.91281265 3.345064e+18 2.2733946223e-05 1.0 
-35255997.598 -835959.39936 -6694169.1449 -812.27562969 -18.683442343 -148.84259915 3.345064e+18 2.2733946223e-05 1.0 
26548752.146 20671.016226 -36387373.547 707.87436688 3.1533385736 -976.09003412 3.345064e+18 2.2733946223e-05 1.0 
19259272.492 -324283.85853 50146725.157 555.21847664 -12.196946835 1439.5089727 3.345064e+18 2.2733946223e-05 1.0 
-40948708.909 764758.7777 26014884.671 -1127.3598422 19.525640398 727.01607747 3.345064e+18 2.2733946223e-05 1.0 
60955215.228 -482560.56144 34348647.181 1871.9141996 -16.575889749 1047.2497206 3.345064e+18 2.2733946223e-05 1.0 
54411350.11 -1120840.9389 -9606216.944 1576.5236161 -35.208081886 -279.67763373 3.345064e+18 2.2733946223e-05 1.0 
67007348.062 -813891.47493 4155426.7994 2037.545986 -25.815231221 124.19890552 3.344134e+18 2.2727625695e-05 1.0 
33636940.484 6110338.7985 36087923.92 931.70299002 184.50888374 1013.857448 3.341352e+18 2.2708718482e-05 1.0 
-31807934.539 718176.37417 -36078287.511 -869.01398219 23.754216376 -1002.1526203 3.341352e+18 2.2708718482e-05 1.0 
-15565658.551 965818.67815 -38053080.032 -401.50454388 25.972228897 -966.97590029 3.341352e+18 2.2708718482e-05 1.0 
-18613632.032 -1252314.169 47048164.87 -524.45214511 -38.789324178 1322.827409 3.341352e+18 2.2708718482e-05 1.0 
64106727.01 -5137420.0168 -2831140.0163 1932.8833668 -161.79293858 -85.686166869 3.341352e+18 2.2708718482e-05 1.0 
43292331.849 403015.38439 -37861090.302 1272.5851617 10.793929243 -1105.2493521 3.341352e+18 2.2708718482e-05 1.0 
41810568.337 -1122390.3476 -22633104.993 1143.3165277 -30.101028738 -627.73044049 3.339506e+18 2.2696172574e-05 1.0 
-28986939.675 -5977611.4655 31773829.664 -762.42987013 -169.00226633 830.65192492 3.339506e+18 2.2696172574e-05 1.0 
-22974146.381 -2925997.2318 28892923.659 -534.06432192 -80.020997324 688.86682577 3.339506e+18 2.2696172574e-05 1.0 
28298130.951 2124305.2153 41658068.075 798.84750435 66.338544611 1166.5522815 3.338585e+18 2.2689913212e-05 1.0 
-36764386.304 545852.67623 9339497.9637 -885.82993304 14.670307416 227.00737862 3.338585e+18 2.2689913212e-05 1.0 
-34627620.703 1652435.0766 -38963669.814 -981.64494471 49.851469379 -1107.8574439 3.338585e+18 2.2689913212e-05 1.0 
5667712.1934 3725390.0111 38249277.909 151.68008807 93.383122818 934.63644143 3.338585e+18 2.2689913212e-05 1.0 
-35937292.463 -565429.6481 14938966.726 -883.39399061 -16.822250946 365.83307912 3.338585e+18 2.2689913212e-05 1.0 
46513012.87 -3180791.3244 4543922.3242 1269.1746691 -94.419530945 115.54263646 3.338585e+18 2.2689913212e-05 1.0 
-40050400.42 -2736230.8246 -19678423.594 -1069.3947668 -80.153971046 -519.96811269 3.338585e+18 2.2689913212e-05 1.0 
21849978.299 -4270232.9599 52704502.286 639.00587083 -129.53217747 1544.3548112 3.337665e+18 2.2683660647e-05 1.0 
12301258.711 -2320794.2913 49668140.73 352.80785713 -70.059026774 1401.7166966 3.337665e+18 2.2683660647e-05 1.0 
13179368.678 187095.78667 47523964.841 365.89027072 7.3039209943 1323.7813648 3.335831e+18 2.2671196294e-05 1.0 
-547278.819 -2935941.4622 -61687168.559 -11.299742024 -90.025235725 -1840.4347891 3.335831e+18 2.2671196294e-05 1.0 
-26283177.73 2849033.7419 -47841800.633 -761.97899426 88.083941781 -1378.9731023 3.335831e+18 2.2671196294e-05 1.0 
38804824.54 7136930.5238 52946552.92 1173.2282232 221.8103234 1605.5501626 3.335831e+18 2.2671196294e-05 1.0 
-49626499.04 -437414.38199 8768140.5833 -1391.9364443 -15.170655058 251.10563088 3.335831e+18 2.2671196294e-05 1.0 
33003678.324 -3954760.3411 -50607735.995 982.97521952 -124.46080574 -1500.5108076 3.335831e+18 2.2671196294e-05 1.0 
35194947.424 751846.55588 -15814365.478 854.97406528 19.983746779 -400.31549994 3.334916e+18 2.2664977711e-05 1.0 
-54120328.995 2452148.7139 -23751980.113 -1599.7840162 76.618989154 -700.78279702 3.334916e+18 2.2664977711e-05 1.0 
-10455715.018 4335654.1603 41474394.981 -277.68563453 120.22948136 1074.7995448 3.334002e+18 2.2658765923e-05 1.0 
40828909.276 93559.595432 19742245.279 1099.1392289 8.0134461791 521.82507064 3.334002e+18 2.2658765923e-05 1.0 
-51417609.855 -4848982.5247 17118279.819 -1481.9567957 -144.1343187 492.43328004 3.334002e+18 2.2658765923e-05 1.0 
36569855.437 5273888.41 -21137412.623 943.40375231 148.50460189 -554.69946791 3.334002e+18 2.2658765923e-05 1.0 
-17892398.86 -528130.12723 -35901119.992 -450.13291595 -14.171026576 -904.24742088 3.334002e+18 2.2658765923e-05 1.0 
-30241958.498 -4368261.6684 44543534.822 -874.99259151 -132.7048929 1277.8656323 3.334002e+18 2.2658765923e-05 1.0 
55262669.018 2465049.011 30378590.196 1653.5849018 74.510610105 922.03452479 3.334002e+18 2.2658765923e-05 1.0 
-14769117.88 -1205061.9061 -44737162.038 -399.96187401 -37.874541316 -1221.9728189 3.334002e+18 2.2658765923e-05 1.0 
21709096.266 1917933.4857 31347215.803 521.62665789 51.726204186 762.04024934 3.332179e+18 2.2646376329e-05 1.0 
38551141.235 13649753.061 24748369.527 1049.2958059 399.99526081 686.41042006 3.332179e+18 2.2646376329e-05 1.0 
44943468.176 1004307.5597 -25509582.515 1264.9453505 32.548457271 -736.60697863 3.332179e+18 2.2646376329e-05 1.0 
-36494603.352 162847.93076 -20485178.863 -943.05997405 3.703278508 -525.46948077 3.332179e+18 2.2646376329e-05 1.0 
-49691979.294 4476570.3953 -19682790.587 -1424.4453667 135.96682791 -566.05542988 3.332179e+18 2.2646376329e-05 1.0 
-5954308.9927 2408141.7549 53150568.523 -175.64406521 70.736696992 1524.5901527 3.332179e+18 2.2646376329e-05 1.0 
-22707900.111 -1026817.4127 35324805.937 -582.87996018 -28.604741545 913.60657807 3.332179e+18 2.2646376329e-05 1.0 
-36225720.875 -4156445.5999 24827677.526 -959.87837641 -116.72136709 654.13359067 3.332179e+18 2.2646376329e-05 1.0 
-49240302.939 -7216286.3709 -15773999.813 -1397.4742757 -216.80081749 -451.60522517 3.332179e+18 2.2646376329e-05 1.0 
40125418.904 -2469332.8001 -17988252.447 1055.5307333 -72.052363244 -487.08458888 3.332179e+18 2.2646376329e-05 1.0 
-17139379.433 -2249632.9625 -38738951.945 -441.40003628 -61.468021232 -1006.264523 3.332179e+18 2.2646376329e-05 1.0 
-7932983.4044 582282.83477 44676128.021 -222.78492535 21.852366494 1197.031451 3.330362e+18 2.2634027513e-05 1.0 
-33227670.635 5149873.7605 60564135.166 -1018.9185991 164.13417612 1851.1541605 3.330362e+18 2.2634027513e-05 1.0 
-37877100.046 6034036.6292 45004926.453 -1123.7171526 188.03357 1323.564571 3.330362e+18 2.2634027513e-05 1.0 
-24416751.833 1044200.3781 27532349.338 -577.92769775 25.861894564 649.38735617 3.330362e+18 2.2634027513e-05 1.0 
-51916810.43 2974868.3767 48583587.177 -1595.0176275 96.212310775 1493.6549392 3.330362e+18 2.2634027513e-05 1.0 
-44191793.678 2509770.1282 9091727.4197 -1182.709055 71.967486934 241.14306583 3.330362e+18 2.2634027513e-05 1.0 
-40705173.768 1700727.1235 -48386656.148 -1223.8804867 53.23204813 -1448.5615984 3.330362e+18 2.2634027513e-05 1.0 
36027346.251 348097.39448 -33483909.818 995.87362285 6.9511872066 -936.97137728 3.330362e+18 2.2634027513e-05 1.0 
2666245.3617 5368631.2595 38572014.176 74.951511336 144.13688457 950.62370221 3.328551e+18 2.2621719475e-05 1.0 
41070578.539 -1549944.3281 29456333.52 1158.2987231 -45.310746315 826.47770241 3.328551e+18 2.2621719475e-05 1.0 
-52890767.926 2037614.7252 -37135861.224 -1591.9018156 64.210052024 -1122.9664482 3.328551e+18 2.2621719475e-05 1.0 
12843915.805 4179223.1257 -50017028.804 358.34220996 125.19309763 -1417.9978409 3.328551e+18 2.2621719475e-05 1.0 
20374110.37 -2726955.7515 41235748.235 548.6605577 -81.255461439 1115.2230152 3.328551e+18 2.2621719475e-05 1.0 
-35219553.87 -5038521.3573 10317755.493 -830.55664431 -134.12436701 241.41551094 3.328551e+18 2.2621719475e-05 1.0 
-74797929.942 -987425.09507 -9610106.0662 -2319.3107675 -33.058277785 -299.63515415 3.328551e+18 2.2621719475e-05 1.0 
3781101.6717 1491235.5134 -44628880.086 106.86425007 41.211885948 -1194.8110899 3.328551e+18 2.2621719475e-05 1.0 
