#   x1                  x2                  x3                  v1                  v2                  v3                  mass                rel_mass            mat0_frac           mat1_frac           mat2_frac
   -5.1620644413e+02    1.4886182729e+03   -1.8041535449e+03   -2.6201008477e-01    1.8365814966e-01    3.3038977926e-01    1.4639059392e+23    9.9490948143e-01    8.0405207249e-01    1.9594792751e-01    0.0000000000e+00
   -7.5060558551e+06   -4.2866502966e+05   -1.0223958826e+06    1.0245510218e+03    7.0649406603e+01    1.9931793266e+02    6.7108450000e+18    4.5608690697e-05    0.0000000000e+00    1.0000000000e+00    0.0000000000e+00
    1.4562945708e+07   -1.4786241214e+06   -4.1429882770e+07    3.8337901820e+02   -4.3032238882e+01   -1.0924608250e+03    6.6938580000e+18    4.5493242519e-05    0.0000000000e+00    1.0000000000e+00    0.0000000000e+00
    2.0185543153e+07   -5.8971079216e+05    3.1166798138e+06    6.5829505272e+01    8.3764253044e-02    6.4798896035e+00    6.6883240000e+18    4.5455631980e-05    0.0000000000e+00    1.0000000000e+00    0.0000000000e+00
    1.1897165027e+07   -4.6472198958e+05   -6.0063032881e+06   -3.8246099371e+02    2.6884841810e+00    1.7787503507e+02    6.6792290000e+18    4.5393819937e-05    0.0000000000e+00    1.0000000000e+00    0.0000000000e+00
   -1.5089286711e+07    3.5654392612e+05    1.0289730097e+07    6.6647606360e+01   -7.5378956112e+00   -3.2926109866e+00    3.3999760000e+18    2.3107142806e-05    0.0000000000e+00    1.0000000000e+00    0.0000000000e+00
    1.5245760098e+07    1.2439742949e+05   -7.0807594853e+06   -1.5029789729e+02    4.0070026856e+00    5.2116674882e+01    3.3917540000e+18    2.3051263903e-05    0.0000000000e+00    1.0000000000e+00    0.0000000000e+00
   -1.2512698551e+07   -1.5647015074e+05   -5.0215171480e+06    3.6154130128e+02   -3.5310000257e+00    1.8684423561e+02    3.3846720000e+18    2.3003132744e-05    0.0000000000e+00    1.0000000000e+00    0.0000000000e+00
    1.2494220287e+07   -1.1472757859e+06   -1.3418988244e+07   -1.7880742376e+01   -1.2845932795e+01    6.1196600086e+01    3.3796760000e+18    2.2969178597e-05    0.0000000000e+00    1.0000000000e+00    0.0000000000e+00
    8.8680298976e+06   -2.0887524581e+05    1.5695107681e+06   -8.3924584636e+02    1.7018225981e+01   -1.5300589209e+02    3.3757140000e+18    2.2942251789e-05    0.0000000000e+00    1.0000000000e+00    0.0000000000e+00
   -1.1962414411e+07   -3.9279117694e+05   -2.1172917285e+06    5.1506971268e+02    6.4170682477e+00    8.1746805181e+01    3.3717830000e+18    2.2915535666e-05    0.0000000000e+00    1.0000000000e+00    0.0000000000e+00
    1.7571688326e+07    1.2456632612e+06   -2.6129904245e+07    3.5672561524e+02    2.3734492186e+01   -5.3846435326e+02    3.3708050000e+18    2.2908888917e-05    0.0000000000e+00    1.0000000000e+00    0.0000000000e+00
   -4.8008911739e+06    1.2575586644e+06    2.3184853374e+07   -5.9922818636e+01    2.2344500918e+01    2.5018531107e+02    3.3698290000e+18    2.2902255761e-05    0.0000000000e+00    1.0000000000e+00    0.0000000000e+00
   -9.1605614172e+05   -1.6004393911e+05   -7.0909896237e+06    1.0166626648e+02    1.8184976670e+01    1.1199503544e+03    3.3678820000e+18    2.2889023430e-05    0.0000000000e+00    1.0000000000e+00    0.0000000000e+00
    2.0169537509e+06   -1.7650841215e+05   -2.6148614977e+06   -1.3329958983e+03    1.3693021739e+02    1.6154001981e+03    3.3640100000e+18    2.2862708287e-05    0.0000000000e+00    1.0000000000e+00    0.0000000000e+00
   -1.9205889772e+07   -6.6106164474e+05   -1.1997055825e+07   -1.6522832338e+02   -7.9695992859e+00   -1.0235140420e+02    3.3640100000e+18    2.2862708287e-05    0.0000000000e+00    1.0000000000e+00    0.0000000000e+00
   -4.3406025948e+05   -5.1928165619e+05   -2.9044650110e+07   -2.8166165578e+01   -9.9444287550e+00   -5.1686387822e+02    3.3620850000e+18    2.2849625474e-05    0.0000000000e+00    1.0000000000e+00    0.0000000000e+00
   -2.6605817670e+06   -6.5186271154e+05   -1.4056944180e+07    6.6237102132e+01    5.6708414961e+00    3.4171714023e+02    3.3620850000e+18    2.2849625474e-05    0.0000000000e+00    1.0000000000e+00    0.0000000000e+00
    1.4533039720e+07   -7.8077979238e+05   -1.8519133510e+07    1.4756080431e+02   -1.1650829560e+01   -1.9153156604e+02    3.3611250000e+18    2.2843101058e-05    0.0000000000e+00    1.0000000000e+00    0.0000000000e+00
    8.3543723433e+06   -3.3435273376e+05   -7.5910058708e+06   -4.4160624194e+02    4.0287375357e+01    4.1543028931e+02    3.3611250000e+18    2.2843101058e-05    0.0000000000e+00    1.0000000000e+00    0.0000000000e+00
    1.1402550697e+07   -6.5103630985e+05   -1.4328842172e+07   -2.5730325394e+01   -9.4586876210e+00    6.1069213423e+01    3.3611250000e+18    2.2843101058e-05    0.0000000000e+00    1.0000000000e+00    0.0000000000e+00
   -8.3852563778e+06    2.6061692513e+05    4.2015950715e+06    7.3036590718e+02   -1.2605042998e+01   -3.5522325979e+02    3.3601670000e+18    2.2836590235e-05    0.0000000000e+00    1.0000000000e+00    0.0000000000e+00
    2.1027535553e+07   -9.9885900107e+05   -1.2304084099e+07    2.3780398966e+02   -1.6650876288e+01   -1.5737297059e+02    3.3601670000e+18    2.2836590235e-05    0.0000000000e+00    1.0000000000e+00    0.0000000000e+00
   -4.9055041809e+06   -5.5370708732e+05   -1.6971789501e+07    3.1792315431e+01   -2.5811781285e-01    9.9517810667e+01    3.3592110000e+18    2.2830093004e-05    0.0000000000e+00    1.0000000000e+00    0.0000000000e+00
    8.5961296777e+06    1.5456405023e+05   -7.6317132879e+06   -4.3516633382e+02   -2.1201547292e+01    3.9738941016e+02    3.3592110000e+18    2.2830093004e-05    0.0000000000e+00    1.0000000000e+00    0.0000000000e+00
    7.3469867751e+06    2.4884532415e+05   -6.5564767337e+06   -5.9578586454e+02   -2.1406937298e+01    4.6578137630e+02    3.3582560000e+18    2.2823602570e-05    0.0000000000e+00    1.0000000000e+00    0.0000000000e+00
    1.2367112355e+07    7.9685752662e+05   -1.0017809276e+07   -1.9486297898e+02    6.7022995971e-01    1.1875921642e+02    3.3582560000e+18    2.2823602570e-05    0.0000000000e+00    1.0000000000e+00    0.0000000000e+00
    6.1207664525e+06   -1.7103988648e+06    1.8580599367e+07   -1.7457891989e+01   -6.0011522908e+00    2.2329826345e+01    3.3563510000e+18    2.2810655682e-05    0.0000000000e+00    1.0000000000e+00    0.0000000000e+00
   -1.1656534016e+07   -4.9522953111e+04    3.5583891230e+07   -2.7926162963e+02    6.7947454854e-02    8.5042478540e+02    3.3563510000e+18    2.2810655682e-05    0.0000000000e+00    1.0000000000e+00    0.0000000000e+00
   -1.2075501693e+07    5.0403966098e+05    5.2539358845e+06    3.9323904609e+02   -2.5305406011e+01   -1.9174956919e+02    3.3563510000e+18    2.2810655682e-05    0.0000000000e+00    1.0000000000e+00    0.0000000000e+00
    2.7407591654e+07    7.6788680032e+05    2.2225927889e+07    6.1352703095e+02    1.4944941763e+01    5.1695027034e+02    3.3563510000e+18    2.2810655682e-05    0.0000000000e+00    1.0000000000e+00    0.0000000000e+00
    1.9156401996e+07    6.8921102741e+05   -1.5799540088e+07    2.3607542259e+02    1.2596493838e+01   -1.9951702638e+02    3.3554020000e+18    2.2804206025e-05    0.0000000000e+00    1.0000000000e+00    0.0000000000e+00
   -8.5489081486e+06   -5.7903158071e+05   -2.0557076961e+07   -6.7540628240e+01   -1.1842196050e+00   -1.5520444366e+02    3.3554020000e+18    2.2804206025e-05    0.0000000000e+00    1.0000000000e+00    0.0000000000e+00
   -1.0832995734e+07   -6.9669648850e+05    1.9134301440e+07   -5.4035573146e+01   -1.8558158696e+01    1.4763695356e+02    3.3554020000e+18    2.2804206025e-05    0.0000000000e+00    1.0000000000e+00    0.0000000000e+00
    6.7664162083e+06   -2.4150911071e+05    6.8989625942e+06   -5.5388606869e+02    3.8159488068e+01   -5.4823114026e+02    3.3544540000e+18    2.2797763164e-05    0.0000000000e+00    1.0000000000e+00    0.0000000000e+00
   -7.5778345522e+06    1.2526108093e+05   -1.8193345923e+06    9.8851450725e+02   -2.8974730746e+01    2.3574488470e+02    3.3544540000e+18    2.2797763164e-05    0.0000000000e+00    1.0000000000e+00    0.0000000000e+00
    3.0294810968e+07    1.8755291774e+05   -1.4414817013e+07    6.5620291256e+02    8.3578827684e+00   -3.0870759759e+02    3.3525630000e+18    2.2784911425e-05    0.0000000000e+00    1.0000000000e+00    0.0000000000e+00
   -1.9530350049e+07    8.1422612708e+05   -7.9882831684e+05   -1.9077461506e+01    1.2338766924e+00   -1.1620499308e+00    3.3525630000e+18    2.2784911425e-05    0.0000000000e+00    1.0000000000e+00    0.0000000000e+00
   -2.1585848752e+07   -2.5541376225e+05    3.9921534829e+05   -1.3599769285e+02    9.0676784741e-02   -6.4264156146e+00    3.3525630000e+18    2.2784911425e-05    0.0000000000e+00    1.0000000000e+00    0.0000000000e+00
    3.4112523780e+06    3.7471664548e+04   -2.5837391192e+06   -1.3880355391e+03    2.1994286397e+00    1.0559681932e+03    3.3525630000e+18    2.2784911425e-05    0.0000000000e+00    1.0000000000e+00    0.0000000000e+00
    6.4896675022e+06   -4.6831019746e+05   -4.9475370539e+06   -7.6974639067e+02    7.8247982670e+01    5.7968228173e+02    3.3525630000e+18    2.2784911425e-05    0.0000000000e+00    1.0000000000e+00    0.0000000000e+00
    2.9026910764e+06   -1.7419887327e+06   -2.6511346141e+07    4.2466201604e+01   -2.4932720679e+01   -3.9835043274e+02    3.3525630000e+18    2.2784911425e-05    0.0000000000e+00    1.0000000000e+00    0.0000000000e+00
    2.1945432940e+06   -5.0077629568e+05   -8.1655175682e+06   -2.2864020261e+02    6.2289395913e+01    9.0033180589e+02    3.3525630000e+18    2.2784911425e-05    0.0000000000e+00    1.0000000000e+00    0.0000000000e+00
    1.4169273611e+07   -9.4176603066e+05    3.2542227191e+07    3.3114160404e+02   -2.5754406876e+01    7.4172654419e+02    3.3525630000e+18    2.2784911425e-05    0.0000000000e+00    1.0000000000e+00    0.0000000000e+00
    4.1115027487e+06   -3.2276127045e+05    6.2143090777e+06   -5.6050075925e+02    3.8186505883e+01   -9.1228611276e+02    3.3525630000e+18    2.2784911425e-05    0.0000000000e+00    1.0000000000e+00    0.0000000000e+00
   -1.3351368667e+07   -4.3042893313e+05    1.9849513118e+05    4.1926368304e+02   -2.7921547626e+00   -9.6246065359e+00    3.3525630000e+18    2.2784911425e-05    0.0000000000e+00    1.0000000000e+00    0.0000000000e+00
   -1.0988894137e+07   -3.0215353457e+05    4.0390029652e+06    5.3970601018e+02    7.1589037018e+00   -1.7141503699e+02    3.3525630000e+18    2.2784911425e-05    0.0000000000e+00    1.0000000000e+00    0.0000000000e+00
    3.5624805967e+07   -3.5735734235e+04    4.4531448291e+06    8.2161250415e+02   -3.2349549447e+00    1.0725282134e+02    3.3525630000e+18    2.2784911425e-05    0.0000000000e+00    1.0000000000e+00    0.0000000000e+00
   -2.6270716867e+07   -3.1553284644e+06   -2.6083345526e+07   -6.2371239450e+02   -8.4875139582e+01   -6.1694270054e+02    3.3525630000e+18    2.2784911425e-05    0.0000000000e+00    1.0000000000e+00    0.0000000000e+00
    1.1153026200e+07   -1.1258940862e+06   -4.6411845555e+07    3.1088896702e+02   -3.3597445004e+01   -1.2738281982e+03    3.3525630000e+18    2.2784911425e-05    0.0000000000e+00    1.0000000000e+00    0.0000000000e+00
    5.4033804589e+06   -1.3679966930e+06   -4.8991786091e+07    1.5405411682e+02   -4.2054345930e+01   -1.3645668446e+03    3.3525630000e+18    2.2784911425e-05    0.0000000000e+00    1.0000000000e+00    0.0000000000e+00
    2.1264443615e+06   -2.5788962855e+05   -1.3551467212e+07   -8.0564591678e+01   -3.0078824808e+00    3.9022872360e+02    3.3525630000e+18    2.2784911425e-05    0.0000000000e+00    1.0000000000e+00    0.0000000000e+00
    2.6302702456e+06    8.9919104730e+05   -1.2456238499e+07   -8.7170271145e+01   -3.8047225286e+01    4.6767542577e+02    3.3525630000e+18    2.2784911425e-05    0.0000000000e+00    1.0000000000e+00    0.0000000000e+00
    1.5566859343e+07    2.5496364786e+05   -2.2643694862e+07    2.5307429195e+02    9.0614048312e+00   -3.6362867894e+02    3.3506780000e+18    2.2772100462e-05    0.0000000000e+00    1.0000000000e+00    0.0000000000e+00
    3.0857247872e+07    3.7526145780e+06   -4.4991560928e+07    8.9065582644e+02    1.1398486381e+02   -1.3006151725e+03    3.3506780000e+18    2.2772100462e-05    0.0000000000e+00    1.0000000000e+00    0.0000000000e+00
   -4.3943982633e+06    7.4741542529e+03   -7.4267789406e+06    4.9038649013e+02   -7.1098780876e-01    7.6456905629e+02    3.3506780000e+18    2.2772100462e-05    0.0000000000e+00    1.0000000000e+00    0.0000000000e+00
   -2.7982398339e+07   -2.2078994121e+06   -3.6052234000e+07   -7.5624122965e+02   -6.5617152347e+01   -9.7091258751e+02    3.3506780000e+18    2.2772100462e-05    0.0000000000e+00    1.0000000000e+00    0.0000000000e+00
    3.3355458813e+07   -9.5371075865e+05   -1.7229105558e+07    8.0085884675e+02   -2.6021584772e+01   -4.0457597630e+02    3.3506780000e+18    2.2772100462e-05    0.0000000000e+00    1.0000000000e+00    0.0000000000e+00
    7.5749818169e+06   -7.6122558727e+05   -8.7072367260e+06   -3.4795014158e+02    2.9557980201e+01    4.6375350815e+02    3.3506780000e+18    2.2772100462e-05    0.0000000000e+00    1.0000000000e+00    0.0000000000e+00
   -2.2943732707e+06   -1.7047094491e+06   -2.7106469505e+07   -2.2806645448e+01   -1.8933150468e+01   -4.3363838521e+02    3.3506780000e+18    2.2772100462e-05    0.0000000000e+00    1.0000000000e+00    0.0000000000e+00
    1.3981147808e+07   -7.3117662438e+05   -7.0808084995e+05   -3.6631608502e+02    2.0319033529e+01    9.8414068772e+00    3.3497390000e+18    2.2765718768e-05    0.0000000000e+00    1.0000000000e+00    0.0000000000e+00
    4.1657322448e+06    5.7701558397e+05   -1.0081283750e+07   -2.5852454762e+02   -2.6168886156e+01    5.9330703241e+02    3.3488010000e+18    2.2759343870e-05    0.0000000000e+00    1.0000000000e+00    0.0000000000e+00
    1.3702918083e+07   -7.0003521966e+05   -4.0112180915e+07    3.4405631454e+02   -1.8930893025e+01   -1.0497724168e+03    3.3488010000e+18    2.2759343870e-05    0.0000000000e+00    1.0000000000e+00    0.0000000000e+00
    8.4281426477e+06   -4.7620512186e+05    2.5790187380e+07    1.4359323270e+02   -6.9385577801e+00    3.9735115346e+02    3.3478640000e+18    2.2752975769e-05    0.0000000000e+00    1.0000000000e+00    0.0000000000e+00
    3.1259043595e+07    2.2474783629e+06    3.3245208288e+07    8.4562415175e+02    6.7847134246e+01    8.9285425432e+02    3.3478640000e+18    2.2752975769e-05    0.0000000000e+00    1.0000000000e+00    0.0000000000e+00
    5.8228865617e+06   -7.8620602289e+05    2.0957577696e+07    3.5050595681e+01   -1.6751388545e+01    1.3498107834e+02    3.3478640000e+18    2.2752975769e-05    0.0000000000e+00    1.0000000000e+00    0.0000000000e+00
   -1.0429373912e+07    3.7841672534e+06    4.0408737488e+07   -2.7657366960e+02    1.0251961050e+02    1.0426514624e+03    3.3478640000e+18    2.2752975769e-05    0.0000000000e+00    1.0000000000e+00    0.0000000000e+00
   -1.8123833762e+07    1.3978976480e+06   -9.7493378007e+06   -5.8371395093e+01    8.1695321172e+00   -5.3983086958e+01    3.3478640000e+18    2.2752975769e-05    0.0000000000e+00    1.0000000000e+00    0.0000000000e+00
    4.9838793199e+06   -1.3172065152e+06    1.3200898272e+07   -1.2304670047e+02    3.0446308364e+01   -3.3595462712e+02    3.3469290000e+18    2.2746621259e-05    0.0000000000e+00    1.0000000000e+00    0.0000000000e+00
    8.1514124973e+06    5.7244326316e+05    9.8120781669e+06   -3.0665765918e+02   -2.3767753042e+01   -3.4485974087e+02    3.3469290000e+18    2.2746621259e-05    0.0000000000e+00    1.0000000000e+00    0.0000000000e+00
    4.9242066916e+06    6.6160490643e+05    2.9159650218e+06   -1.2409108621e+03   -1.0580349427e+02   -5.8734083637e+02    3.3469290000e+18    2.2746621259e-05    0.0000000000e+00    1.0000000000e+00    0.0000000000e+00
    9.5423079745e+06    8.8350717056e+05   -3.1913293533e+06   -7.0856855624e+02   -3.8825830352e+01    1.6277902405e+02    3.3469290000e+18    2.2746621259e-05    0.0000000000e+00    1.0000000000e+00    0.0000000000e+00
   -2.1878214730e+07   -3.2091214191e+05   -3.4344757506e+06   -1.6396505627e+02   -1.7142311973e+00   -2.4919348907e+01    3.3469290000e+18    2.2746621259e-05    0.0000000000e+00    1.0000000000e+00    0.0000000000e+00
   -3.7557574319e+07   -1.3683099856e+06   -2.7504225853e+06   -9.0154183518e+02   -3.5151018817e+01   -5.9897143519e+01    3.3469290000e+18    2.2746621259e-05    0.0000000000e+00    1.0000000000e+00    0.0000000000e+00
   -1.6760664953e+06   -3.8148170696e+05   -4.7948392417e+07   -5.0606825860e+01   -9.5996259474e+00   -1.3181146711e+03    3.3469290000e+18    2.2746621259e-05    0.0000000000e+00    1.0000000000e+00    0.0000000000e+00
   -9.7145788355e+06   -1.9653900210e+06   -1.6328906030e+07    1.5918386603e+01   -4.4855543481e+00    1.0815208789e+01    3.3469290000e+18    2.2746621259e-05    0.0000000000e+00    1.0000000000e+00    0.0000000000e+00
   -3.6201606811e+06   -2.4539874376e+06   -2.6309042683e+07   -5.3493089637e+01   -3.1259908104e+01   -3.9656579155e+02    3.3469290000e+18    2.2746621259e-05    0.0000000000e+00    1.0000000000e+00    0.0000000000e+00
    8.1074112878e+05    1.4758258784e+06    1.4680583067e+07   -9.0971396453e+00   -1.6526979190e+01   -3.1075504620e+02    3.3469290000e+18    2.2746621259e-05    0.0000000000e+00    1.0000000000e+00    0.0000000000e+00
   -2.5006896096e+07    2.1342956526e+05    3.5826531249e+06   -3.2686086414e+02   -5.1492098621e+00    4.1933335799e+01    3.3469290000e+18    2.2746621259e-05    0.0000000000e+00    1.0000000000e+00    0.0000000000e+00
   -3.1156533923e+07   -1.3082342435e+06   -1.4817359506e+06   -6.1087635081e+02   -4.1621776670e+01   -3.1964039761e+01    3.3469290000e+18    2.2746621259e-05    0.0000000000e+00    1.0000000000e+00    0.0000000000e+00
   -4.0932578858e+07   -2.7540208749e+06   -3.0034364297e+07   -1.1555539606e+03   -8.3956926134e+01   -8.4407961409e+02    3.3469290000e+18    2.2746621259e-05    0.0000000000e+00    1.0000000000e+00    0.0000000000e+00
    3.9099025188e+06   -2.4878814765e+05   -6.0677910668e+05   -1.8336849714e+03    4.3868444174e+01    2.0959260087e+02    3.3469290000e+18    2.2746621259e-05    0.0000000000e+00    1.0000000000e+00    0.0000000000e+00
    2.4222895479e+07   -2.1206710470e+06   -2.2704550964e+06    2.8286035744e+02   -3.9215716648e+01   -3.1996300152e+01    3.3469290000e+18    2.2746621259e-05    0.0000000000e+00    1.0000000000e+00    0.0000000000e+00
   -1.1686902042e+06   -1.2204216457e+06   -4.5057305510e+07   -2.7564509602e+01   -3.6033137034e+01   -1.2095938469e+03    3.3469290000e+18    2.2746621259e-05    0.0000000000e+00    1.0000000000e+00    0.0000000000e+00
   -2.1738995975e+06    1.6891615819e+06   -1.4081923641e+07    2.0612060684e+01   -3.9557715228e+01    3.4496136737e+02    3.3469290000e+18    2.2746621259e-05    0.0000000000e+00    1.0000000000e+00    0.0000000000e+00
    3.9358731617e+06    3.5394796170e+06    4.9799830995e+07    1.1589693968e+02    1.0596758650e+02    1.3956071487e+03    3.3459960000e+18    2.2740280343e-05    0.0000000000e+00    1.0000000000e+00    0.0000000000e+00
   -4.2995775965e+06   -5.8058953586e+04    1.9320109438e+06    1.4841351887e+03    4.9065419353e+01   -6.5110325821e+02    3.3459960000e+18    2.2740280343e-05    0.0000000000e+00    1.0000000000e+00    0.0000000000e+00
    2.4320787032e+07    1.5441818633e+06    2.2501390859e+07    5.0785107936e+02    3.4385796925e+01    4.9610321590e+02    3.3459960000e+18    2.2740280343e-05    0.0000000000e+00    1.0000000000e+00    0.0000000000e+00
    8.4777000522e+06   -3.2168252262e+05   -9.5080286428e+06   -3.2470253144e+02    7.6167067247e-01    3.4607628820e+02    3.3459960000e+18    2.2740280343e-05    0.0000000000e+00    1.0000000000e+00    0.0000000000e+00
   -1.2869568532e+07    8.6019757634e+05   -2.2665891638e+07   -1.7958544973e+02    9.3890931619e+00   -3.2394370971e+02    3.3459960000e+18    2.2740280343e-05    0.0000000000e+00    1.0000000000e+00    0.0000000000e+00
   -4.4308290753e+06    8.3213260082e+05    4.4123909043e+07   -1.1958941328e+02    2.4026559081e+01    1.1761081063e+03    3.3450640000e+18    2.2733946223e-05    0.0000000000e+00    1.0000000000e+00    0.0000000000e+00
    5.8455858783e+06    1.2754777215e+05    1.7848594849e+07   -1.1030680884e+01   -5.4787952195e+00   -3.1914822960e+01    3.3450640000e+18    2.2733946223e-05    0.0000000000e+00    1.0000000000e+00    0.0000000000e+00
    3.5410940750e+07    3.4606223292e+05    1.9900271480e+07    8.9583120628e+02    1.1853358865e+01    5.0291281265e+02    3.3450640000e+18    2.2733946223e-05    0.0000000000e+00    1.0000000000e+00    0.0000000000e+00
   -4.6304952551e+06    7.3704322568e+04    2.0640867328e+06    1.3828650718e+03    2.5528562266e+01   -6.5400104758e+02    3.3450640000e+18    2.2733946223e-05    0.0000000000e+00    1.0000000000e+00    0.0000000000e+00
    1.1367456735e+07    2.0717192472e+05    2.6492110326e+05   -5.9393361869e+02   -3.7794919051e+00   -3.0633506905e+01    3.3450640000e+18    2.2733946223e-05    0.0000000000e+00    1.0000000000e+00    0.0000000000e+00
   -3.5255997598e+07   -8.3595939936e+05   -6.6941691449e+06   -8.1227562969e+02   -1.8683442343e+01   -1.4884259915e+02    3.3450640000e+18    2.2733946223e-05    0.0000000000e+00    1.0000000000e+00    0.0000000000e+00
    1.3830745900e+07   -9.1342393761e+05   -2.8362991470e+07    2.7592754216e+02   -1.8606561321e+01   -5.7553399520e+02    3.3450640000e+18    2.2733946223e-05    0.0000000000e+00    1.0000000000e+00    0.0000000000e+00
    2.6548752146e+07    2.0671016226e+04   -3.6387373547e+07    7.0787436688e+02    3.1533385736e+00   -9.7609003412e+02    3.3450640000e+18    2.2733946223e-05    0.0000000000e+00    1.0000000000e+00    0.0000000000e+00
    1.9259272492e+07   -3.2428385853e+05    5.0146725157e+07    5.5521847664e+02   -1.2196946835e+01    1.4395089727e+03    3.3450640000e+18    2.2733946223e-05    0.0000000000e+00    1.0000000000e+00    0.0000000000e+00
   -4.0948708909e+07    7.6475877770e+05    2.6014884671e+07   -1.1273598422e+03    1.9525640398e+01    7.2701607747e+02    3.3450640000e+18    2.2733946223e-05    0.0000000000e+00    1.0000000000e+00    0.0000000000e+00
    6.0955215228e+07   -4.8256056144e+05    3.4348647181e+07    1.8719141996e+03   -1.6575889749e+01    1.0472497206e+03    3.3450640000e+18    2.2733946223e-05    0.0000000000e+00    1.0000000000e+00    0.0000000000e+00
    8.4969734184e+06    6.6609501020e+05    9.8563092402e+06   -3.1269580075e+02   -2.9024146142e+00   -3.4045643146e+02    3.3450640000e+18    2.2733946223e-05    0.0000000000e+00    1.0000000000e+00    0.0000000000e+00
   -1.9102367243e+07   -1.5161924667e+05   -3.5734502059e+06   -7.2217018320e+00   -1.1268471896e+01    3.3793154098e+00    3.3450640000e+18    2.2733946223e-05    0.0000000000e+00    1.0000000000e+00    0.0000000000e+00
   -2.6441689676e+07   -3.6230792145e+05   -1.4345694457e+06   -3.9392731500e+02   -9.5051921449e+00   -2.0534627547e+01    3.3450640000e+18    2.2733946223e-05    0.0000000000e+00    1.0000000000e+00    0.0000000000e+00
    5.4411350110e+07   -1.1208409389e+06   -9.6062169440e+06    1.5765236161e+03   -3.5208081886e+01   -2.7967763373e+02    3.3450640000e+18    2.2733946223e-05    0.0000000000e+00    1.0000000000e+00    0.0000000000e+00
   -2.4854387939e+07   -6.2119511354e+05    6.5683543235e+05   -3.0909608115e+02    9.0567122609e-01    3.1722064312e+00    3.3441340000e+18    2.2727625695e-05    0.0000000000e+00    1.0000000000e+00    0.0000000000e+00
    2.1141019194e+07    9.8732324313e+05   -2.0448709570e+07    3.7314458973e+02    2.4359676176e+01   -3.7864341595e+02    3.3441340000e+18    2.2727625695e-05    0.0000000000e+00    1.0000000000e+00    0.0000000000e+00
   -1.4698447308e+07   -9.0439234895e+05    2.9408473613e+07   -3.1549233377e+02   -2.5920813202e+01    6.1924069091e+02    3.3441340000e+18    2.2727625695e-05    0.0000000000e+00    1.0000000000e+00    0.0000000000e+00
    6.7007348062e+07   -8.1389147493e+05    4.1554267994e+06    2.0375459860e+03   -2.5815231221e+01    1.2419890552e+02    3.3441340000e+18    2.2727625695e-05    0.0000000000e+00    1.0000000000e+00    0.0000000000e+00
    5.2686319255e+06    1.0703107307e+06   -1.4672165066e+07   -7.5967790592e+01   -1.0408450699e+01    2.3782512808e+02    3.3432050000e+18    2.2721311963e-05    0.0000000000e+00    1.0000000000e+00    0.0000000000e+00
    1.4789389866e+07    5.1977341529e+05   -2.3654145737e+07    2.5402825609e+02    1.3096937168e+01   -3.8527533139e+02    3.3432050000e+18    2.2721311963e-05    0.0000000000e+00    1.0000000000e+00    0.0000000000e+00
   -7.3773046954e+06   -8.7815452007e+05   -2.0958106812e+07   -6.1620311312e+01   -1.0473987956e+01   -1.5614346839e+02    3.3432050000e+18    2.2721311963e-05    0.0000000000e+00    1.0000000000e+00    0.0000000000e+00
   -4.8115555393e+05    1.9658074278e+06    1.6740143904e+07    4.3702718965e+01    8.6089777729e+00   -1.6129962816e+02    3.3413520000e+18    2.2708718482e-05    0.0000000000e+00    1.0000000000e+00    0.0000000000e+00
    3.3636940484e+07    6.1103387985e+06    3.6087923920e+07    9.3170299002e+02    1.8450888374e+02    1.0138574480e+03    3.3413520000e+18    2.2708718482e-05    0.0000000000e+00    1.0000000000e+00    0.0000000000e+00
    2.8837168696e+06    1.6452066099e+05   -1.9826314150e+06   -1.7124382431e+03   -2.7845867495e+01    1.0600688524e+03    3.3413520000e+18    2.2708718482e-05    0.0000000000e+00    1.0000000000e+00    0.0000000000e+00
   -3.0382733197e+07   -1.4550555402e+06   -1.6641364384e+06   -5.8605397497e+02   -2.0672788995e+01   -2.8871024866e+01    3.3413520000e+18    2.2708718482e-05    0.0000000000e+00    1.0000000000e+00    0.0000000000e+00
   -3.1807934539e+07    7.1817637417e+05   -3.6078287511e+07   -8.6901398219e+02    2.3754216376e+01   -1.0021526203e+03    3.3413520000e+18    2.2708718482e-05    0.0000000000e+00    1.0000000000e+00    0.0000000000e+00
   -1.5565658551e+07    9.6581867815e+05   -3.8053080032e+07   -4.0150454388e+02    2.5972228897e+01   -9.6697590029e+02    3.3413520000e+18    2.2708718482e-05    0.0000000000e+00    1.0000000000e+00    0.0000000000e+00
   -1.8613632032e+07   -1.2523141690e+06    4.7048164870e+07   -5.2445214511e+02   -3.8789324178e+01    1.3228274090e+03    3.3413520000e+18    2.2708718482e-05    0.0000000000e+00    1.0000000000e+00    0.0000000000e+00
    6.6605762993e+06   -2.3942236693e+05    8.1669012474e+06   -4.0557575920e+02    1.2466371472e+01   -5.5447709672e+02    3.3413520000e+18    2.2708718482e-05    0.0000000000e+00    1.0000000000e+00    0.0000000000e+00
    1.6022091547e+07    6.3032075658e+04    1.7854820185e+07    1.7623388967e+02    1.0703171513e+00    1.9553793187e+02    3.3413520000e+18    2.2708718482e-05    0.0000000000e+00    1.0000000000e+00    0.0000000000e+00
    1.2338420423e+07   -1.7216912241e+05    2.6898070042e+06   -4.7179543688e+02   -1.0324658692e+01   -1.0218160172e+02    3.3413520000e+18    2.2708718482e-05    0.0000000000e+00    1.0000000000e+00    0.0000000000e+00
   -1.8382995044e+07    3.1889138715e+05   -1.0967462813e+07   -1.0659386728e+02   -1.9499546892e+00   -6.7781210633e+01    3.3413520000e+18    2.2708718482e-05    0.0000000000e+00    1.0000000000e+00    0.0000000000e+00
    6.4106727010e+07   -5.1374200168e+06   -2.8311400163e+06    1.9328833668e+03   -1.6179293858e+02   -8.5686166869e+01    3.3413520000e+18    2.2708718482e-05    0.0000000000e+00    1.0000000000e+00    0.0000000000e+00
    4.3292331849e+07    4.0301538439e+05   -3.7861090302e+07    1.2725851617e+03    1.0793929243e+01   -1.1052493521e+03    3.3413520000e+18    2.2708718482e-05    0.0000000000e+00    1.0000000000e+00    0.0000000000e+00
   -2.1999904422e+06    1.7764792892e+06    2.4392008991e+07   -6.1873434991e+00    3.5022907680e+01    2.9011424631e+02    3.3395060000e+18    2.2696172574e-05    0.0000000000e+00    1.0000000000e+00    0.0000000000e+00
   -2.0911529003e+06    2.5735809883e+05    5.9333847522e+06    4.3422567342e+02   -1.8234879957e+01   -1.1937678574e+03    3.3395060000e+18    2.2696172574e-05    0.0000000000e+00    1.0000000000e+00    0.0000000000e+00
   -2.6131166665e+07    2.1433641330e+05    8.3919680428e+06   -4.2283676808e+02    5.1956940094e+00    1.2645318716e+02    3.3395060000e+18    2.2696172574e-05    0.0000000000e+00    1.0000000000e+00    0.0000000000e+00
    1.0004411056e+07    7.0149042535e+05   -3.5592584320e+06   -6.2958532516e+02   -3.5007140192e+01    2.2675249426e+02    3.3395060000e+18    2.2696172574e-05    0.0000000000e+00    1.0000000000e+00    0.0000000000e+00
    4.1810568337e+07   -1.1223903476e+06   -2.2633104993e+07    1.1433165277e+03   -3.0101028738e+01   -6.2773044049e+02    3.3395060000e+18    2.2696172574e-05    0.0000000000e+00    1.0000000000e+00    0.0000000000e+00
   -2.8986939675e+07   -5.9776114655e+06    3.1773829664e+07   -7.6242987013e+02   -1.6900226633e+02    8.3065192492e+02    3.3395060000e+18    2.2696172574e-05    0.0000000000e+00    1.0000000000e+00    0.0000000000e+00
   -2.2974146381e+07   -2.9259972318e+06    2.8892923659e+07   -5.3406432192e+02   -8.0020997324e+01    6.8886682577e+02    3.3395060000e+18    2.2696172574e-05    0.0000000000e+00    1.0000000000e+00    0.0000000000e+00
   -3.3391712478e+06    4.0794830146e+06    1.4748733862e+07    4.6880159376e+01   -1.8672199096e+01   -2.4393182402e+02    3.3385850000e+18    2.2689913212e-05    0.0000000000e+00    1.0000000000e+00    0.0000000000e+00
    2.8298130951e+07    2.1243052153e+06    4.1658068075e+07    7.9884750435e+02    6.6338544611e+01    1.1665522815e+03    3.3385850000e+18    2.2689913212e-05    0.0000000000e+00    1.0000000000e+00    0.0000000000e+00
    2.2954615614e+07    3.9082048056e+06    1.3198884937e+07    3.3803057499e+02    7.5431457355e+01    2.1529984182e+02    3.3385850000e+18    2.2689913212e-05    0.0000000000e+00    1.0000000000e+00    0.0000000000e+00
   -3.6764386304e+07    5.4585267623e+05    9.3394979637e+06   -8.8582993304e+02    1.4670307416e+01    2.2700737862e+02    3.3385850000e+18    2.2689913212e-05    0.0000000000e+00    1.0000000000e+00    0.0000000000e+00
   -3.4627620703e+07    1.6524350766e+06   -3.8963669814e+07   -9.8164494471e+02    4.9851469379e+01   -1.1078574439e+03    3.3385850000e+18    2.2689913212e-05    0.0000000000e+00    1.0000000000e+00    0.0000000000e+00
   -2.0928848260e+07   -2.3333468318e+05   -1.2804579725e+07   -2.5134270688e+02    6.5861118957e-01   -1.4056809316e+02    3.3385850000e+18    2.2689913212e-05    0.0000000000e+00    1.0000000000e+00    0.0000000000e+00
    5.6677121934e+06    3.7253900111e+06    3.8249277909e+07    1.5168008807e+02    9.3383122818e+01    9.3463644143e+02    3.3385850000e+18    2.2689913212e-05    0.0000000000e+00    1.0000000000e+00    0.0000000000e+00
   -3.5937292463e+07   -5.6542964810e+05    1.4938966726e+07   -8.8339399061e+02   -1.6822250946e+01    3.6583307912e+02    3.3385850000e+18    2.2689913212e-05    0.0000000000e+00    1.0000000000e+00    0.0000000000e+00
   -2.2594568901e+07    1.1773244701e+05    2.2334500493e+06   -1.9895834038e+02   -6.4839515801e-01    8.7871955632e+00    3.3385850000e+18    2.2689913212e-05    0.0000000000e+00    1.0000000000e+00    0.0000000000e+00
    4.6513012870e+07   -3.1807913244e+06    4.5439223242e+06    1.2691746691e+03   -9.4419530945e+01    1.1554263646e+02    3.3385850000e+18    2.2689913212e-05    0.0000000000e+00    1.0000000000e+00    0.0000000000e+00
   -4.0050400420e+07   -2.7362308246e+06   -1.9678423594e+07   -1.0693947668e+03   -8.0153971046e+01   -5.1996811269e+02    3.3385850000e+18    2.2689913212e-05    0.0000000000e+00    1.0000000000e+00    0.0000000000e+00
   -1.1406581132e+07    3.3125748133e+04   -1.4439302700e+07    4.7404640960e+01   -3.1061654112e+00    3.8182334513e+01    3.3385850000e+18    2.2689913212e-05    0.0000000000e+00    1.0000000000e+00    0.0000000000e+00
    2.1020070298e+07   -1.2827313712e+06   -1.7885579728e+07    3.2751566611e+02   -3.1402904129e+01   -3.0107206025e+02    3.3385850000e+18    2.2689913212e-05    0.0000000000e+00    1.0000000000e+00    0.0000000000e+00
    2.1849978299e+07   -4.2702329599e+06    5.2704502286e+07    6.3900587083e+02   -1.2953217747e+02    1.5443548112e+03    3.3376650000e+18    2.2683660647e-05    0.0000000000e+00    1.0000000000e+00    0.0000000000e+00
    1.2301258711e+07   -2.3207942913e+06    4.9668140730e+07    3.5280785713e+02   -7.0059026774e+01    1.4017166966e+03    3.3376650000e+18    2.2683660647e-05    0.0000000000e+00    1.0000000000e+00    0.0000000000e+00
    6.7887252245e+06    3.0439563134e+05    7.0228421562e+06   -5.5330083039e+02   -2.5252879038e+01   -5.2832177363e+02    3.3376650000e+18    2.2683660647e-05    0.0000000000e+00    1.0000000000e+00    0.0000000000e+00
    1.3179368678e+07    1.8709578667e+05    4.7523964841e+07    3.6589027072e+02    7.3039209943e+00    1.3237813648e+03    3.3358310000e+18    2.2671196294e-05    0.0000000000e+00    1.0000000000e+00    0.0000000000e+00
   -5.4727881900e+05   -2.9359414622e+06   -6.1687168559e+07   -1.1299742024e+01   -9.0025235725e+01   -1.8404347891e+03    3.3358310000e+18    2.2671196294e-05    0.0000000000e+00    1.0000000000e+00    0.0000000000e+00
   -2.6283177730e+07    2.8490337419e+06   -4.7841800633e+07   -7.6197899426e+02    8.8083941781e+01   -1.3789731023e+03    3.3358310000e+18    2.2671196294e-05    0.0000000000e+00    1.0000000000e+00    0.0000000000e+00
   -2.5575610922e+06   -1.3742434451e+06   -2.7106545880e+07   -3.1134790456e+01   -4.6385671638e+01   -4.2783961868e+02    3.3358310000e+18    2.2671196294e-05    0.0000000000e+00    1.0000000000e+00    0.0000000000e+00
    3.8804824540e+07    7.1369305238e+06    5.2946552920e+07    1.1732282232e+03    2.2181032340e+02    1.6055501626e+03    3.3358310000e+18    2.2671196294e-05    0.0000000000e+00    1.0000000000e+00    0.0000000000e+00
   -4.9626499040e+07   -4.3741438199e+05    8.7681405833e+06   -1.3919364443e+03   -1.5170655058e+01    2.5110563088e+02    3.3358310000e+18    2.2671196294e-05    0.0000000000e+00    1.0000000000e+00    0.0000000000e+00
    1.3359767977e+07   -1.5675958207e+05   -3.0228028806e+07    2.7883396875e+02   -7.4793219459e+00   -6.4200334679e+02    3.3358310000e+18    2.2671196294e-05    0.0000000000e+00    1.0000000000e+00    0.0000000000e+00
   -2.7643308447e+06   -1.8106436907e+06   -2.7779552368e+07   -2.0703702251e+01   -4.2347916483e+01   -4.4970843276e+02    3.3358310000e+18    2.2671196294e-05    0.0000000000e+00    1.0000000000e+00    0.0000000000e+00
    1.8352778027e+07   -1.2526467060e+06   -1.7520756720e+07    2.5067875311e+02   -2.6883304169e+01   -2.2098727508e+02    3.3358310000e+18    2.2671196294e-05    0.0000000000e+00    1.0000000000e+00    0.0000000000e+00
    3.3003678324e+07   -3.9547603411e+06   -5.0607735995e+07    9.8297521952e+02   -1.2446080574e+02   -1.5005108076e+03    3.3358310000e+18    2.2671196294e-05    0.0000000000e+00    1.0000000000e+00    0.0000000000e+00
   -5.8979802231e+05   -2.2643924293e+05   -3.6160599052e+06    2.7625330714e+02    3.7777337270e+01    1.9427834021e+03    3.3358310000e+18    2.2671196294e-05    0.0000000000e+00    1.0000000000e+00    0.0000000000e+00
    3.5194947424e+07    7.5184655588e+05   -1.5814365478e+07    8.5497406528e+02    1.9983746779e+01   -4.0031549994e+02    3.3349160000e+18    2.2664977711e-05    0.0000000000e+00    1.0000000000e+00    0.0000000000e+00
   -5.4120328995e+07    2.4521487139e+06   -2.3751980113e+07   -1.5997840162e+03    7.6618989154e+01   -7.0078279702e+02    3.3349160000e+18    2.2664977711e-05    0.0000000000e+00    1.0000000000e+00    0.0000000000e+00
   -7.6450130381e+06    6.0024622027e+05    5.7627239542e+06    6.1115208445e+02   -3.9172929898e+01   -4.9763264929e+02    3.3349160000e+18    2.2664977711e-05    0.0000000000e+00    1.0000000000e+00    0.0000000000e+00
    1.9379731886e+07    2.0407397898e+06   -1.0287816666e+07    1.2160162986e+02    1.3813077903e+01   -1.0595255660e+02    3.3349160000e+18    2.2664977711e-05    0.0000000000e+00    1.0000000000e+00    0.0000000000e+00
   -1.0455715018e+07    4.3356541603e+06    4.1474394981e+07   -2.7768563453e+02    1.2022948136e+02    1.0747995448e+03    3.3340020000e+18    2.2658765923e-05    0.0000000000e+00    1.0000000000e+00    0.0000000000e+00
    4.0828909276e+07    9.3559595432e+04    1.9742245279e+07    1.0991392289e+03    8.0134461791e+00    5.2182507064e+02    3.3340020000e+18    2.2658765923e-05    0.0000000000e+00    1.0000000000e+00    0.0000000000e+00
   -5.1417609855e+07   -4.8489825247e+06    1.7118279819e+07   -1.4819567957e+03   -1.4413431870e+02    4.9243328004e+02    3.3340020000e+18    2.2658765923e-05    0.0000000000e+00    1.0000000000e+00    0.0000000000e+00
    1.1892418019e+07   -1.7817786238e+04   -4.3276163920e+06   -4.4817346312e+02    4.8562564260e+00    1.5809452450e+02    3.3340020000e+18    2.2658765923e-05    0.0000000000e+00    1.0000000000e+00    0.0000000000e+00
    3.6569855437e+07    5.2738884100e+06   -2.1137412623e+07    9.4340375231e+02    1.4850460189e+02   -5.5469946791e+02    3.3340020000e+18    2.2658765923e-05    0.0000000000e+00    1.0000000000e+00    0.0000000000e+00
   -2.7906535531e+07    8.9652486866e+03   -5.2201424870e+06   -4.7514271385e+02    4.1985560758e+00   -9.1480831455e+01    3.3340020000e+18    2.2658765923e-05    0.0000000000e+00    1.0000000000e+00    0.0000000000e+00
    1.0241157411e+07   -3.3930215245e+05   -9.9113203238e+06   -2.4224092513e+02    2.5299440752e+01    2.5828506833e+02    3.3340020000e+18    2.2658765923e-05    0.0000000000e+00    1.0000000000e+00    0.0000000000e+00
   -1.7892398860e+07   -5.2813012723e+05   -3.5901119992e+07   -4.5013291595e+02   -1.4171026576e+01   -9.0424742088e+02    3.3340020000e+18    2.2658765923e-05    0.0000000000e+00    1.0000000000e+00    0.0000000000e+00
    5.9385585344e+05   -5.6324477585e+05   -2.1001048786e+07    2.2956052021e+01   -5.5190068732e+00   -9.8392089155e+01    3.3340020000e+18    2.2658765923e-05    0.0000000000e+00    1.0000000000e+00    0.0000000000e+00
   -3.0241958498e+07   -4.3682616684e+06    4.4543534822e+07   -8.7499259151e+02   -1.3270489290e+02    1.2778656323e+03    3.3340020000e+18    2.2658765923e-05    0.0000000000e+00    1.0000000000e+00    0.0000000000e+00
   -1.7756797941e+07   -4.2760822574e+06    1.3352887616e+07   -1.4418590194e+02   -6.2856074564e+01    1.0823624087e+02    3.3340020000e+18    2.2658765923e-05    0.0000000000e+00    1.0000000000e+00    0.0000000000e+00
    5.5262669018e+07    2.4650490110e+06    3.0378590196e+07    1.6535849018e+03    7.4510610105e+01    9.2203452479e+02    3.3340020000e+18    2.2658765923e-05    0.0000000000e+00    1.0000000000e+00    0.0000000000e+00
   -5.0606029271e+06    3.4185062846e+04   -2.5516173717e+06    1.2671043237e+03   -2.2972698180e+00    5.6722843394e+02    3.3340020000e+18    2.2658765923e-05    0.0000000000e+00    1.0000000000e+00    0.0000000000e+00
    1.5143291383e+07    4.0415179386e+05   -6.5326771867e+06   -1.8650077035e+02   -9.4297593697e+00    3.1084871118e+01    3.3340020000e+18    2.2658765923e-05    0.0000000000e+00    1.0000000000e+00    0.0000000000e+00
   -1.6031977945e+07    1.8422942985e+05   -2.5442938682e+07   -2.9749346687e+02    2.7175823719e+00   -4.8169976083e+02    3.3340020000e+18    2.2658765923e-05    0.0000000000e+00    1.0000000000e+00    0.0000000000e+00
    9.8135207636e+06    1.5323399725e+06   -7.1639736353e+06   -4.1963556176e+02   -6.3096131420e+01    2.9806558946e+02    3.3340020000e+18    2.2658765923e-05    0.0000000000e+00    1.0000000000e+00    0.0000000000e+00
    1.8948198507e+07   -1.3911443049e+06   -2.6214003475e+07    3.8628566949e+02   -3.1105035938e+01   -5.4740188057e+02    3.3340020000e+18    2.2658765923e-05    0.0000000000e+00    1.0000000000e+00    0.0000000000e+00
   -1.4769117880e+07   -1.2050619061e+06   -4.4737162038e+07   -3.9996187401e+02   -3.7874541316e+01   -1.2219728189e+03    3.3340020000e+18    2.2658765923e-05    0.0000000000e+00    1.0000000000e+00    0.0000000000e+00
    2.1709096266e+07    1.9179334857e+06    3.1347215803e+07    5.2162665789e+02    5.1726204186e+01    7.6204024934e+02    3.3321790000e+18    2.2646376329e-05    0.0000000000e+00    1.0000000000e+00    0.0000000000e+00
    3.8551141235e+07    1.3649753061e+07    2.4748369527e+07    1.0492958059e+03    3.9999526081e+02    6.8641042006e+02    3.3321790000e+18    2.2646376329e-05    0.0000000000e+00    1.0000000000e+00    0.0000000000e+00
    4.4943468176e+07    1.0043075597e+06   -2.5509582515e+07    1.2649453505e+03    3.2548457271e+01   -7.3660697863e+02    3.3321790000e+18    2.2646376329e-05    0.0000000000e+00    1.0000000000e+00    0.0000000000e+00
   -3.6494603352e+07    1.6284793076e+05   -2.0485178863e+07   -9.4305997405e+02    3.7032785080e+00   -5.2546948077e+02    3.3321790000e+18    2.2646376329e-05    0.0000000000e+00    1.0000000000e+00    0.0000000000e+00
   -4.9691979294e+07    4.4765703953e+06   -1.9682790587e+07   -1.4244453667e+03    1.3596682791e+02   -5.6605542988e+02    3.3321790000e+18    2.2646376329e-05    0.0000000000e+00    1.0000000000e+00    0.0000000000e+00
    2.6423852684e+06   -7.0092885760e+05   -2.2682011532e+07    1.2483344506e+01   -9.9570872152e+00   -2.0219440163e+02    3.3321790000e+18    2.2646376329e-05    0.0000000000e+00    1.0000000000e+00    0.0000000000e+00
   -5.9543089927e+06    2.4081417549e+06    5.3150568523e+07   -1.7564406521e+02    7.0736696992e+01    1.5245901527e+03    3.3321790000e+18    2.2646376329e-05    0.0000000000e+00    1.0000000000e+00    0.0000000000e+00
   -2.2707900111e+07   -1.0268174127e+06    3.5324805937e+07   -5.8287996018e+02   -2.8604741545e+01    9.1360657807e+02    3.3321790000e+18    2.2646376329e-05    0.0000000000e+00    1.0000000000e+00    0.0000000000e+00
   -3.6225720875e+07   -4.1564455999e+06    2.4827677526e+07   -9.5987837641e+02   -1.1672136709e+02    6.5413359067e+02    3.3321790000e+18    2.2646376329e-05    0.0000000000e+00    1.0000000000e+00    0.0000000000e+00
   -4.9240302939e+07   -7.2162863709e+06   -1.5773999813e+07   -1.3974742757e+03   -2.1680081749e+02   -4.5160522517e+02    3.3321790000e+18    2.2646376329e-05    0.0000000000e+00    1.0000000000e+00    0.0000000000e+00
    4.0125418904e+07   -2.4693328001e+06   -1.7988252447e+07    1.0555307333e+03   -7.2052363244e+01   -4.8708458888e+02    3.3321790000e+18    2.2646376329e-05    0.0000000000e+00    1.0000000000e+00    0.0000000000e+00
    1.5595699249e+07   -1.4767736419e+06   -2.4357054547e+07    2.8956607610e+02   -3.0557085842e+01   -4.2925441563e+02    3.3321790000e+18    2.2646376329e-05    0.0000000000e+00    1.0000000000e+00    0.0000000000e+00
   -1.7139379433e+07   -2.2496329625e+06   -3.8738951945e+07   -4.4140003628e+02   -6.1468021232e+01   -1.0062645230e+03    3.3321790000e+18    2.2646376329e-05    0.0000000000e+00    1.0000000000e+00    0.0000000000e+00
    9.8083830343e+05    1.2321023284e+06    1.1793520071e+07   -5.4662445415e+01   -2.9934918214e+01   -5.5148292013e+02    3.3303620000e+18    2.2634027513e-05    0.0000000000e+00    1.0000000000e+00    0.0000000000e+00
    1.1865309355e+07    2.6700235886e+06    9.3678967575e+06   -2.0050986676e+02   -1.0148164682e+01   -1.8271684145e+02    3.3303620000e+18    2.2634027513e-05    0.0000000000e+00    1.0000000000e+00    0.0000000000e+00
   -7.9329834044e+06    5.8228283477e+05    4.4676128021e+07   -2.2278492535e+02    2.1852366494e+01    1.1970314510e+03    3.3303620000e+18    2.2634027513e-05    0.0000000000e+00    1.0000000000e+00    0.0000000000e+00
   -3.3227670635e+07    5.1498737605e+06    6.0564135166e+07   -1.0189185991e+03    1.6413417612e+02    1.8511541605e+03    3.3303620000e+18    2.2634027513e-05    0.0000000000e+00    1.0000000000e+00    0.0000000000e+00
   -3.7877100046e+07    6.0340366292e+06    4.5004926453e+07   -1.1237171526e+03    1.8803357000e+02    1.3235645710e+03    3.3303620000e+18    2.2634027513e-05    0.0000000000e+00    1.0000000000e+00    0.0000000000e+00
   -2.4416751833e+07    1.0442003781e+06    2.7532349338e+07   -5.7792769775e+02    2.5861894564e+01    6.4938735617e+02    3.3303620000e+18    2.2634027513e-05    0.0000000000e+00    1.0000000000e+00    0.0000000000e+00
   -5.1916810430e+07    2.9748683767e+06    4.8583587177e+07   -1.5950176275e+03    9.6212310775e+01    1.4936549392e+03    3.3303620000e+18    2.2634027513e-05    0.0000000000e+00    1.0000000000e+00    0.0000000000e+00
   -4.4191793678e+07    2.5097701282e+06    9.0917274197e+06   -1.1827090550e+03    7.1967486934e+01    2.4114306583e+02    3.3303620000e+18    2.2634027513e-05    0.0000000000e+00    1.0000000000e+00    0.0000000000e+00
   -2.6718765103e+07    8.4237667920e+04    1.6177341179e+06   -4.0067069341e+02    8.1697201483e+00    1.6661745112e+01    3.3303620000e+18    2.2634027513e-05    0.0000000000e+00    1.0000000000e+00    0.0000000000e+00
    4.7978301660e+06    1.1646713526e+05   -3.2765604030e+06   -1.1347655410e+03    2.6335186500e+01    7.5755243853e+02    3.3303620000e+18    2.2634027513e-05    0.0000000000e+00    1.0000000000e+00    0.0000000000e+00
   -2.4149750191e+07    8.7285328908e+05    1.3017028949e+06   -2.7163096105e+02    8.0196253033e+00    2.3073985810e+01    3.3303620000e+18    2.2634027513e-05    0.0000000000e+00    1.0000000000e+00    0.0000000000e+00
   -4.0705173768e+07    1.7007271235e+06   -4.8386656148e+07   -1.2238804867e+03    5.3232048130e+01   -1.4485615984e+03    3.3303620000e+18    2.2634027513e-05    0.0000000000e+00    1.0000000000e+00    0.0000000000e+00
   -1.3360244508e+07   -1.9793732877e+06   -8.5003042731e+06    1.9159988168e+02    2.1637624759e+01    1.1251176554e+02    3.3303620000e+18    2.2634027513e-05    0.0000000000e+00    1.0000000000e+00    0.0000000000e+00
   -4.9063432868e+06    5.4969237806e+05    2.4893787621e+07   -4.9637141046e+01    6.7180508633e+00    3.2891055939e+02    3.3303620000e+18    2.2634027513e-05    0.0000000000e+00    1.0000000000e+00    0.0000000000e+00
    7.2928163589e+06    1.2573008864e+06    7.0799810458e+06   -5.4050266346e+02   -8.9098920873e+01   -4.6401578048e+02    3.3303620000e+18    2.2634027513e-05    0.0000000000e+00    1.0000000000e+00    0.0000000000e+00
    2.2011029519e+07    7.1511532499e+05   -6.0282218618e+04    1.5875040915e+02    8.0903447502e+00   -1.0929581353e+01    3.3303620000e+18    2.2634027513e-05    0.0000000000e+00    1.0000000000e+00    0.0000000000e+00
   -2.0100035208e+07   -1.5637702488e+06   -1.8188928291e+07   -3.1023832238e+02   -2.9666196842e+01   -2.8953403481e+02    3.3303620000e+18    2.2634027513e-05    0.0000000000e+00    1.0000000000e+00    0.0000000000e+00
    3.6027346251e+07    3.4809739448e+05   -3.3483909818e+07    9.9587362285e+02    6.9511872066e+00   -9.3697137728e+02    3.3303620000e+18    2.2634027513e-05    0.0000000000e+00    1.0000000000e+00    0.0000000000e+00
    2.6662453617e+06    5.3686312595e+06    3.8572014176e+07    7.4951511336e+01    1.4413688457e+02    9.5062370221e+02    3.3285510000e+18    2.2621719475e-05    0.0000000000e+00    1.0000000000e+00    0.0000000000e+00
    4.1070578539e+07   -1.5499443281e+06    2.9456333520e+07    1.1582987231e+03   -4.5310746315e+01    8.2647770241e+02    3.3285510000e+18    2.2621719475e-05    0.0000000000e+00    1.0000000000e+00    0.0000000000e+00
   -5.2890767926e+07    2.0376147252e+06   -3.7135861224e+07   -1.5919018156e+03    6.4210052024e+01   -1.1229664482e+03    3.3285510000e+18    2.2621719475e-05    0.0000000000e+00    1.0000000000e+00    0.0000000000e+00
    1.2843915805e+07    4.1792231257e+06   -5.0017028804e+07    3.5834220996e+02    1.2519309763e+02   -1.4179978409e+03    3.3285510000e+18    2.2621719475e-05    0.0000000000e+00    1.0000000000e+00    0.0000000000e+00
    2.0374110370e+07   -2.7269557515e+06    4.1235748235e+07    5.4866055770e+02   -8.1255461439e+01    1.1152230152e+03    3.3285510000e+18    2.2621719475e-05    0.0000000000e+00    1.0000000000e+00    0.0000000000e+00
   -8.9007684365e+06   -8.5369720158e+05    2.8482908674e+07   -1.7069819032e+02   -1.7257989799e+01    5.3138089916e+02    3.3285510000e+18    2.2621719475e-05    0.0000000000e+00    1.0000000000e+00    0.0000000000e+00
   -3.5219553870e+07   -5.0385213573e+06    1.0317755493e+07   -8.3055664431e+02   -1.3412436701e+02    2.4141551094e+02    3.3285510000e+18    2.2621719475e-05    0.0000000000e+00    1.0000000000e+00    0.0000000000e+00
   -7.4797929942e+07   -9.8742509507e+05   -9.6101060662e+06   -2.3193107675e+03   -3.3058277785e+01   -2.9963515415e+02    3.3285510000e+18    2.2621719475e-05    0.0000000000e+00    1.0000000000e+00    0.0000000000e+00
    3.7811016717e+06    1.4912355134e+06   -4.4628880086e+07    1.0686425007e+02    4.1211885948e+01   -1.1948110899e+03    3.3285510000e+18    2.2621719475e-05    0.0000000000e+00    1.0000000000e+00    0.0000000000e+00
