#   x1                  x2                  x3                  v1                  v2                  v3                  mass                rel_mass            mat0_frac           mat1_frac           mat2_frac
   -9.1004124393e+07   -3.2800530922e+08    3.2828143452e+04   -2.4975536199e+03   -8.2525573545e+03    4.0515608136e+00    5.9703555877e+24    4.9767585740e-01    8.0699616568e-01    1.9300383432e-01    0.0000000000e+00
    9.0960748360e+07    3.2801680813e+08    8.3967322640e+04    2.4951416545e+03    8.2521795405e+03    4.8434768669e+00    5.9696232689e+24    4.9761481289e-01    8.0709516329e-01    1.9290483671e-01    0.0000000000e+00
    3.9198684579e+07    8.5435992329e+07    2.2283887648e+07    9.8013541572e+02    2.4978513483e+03    4.8589309865e+02    2.8131750000e+20    2.3450014988e-05    0.0000000000e+00    1.0000000000e+00    0.0000000000e+00
   -5.9329396219e+07   -3.0807742761e+08   -1.1123700800e+06   -3.8456013876e+03   -1.0536307660e+04   -2.4333140643e+02    2.5950530000e+20    2.1631797433e-05    0.0000000000e+00    1.0000000000e+00    0.0000000000e+00
   -2.7233588421e+07   -1.9849120593e+08    4.9779296769e+06   -1.0162933065e+03   -5.9791508703e+03   -4.6752031870e+01    2.5679250000e+20    2.1405664325e-05    0.0000000000e+00    1.0000000000e+00    0.0000000000e+00
   -3.1816962655e+05    1.5489492384e+07   -4.5592156022e+06   -1.6306588052e+01    4.3993564404e+02   -1.1939902800e+02    2.5679250000e+20    2.1405664325e-05    0.0000000000e+00    1.0000000000e+00    0.0000000000e+00
   -4.4876348302e+07   -2.6463065811e+08    3.1231085395e+06   -1.9160942081e+03   -8.4934285243e+03   -8.0597600665e+01    2.5679250000e+20    2.1405664325e-05    0.0000000000e+00    1.0000000000e+00    0.0000000000e+00
    1.7689207699e+07   -2.4745768556e+07    2.6282722392e+07    3.7317842229e+02   -6.9685522981e+02    5.1587171606e+02    2.5498440000e+20    2.1254945041e-05    0.0000000000e+00    1.0000000000e+00    0.0000000000e+00
    5.6432158084e+07    2.9161364340e+08   -2.9648378780e+06    2.7715889297e+03    9.9107903675e+03   -4.2830779090e+01    2.5136840000e+20    2.0953523145e-05    0.0000000000e+00    1.0000000000e+00    0.0000000000e+00
   -1.5867907728e+06   -6.4139022976e+07   -3.2955201209e+06   -1.4297421315e+02   -1.8525757005e+03   -2.9782950574e+01    2.5136840000e+20    2.0953523145e-05    0.0000000000e+00    1.0000000000e+00    0.0000000000e+00
   -3.8342555315e+07    1.1068833687e+07    7.1589951802e+07   -8.9184509300e+02    2.9162145853e+02    1.5887087480e+03    2.4865550000e+20    2.0727381701e-05    0.0000000000e+00    1.0000000000e+00    0.0000000000e+00
    5.4353539808e+07    2.0435052594e+08    4.1171582809e+06    1.4549461442e+03    6.2794683094e+03   -1.0363973337e+02    2.4865550000e+20    2.0727381701e-05    0.0000000000e+00    1.0000000000e+00    0.0000000000e+00
   -2.9131551307e+06    1.1311726062e+08    5.7257701228e+06    1.1587071952e+02    3.2732755832e+03    1.9580694872e+02    2.4865550000e+20    2.0727381701e-05    0.0000000000e+00    1.0000000000e+00    0.0000000000e+00
   -3.2427602988e+06    1.4713516098e+08   -8.7510194431e+06    9.5127174387e+01    4.2797995004e+03   -1.8616820656e+02    2.4865550000e+20    2.0727381701e-05    0.0000000000e+00    1.0000000000e+00    0.0000000000e+00
   -5.3333897408e+07   -2.6556286074e+08    1.3915270914e+06   -2.0661626022e+03   -8.6597047661e+03   -3.6008529910e+02    2.4775090000e+20    2.0651976213e-05    0.0000000000e+00    1.0000000000e+00    0.0000000000e+00
   -2.6603649466e+07   -2.4647036111e+08    4.8174219577e+06   -1.4034380996e+03   -7.5457245410e+03    3.7783775651e+02    2.4775090000e+20    2.0651976213e-05    0.0000000000e+00    1.0000000000e+00    0.0000000000e+00
    3.8287145228e+07    2.0418325537e+08   -3.0887381089e+07    1.2224691099e+03    6.1533995457e+03   -4.5313765730e+02    2.4684610000e+20    2.0576554052e-05    0.0000000000e+00    1.0000000000e+00    0.0000000000e+00
    3.6493302302e+07    1.8065594065e+08    9.5417544884e+06    1.1190120714e+03    5.4227426731e+03   -1.6623112458e+01    2.4594110000e+20    2.0501115221e-05    0.0000000000e+00    1.0000000000e+00    0.0000000000e+00
   -4.0573128447e+07    8.4744110027e+07    2.0512573496e+07   -8.3602800535e+02    2.3957690938e+03    3.9510009487e+02    2.4594110000e+20    2.0501115221e-05    0.0000000000e+00    1.0000000000e+00    0.0000000000e+00
   -1.8590913987e+07   -2.1326869448e+08    4.5146463410e+06   -8.6302979584e+02   -6.4171470421e+03    7.6334355892e+01    2.4594110000e+20    2.0501115221e-05    0.0000000000e+00    1.0000000000e+00    0.0000000000e+00
   -4.7297602636e+07   -2.3731390999e+08   -4.2828809742e+06   -1.5505660547e+03   -7.4686602172e+03    1.0435372389e+01    2.4594110000e+20    2.0501115221e-05    0.0000000000e+00    1.0000000000e+00    0.0000000000e+00
    3.0798865831e+07    2.5423857345e+08    1.8028046294e+07    1.5258465077e+03    7.7828584068e+03   -8.9654480932e+01    2.4503580000e+20    2.0425651381e-05    0.0000000000e+00    1.0000000000e+00    0.0000000000e+00
   -7.8265342968e+07   -3.2932407116e+08   -7.7083219065e+06   -7.7316776437e+03   -1.1175825956e+04    1.2604020384e+03    2.4503580000e+20    2.0425651381e-05    0.0000000000e+00    1.0000000000e+00    0.0000000000e+00
   -8.7072286340e+06   -1.5788072774e+07   -1.7138654308e+07   -1.8555235908e+02   -4.5105720743e+02   -3.2375079207e+02    2.4413010000e+20    2.0350154199e-05    0.0000000000e+00    1.0000000000e+00    0.0000000000e+00
   -4.7605151400e+07    5.9747342011e+07    1.1977941817e+07   -1.0593353783e+03    1.6750128634e+03    3.1175001900e+02    2.4413010000e+20    2.0350154199e-05    0.0000000000e+00    1.0000000000e+00    0.0000000000e+00
   -9.4611828954e+06    2.2274416736e+07   -3.0955513994e+07   -2.0578310287e+02    6.3572712449e+02   -6.6277594844e+02    2.4231790000e+20    2.0199093148e-05    0.0000000000e+00    1.0000000000e+00    0.0000000000e+00
   -3.3282415453e+07    7.2027330546e+07   -2.6565522255e+07   -7.1963417511e+02    2.0222211394e+03   -4.8720036627e+02    2.4231790000e+20    2.0199093148e-05    0.0000000000e+00    1.0000000000e+00    0.0000000000e+00
   -2.0301329723e+07    8.8147046027e+07   -6.9124893463e+07   -4.2570143901e+02    2.4704195065e+03   -1.4904517107e+03    2.4231790000e+20    2.0199093148e-05    0.0000000000e+00    1.0000000000e+00    0.0000000000e+00
    1.0378058866e+07    2.4043742843e+07    1.8911006178e+07    2.7953099196e+02    6.8912004993e+02    3.3532944861e+02    2.4050400000e+20    2.0047890389e-05    0.0000000000e+00    1.0000000000e+00    0.0000000000e+00
   -3.6605255668e+07   -1.0795665879e+08    2.5283560450e+06   -9.0014726556e+02   -3.1736428047e+03    4.0483257678e+01    2.4050400000e+20    2.0047890389e-05    0.0000000000e+00    1.0000000000e+00    0.0000000000e+00
   -6.4693840314e+07   -6.1082466230e+06   -1.5611612730e+07   -1.5303093750e+03   -2.1240900165e+02   -3.2722792139e+02    2.4050400000e+20    2.0047890389e-05    0.0000000000e+00    1.0000000000e+00    0.0000000000e+00
   -1.2901654033e+07   -1.2980936987e+08    6.5416224718e+06   -5.1050629268e+02   -3.7988376598e+03    1.5371153309e+02    2.4050400000e+20    2.0047890389e-05    0.0000000000e+00    1.0000000000e+00    0.0000000000e+00
    5.7343359370e+07    2.5955322882e+07    1.1698157434e+07    1.3690174726e+03    7.8337840014e+02    2.0441186904e+02    2.4050400000e+20    2.0047890389e-05    0.0000000000e+00    1.0000000000e+00    0.0000000000e+00
   -3.7169091742e+07    1.0975521884e+08    1.1390912843e+07   -7.2604082765e+02    3.1200600052e+03    2.2904856877e+02    2.4050400000e+20    2.0047890389e-05    0.0000000000e+00    1.0000000000e+00    0.0000000000e+00
    2.2298844853e+07   -1.6903926350e+08   -6.5061436825e+07    2.8881641612e+02   -4.7343212114e+03   -1.1738057124e+03    2.4050400000e+20    2.0047890389e-05    0.0000000000e+00    1.0000000000e+00    0.0000000000e+00
    5.7324206615e+07    3.0229679492e+08   -7.2206257076e+06    3.4629720840e+03    1.0181763173e+04   -6.1712856015e+02    2.3868820000e+20    1.9896529250e-05    0.0000000000e+00    1.0000000000e+00    0.0000000000e+00
   -2.7975718869e+07   -2.0873755088e+08   -1.0036395090e+07   -1.0232475885e+03   -6.3154113837e+03   -3.5084512733e+02    2.3868820000e+20    1.9896529250e-05    0.0000000000e+00    1.0000000000e+00    0.0000000000e+00
    9.9946416278e+06   -2.8885429263e+07    9.6524249940e+06    1.8433694390e+02   -8.2440968917e+02    1.7444602972e+02    2.3868820000e+20    1.9896529250e-05    0.0000000000e+00    1.0000000000e+00    0.0000000000e+00
   -3.6303580471e+07    7.1638469653e+07   -2.8197360499e+07   -7.2984563496e+02    2.0289627867e+03   -5.6307035995e+02    2.3868820000e+20    1.9896529250e-05    0.0000000000e+00    1.0000000000e+00    0.0000000000e+00
    4.5773422515e+07    2.7638410488e+08    6.5449838446e+06    2.2764156343e+03    8.9184012052e+03    1.7829423274e+02    2.3868820000e+20    1.9896529250e-05    0.0000000000e+00    1.0000000000e+00    0.0000000000e+00
    3.4364294197e+07   -2.7675127327e+07    4.1899729025e+07    7.6079604710e+02   -7.6106315445e+02    8.0122833935e+02    2.3868820000e+20    1.9896529250e-05    0.0000000000e+00    1.0000000000e+00    0.0000000000e+00
    3.1826374315e+07    1.1058488158e+08   -5.8528248784e+06    7.9416510095e+02    3.2386940060e+03   -2.0963942889e+01    2.3868820000e+20    1.9896529250e-05    0.0000000000e+00    1.0000000000e+00    0.0000000000e+00
   -7.7572516244e+06    8.2308058756e+07    7.2107632805e+07   -1.0879854010e+02    2.3225497604e+03    1.5421455345e+03    2.3777950000e+20    1.9820781995e-05    0.0000000000e+00    1.0000000000e+00    0.0000000000e+00
   -1.0872733202e+07    1.3782155433e+08    1.4164790520e+07   -3.4170783573e+01    3.9775642150e+03    2.2984317628e+02    2.3777950000e+20    1.9820781995e-05    0.0000000000e+00    1.0000000000e+00    0.0000000000e+00
    4.9565646437e+07    8.1395119157e+07   -5.4032342316e+07    1.2532914380e+03    2.3549570595e+03   -1.0483532018e+03    2.3777950000e+20    1.9820781995e-05    0.0000000000e+00    1.0000000000e+00    0.0000000000e+00
    1.2319364309e+07    2.5660221108e+08   -1.4316760974e+07    1.1508775569e+03    7.6033067000e+03    2.3911935250e+02    2.3777950000e+20    1.9820781995e-05    0.0000000000e+00    1.0000000000e+00    0.0000000000e+00
    4.7155102226e+07    2.0001117380e+08    3.3859313703e+06    1.3402891142e+03    6.1201398499e+03    1.1776793495e+02    2.3777950000e+20    1.9820781995e-05    0.0000000000e+00    1.0000000000e+00    0.0000000000e+00
   -4.5105874916e+06   -1.1239809245e+08   -3.8194877930e+07   -2.6187384122e+02   -3.2251300749e+03   -6.3391266895e+02    2.3777950000e+20    1.9820781995e-05    0.0000000000e+00    1.0000000000e+00    0.0000000000e+00
    1.5416239567e+07   -1.0873509460e+08   -4.8012650150e+06    2.0837790974e+02   -3.1225178132e+03   -1.4194238868e+01    2.3596040000e+20    1.9669145775e-05    0.0000000000e+00    1.0000000000e+00    0.0000000000e+00
   -5.8037362932e+07   -5.6823986961e+07    1.9253428577e+07   -1.3891124015e+03   -1.6737887640e+03    4.0087080677e+02    2.3504980000e+20    1.9593240139e-05    0.0000000000e+00    1.0000000000e+00    0.0000000000e+00
   -4.5328056487e+07   -2.8702075873e+08   -1.1355733848e+05   -2.5594552357e+03   -9.1867679372e+03    6.7749700767e+02    2.3504980000e+20    1.9593240139e-05    0.0000000000e+00    1.0000000000e+00    0.0000000000e+00
   -1.7421271763e+07   -9.3180185546e+07    1.5893030546e+07   -5.2345808769e+02   -2.7022747359e+03    2.2029787001e+02    2.3413860000e+20    1.9517284489e-05    0.0000000000e+00    1.0000000000e+00    0.0000000000e+00
   -6.7113171955e+07   -1.4528131186e+08    1.2428704314e+07   -1.6150150126e+03   -4.3313716585e+03    1.6835596174e+02    2.3322670000e+20    1.9441270488e-05    0.0000000000e+00    1.0000000000e+00    0.0000000000e+00
    7.5456007259e+07    3.2602066308e+08    8.3843222900e+06    6.7050109505e+03    1.1513630494e+04   -1.1240904107e+03    2.3322670000e+20    1.9441270488e-05    0.0000000000e+00    1.0000000000e+00    0.0000000000e+00
   -1.5218675204e+07   -1.7602196202e+08    2.5802088531e+07   -6.5888126255e+02   -5.1626442429e+03    3.0305481415e+02    2.3322670000e+20    1.9441270488e-05    0.0000000000e+00    1.0000000000e+00    0.0000000000e+00
    6.7869799269e+07    2.3914415452e+08    8.9219635692e+06    1.6928429832e+03    7.6248260693e+03   -1.7865093444e+02    2.3322670000e+20    1.9441270488e-05    0.0000000000e+00    1.0000000000e+00    0.0000000000e+00
    4.3293065430e+07    3.8884373096e+07   -5.3865387458e+07    1.0274849845e+03    1.1301486346e+03   -1.0827543153e+03    2.3322670000e+20    1.9441270488e-05    0.0000000000e+00    1.0000000000e+00    0.0000000000e+00
   -4.0410446450e+07   -1.2785323932e+08   -1.4359655364e+06   -9.9968887547e+02   -3.7742977912e+03    2.8829286029e+00    2.3231400000e+20    1.9365189801e-05    0.0000000000e+00    1.0000000000e+00    0.0000000000e+00
    4.6994431175e+06    2.2689905951e+08    2.6124516689e+06    7.1376322822e+02    6.7035015262e+03   -2.8411739665e+02    2.3140040000e+20    1.9289034092e-05    0.0000000000e+00    1.0000000000e+00    0.0000000000e+00
   -4.2194804157e+07    1.4099089672e+08    1.2413905862e+07   -7.6600263480e+02    3.9778906097e+03    7.2357460735e+01    2.3140040000e+20    1.9289034092e-05    0.0000000000e+00    1.0000000000e+00    0.0000000000e+00
   -2.1801134617e+07   -2.1520432986e+08    2.9482057771e+07   -9.4339985665e+02   -6.3427699224e+03    1.3071506158e+02    2.3140040000e+20    1.9289034092e-05    0.0000000000e+00    1.0000000000e+00    0.0000000000e+00
    3.6911737804e+07    2.4858225389e+08    5.1592687295e+04    1.6489767511e+03    7.7619787245e+03   -1.5916724437e+01    2.2957080000e+20    1.9136522615e-05    0.0000000000e+00    1.0000000000e+00    0.0000000000e+00
   -3.7772936974e+07   -1.9373380630e+08    1.9335895548e+06   -1.1019796673e+03   -5.8733552072e+03    1.6099168251e+02    2.2957080000e+20    1.9136522615e-05    0.0000000000e+00    1.0000000000e+00    0.0000000000e+00
   -5.3140457683e+07    8.4522932517e+07   -9.7310736964e+07   -1.1981114300e+03    2.3146683524e+03   -2.1270837429e+03    2.2957080000e+20    1.9136522615e-05    0.0000000000e+00    1.0000000000e+00    0.0000000000e+00
    3.7848525033e+07    5.3888070148e+07    1.1670026400e+08    9.4725577392e+02    1.5160446384e+03    2.5932396607e+03    2.2589990000e+20    1.8830524374e-05    0.0000000000e+00    1.0000000000e+00    0.0000000000e+00
   -7.3789364149e+07   -5.8537765950e+07    4.3713384551e+07   -1.7388713876e+03   -1.6920641941e+03    8.3397028262e+02    2.2589990000e+20    1.8830524374e-05    0.0000000000e+00    1.0000000000e+00    0.0000000000e+00
   -4.4198205260e+07    7.4127087974e+07    4.2914230530e+07   -9.4386055368e+02    2.0795703362e+03    9.1381864996e+02    2.2589990000e+20    1.8830524374e-05    0.0000000000e+00    1.0000000000e+00    0.0000000000e+00
    5.9559782657e+07    1.3626697865e+08    2.7961158687e+07    1.4272669572e+03    3.9989437451e+03    4.0194442259e+02    2.2589990000e+20    1.8830524374e-05    0.0000000000e+00    1.0000000000e+00    0.0000000000e+00
    8.8584527476e+07   -7.0315260131e+07    1.0976790458e+08    2.0882001082e+03   -1.8917404604e+03    2.4498551636e+03    2.2589990000e+20    1.8830524374e-05    0.0000000000e+00    1.0000000000e+00    0.0000000000e+00
    4.9110284480e+07   -6.8902133635e+07   -2.2138409806e+07    1.0812908527e+03   -1.9270988878e+03   -3.8667292266e+02    2.2589990000e+20    1.8830524374e-05    0.0000000000e+00    1.0000000000e+00    0.0000000000e+00
   -5.2653959924e+07   -2.9626827864e+08    3.0530324624e+06   -2.9639149954e+03   -9.8965615616e+03    1.3585202084e+02    2.2589990000e+20    1.8830524374e-05    0.0000000000e+00    1.0000000000e+00    0.0000000000e+00
   -6.2722589244e+07   -1.7644251257e+08   -8.8487186132e+06   -1.4921582777e+03   -5.3305239814e+03   -3.0078352993e+02    2.2497940000e+20    1.8753793496e-05    0.0000000000e+00    1.0000000000e+00    0.0000000000e+00
   -5.8945319089e+06    1.0851899785e+08   -4.3759603962e+07    2.4832912472e+01    3.1039165953e+03   -8.3390084265e+02    2.2497940000e+20    1.8753793496e-05    0.0000000000e+00    1.0000000000e+00    0.0000000000e+00
    4.7371235395e+07    1.9374323769e+08   -1.4740258082e+07    1.2369602843e+03    5.8927857546e+03   -3.8735279447e+02    2.2497940000e+20    1.8753793496e-05    0.0000000000e+00    1.0000000000e+00    0.0000000000e+00
    4.6107840781e+07    4.5993355753e+07   -2.4135248659e+07    1.0894592342e+03    1.3398731402e+03   -3.8487998061e+02    2.2497940000e+20    1.8753793496e-05    0.0000000000e+00    1.0000000000e+00    0.0000000000e+00
    1.6858523368e+07    1.3065234952e+08   -1.7052445656e+07    5.0191362209e+02    3.8039027446e+03   -2.0274661733e+02    2.2497940000e+20    1.8753793496e-05    0.0000000000e+00    1.0000000000e+00    0.0000000000e+00
   -3.1618629136e+07   -1.3500926190e+08    2.6935742479e+07   -8.6079133062e+02   -3.9557324929e+03    3.8021180982e+02    2.2405790000e+20    1.8676979260e-05    0.0000000000e+00    1.0000000000e+00    0.0000000000e+00
    4.4578046648e+07    9.3074561759e+07    8.2101512806e+06    1.1060370394e+03    2.7236737130e+03    5.7861015258e+01    2.2405790000e+20    1.8676979260e-05    0.0000000000e+00    1.0000000000e+00    0.0000000000e+00
    5.5846820359e+07    2.7094703387e+08    1.3516156102e+07    2.0384054508e+03    8.8315437446e+03   -4.2702735649e+02    2.2405790000e+20    1.8676979260e-05    0.0000000000e+00    1.0000000000e+00    0.0000000000e+00
   -4.9215825923e+07   -1.6604647899e+08   -4.5504611940e+06   -1.2325206825e+03   -4.9823626274e+03   -1.2207713324e+01    2.2405790000e+20    1.8676979260e-05    0.0000000000e+00    1.0000000000e+00    0.0000000000e+00
    3.8339129982e+07    1.5012731651e+08   -6.9901873102e+07    1.0436926777e+03    4.3027080439e+03   -1.2734810335e+03    2.2405790000e+20    1.8676979260e-05    0.0000000000e+00    1.0000000000e+00    0.0000000000e+00
    1.2076637339e+06    5.9441187182e+06   -7.9821530748e+07    4.2210875857e+01    1.6114129098e+02   -1.6760205366e+03    2.2405790000e+20    1.8676979260e-05    0.0000000000e+00    1.0000000000e+00    0.0000000000e+00
   -3.6572812079e+07   -2.8382418812e+08    3.1305045343e+07   -1.9497120634e+03   -8.4121525799e+03   -5.3467112242e+02    2.2405790000e+20    1.8676979260e-05    0.0000000000e+00    1.0000000000e+00    0.0000000000e+00
    9.6123819386e+07    8.7668242937e+07   -1.7250682639e+07    2.2444101481e+03    2.5610503212e+03   -3.8358014837e+02    2.2405790000e+20    1.8676979260e-05    0.0000000000e+00    1.0000000000e+00    0.0000000000e+00
    1.2927631199e+08    1.6549131857e+08   -9.2816927422e+06    2.8705118080e+03    4.8468604717e+03   -1.4418545985e+02    2.2405790000e+20    1.8676979260e-05    0.0000000000e+00    1.0000000000e+00    0.0000000000e+00
    2.0817764559e+07   -1.7546366943e+07   -1.0938480293e+08    4.8870149030e+02   -4.7409249540e+02   -2.4456079750e+03    2.2405790000e+20    1.8676979260e-05    0.0000000000e+00    1.0000000000e+00    0.0000000000e+00
   -9.7948380848e+07   -2.2004172332e+08   -7.1269503923e+07   -2.2337888926e+03   -6.3582681283e+03   -9.7366046883e+02    2.2405790000e+20    1.8676979260e-05    0.0000000000e+00    1.0000000000e+00    0.0000000000e+00
   -5.5160529907e+07   -2.0422137888e+08   -8.4618796006e+06   -1.4532893129e+03   -6.2580059341e+03    8.2004211184e+01    2.2313510000e+20    1.8600056659e-05    0.0000000000e+00    1.0000000000e+00    0.0000000000e+00
    3.5803316943e+07    2.7683472237e+08    3.4060828785e+06    2.1283751399e+03    8.6814255180e+03    3.0235394305e+02    2.2313510000e+20    1.8600056659e-05    0.0000000000e+00    1.0000000000e+00    0.0000000000e+00
    6.5753024443e+07    2.7183799140e+08   -1.0105199906e+07    1.8716643727e+03    9.0883804040e+03    5.0455166661e+02    2.2313510000e+20    1.8600056659e-05    0.0000000000e+00    1.0000000000e+00    0.0000000000e+00
    1.6377454821e+07   -3.3148401785e+07   -5.1817684123e+07    3.4545413018e+02   -9.2583440061e+02   -1.1265172698e+03    2.2313510000e+20    1.8600056659e-05    0.0000000000e+00    1.0000000000e+00    0.0000000000e+00
   -3.5220992008e+07    1.6300470059e+07    1.0971331562e+08   -8.2793958215e+02    4.3804834609e+02    2.4189653922e+03    2.2221100000e+20    1.8523025693e-05    0.0000000000e+00    1.0000000000e+00    0.0000000000e+00
   -1.5504555051e+07    2.2005454089e+07    7.0014145178e+07   -3.3350206472e+02    6.1279291063e+02    1.4599433591e+03    2.2221100000e+20    1.8523025693e-05    0.0000000000e+00    1.0000000000e+00    0.0000000000e+00
    1.4460359212e+07    4.3990169298e+07    3.4652043151e+06    3.9710900195e+02    1.2733825031e+03    1.3461353169e+02    2.2221100000e+20    1.8523025693e-05    0.0000000000e+00    1.0000000000e+00    0.0000000000e+00
   -1.4813219836e+08   -9.4609041017e+07   -5.4605788679e+07   -3.4876289475e+03   -2.6696764581e+03   -1.1706309568e+03    2.2221100000e+20    1.8523025693e-05    0.0000000000e+00    1.0000000000e+00    0.0000000000e+00
    4.6676612490e+07    3.0843937428e+08    5.7964706494e+06    3.4735721854e+03    9.7489272195e+03    8.2802535876e+01    2.2221100000e+20    1.8523025693e-05    0.0000000000e+00    1.0000000000e+00    0.0000000000e+00
    8.9515820866e+07    1.5044644256e+08   -2.7136097575e+07    2.0764770007e+03    4.4468444813e+03   -4.8820616561e+02    2.2221100000e+20    1.8523025693e-05    0.0000000000e+00    1.0000000000e+00    0.0000000000e+00
    7.7755189612e+07    2.7007484065e+08    6.6612642226e+06    1.7979389644e+03    9.2259900285e+03   -1.3079608537e+01    2.2221100000e+20    1.8523025693e-05    0.0000000000e+00    1.0000000000e+00    0.0000000000e+00
   -4.7115235143e+07   -2.4132163517e+07   -4.3699571254e+07   -1.0963181269e+03   -7.0875371061e+02   -8.6991409468e+02    2.2035890000e+20    1.8368638665e-05    0.0000000000e+00    1.0000000000e+00    0.0000000000e+00
    6.1796888575e+07   -6.9322405861e+07    4.6583556802e+07    1.3681638229e+03   -1.9215991955e+03    9.7286350997e+02    2.2035890000e+20    1.8368638665e-05    0.0000000000e+00    1.0000000000e+00    0.0000000000e+00
    1.1003050154e+08    1.3175099682e+07   -1.0460170652e+08    2.6446388711e+03    3.8516750089e+02   -2.3814385593e+03    2.2035890000e+20    1.8368638665e-05    0.0000000000e+00    1.0000000000e+00    0.0000000000e+00
   -1.5808745597e+07    1.6750338935e+08    3.2537255482e+06   -2.0349677320e+01    4.8429451280e+03    1.5586041676e+02    2.1850100000e+20    1.8213768162e-05    0.0000000000e+00    1.0000000000e+00    0.0000000000e+00
    4.0002950147e+07    2.3986256008e+08   -6.2886971959e+07    1.3196770480e+03    6.9535757257e+03   -6.3555350229e+02    2.1850100000e+20    1.8213768162e-05    0.0000000000e+00    1.0000000000e+00    0.0000000000e+00
   -5.5675174086e+07    9.1560483576e+07   -1.3235352498e+08   -1.2918574636e+03    2.4773788156e+03   -2.9580277434e+03    2.1850100000e+20    1.8213768162e-05    0.0000000000e+00    1.0000000000e+00    0.0000000000e+00
    4.3198726937e+06   -1.6681150006e+08    1.6473847832e+07   -2.2709532568e+02   -4.8660798592e+03    3.3748688978e+02    2.1850100000e+20    1.8213768162e-05    0.0000000000e+00    1.0000000000e+00    0.0000000000e+00
    1.3873496148e+06    7.0772286362e+07    1.5923075979e+08    7.9502638087e+01    1.9186826824e+03    3.6317080104e+03    2.1663710000e+20    1.8058397511e-05    0.0000000000e+00    1.0000000000e+00    0.0000000000e+00
   -8.3447905513e+07   -7.9660486505e+07    7.6545942260e+07   -1.9850300701e+03   -2.2670371203e+03    1.6050398090e+03    2.1663710000e+20    1.8058397511e-05    0.0000000000e+00    1.0000000000e+00    0.0000000000e+00
   -7.0141584903e+07   -1.4452391287e+08   -1.2039673411e+08   -1.7308739934e+03   -4.0328916285e+03   -2.5718530451e+03    2.1663710000e+20    1.8058397511e-05    0.0000000000e+00    1.0000000000e+00    0.0000000000e+00
   -8.6741854251e+07   -1.8514730022e+08   -5.0356050359e+07   -2.0209743996e+03   -5.4559192858e+03   -7.4362238938e+02    2.1663710000e+20    1.8058397511e-05    0.0000000000e+00    1.0000000000e+00    0.0000000000e+00
    2.7279156218e+07   -1.8064837239e+08    1.1151913030e+07    2.7584334869e+02   -5.1689925587e+03    4.5095271277e+01    2.1663710000e+20    1.8058397511e-05    0.0000000000e+00    1.0000000000e+00    0.0000000000e+00
   -1.0953742174e+07   -1.5491392445e+08    9.6101001958e+07   -4.2749550594e+02   -4.3374828237e+03    1.9121507942e+03    2.1663710000e+20    1.8058397511e-05    0.0000000000e+00    1.0000000000e+00    0.0000000000e+00
   -3.3178073406e+07   -5.5301370597e+07   -4.0966438108e+07   -8.2329169084e+02   -1.5980964481e+03   -8.2564125961e+02    2.1663710000e+20    1.8058397511e-05    0.0000000000e+00    1.0000000000e+00    0.0000000000e+00
   -7.3710509440e+07   -9.1873569126e+06   -3.0715887992e+07   -1.7180199021e+03   -2.9851472024e+02   -5.0480962095e+02    2.1570260000e+20    1.7980499624e-05    0.0000000000e+00    1.0000000000e+00    0.0000000000e+00
    2.4060665654e+07    2.6765227333e+08   -1.0321830272e+06    1.6540184642e+03    8.0752185620e+03    6.0414145285e+02    2.1570260000e+20    1.7980499624e-05    0.0000000000e+00    1.0000000000e+00    0.0000000000e+00
    2.6859357901e+07   -2.0208304844e+08    4.3515965583e+07    2.2578460317e+02   -5.7123095915e+03    6.5873783123e+02    2.1570260000e+20    1.7980499624e-05    0.0000000000e+00    1.0000000000e+00    0.0000000000e+00
    2.4494823628e+07    5.1716320082e+07   -5.8146226443e+06    5.7744027870e+02    1.4994697024e+03   -1.3421606518e+02    2.1570260000e+20    1.7980499624e-05    0.0000000000e+00    1.0000000000e+00    0.0000000000e+00
   -8.8864970579e+06   -2.3421997277e+08   -1.1765371428e+07   -8.4724987699e+02   -6.9483814533e+03    1.0288696110e+02    2.1570260000e+20    1.7980499624e-05    0.0000000000e+00    1.0000000000e+00    0.0000000000e+00
    4.8125285734e+06    1.7135851847e+08    5.7860721621e+07    3.4791445491e+02    4.8850375994e+03    9.4832211153e+02    2.1476640000e+20    1.7902460028e-05    0.0000000000e+00    1.0000000000e+00    0.0000000000e+00
   -6.1535160969e+07   -2.2812033259e+08   -1.5638771632e+07   -1.5048702495e+03   -7.1699183393e+03   -3.8798925018e+02    2.1476640000e+20    1.7902460028e-05    0.0000000000e+00    1.0000000000e+00    0.0000000000e+00
   -2.9161767469e+07   -1.6900600336e+08   -2.0972311370e+07   -8.6689210934e+02   -5.0100009574e+03   -2.7495984333e+02    2.1476640000e+20    1.7902460028e-05    0.0000000000e+00    1.0000000000e+00    0.0000000000e+00
    4.2356446817e+07    4.0621539045e+07   -1.6951175323e+07    1.0336521619e+03    1.1926183209e+03   -2.8505467480e+02    2.1476640000e+20    1.7902460028e-05    0.0000000000e+00    1.0000000000e+00    0.0000000000e+00
    3.2845488220e+07    2.6031708565e+08   -1.8482407970e+06    1.7388643444e+03    8.0881325275e+03   -3.3195073121e+02    2.1382850000e+20    1.7824278723e-05    0.0000000000e+00    1.0000000000e+00    0.0000000000e+00
    1.2077965292e+08    1.0829582163e+08    6.9436827941e+07    2.8682016662e+03    3.0854055315e+03    1.4057613890e+03    2.1382850000e+20    1.7824278723e-05    0.0000000000e+00    1.0000000000e+00    0.0000000000e+00
    1.0732118681e+07    2.7526047757e+08   -6.7817058510e+05    1.4616973694e+03    8.1061384614e+03   -4.5543511157e+02    2.1288870000e+20    1.7745939039e-05    0.0000000000e+00    1.0000000000e+00    0.0000000000e+00
    4.9228698548e+07   -1.4223870857e+08    4.9362553050e+07    9.6595406531e+02   -3.9482115710e+03    8.6019152134e+02    2.1288870000e+20    1.7745939039e-05    0.0000000000e+00    1.0000000000e+00    0.0000000000e+00
    2.4047218375e+07   -8.8514728902e+07   -1.3360497606e+07    4.1726401005e+02   -2.5310594171e+03   -2.5031383040e+02    2.1288870000e+20    1.7745939039e-05    0.0000000000e+00    1.0000000000e+00    0.0000000000e+00
   -7.3373756187e+07   -2.2499926909e+07   -1.2008175106e+07   -1.7008750853e+03   -6.6899468123e+02   -1.7070229778e+02    2.1100330000e+20    1.7588776196e-05    0.0000000000e+00    1.0000000000e+00    0.0000000000e+00
   -5.0124686486e+07   -1.0025109744e+08   -5.3465100547e+07   -1.2406371072e+03   -2.8923618089e+03   -1.0126549370e+03    2.1100330000e+20    1.7588776196e-05    0.0000000000e+00    1.0000000000e+00    0.0000000000e+00
    4.5442489524e+07    2.9183188869e+08   -6.2287307426e+07    1.7265062106e+03    8.1168172710e+03    8.2093582299e+01    2.1100330000e+20    1.7588776196e-05    0.0000000000e+00    1.0000000000e+00    0.0000000000e+00
    1.6702944980e+07   -2.2018417751e+08   -1.1879107722e+06   -2.0229528345e+02   -6.3596691921e+03    2.1083752647e+02    2.1100330000e+20    1.7588776196e-05    0.0000000000e+00    1.0000000000e+00    0.0000000000e+00
   -8.3557673303e+06    1.6098917779e+07   -6.7224680970e+07   -1.9416369810e+02    4.4475021413e+02   -1.4378093555e+03    2.1100330000e+20    1.7588776196e-05    0.0000000000e+00    1.0000000000e+00    0.0000000000e+00
    1.4532746513e+07   -1.6053868853e+08   -1.2363735672e+07    2.9095256777e+01   -4.6518293990e+03   -2.5866921256e+02    2.1005760000e+20    1.7509944700e-05    0.0000000000e+00    1.0000000000e+00    0.0000000000e+00
    2.9018582402e+07    5.3375689550e+07    2.4401713814e+07    7.0859997263e+02    1.5502209338e+03    3.9867060082e+02    2.1005760000e+20    1.7509944700e-05    0.0000000000e+00    1.0000000000e+00    0.0000000000e+00
    3.7350280872e+07    3.1149711569e+08    5.5705498095e+06    3.1888930745e+03    9.3903413523e+03    2.2561953508e+02    2.0910970000e+20    1.7430929818e-05    0.0000000000e+00    1.0000000000e+00    0.0000000000e+00
    2.9843167360e+07    3.0803353776e+08   -2.4711352303e+05    2.7653558040e+03    8.8593992237e+03   -9.3158924541e+02    2.0720730000e+20    1.7272349891e-05    0.0000000000e+00    1.0000000000e+00    0.0000000000e+00
   -9.6384114007e+07   -2.4948150419e+07   -8.7170489100e+06   -2.2477115840e+03   -7.4439594867e+02   -2.1750793362e+02    2.0720730000e+20    1.7272349891e-05    0.0000000000e+00    1.0000000000e+00    0.0000000000e+00
    7.3566293182e+07    3.2889772542e+08   -1.8021709194e+06    7.4125083611e+03    1.0626850882e+04    4.7742183222e+02    2.0720730000e+20    1.7272349891e-05    0.0000000000e+00    1.0000000000e+00    0.0000000000e+00
   -4.1877144076e+07    2.1183487420e+08   -1.8194847189e+07   -5.1866945218e+02    5.9565820983e+03   -1.1298925974e+02    2.0720730000e+20    1.7272349891e-05    0.0000000000e+00    1.0000000000e+00    0.0000000000e+00
    2.2332508288e+08    2.5798704672e+08    7.3737469214e+06    4.7661482301e+03    6.7343831134e+03    2.7184289108e+02    2.0720730000e+20    1.7272349891e-05    0.0000000000e+00    1.0000000000e+00    0.0000000000e+00
   -4.4837269196e+07   -9.2355121030e+07   -1.4141787896e+08   -1.1180907858e+03   -2.5432390208e+03   -3.1443250795e+03    2.0720730000e+20    1.7272349891e-05    0.0000000000e+00    1.0000000000e+00    0.0000000000e+00
   -7.3929488518e+05    2.6491951702e+08   -1.4789431935e+07    9.5383202519e+02    7.6415796147e+03    2.2163928707e+02    2.0720730000e+20    1.7272349891e-05    0.0000000000e+00    1.0000000000e+00    0.0000000000e+00
    1.6130597091e+08    5.9795592149e+07    2.5515776578e+07    3.8408378256e+03    1.7063606729e+03    5.9282272245e+02    2.0720730000e+20    1.7272349891e-05    0.0000000000e+00    1.0000000000e+00    0.0000000000e+00
   -2.8150142290e+07   -2.7402526435e+08   -4.8159086385e+06   -1.9012845005e+03   -8.4368652047e+03    1.4305412534e+01    2.0720730000e+20    1.7272349891e-05    0.0000000000e+00    1.0000000000e+00    0.0000000000e+00
    6.2922196650e+07   -4.7898398261e+07   -1.8197482078e+06    1.4024267276e+03   -1.3270669847e+03   -1.2691167632e+01    2.0720730000e+20    1.7272349891e-05    0.0000000000e+00    1.0000000000e+00    0.0000000000e+00
   -7.0920805698e+07   -2.6610152727e+08    1.5842074662e+07   -2.0156600012e+03   -8.7662229128e+03   -4.8133600606e+02    2.0720730000e+20    1.7272349891e-05    0.0000000000e+00    1.0000000000e+00    0.0000000000e+00
    6.2414219818e+07   -1.8932430501e+07   -1.3672913517e+05    1.4047525467e+03   -5.1228704354e+02    6.6824986581e+01    2.0720730000e+20    1.7272349891e-05    0.0000000000e+00    1.0000000000e+00    0.0000000000e+00
    8.4075582007e+07    1.5331794417e+08   -1.0719878604e+08    2.0449737725e+03    4.2834802896e+03   -2.1583312405e+03    2.0720730000e+20    1.7272349891e-05    0.0000000000e+00    1.0000000000e+00    0.0000000000e+00
    2.6777278640e+07   -2.1974757811e+08   -2.7759996021e+07    1.0543878599e+02   -6.2213708991e+03   -2.4275362753e+02    2.0720730000e+20    1.7272349891e-05    0.0000000000e+00    1.0000000000e+00    0.0000000000e+00
    9.2509058079e+07    4.0916840667e+07   -8.4296364579e+07    2.2223499253e+03    1.1737906766e+03   -1.7704105838e+03    2.0720730000e+20    1.7272349891e-05    0.0000000000e+00    1.0000000000e+00    0.0000000000e+00
    4.0357933238e+06    8.2339541250e+05   -1.3234560148e+08    8.3165834173e+01    6.8238762650e+00   -2.9612777705e+03    2.0720730000e+20    1.7272349891e-05    0.0000000000e+00    1.0000000000e+00    0.0000000000e+00
    1.6672934078e+07   -1.4714717267e+08   -1.0605714849e+08    2.4614965213e+02   -4.0426153048e+03   -2.1697533087e+03    2.0720730000e+20    1.7272349891e-05    0.0000000000e+00    1.0000000000e+00    0.0000000000e+00
    4.6024235779e+07    1.0877609407e+08    1.7106728472e+08    1.1678937728e+03    2.9334041220e+03    3.8703391809e+03    2.0529540000e+20    1.7112978065e-05    0.0000000000e+00    1.0000000000e+00    0.0000000000e+00
   -7.5169652240e+07   -2.0445745555e+08    2.8586544808e+07   -1.7654391200e+03   -6.1872843298e+03    1.8175916393e+02    2.0529540000e+20    1.7112978065e-05    0.0000000000e+00    1.0000000000e+00    0.0000000000e+00
    4.6845549556e+07    2.2246924231e+08    7.4975716313e+07    1.3399090478e+03    6.3926093139e+03    1.0468309173e+03    2.0529540000e+20    1.7112978065e-05    0.0000000000e+00    1.0000000000e+00    0.0000000000e+00
   -6.7603018829e+07   -2.5092365432e+08   -8.5772628756e+06   -1.6562917789e+03   -8.1751888789e+03   -1.9111620123e+02    2.0529540000e+20    1.7112978065e-05    0.0000000000e+00    1.0000000000e+00    0.0000000000e+00
   -8.1755564072e+07    6.4502243787e+07   -7.9605150509e+05   -1.8363086956e+03    1.7867753538e+03   -8.0173444322e+01    2.0529540000e+20    1.7112978065e-05    0.0000000000e+00    1.0000000000e+00    0.0000000000e+00
    1.0042781728e+08    2.0321253136e+08    1.1795090929e+08    2.3856134433e+03    5.6073282501e+03    2.2654187069e+03    2.0529540000e+20    1.7112978065e-05    0.0000000000e+00    1.0000000000e+00    0.0000000000e+00
    1.8003153527e+06   -2.0028750560e+08    2.3033600766e+06   -4.3941403628e+02   -5.8766193955e+03   -4.0273940509e+01    2.0529540000e+20    1.7112978065e-05    0.0000000000e+00    1.0000000000e+00    0.0000000000e+00
    5.0130719850e+07   -4.8987528385e+07   -8.7900886441e+06    1.0915409003e+03   -1.3722789969e+03   -2.7336323969e+02    2.0529540000e+20    1.7112978065e-05    0.0000000000e+00    1.0000000000e+00    0.0000000000e+00
   -3.3590292977e+07   -1.2431438901e+08    9.1060235402e+07   -9.2052824341e+02   -3.5143709193e+03    1.8628674069e+03    2.0529540000e+20    1.7112978065e-05    0.0000000000e+00    1.0000000000e+00    0.0000000000e+00
   -6.2002372080e+07   -3.1072222593e+08   -2.6241027840e+06   -4.1310558933e+03   -1.0543814954e+04   -1.1832419466e+03    2.0529540000e+20    1.7112978065e-05    0.0000000000e+00    1.0000000000e+00    0.0000000000e+00
    5.5880255397e+07    7.3988931647e+07    1.1481069623e+08    1.3839799267e+03    2.0740192349e+03    2.5455648926e+03    2.0433580000e+20    1.7032987896e-05    0.0000000000e+00    1.0000000000e+00    0.0000000000e+00
   -9.0211455773e+07   -1.8412541108e+08    1.6847451149e+07   -1.9665151520e+03   -5.5229547447e+03    2.4459016970e+02    2.0433580000e+20    1.7032987896e-05    0.0000000000e+00    1.0000000000e+00    0.0000000000e+00
   -6.9422802185e+07   -3.2324059430e+08   -4.4632002385e+06   -6.0392668353e+03   -1.0991965824e+04    4.5537143645e+01    2.0337350000e+20    1.6952772661e-05    0.0000000000e+00    1.0000000000e+00    0.0000000000e+00
    9.7561908360e+06   -1.7450124588e+08   -1.0408117142e+07   -1.6332251147e+02   -5.0696735983e+03   -3.6048292508e+02    2.0337350000e+20    1.6952772661e-05    0.0000000000e+00    1.0000000000e+00    0.0000000000e+00
   -2.0218561053e+07    1.6809278005e+07    2.1486191743e+07   -4.6832245517e+02    4.6995903565e+02    4.9835195951e+02    2.0240850000e+20    1.6872332360e-05    0.0000000000e+00    1.0000000000e+00    0.0000000000e+00
   -3.7581180442e+07    1.4186029501e+08   -8.5320778356e+06   -6.2687873056e+02    4.0382744022e+03   -9.3217023415e+01    2.0240850000e+20    1.6872332360e-05    0.0000000000e+00    1.0000000000e+00    0.0000000000e+00
    4.8778460255e+05    2.5863288645e+08    1.4580246342e+07    9.2432076851e+02    7.4815660878e+03   -2.3231026241e+02    2.0144070000e+20    1.6791658657e-05    0.0000000000e+00    1.0000000000e+00    0.0000000000e+00
    3.7410892876e+07    1.4335709864e+08    5.3671600153e+07    1.0197029036e+03    4.1615756946e+03    9.6691207993e+02    2.0144070000e+20    1.6791658657e-05    0.0000000000e+00    1.0000000000e+00    0.0000000000e+00
   -1.2066865426e+08   -1.0011473010e+08    3.0738918293e+06   -2.7647818311e+03   -2.8823383364e+03    7.5637091945e+01    2.0144070000e+20    1.6791658657e-05    0.0000000000e+00    1.0000000000e+00    0.0000000000e+00
   -5.8596630187e+07   -9.3617416352e+07    7.9962868957e+06   -1.3637992086e+03   -2.7439839028e+03    2.2222448287e+02    2.0144070000e+20    1.6791658657e-05    0.0000000000e+00    1.0000000000e+00    0.0000000000e+00
   -5.3630645542e+07   -3.2165753219e+08    1.6924825115e+06   -4.3990476983e+03   -9.2428010550e+03   -1.6381986901e+03    2.0144070000e+20    1.6791658657e-05    0.0000000000e+00    1.0000000000e+00    0.0000000000e+00
    6.9356696841e+07   -1.6359489859e+08    1.3632792096e+07    1.3774692040e+03   -4.5436931044e+03    9.6245034864e+01    2.0144070000e+20    1.6791658657e-05    0.0000000000e+00    1.0000000000e+00    0.0000000000e+00
    3.2550937795e+07    2.3150692553e+08    3.4329433474e+07    1.2140567604e+03    6.9370135924e+03    2.1626816880e+02    2.0144070000e+20    1.6791658657e-05    0.0000000000e+00    1.0000000000e+00    0.0000000000e+00
    1.9628511215e+07   -3.5593493117e+07    1.0128052006e+08    4.4308811109e+02   -9.7554722413e+02    2.2537784463e+03    2.0144070000e+20    1.6791658657e-05    0.0000000000e+00    1.0000000000e+00    0.0000000000e+00
    1.2238039668e+08    4.9401248903e+07   -6.6594310573e+07    2.9243607928e+03    1.4113339227e+03   -1.3688124823e+03    2.0144070000e+20    1.6791658657e-05    0.0000000000e+00    1.0000000000e+00    0.0000000000e+00
    5.8462465393e+07   -1.1121826742e+08   -7.3436608343e+07    1.2736594063e+03   -3.0463233815e+03   -1.4690494112e+03    2.0144070000e+20    1.6791658657e-05    0.0000000000e+00    1.0000000000e+00    0.0000000000e+00
   -6.8507147175e+07    6.2854767941e+07    2.6476166935e+07   -1.5174252697e+03    1.7476395703e+03    5.1849271993e+02    2.0047000000e+20    1.6710743216e-05    0.0000000000e+00    1.0000000000e+00    0.0000000000e+00
    1.0061451767e+07    1.3102947036e+08   -2.3607813518e+07    4.2049012231e+02    3.8202976227e+03   -4.1202783792e+02    2.0047000000e+20    1.6710743216e-05    0.0000000000e+00    1.0000000000e+00    0.0000000000e+00
    1.1436245244e+08    1.0717216976e+08   -3.2315598428e+07    2.6815918594e+03    3.1037296641e+03   -5.9452150182e+02    2.0047000000e+20    1.6710743216e-05    0.0000000000e+00    1.0000000000e+00    0.0000000000e+00
   -7.0810353716e+07   -7.4299515755e+06    1.6736488311e+07   -1.6489971449e+03   -2.4855023290e+02    2.2082151337e+02    1.9949640000e+20    1.6629586037e-05    0.0000000000e+00    1.0000000000e+00    0.0000000000e+00
   -6.2758035937e+07   -2.4246200133e+08   -1.9727162557e+07   -1.8050395762e+03   -7.6570485214e+03    1.4974443640e+02    1.9949640000e+20    1.6629586037e-05    0.0000000000e+00    1.0000000000e+00    0.0000000000e+00
   -1.8626711461e+08   -1.1514320158e+08   -1.5381742643e+08   -4.5185460929e+03   -3.0668177970e+03   -3.5340652893e+03    1.9949640000e+20    1.6629586037e-05    0.0000000000e+00    1.0000000000e+00    0.0000000000e+00
   -1.1904926563e+08   -6.1506376437e+06   -1.6820008903e+07   -2.8027415807e+03   -2.1668969066e+02   -2.4356303046e+02    1.9949640000e+20    1.6629586037e-05    0.0000000000e+00    1.0000000000e+00    0.0000000000e+00
   -5.0563110102e+07    1.9706848125e+08   -2.0109810878e+07   -7.8629725598e+02    5.5308841420e+03   -2.3139382620e+02    1.9949640000e+20    1.6629586037e-05    0.0000000000e+00    1.0000000000e+00    0.0000000000e+00
    1.1115479502e+07    2.7928949936e+08   -2.8921335241e+07    1.3265155648e+03    7.9317366836e+03    2.9173294378e+02    1.9949640000e+20    1.6629586037e-05    0.0000000000e+00    1.0000000000e+00    0.0000000000e+00
    1.0439056028e+08    3.8027326152e+07   -6.8720484953e+06    2.4417951221e+03    1.1180936988e+03   -2.2780422085e+02    1.9949640000e+20    1.6629586037e-05    0.0000000000e+00    1.0000000000e+00    0.0000000000e+00
    6.3797984633e+07    9.9445784220e+07    3.4539027166e+07    1.5348969624e+03    2.8907987386e+03    5.6633418765e+02    1.9949640000e+20    1.6629586037e-05    0.0000000000e+00    1.0000000000e+00    0.0000000000e+00
    7.4659925164e+07   -7.8257664013e+07   -3.8400066460e+07    1.6700341148e+03   -2.1620132612e+03   -7.3569364032e+02    1.9949640000e+20    1.6629586037e-05    0.0000000000e+00    1.0000000000e+00    0.0000000000e+00
    1.0410395377e+08    1.8047279730e+08   -9.2232518000e+07    2.4216495097e+03    5.0760598643e+03   -1.7164457719e+03    1.9949640000e+20    1.6629586037e-05    0.0000000000e+00    1.0000000000e+00    0.0000000000e+00
    9.6332295301e+07    1.1467293675e+08   -8.3758565196e+07    2.2780106786e+03    3.2404661475e+03   -1.7330523023e+03    1.9949640000e+20    1.6629586037e-05    0.0000000000e+00    1.0000000000e+00    0.0000000000e+00
    3.9133227635e+07   -1.0816809433e+08   -1.6122165568e+07    7.7849365193e+02   -3.0489918389e+03   -1.6300868296e+02    1.9949640000e+20    1.6629586037e-05    0.0000000000e+00    1.0000000000e+00    0.0000000000e+00
   -1.8366214266e+08   -2.7627460620e+08   -1.7796514282e+07   -3.3442353008e+03   -7.2899212769e+03   -2.9217496511e+02    1.9949640000e+20    1.6629586037e-05    0.0000000000e+00    1.0000000000e+00    0.0000000000e+00
   -5.0508981239e+07   -2.2552266051e+08   -1.3166205802e+08   -1.3386839545e+03   -6.1138520530e+03   -2.4969579027e+03    1.9949640000e+20    1.6629586037e-05    0.0000000000e+00    1.0000000000e+00    0.0000000000e+00
    7.4459978681e+07    2.2963216637e+08    2.5506038671e+07    1.6695754035e+03    7.1927401027e+03    3.6047807225e+02    1.9851960000e+20    1.6548162113e-05    0.0000000000e+00    1.0000000000e+00    0.0000000000e+00
   -7.5292366136e+07   -2.5699962891e+08    4.5749388158e+06   -1.6842752271e+03   -8.4828231261e+03   -2.0021541562e+02    1.9753960000e+20    1.6466471445e-05    0.0000000000e+00    1.0000000000e+00    0.0000000000e+00
    9.3499463476e+07    5.9243527358e+07    3.5216550132e+07    2.1982475205e+03    1.7188620397e+03    7.4421247824e+02    1.9753960000e+20    1.6466471445e-05    0.0000000000e+00    1.0000000000e+00    0.0000000000e+00
   -7.3512078849e+07    2.3823126681e+07    1.2526907803e+08   -1.7436803002e+03    6.3008665222e+02    2.8102580201e+03    1.9556950000e+20    1.6302248193e-05    0.0000000000e+00    1.0000000000e+00    0.0000000000e+00
   -6.1603771716e+07    9.5011159470e+07    5.2175028926e+07   -1.3360690126e+03    2.6300050992e+03    1.0419274129e+03    1.9556950000e+20    1.6302248193e-05    0.0000000000e+00    1.0000000000e+00    0.0000000000e+00
   -1.1909227404e+08   -2.8780210286e+06   -7.9011572915e+07   -2.8443804232e+03   -1.2133028219e+02   -1.7007293056e+03    1.9556950000e+20    1.6302248193e-05    0.0000000000e+00    1.0000000000e+00    0.0000000000e+00
   -3.8498597127e+07    1.9908351317e+08   -3.5150125724e+07   -5.1059811213e+02    5.5633208215e+03   -4.1124445421e+02    1.9556950000e+20    1.6302248193e-05    0.0000000000e+00    1.0000000000e+00    0.0000000000e+00
    9.9562022263e+07    2.9241116773e+07    7.7077532648e+07    2.3739344245e+03    8.4802427893e+02    1.6178167838e+03    1.9556950000e+20    1.6302248193e-05    0.0000000000e+00    1.0000000000e+00    0.0000000000e+00
   -8.0423374023e+07   -3.0714920060e+08    8.7322127646e+06   -2.6589755220e+03   -1.1472986330e+04   -2.5935657878e+03    1.9556950000e+20    1.6302248193e-05    0.0000000000e+00    1.0000000000e+00    0.0000000000e+00
    7.5722306173e+07    3.0572156355e+08    4.1235973901e+06    2.7051191462e+03    1.2038020438e+04    2.2578087466e+02    1.9556950000e+20    1.6302248193e-05    0.0000000000e+00    1.0000000000e+00    0.0000000000e+00
    6.7262570489e+07    1.0617910507e+08   -4.8176785993e+07    1.6217336474e+03    3.0750688291e+03   -8.7054056204e+02    1.9556950000e+20    1.6302248193e-05    0.0000000000e+00    1.0000000000e+00    0.0000000000e+00
   -8.2055013674e+07   -1.9997710920e+08   -1.0900428202e+08   -2.0073579979e+03   -5.5685834616e+03   -2.0044391618e+03    1.9556950000e+20    1.6302248193e-05    0.0000000000e+00    1.0000000000e+00    0.0000000000e+00
   -3.0306595788e+07   -2.8805845060e+08    9.3962152988e+06   -2.2917898873e+03   -8.8266984030e+03    1.8702162040e+02    1.9358510000e+20    1.6136832925e-05    0.0000000000e+00    1.0000000000e+00    0.0000000000e+00
    8.6008452047e+07   -3.5970501573e+07   -2.9589464544e+07    1.9891694626e+03   -9.7217005795e+02   -6.2446499870e+02    1.9358510000e+20    1.6136832925e-05    0.0000000000e+00    1.0000000000e+00    0.0000000000e+00
   -3.1381700026e+07   -1.9908029029e+08   -2.4697477631e+06   -1.0912426484e+03   -6.0277540390e+03    4.9320369681e+00    1.9358510000e+20    1.6136832925e-05    0.0000000000e+00    1.0000000000e+00    0.0000000000e+00
   -4.3796468734e+07    6.5246481246e+07    1.5195982212e+08   -1.0140334023e+03    1.7533266516e+03    3.4454734519e+03    1.9258730000e+20    1.6053658487e-05    0.0000000000e+00    1.0000000000e+00    0.0000000000e+00
   -8.6987812751e+07    9.8579717971e+07    3.7299917002e+07   -1.9542123407e+03    2.6984415905e+03    6.4059785739e+02    1.9258730000e+20    1.6053658487e-05    0.0000000000e+00    1.0000000000e+00    0.0000000000e+00
   -7.4065460740e+07    8.0765652183e+07    1.3665073253e+07   -1.6392176194e+03    2.2403700479e+03    3.1010147922e+02    1.9258730000e+20    1.6053658487e-05    0.0000000000e+00    1.0000000000e+00    0.0000000000e+00
   -7.0206750928e+07    7.0017171431e+06   -9.2884343230e+06   -1.5812264979e+03    1.6886569002e+02   -1.5584071844e+02    1.9258730000e+20    1.6053658487e-05    0.0000000000e+00    1.0000000000e+00    0.0000000000e+00
    5.3567270587e+06   -8.6798131876e+07    1.7174385959e+08    7.5697249584e+01   -2.3303623126e+03    3.9117785061e+03    1.9258730000e+20    1.6053658487e-05    0.0000000000e+00    1.0000000000e+00    0.0000000000e+00
   -5.1952323910e+07   -2.7874023441e+08   -6.1055876304e+04   -2.2841344453e+03   -9.1758252606e+03   -4.5623577039e+02    1.9258730000e+20    1.6053658487e-05    0.0000000000e+00    1.0000000000e+00    0.0000000000e+00
    6.8724715828e+07   -1.4504629176e+08   -2.8516470401e+07    1.4070670347e+03   -4.0204977397e+03   -4.4056198969e+02    1.9258730000e+20    1.6053658487e-05    0.0000000000e+00    1.0000000000e+00    0.0000000000e+00
   -7.3069465075e+07   -1.1210902898e+08    1.0924131263e+07   -1.6909340102e+03   -3.2922430387e+03    4.1998863391e+02    1.9158550000e+20    1.5970150618e-05    0.0000000000e+00    1.0000000000e+00    0.0000000000e+00
   -2.2162569614e+07    1.9383916001e+08    4.6278147376e+07   -1.4222050227e+02    5.4816212573e+03    7.1083516639e+02    1.8956950000e+20    1.5802101242e-05    0.0000000000e+00    1.0000000000e+00    0.0000000000e+00
   -3.3065925823e+07    7.8091462351e+07    3.0525967539e+07   -6.9712162699e+02    2.2074015004e+03    6.1829907773e+02    1.8956950000e+20    1.5802101242e-05    0.0000000000e+00    1.0000000000e+00    0.0000000000e+00
   -9.2753405627e+07    1.4962671128e+07   -8.4885964503e+07   -2.2011840341e+03    3.7358638822e+02   -1.8113424959e+03    1.8956950000e+20    1.5802101242e-05    0.0000000000e+00    1.0000000000e+00    0.0000000000e+00
    2.3662746378e+07   -2.5164589998e+08   -6.5493604341e+06   -2.6124993992e+02   -7.1312346056e+03   -5.0753252105e+02    1.8956950000e+20    1.5802101242e-05    0.0000000000e+00    1.0000000000e+00    0.0000000000e+00
    2.9215565599e+07   -2.3057622607e+08    5.3629440160e+07    1.9256338937e+02   -6.3910120025e+03    7.2269711774e+02    1.8956950000e+20    1.5802101242e-05    0.0000000000e+00    1.0000000000e+00    0.0000000000e+00
    9.0216709851e+07   -1.1945721977e+08    2.9692502003e+07    1.9882039301e+03   -3.2819118422e+03    4.9311045119e+02    1.8956950000e+20    1.5802101242e-05    0.0000000000e+00    1.0000000000e+00    0.0000000000e+00
   -1.2411686158e+08   -3.0584546889e+08   -1.8702937279e+07   -4.3275996536e+02   -8.7657103449e+03    3.3064061039e+02    1.8956950000e+20    1.5802101242e-05    0.0000000000e+00    1.0000000000e+00    0.0000000000e+00
    6.0060235474e+07   -9.8275470036e+07   -6.6272788113e+07    1.3182283771e+03   -2.7045929200e+03   -1.3313908587e+03    1.8956950000e+20    1.5802101242e-05    0.0000000000e+00    1.0000000000e+00    0.0000000000e+00
    2.5281724775e+07   -1.6046103959e+07   -1.0667836292e+08    5.7175484974e+02   -4.2517652328e+02   -2.3296580061e+03    1.8956950000e+20    1.5802101242e-05    0.0000000000e+00    1.0000000000e+00    0.0000000000e+00
   -1.8237376121e+08   -2.4366841190e+08    4.7996795157e+06   -3.5700983546e+03   -6.6339300241e+03    1.7444861555e+02    1.8956950000e+20    1.5802101242e-05    0.0000000000e+00    1.0000000000e+00    0.0000000000e+00
   -1.1348895171e+08   -3.9657786249e+07    1.2319291006e+08   -2.7759585353e+03   -1.1227058658e+03    2.7932552280e+03    1.8855490000e+20    1.5717526393e-05    0.0000000000e+00    1.0000000000e+00    0.0000000000e+00
   -6.4408595083e+07   -3.2165962026e+08    5.8164611573e+06   -5.3857890880e+03   -1.0545896335e+04    2.0786992328e-01    1.8855490000e+20    1.5717526393e-05    0.0000000000e+00    1.0000000000e+00    0.0000000000e+00
    1.1666915316e+08    2.2493113395e+08    2.7151815549e+07    2.4136955059e+03    6.7613896095e+03    2.0638239421e+01    1.8753580000e+20    1.5632576433e-05    0.0000000000e+00    1.0000000000e+00    0.0000000000e+00
   -1.0306647607e+08   -1.1607531439e+08    3.1116307037e+07   -2.3909634648e+03   -3.3685647895e+03    5.2094066229e+02    1.8753580000e+20    1.5632576433e-05    0.0000000000e+00    1.0000000000e+00    0.0000000000e+00
   -5.6469803906e+07    1.5076818863e+08    2.6813006711e+07   -1.0766739563e+03    4.2274479722e+03    4.7876509285e+02    1.8753580000e+20    1.5632576433e-05    0.0000000000e+00    1.0000000000e+00    0.0000000000e+00
   -5.0337000370e+07   -2.6925633444e+08    3.7920131291e+05   -2.0045743597e+03   -8.7199434067e+03   -5.9709935472e+02    1.8753580000e+20    1.5632576433e-05    0.0000000000e+00    1.0000000000e+00    0.0000000000e+00
   -1.8378178351e+07    2.1432539017e+08    3.9846347621e+05    1.3254739918e+02    6.2006840648e+03   -6.3271084524e+01    1.8753580000e+20    1.5632576433e-05    0.0000000000e+00    1.0000000000e+00    0.0000000000e+00
    1.1809929601e+08    8.1861816683e+07    4.1236798543e+07    2.7693972844e+03    2.3374076546e+03    7.7976398702e+02    1.8753580000e+20    1.5632576433e-05    0.0000000000e+00    1.0000000000e+00    0.0000000000e+00
    6.2092036505e+07    2.0446283553e+08    3.2060821479e+05    1.4422160249e+03    6.2814695367e+03   -1.1201510594e+02    1.8753580000e+20    1.5632576433e-05    0.0000000000e+00    1.0000000000e+00    0.0000000000e+00
   -1.7241346295e+08   -2.4541623612e+08    4.5693957876e+03   -3.3440236024e+03   -6.8791215287e+03   -2.6325025537e+02    1.8753580000e+20    1.5632576433e-05    0.0000000000e+00    1.0000000000e+00    0.0000000000e+00
    9.5804509752e+07    1.7997651485e+08   -2.7800644953e+07    2.1562879986e+03    5.3719964489e+03   -4.0358710655e+02    1.8753580000e+20    1.5632576433e-05    0.0000000000e+00    1.0000000000e+00    0.0000000000e+00
   -1.2929201537e+07   -9.2501510520e+07    1.9756803912e+07   -4.1818317996e+02   -2.7006874381e+03    4.0199327056e+02    1.8753580000e+20    1.5632576433e-05    0.0000000000e+00    1.0000000000e+00    0.0000000000e+00
   -2.5455950000e+06    2.5702787957e+08    2.0373078310e+06    8.8158799354e+02    7.5175037639e+03   -1.1085240847e+02    1.8548320000e+20    1.5461476161e-05    0.0000000000e+00    1.0000000000e+00    0.0000000000e+00
   -2.3612676043e+07    1.6322499817e+08   -1.7683604609e+07   -2.2518179917e+02    4.6812019381e+03   -2.4476419463e+02    1.8548320000e+20    1.5461476161e-05    0.0000000000e+00    1.0000000000e+00    0.0000000000e+00
    1.0882274975e+08    1.2187782688e+08    8.2504732078e+06    2.4945690512e+03    3.5533428310e+03    4.7494770045e+01    1.8548320000e+20    1.5461476161e-05    0.0000000000e+00    1.0000000000e+00    0.0000000000e+00
    6.1751580094e+07    2.0475061928e+08    8.9347624210e+07    1.5783952102e+03    5.8471996831e+03    1.5357947823e+03    1.8548320000e+20    1.5461476161e-05    0.0000000000e+00    1.0000000000e+00    0.0000000000e+00
   -6.9118502243e+07   -2.6547055046e+08    4.6222570872e+07   -1.8923088332e+03   -8.0187593004e+03   -2.4483450598e+02    1.8548320000e+20    1.5461476161e-05    0.0000000000e+00    1.0000000000e+00    0.0000000000e+00
    4.9553627261e+07   -1.2047971385e+08   -5.5878812059e+06    9.5867151169e+02   -3.3951261490e+03    1.6356378671e+01    1.8548320000e+20    1.5461476161e-05    0.0000000000e+00    1.0000000000e+00    0.0000000000e+00
    2.9762112181e+07    1.0704408049e+08    2.3166689687e+08    7.6871669432e+02    2.8253968438e+03    5.4391484860e+03    1.8341010000e+20    1.5288667054e-05    0.0000000000e+00    1.0000000000e+00    0.0000000000e+00
   -1.5114881590e+08    1.0890571035e+07    8.3408814770e+07   -3.6454269876e+03    2.6123176162e+02    1.8445732470e+03    1.8341010000e+20    1.5288667054e-05    0.0000000000e+00    1.0000000000e+00    0.0000000000e+00
   -4.8567954329e+07   -2.0266005535e+08    5.3717388936e+06   -1.3308114600e+03   -6.1887154328e+03   -1.2391144056e+02    1.8341010000e+20    1.5288667054e-05    0.0000000000e+00    1.0000000000e+00    0.0000000000e+00
    2.0201076114e+08    3.1199677559e+08    1.6393466590e+07    3.8625569890e+03    7.8884373695e+03    8.9884550802e+01    1.8341010000e+20    1.5288667054e-05    0.0000000000e+00    1.0000000000e+00    0.0000000000e+00
   -4.8617840311e+07   -1.9030708978e+08   -7.0249462368e+06   -1.3368765420e+03   -5.7925245673e+03   -2.4038179130e+02    1.8341010000e+20    1.5288667054e-05    0.0000000000e+00    1.0000000000e+00    0.0000000000e+00
   -3.9616373912e+07    1.5231511611e+08   -1.9276562625e+06   -6.3298453724e+02    4.3315385461e+03   -1.7537686658e+01    1.8341010000e+20    1.5288667054e-05    0.0000000000e+00    1.0000000000e+00    0.0000000000e+00
   -4.6444796137e+07   -1.4309283630e+08   -1.1170202371e+08   -1.2036751817e+03   -4.0061807107e+03   -2.3298794330e+03    1.8341010000e+20    1.5288667054e-05    0.0000000000e+00    1.0000000000e+00    0.0000000000e+00
   -5.3954713387e+07   -2.6885759373e+08   -1.9953921216e+06   -2.0250572262e+03   -8.7225925237e+03    7.2948569604e+02    1.8341010000e+20    1.5288667054e-05    0.0000000000e+00    1.0000000000e+00    0.0000000000e+00
    5.6899765115e+07    3.0110012102e+08   -1.3074750460e+07    3.0133410834e+03    9.6320163749e+03    1.5066466109e+03    1.8341010000e+20    1.5288667054e-05    0.0000000000e+00    1.0000000000e+00    0.0000000000e+00
    1.8115399980e+07    4.7857104119e+07   -2.3645232708e+08    4.6480906880e+02    1.2665924380e+03   -5.6062493092e+03    1.8341010000e+20    1.5288667054e-05    0.0000000000e+00    1.0000000000e+00    0.0000000000e+00
    1.0290682767e+08    2.0855932706e+07    1.5448264652e+08    2.4986638941e+03    5.8605038320e+02    3.5452361689e+03    1.8341010000e+20    1.5288667054e-05    0.0000000000e+00    1.0000000000e+00    0.0000000000e+00
   -1.5069331319e+08   -2.5345129863e+08   -3.5589938819e+06   -2.6653442409e+03   -7.3796063162e+03   -3.2652965582e+02    1.8341010000e+20    1.5288667054e-05    0.0000000000e+00    1.0000000000e+00    0.0000000000e+00
   -2.3775108602e+07    8.0250271700e+07   -7.5521535399e+07   -4.7908067169e+02    2.2466545191e+03   -1.5894934079e+03    1.8341010000e+20    1.5288667054e-05    0.0000000000e+00    1.0000000000e+00    0.0000000000e+00
   -1.3172498758e+08   -1.9398004273e+08    4.2054295910e+07   -2.7465423906e+03   -5.6265622757e+03    1.0172713798e+03    1.8341010000e+20    1.5288667054e-05    0.0000000000e+00    1.0000000000e+00    0.0000000000e+00
   -9.8713393898e+07   -7.9676226745e+07    1.6498387259e+08   -2.4119627061e+03   -2.1586364923e+03    3.7923017149e+03    1.8131500000e+20    1.5114024074e-05    0.0000000000e+00    1.0000000000e+00    0.0000000000e+00
    2.3944884340e+08    2.7522012076e+08   -7.9282334639e+06    5.1874538022e+03    7.0243778945e+03   -1.9166315357e+02    1.8131500000e+20    1.5114024074e-05    0.0000000000e+00    1.0000000000e+00    0.0000000000e+00
    2.4283385811e+07   -1.6413973054e+07   -5.2101907558e+07    5.8205760456e+02   -4.4693433809e+02   -1.0937654645e+03    1.8131500000e+20    1.5114024074e-05    0.0000000000e+00    1.0000000000e+00    0.0000000000e+00
    1.8556009675e+08    2.8034221212e+08    1.2285499410e+07    3.3926685121e+03    7.4932829035e+03    3.8517718941e+02    1.8131500000e+20    1.5114024074e-05    0.0000000000e+00    1.0000000000e+00    0.0000000000e+00
   -1.9665745205e+07    2.5616605302e+08   -2.0704854648e+07    3.4000850099e+02    7.1774303939e+03    1.0780193500e+02    1.8131500000e+20    1.5114024074e-05    0.0000000000e+00    1.0000000000e+00    0.0000000000e+00
    4.8861445948e+07   -2.1613986937e+08    8.0322428228e+06    6.4310857358e+02   -6.0789589854e+03    2.1183501433e+01    1.8131500000e+20    1.5114024074e-05    0.0000000000e+00    1.0000000000e+00    0.0000000000e+00
   -8.6431843444e+07   -1.7145619866e+08    1.3689515333e+08   -2.1214249132e+03   -4.6943776253e+03    2.8484249830e+03    1.8131500000e+20    1.5114024074e-05    0.0000000000e+00    1.0000000000e+00    0.0000000000e+00
    1.2038890551e+08    2.2845567637e+08   -8.7600321904e+06    2.3896237941e+03    6.9666579621e+03    1.6711328806e+02    1.8131500000e+20    1.5114024074e-05    0.0000000000e+00    1.0000000000e+00    0.0000000000e+00
    7.5509503990e+07    2.2525143495e+08   -5.5810135975e+07    1.8581366211e+03    6.6970875127e+03   -5.7431523081e+02    1.8131500000e+20    1.5114024074e-05    0.0000000000e+00    1.0000000000e+00    0.0000000000e+00
