#   x1                  x2                  x3                  v1                  v2                  v3                  mass                rel_mass            mat0_frac           mat1_frac           mat2_frac
    1.1083892507e+06    6.8190367237e+06   -1.2929273093e+04    3.5369477017e+01    1.6721105691e+02   -2.8968536638e-01    1.2599904547e+21    6.7094788369e-01    9.0411372361e-01    9.5886276385e-02    0.0000000000e+00
   -2.3461934767e+06   -1.4320477823e+07    1.8478072272e+04   -7.5469606921e+01   -3.5164185012e+02    7.0551543035e-01    5.9027564077e+20    3.1432316848e-01    9.0583255681e-01    9.4167443192e-02    0.0000000000e+00
   -1.5207392555e+06   -7.2939808372e+06    6.4805104024e+05   -4.7589737824e+01   -2.0175067152e+02    1.4015317999e+01    2.9177404800e+18    1.5537036752e-03    9.2180336752e-01    7.8196632485e-02    0.0000000000e+00
   -7.3060102743e+03    6.3899873723e+06    1.5438089788e+05    2.2285015824e+02    3.8308796424e+02   -2.7185264522e+01    1.6448635600e+18    8.7589371843e-04    9.5377807506e-01    4.6221924936e-02    0.0000000000e+00
   -1.5048449414e+06   -5.0726816413e+06    8.1945631128e+05   -4.0331825786e+01   -1.2644368498e+02    2.2582009399e+01    8.2236650000e+17    4.3791209746e-04    9.5378483924e-01    4.6215160759e-02    0.0000000000e+00
   -1.6930770134e+06   -1.2351848959e+07    4.0173805806e+05   -7.6364378677e+01   -4.3860488137e+02   -8.9388889851e+00    4.8623933000e+17    2.5892358805e-04    9.2181189868e-01    7.8188101320e-02    0.0000000000e+00
   -1.4707854841e+06    2.0075427875e+06    4.3379965830e+05   -2.2234178192e+01    1.3935227467e+02    4.1238974084e+00    4.4814970000e+17    2.3864077039e-04    1.0000000000e+00    0.0000000000e+00    0.0000000000e+00
   -9.3620413638e+05    5.5212229652e+06    2.5690948302e+05    8.2455962594e+01    3.0871029407e+02   -8.4502663222e+00    4.4813300000e+17    2.3863187760e-04    1.0000000000e+00    0.0000000000e+00    0.0000000000e+00
   -1.4394982684e+06   -8.4648871158e+06    5.3930347246e+05   -4.8152187455e+01   -2.3901313738e+02    1.2006265539e+01    3.7432525000e+17    1.9932907695e-04    8.9844566991e-01    1.0155433009e-01    0.0000000000e+00
   -1.7847809905e+06    1.9539227208e+06    6.1353383397e+05   -2.1654213136e+01    1.3129012606e+02    1.3509386191e+01    2.6221544000e+17    1.3963033917e-04    8.5500457181e-01    1.4499542819e-01    0.0000000000e+00
   -1.4403506628e+06   -9.6748219437e+06    4.1207984894e+05   -5.0711749016e+01   -2.9236894646e+02    6.5886243036e+00    2.6207828000e+17    1.3955730115e-04    8.5494074518e-01    1.4505925482e-01    0.0000000000e+00
   -2.0975579287e+06   -3.0958295743e+06    9.7225218025e+05   -5.5333276471e+01   -5.7106962858e+01    2.7121948011e+01    2.2426820000e+17    1.1942334453e-04    1.0000000000e+00    0.0000000000e+00    0.0000000000e+00
   -1.4653436803e+06   -1.1504213313e+06    2.5046518317e+05   -3.8649955364e+01    1.5199921453e+01    3.2509510809e+00    2.2402930000e+17    1.1929612971e-04    1.0000000000e+00    0.0000000000e+00    0.0000000000e+00
   -1.8093743559e+06   -1.3548966192e+07    2.2050045231e+05   -1.2778760988e+02   -5.7298071836e+02   -3.4075306459e+01    2.2399160000e+17    1.1927605437e-04    1.0000000000e+00    0.0000000000e+00    0.0000000000e+00
   -1.0892817477e+06    3.1788285829e+06    1.0806038109e+05    3.2165914057e+00    1.8962016491e+02   -5.0341851290e+00    1.5010666000e+17    7.9932149867e-05    7.4657713389e-01    2.5342286611e-01    0.0000000000e+00
   -1.7345072863e+06   -6.0124350406e+06    9.0125712581e+05   -4.6416541366e+01   -1.5997823621e+02    1.8173630090e+01    1.4998566000e+17    7.9867717082e-05    7.4645202748e-01    2.5354797252e-01    0.0000000000e+00
   -2.0551766827e+06   -1.4055626587e+07    1.1057304722e+06   -1.8251151514e+02   -5.0565693603e+02   -4.4712880155e+01    1.1401929000e+17    6.0715540377e-05    0.0000000000e+00    1.0000000000e+00    0.0000000000e+00
   -1.6396888609e+06   -1.1830415100e+07    4.6045376624e+05   -6.5556792272e+01   -4.0489182094e+02   -1.1351838761e+00    1.1219300000e+17    5.9743036652e-05    1.0000000000e+00    0.0000000000e+00    0.0000000000e+00
   -1.5700059381e+06   -8.0359508860e+06    6.6857276223e+05   -5.0156390182e+01   -2.2105978697e+02    1.4240367163e+01    1.1218230000e+17    5.9737338877e-05    1.0000000000e+00    0.0000000000e+00    0.0000000000e+00
   -1.8695224081e+06   -1.1625838772e+06    8.4079386316e+05   -4.0414061439e+01    1.0632544244e+01    2.0976508547e+01    1.1217590000e+17    5.9733930861e-05    1.0000000000e+00    0.0000000000e+00    0.0000000000e+00
   -1.6171210885e+06   -1.2106943912e+07    4.2996656439e+05   -7.3423670088e+01   -4.2737122224e+02   -4.1218075886e+00    1.1217160000e+17    5.9731641101e-05    1.0000000000e+00    0.0000000000e+00    0.0000000000e+00
   -7.1325065419e+05    5.6826682086e+06    2.0269509064e+05    9.7405638949e+01    3.1936720836e+02   -9.9212165462e+00    1.1216700000e+17    5.9729191591e-05    1.0000000000e+00    0.0000000000e+00    0.0000000000e+00
   -1.8054913647e+06   -6.0169136099e+06    8.2804170742e+05   -5.3018521327e+01   -1.5474348717e+02    2.9375970389e+01    1.1215880000e+17    5.9724825071e-05    1.0000000000e+00    0.0000000000e+00    0.0000000000e+00
   -1.8601078988e+06   -1.3623279856e+07    1.9942304348e+05   -1.3971799458e+02   -5.8066854794e+02   -4.2216511075e+01    1.1212020000e+17    5.9704270480e-05    1.0000000000e+00    0.0000000000e+00    0.0000000000e+00
   -1.9294332422e+06   -2.3550672800e+06    7.5586374781e+05   -4.6353925942e+01   -3.1916252758e+01    2.2043480968e+01    1.1211810000e+17    5.9703152225e-05    1.0000000000e+00    0.0000000000e+00    0.0000000000e+00
   -1.5968980920e+06    2.1668059939e+06    6.3816547430e+05   -1.3854554164e+01    1.3255846365e+02    7.3588099708e+00    1.1211160000e+17    5.9699690960e-05    1.0000000000e+00    0.0000000000e+00    0.0000000000e+00
   -1.6003157008e+06    1.0086854572e+05    4.6461933247e+05   -3.3700150492e+01    6.4066262305e+01    7.3356269097e+00    1.1210310000e+17    5.9695164690e-05    1.0000000000e+00    0.0000000000e+00    0.0000000000e+00
   -1.7034462607e+05    6.3459470676e+06    1.7429469383e+05    2.1048307885e+02    3.9207154238e+02   -3.3036016645e+01    1.1210090000e+17    5.9693993185e-05    1.0000000000e+00    0.0000000000e+00    0.0000000000e+00
   -1.9183507257e+06   -1.3815356489e+07    1.6607236817e+05   -1.7103794171e+02   -6.2073712584e+02   -5.2175824355e+01    1.1209880000e+17    5.9692874930e-05    1.0000000000e+00    0.0000000000e+00    0.0000000000e+00
   -1.4580627539e+06    2.0008144019e+06    2.5993640791e+05   -2.4123679460e+01    1.3324290907e+02    1.1271223279e+01    1.1209840000e+17    5.9692661929e-05    1.0000000000e+00    0.0000000000e+00    0.0000000000e+00
   -1.4300251703e+06   -1.0300874923e+07    6.4041097322e+05   -5.0207202262e+01   -3.2007693377e+02    1.0313619976e+01    1.1208590000e+17    5.9686005650e-05    1.0000000000e+00    0.0000000000e+00    0.0000000000e+00
   -1.6417919795e+06   -1.1249148812e+07    6.2662296062e+05   -5.9707597044e+01   -3.7179133564e+02    4.9100158907e+00    1.1208160000e+17    5.9683715889e-05    1.0000000000e+00    0.0000000000e+00    0.0000000000e+00
   -1.7490300509e+06   -1.3419525347e+07    2.4159512722e+05   -1.1996006981e+02   -5.5707141937e+02   -3.0824817755e+01    1.1208160000e+17    5.9683715889e-05    1.0000000000e+00    0.0000000000e+00    0.0000000000e+00
   -1.5201658251e+06   -2.3252914943e+06    5.7843148561e+05   -4.0208018965e+01   -2.9756971471e+01    9.3307268303e+00    1.1208160000e+17    5.9683715889e-05    1.0000000000e+00    0.0000000000e+00    0.0000000000e+00
   -2.0082103827e+06   -3.6391054183e+06    5.9258495081e+05   -5.6012704113e+01   -7.6255744164e+01    1.8394458001e+01    1.1207950000e+17    5.9682597635e-05    1.0000000000e+00    0.0000000000e+00    0.0000000000e+00
   -1.5740545417e+06   -1.1741721235e+07    4.5213348887e+05   -6.8890312684e+01   -4.0580912075e+02   -1.1937153537e+00    1.1207520000e+17    5.9680307874e-05    1.0000000000e+00    0.0000000000e+00    0.0000000000e+00
   -1.4059345756e+06    3.7034610776e+05    2.9963962391e+05   -2.9774086824e+01    7.2693403189e+01    1.5282525006e+00    1.1205970000e+17    5.9672054088e-05    1.0000000000e+00    0.0000000000e+00    0.0000000000e+00
   -1.6939936682e+06   -2.4661092841e+06    6.9919470678e+05   -4.4747624179e+01   -2.9793736412e+01    1.6144812167e+01    1.1204730000e+17    5.9665451059e-05    1.0000000000e+00    0.0000000000e+00    0.0000000000e+00
   -1.7943905096e+06   -1.1250173069e+07    5.7020835561e+05   -6.4641317998e+01   -3.7558650317e+02    1.2187458555e+01    1.1203450000e+17    5.9658635029e-05    1.0000000000e+00    0.0000000000e+00    0.0000000000e+00
   -1.2791387518e+06   -4.9913273054e+06    8.0241699315e+05   -4.1533767241e+01   -1.3285063158e+02    1.9692742009e+01    1.1203450000e+17    5.9658635029e-05    1.0000000000e+00    0.0000000000e+00    0.0000000000e+00
   -2.3606738972e+06   -1.4455290914e+06    7.6891438250e+05   -5.7624386185e+01    7.1091414247e-01    2.2882755132e+01    1.1203020000e+17    5.9656345268e-05    1.0000000000e+00    0.0000000000e+00    0.0000000000e+00
   -1.8860977229e+06    2.4375595557e+05    4.0162902440e+05   -3.8811795140e+01    6.3914263753e+01    8.9329939867e+00    1.1203020000e+17    5.9656345268e-05    1.0000000000e+00    0.0000000000e+00    0.0000000000e+00
   -1.8736671565e+06    4.3445489604e+05    1.5385423278e+06   -3.6558626283e+01    7.1337777362e+01    3.9836030136e+01    1.1203020000e+17    5.9656345268e-05    1.0000000000e+00    0.0000000000e+00    0.0000000000e+00
   -1.6011542872e+06   -2.0438949197e+06    9.1624702203e+05   -3.7806582835e+01   -2.0942771547e+01    1.7727124529e+01    1.1202160000e+17    5.9651765748e-05    1.0000000000e+00    0.0000000000e+00    0.0000000000e+00
   -1.3005774492e+06   -4.4217859503e+06    3.3300341631e+05   -4.1533174076e+01   -1.0498961874e+02    8.2709702430e+00    1.1201460000e+17    5.9648038232e-05    1.0000000000e+00    0.0000000000e+00    0.0000000000e+00
   -1.6289555468e+06    3.0415074594e+06    3.1231668423e+05   -6.5547984185e+00    1.7635021368e+02    2.2067974812e+00    1.1200870000e+17    5.9644896468e-05    1.0000000000e+00    0.0000000000e+00    0.0000000000e+00
   -8.9156355702e+05   -4.4408694361e+06    6.9874071970e+05   -2.9828622329e+01   -1.0236334374e+02    8.9346429176e+00    1.1200820000e+17    5.9644630217e-05    1.0000000000e+00    0.0000000000e+00    0.0000000000e+00
   -1.1722752745e+06    2.4550587922e+06    5.2095369052e+05   -4.0605294383e+00    1.5194774664e+02   -6.7363962430e-01    1.1200440000e+17    5.9642606708e-05    1.0000000000e+00    0.0000000000e+00    0.0000000000e+00
   -1.9233509048e+06   -2.0175548145e+06    2.0621837883e+05   -5.5789952176e+01   -1.8442009123e+01    8.7943713680e+00    1.1200390000e+17    5.9642340457e-05    1.0000000000e+00    0.0000000000e+00    0.0000000000e+00
   -1.6785667452e+06   -5.4128174911e+06   -5.3465277150e+05   -5.8988102028e+01   -1.3637310932e+02   -9.3892077081e+00    1.1199800000e+17    5.9639198693e-05    1.0000000000e+00    0.0000000000e+00    0.0000000000e+00
   -1.3286620368e+06    1.3279226600e+06    6.7684764520e+05   -1.9448222957e+01    1.1276855562e+02    1.1703877021e+01    1.1199800000e+17    5.9639198693e-05    1.0000000000e+00    0.0000000000e+00    0.0000000000e+00
   -1.7354168789e+06    3.8906936568e+06    3.6399437460e+05    3.5487040369e+00    2.1044631315e+02    5.0466147478e+00    1.1199580000e+17    5.9638027187e-05    1.0000000000e+00    0.0000000000e+00    0.0000000000e+00
   -1.4887676264e+06   -5.1563473265e+06    9.2855849152e+05   -3.1495069467e+01   -1.1498323353e+02    9.0722683502e+00    1.1199370000e+17    5.9636908932e-05    1.0000000000e+00    0.0000000000e+00    0.0000000000e+00
   -1.8897345514e+06    3.3004082536e+06    1.6443517582e+05   -1.1175624941e+01    1.8336359112e+02    8.4636662999e-01    1.1197860000e+17    5.9628868147e-05    1.0000000000e+00    0.0000000000e+00    0.0000000000e+00
   -1.1828516940e+06   -4.7890636414e+06    6.5371265142e+05   -3.7937047503e+01   -1.2161947526e+02    1.2448612399e+01    1.1197860000e+17    5.9628868147e-05    1.0000000000e+00    0.0000000000e+00    0.0000000000e+00
   -8.7267319631e+05   -4.0186076756e+06    3.6607613856e+05   -2.9711668691e+01   -8.7581936544e+01    3.4160291647e-01    1.1197810000e+17    5.9628601896e-05    1.0000000000e+00    0.0000000000e+00    0.0000000000e+00
   -2.0335141115e+06   -4.4729715481e+06    7.3924110599e+05   -5.2532007324e+01   -1.0647940534e+02    2.1763391365e+01    1.1197000000e+17    5.9624288627e-05    1.0000000000e+00    0.0000000000e+00    0.0000000000e+00
   -1.5772901950e+06   -1.2441343362e+06    1.8309158150e+06   -3.0871089811e+01    1.0701537717e+01    3.4552422292e+01    1.1196950000e+17    5.9624022376e-05    1.0000000000e+00    0.0000000000e+00    0.0000000000e+00
   -2.0409672011e+06   -5.7712110594e+06    7.1607500048e+05   -5.8470686247e+01   -1.5176266151e+02    2.3035628514e+01    1.1196570000e+17    5.9621998867e-05    1.0000000000e+00    0.0000000000e+00    0.0000000000e+00
   -1.2828967883e+06   -9.7437792798e+06    3.2090676492e+05   -5.3778611188e+01   -2.9515312558e+02   -2.8650923335e+00    1.1196570000e+17    5.9621998867e-05    1.0000000000e+00    0.0000000000e+00    0.0000000000e+00
   -2.0001617765e+06    1.0343366164e+06    1.1420836955e+06   -2.9122457066e+01    9.2294152839e+01    3.0568574037e+01    1.1196360000e+17    5.9620880612e-05    1.0000000000e+00    0.0000000000e+00    0.0000000000e+00
   -1.0575421857e+06   -9.0497892326e+06   -3.4315545499e+06   -4.7993750448e+01   -2.5643793040e+02   -8.1200584933e+01    1.1196140000e+17    5.9619709106e-05    1.0000000000e+00    0.0000000000e+00    0.0000000000e+00
   -1.2195100117e+06    1.2373381134e+06    9.2201287312e+05   -1.4700602214e+01    1.0751796463e+02    1.1660505115e+01    1.1195230000e+17    5.9614863335e-05    1.0000000000e+00    0.0000000000e+00    0.0000000000e+00
   -1.6579089339e+06   -9.7118848161e+06    7.1423395384e+05   -5.1395448992e+01   -2.9518330833e+02    1.5828028063e+01    1.1194850000e+17    5.9612839826e-05    1.0000000000e+00    0.0000000000e+00    0.0000000000e+00
   -1.8276358058e+06   -4.3007911934e+06   -3.2944329687e+06   -5.8634635657e+01   -9.8171119162e+01   -8.4928923532e+01    1.1193990000e+17    5.9608260306e-05    1.0000000000e+00    0.0000000000e+00    0.0000000000e+00
    1.7125809143e+06    6.3052880504e+06    2.0784325058e+05   -7.1454916301e+01   -1.6670161419e+02   -1.4956566804e+02    1.1193130000e+17    5.9603680786e-05    1.0000000000e+00    0.0000000000e+00    0.0000000000e+00
   -2.1227132980e+06    1.9498684006e+06    3.4625769329e+06   -5.1712119946e+01    1.1497915265e+02    8.6522198265e+01    1.1193130000e+17    5.9603680786e-05    1.0000000000e+00    0.0000000000e+00    0.0000000000e+00
   -1.0939114070e+06    1.1572459422e+06    5.5622162824e+05   -1.7897143780e+01    1.0694033130e+02    4.2545462904e+00    7.6055250000e+16    4.0499599693e-05    0.0000000000e+00    1.0000000000e+00    0.0000000000e+00
   -1.1240851927e+06    1.3098057804e+06    1.1037653811e+06   -4.6119603374e+00    1.0662224848e+02    1.3003284419e+01    3.8056050000e+16    2.0264936226e-05    0.0000000000e+00    1.0000000000e+00    0.0000000000e+00
   -1.7465698101e+06    6.5699993530e+04    3.4596444653e+05   -4.1313623531e+01    6.3495653185e+01    1.0699258691e+01    3.8051910000e+16    2.0262731666e-05    0.0000000000e+00    1.0000000000e+00    0.0000000000e+00
   -6.2651701321e+05   -4.8108642175e+06    8.7474293699e+05   -1.9137883324e+01   -1.1180165458e+02    1.1854008014e+01    3.8051910000e+16    2.0262731666e-05    0.0000000000e+00    1.0000000000e+00    0.0000000000e+00
   -1.5973519732e+06   -2.6077662077e+06    1.9914346251e+06   -3.1752335986e+01   -3.5611820643e+01    4.4652440226e+01    3.8049860000e+16    2.0261640036e-05    0.0000000000e+00    1.0000000000e+00    0.0000000000e+00
   -1.3344736051e+06   -6.4116539114e+06   -2.7916892284e+06   -4.9196340760e+01   -1.6588816272e+02   -9.3689927109e+01    3.8049180000e+16    2.0261277935e-05    0.0000000000e+00    1.0000000000e+00    0.0000000000e+00
   -7.2354283506e+05    2.5489655790e+06    4.8681030579e+05    5.5060932360e+00    1.6495474263e+02   -5.5240666726e+00    3.8049180000e+16    2.0261277935e-05    0.0000000000e+00    1.0000000000e+00    0.0000000000e+00
   -6.0693799940e+05   -8.8269689120e+06    7.1468741812e+05   -2.0051295439e+01   -2.5306880772e+02    7.6192771279e+00    3.8047820000e+16    2.0260553731e-05    0.0000000000e+00    1.0000000000e+00    0.0000000000e+00
   -1.3051997672e+06   -1.1162039892e+07    8.6359636024e+05   -3.4985081255e+01   -3.5777492490e+02   -7.3444476614e-01    3.8047820000e+16    2.0260553731e-05    0.0000000000e+00    1.0000000000e+00    0.0000000000e+00
   -2.2053020863e+06   -4.0163381283e+06    2.6064609571e+05   -5.0330090249e+01   -8.8531699371e+01    4.5016913241e+00    3.8047820000e+16    2.0260553731e-05    0.0000000000e+00    1.0000000000e+00    0.0000000000e+00
   -1.5879974777e+06   -9.5898949362e+06    2.7059042104e+05   -6.1418186753e+01   -2.9330317659e+02    7.6227643518e+00    3.8045790000e+16    2.0259472752e-05    0.0000000000e+00    1.0000000000e+00    0.0000000000e+00
   -9.4320669079e+05    2.3387230666e+06    1.2299674545e+06    2.7102789884e+00    1.4919930150e+02    5.8563054318e+00    3.8045120000e+16    2.0259115975e-05    0.0000000000e+00    1.0000000000e+00    0.0000000000e+00
    1.4907197710e+06    7.3559750722e+06    1.4664314388e+05    2.8899967202e+02    5.6563584711e+01    2.0015127696e+02    3.8043780000e+16    2.0258402422e-05    0.0000000000e+00    1.0000000000e+00    0.0000000000e+00
   -5.2265752216e+05   -4.6643311988e+06    9.9438597396e+05   -1.7301687684e+01   -1.0710782570e+02    1.1394678973e+01    3.8042450000e+16    2.0257694194e-05    0.0000000000e+00    1.0000000000e+00    0.0000000000e+00
   -1.5788341747e+06    9.7329330801e+05    1.2922139267e+06   -2.2676294132e+01    9.3578450240e+01    2.7743600529e+01    3.8042450000e+16    2.0257694194e-05    0.0000000000e+00    1.0000000000e+00    0.0000000000e+00
   -2.0707482422e+06   -1.3884334400e+07   -1.7979863974e+05   -1.7222136902e+02   -5.2746596255e+02   -3.4242777675e+00    3.8041780000e+16    2.0257337417e-05    0.0000000000e+00    1.0000000000e+00    0.0000000000e+00
    1.5028319960e+04    5.1420907545e+06    7.9508491881e+04    7.1478270898e+01    3.3630716253e+02    1.0781548832e+01    3.8041780000e+16    2.0257337417e-05    0.0000000000e+00    1.0000000000e+00    0.0000000000e+00
   -1.3493821126e+06   -9.4401929506e+06    7.3794330501e+05   -4.3306836213e+01   -2.8410415467e+02    1.1499313768e+01    3.8040460000e+16    2.0256634514e-05    0.0000000000e+00    1.0000000000e+00    0.0000000000e+00
   -1.1635991667e+06    4.6126103872e+06   -2.3868311629e+05    3.2016236860e+01    2.5875982788e+02   -6.8867995983e+00    3.8039800000e+16    2.0256283062e-05    0.0000000000e+00    1.0000000000e+00    0.0000000000e+00
    9.1471427491e+05    5.4779349178e+06    1.0571617682e+06   -6.2201639958e+01    2.5975300638e+01   -5.8927423318e+01    3.8038480000e+16    2.0255580159e-05    0.0000000000e+00    1.0000000000e+00    0.0000000000e+00
    1.9096715463e+06    6.1066357971e+06   -9.3365185779e+05    4.1572227570e+01   -7.0168737173e+01   -6.3128395378e+00    3.8036770000e+16    2.0254669580e-05    0.0000000000e+00    1.0000000000e+00    0.0000000000e+00
    9.7310234108e+05    7.1693124194e+06   -5.4131413621e+05    2.9824610205e+02    1.8409605171e+02    1.0288580354e+02    3.8036070000e+16    2.0254296829e-05    0.0000000000e+00    1.0000000000e+00    0.0000000000e+00
   -9.6357492402e+05   -8.7816158945e+06   -1.5207816064e+05   -4.5487386016e+01   -2.5527787191e+02   -8.6038004980e+00    3.8035860000e+16    2.0254185003e-05    0.0000000000e+00    1.0000000000e+00    0.0000000000e+00
   -9.1555208673e+05    3.5185282688e+05   -3.8245987625e+05   -2.4642302561e+01    7.4558786516e+01   -1.1443595415e+01    3.8035860000e+16    2.0254185003e-05    0.0000000000e+00    1.0000000000e+00    0.0000000000e+00
   -9.2651868459e+05   -1.0782058341e+06   -3.2282516340e+06   -8.1247311052e+00    1.6922363913e+01   -9.1020736113e+01    3.8035860000e+16    2.0254185003e-05    0.0000000000e+00    1.0000000000e+00    0.0000000000e+00
   -2.9752380867e+05    5.5509697286e+06   -1.4331389528e+06    8.7041108614e+01    3.1266705069e+02   -3.8431250114e+01    3.8035860000e+16    2.0254185003e-05    0.0000000000e+00    1.0000000000e+00    0.0000000000e+00
   -7.6743065477e+05    2.1365988125e+06    8.6501826967e+04   -5.3230291169e+00    1.5002305009e+02   -9.1302301792e+00    3.8035860000e+16    2.0254185003e-05    0.0000000000e+00    1.0000000000e+00    0.0000000000e+00
   -1.1862634539e+06   -1.2377343457e+07   -3.1523685818e+05   -9.1987866639e+01   -4.1863154766e+02    7.9021307411e+00    3.8035380000e+16    2.0253929402e-05    0.0000000000e+00    1.0000000000e+00    0.0000000000e+00
   -1.4821323817e+06   -5.5719413115e+06    7.8045538983e+05   -4.6258272285e+01   -1.3563266174e+02    9.1553129807e+00    3.8034560000e+16    2.0253492750e-05    0.0000000000e+00    1.0000000000e+00    0.0000000000e+00
   -1.7040466044e+06   -1.1909411759e+06    8.2997643862e+05   -3.9242670315e+01    1.4093651656e+01    1.6916255121e+01    3.8034560000e+16    2.0253492750e-05    0.0000000000e+00    1.0000000000e+00    0.0000000000e+00
   -1.0872840640e+06   -4.8699197073e+06    7.9932408297e+05   -2.8877587305e+01   -1.2790546405e+02    9.4221746597e+00    3.8034560000e+16    2.0253492750e-05    0.0000000000e+00    1.0000000000e+00    0.0000000000e+00
   -1.3158365800e+06   -1.0448364438e+07   -2.5980526660e+06   -6.3022649041e+01   -3.1327345754e+02   -7.8295783458e+01    3.8033990000e+16    2.0253189224e-05    0.0000000000e+00    1.0000000000e+00    0.0000000000e+00
   -2.5046576604e+06    1.8296466237e+07   -5.8163355826e+06   -5.9428116391e+01    4.2753313194e+02   -1.2607009000e+02    3.8033990000e+16    2.0253189224e-05    0.0000000000e+00    1.0000000000e+00    0.0000000000e+00
    1.2658974696e+06    1.9912810396e+07   -9.8919415852e+06    2.9403967928e+01    4.8029012135e+02   -2.3165562362e+02    3.8033990000e+16    2.0253189224e-05    0.0000000000e+00    1.0000000000e+00    0.0000000000e+00
   -2.8275267165e+06   -1.4482637023e+07    2.6991400141e+03   -1.2263790020e+02   -2.9819361760e+02    1.7834104441e+02    3.8033990000e+16    2.0253189224e-05    0.0000000000e+00    1.0000000000e+00    0.0000000000e+00
    1.0406570361e+06   -7.3557335781e+06    1.4606731623e+07    1.7497051654e+01   -1.8313313043e+02    3.3982198272e+02    3.8033910000e+16    2.0253146624e-05    0.0000000000e+00    1.0000000000e+00    0.0000000000e+00
   -2.5064919318e+06   -3.8012335174e+06    1.1580143797e+07   -6.5979935369e+01   -8.9879002968e+01    2.5561497969e+02    3.8033270000e+16    2.0252805822e-05    0.0000000000e+00    1.0000000000e+00    0.0000000000e+00
   -2.4491509393e+05   -6.2713674349e+06    1.3584407028e+07   -1.3146105383e+01   -1.5508221941e+02    3.1122688071e+02    3.8032620000e+16    2.0252459696e-05    0.0000000000e+00    1.0000000000e+00    0.0000000000e+00
   -2.1933937670e+06   -8.0571902404e+05    1.3167562606e+05   -3.6322656666e+01    2.0700563460e+01    4.7650617613e+01    3.8032620000e+16    2.0252459696e-05    0.0000000000e+00    1.0000000000e+00    0.0000000000e+00
   -1.9815974710e+06    4.1500475639e+06   -6.4911204320e+05   -6.3438518278e+00    2.1751041010e+02   -7.9528120406e+00    3.8032620000e+16    2.0252459696e-05    0.0000000000e+00    1.0000000000e+00    0.0000000000e+00
   -1.1547501194e+06   -5.8981756422e+06   -2.9183613208e+06   -5.0635946888e+01   -1.5097087848e+02   -9.3479583670e+01    3.8032620000e+16    2.0252459696e-05    0.0000000000e+00    1.0000000000e+00    0.0000000000e+00
   -2.3172860726e+06    1.0235298049e+06    3.9311133665e+05   -5.1761954641e+01    9.2815610969e+01    1.2139832002e+01    3.8032620000e+16    2.0252459696e-05    0.0000000000e+00    1.0000000000e+00    0.0000000000e+00
   -1.1261918529e+06   -6.7401850276e+06    6.4746765354e+05   -3.4922959314e+01   -1.9107897688e+02    7.2723618836e+00    3.8031260000e+16    2.0251735492e-05    0.0000000000e+00    1.0000000000e+00    0.0000000000e+00
   -1.0400463779e+06    4.8141779649e+06    1.6287114859e+06    3.9156464045e+01    2.4484599461e+02   -9.2457664745e+00    3.8030050000e+16    2.0251091164e-05    0.0000000000e+00    1.0000000000e+00    0.0000000000e+00
   -9.7117880878e+05   -1.4736104360e+07    7.3420728903e+05   -1.5035139771e+02   -4.3439175977e+02   -8.2258785655e+01    3.8030050000e+16    2.0251091164e-05    0.0000000000e+00    1.0000000000e+00    0.0000000000e+00
   -1.5520778214e+06    8.3942228656e+06    5.8216968719e+06   -1.9714078745e+01    1.7442126235e+02    6.7682700388e+01    3.8029910000e+16    2.0251016614e-05    0.0000000000e+00    1.0000000000e+00    0.0000000000e+00
   -1.8341528474e+06   -3.1047856268e+06    3.8147477155e+05   -5.3918097973e+01   -5.6854507423e+01    1.0503894384e+01    3.8029910000e+16    2.0251016614e-05    0.0000000000e+00    1.0000000000e+00    0.0000000000e+00
   -1.6621690020e+06   -5.2186726211e+05    1.6974366574e+06   -3.0374779885e+01    3.5659156585e+01    4.1848403384e+01    3.8029910000e+16    2.0251016614e-05    0.0000000000e+00    1.0000000000e+00    0.0000000000e+00
    1.8754565300e+06    5.7147568244e+06   -7.5682970354e+05    2.4401047142e+00   -3.5826283690e+01    5.5423530457e+01    3.8029910000e+16    2.0251016614e-05    0.0000000000e+00    1.0000000000e+00    0.0000000000e+00
    1.4492378949e+06    6.4615764933e+06    3.7601680258e+05   -9.2641724706e+01    4.8712591079e+01   -9.5005280114e+01    3.8028560000e+16    2.0250297736e-05    0.0000000000e+00    1.0000000000e+00    0.0000000000e+00
   -1.5562120191e+06   -3.7780349631e+06    1.0684687324e+06   -4.0471501273e+01   -8.2282970611e+01    2.5971655076e+01    3.8028560000e+16    2.0250297736e-05    0.0000000000e+00    1.0000000000e+00    0.0000000000e+00
   -2.2284994636e+06   -1.4164553547e+07   -5.9938624466e+05   -2.7126907312e+02   -5.6759486150e+02    6.0992472461e+01    3.8028140000e+16    2.0250074085e-05    0.0000000000e+00    1.0000000000e+00    0.0000000000e+00
    5.4316456963e+05    7.0134655119e+06    1.0900461555e+05    7.3731893276e+01    2.0594300866e+02    3.2778624034e+01    3.8028140000e+16    2.0250074085e-05    0.0000000000e+00    1.0000000000e+00    0.0000000000e+00
   -2.7680545364e+06    6.6758787515e+06   -5.3699052841e+06   -3.6709555135e+01    1.5025845134e+02   -5.2957596609e+01    3.8028140000e+16    2.0250074085e-05    0.0000000000e+00    1.0000000000e+00    0.0000000000e+00
   -1.5183625354e+06    8.3778996669e+05   -7.0188105078e+05   -2.0607532648e+01    7.8997692689e+01    4.0134485227e+01    3.8028140000e+16    2.0250074085e-05    0.0000000000e+00    1.0000000000e+00    0.0000000000e+00
   -7.3223707294e+05   -5.4964013035e+06   -7.0527163304e+05   -2.5174396360e+01   -1.3134041518e+02   -2.8808513021e+01    3.8026870000e+16    2.0249397807e-05    0.0000000000e+00    1.0000000000e+00    0.0000000000e+00
   -2.9991713059e+05   -7.3991128371e+05    5.8344747696e+06   -1.2224289962e+01   -5.5838852109e-01    8.9470296254e+01    3.8026870000e+16    2.0249397807e-05    0.0000000000e+00    1.0000000000e+00    0.0000000000e+00
   -1.3650280974e+06    1.7612209965e+06    1.1920775076e+06   -8.0445603987e+00    1.2648804776e+02    7.0657430769e+01    3.8026870000e+16    2.0249397807e-05    0.0000000000e+00    1.0000000000e+00    0.0000000000e+00
   -2.5806012204e+06    2.7714757550e+06   -3.8550237536e+06   -5.4860471495e+01    1.3440410618e+02   -8.3730177482e+01    3.8026560000e+16    2.0249232731e-05    0.0000000000e+00    1.0000000000e+00    0.0000000000e+00
   -1.1122233663e+06    2.6920264776e+06   -1.9103265304e+06    1.9720167592e+00    1.6002253389e+02   -7.3812765735e+01    3.8026560000e+16    2.0249232731e-05    0.0000000000e+00    1.0000000000e+00    0.0000000000e+00
   -1.2267974121e+06    2.2300612672e+06    2.5964956634e+06   -2.2740285982e+01    1.3706565802e+02    8.1772259261e+01    3.8026560000e+16    2.0249232731e-05    0.0000000000e+00    1.0000000000e+00    0.0000000000e+00
   -1.3659055102e+06   -1.9162712818e+06    2.9364417822e+06   -3.4415325981e+01   -1.4003121875e+01    9.8726051207e+01    3.8026560000e+16    2.0249232731e-05    0.0000000000e+00    1.0000000000e+00    0.0000000000e+00
   -3.4844871039e+06   -4.1046375321e+06   -1.1602902358e+06   -9.8552171727e+01   -9.3379377222e+01   -2.5842033822e+01    3.8025240000e+16    2.0248529828e-05    0.0000000000e+00    1.0000000000e+00    0.0000000000e+00
   -7.8890936265e+05    1.9331780702e+06   -5.3676376141e+05   -5.9332840294e+00    1.2167043263e+02    5.5687837373e+01    3.8025240000e+16    2.0248529828e-05    0.0000000000e+00    1.0000000000e+00    0.0000000000e+00
   -1.9326475169e+06    3.1629008735e+06    8.5878452627e+06   -4.2361815174e+01    8.0474488619e+01    1.5651270798e+02    3.8024970000e+16    2.0248386053e-05    0.0000000000e+00    1.0000000000e+00    0.0000000000e+00
   -5.0721814046e+05    7.0498576392e+05    2.0619100716e+06   -1.4650399369e+01    6.7398394063e+01   -1.5057517098e+01    3.8024970000e+16    2.0248386053e-05    0.0000000000e+00    1.0000000000e+00    0.0000000000e+00
   -8.8815105579e+05   -5.0308479249e+06    1.0646328776e+06   -2.6234994774e+01   -1.1910589125e+02    1.7418778674e+01    3.8024970000e+16    2.0248386053e-05    0.0000000000e+00    1.0000000000e+00    0.0000000000e+00
    4.3503677434e+04    6.3591440827e+06   -5.1637389529e+04    3.0063746500e+02    1.7264301224e+02    1.4964098220e+02    3.8024970000e+16    2.0248386053e-05    0.0000000000e+00    1.0000000000e+00    0.0000000000e+00
   -2.5838634093e+06   -1.4746235264e+07    4.4890532798e+05   -2.9255808914e+00   -2.4236297183e+02    2.5858088024e+02    3.8024340000e+16    2.0248050576e-05    0.0000000000e+00    1.0000000000e+00    0.0000000000e+00
   -6.3219068489e+06   -3.3944655180e+07    2.6322632288e+04   -1.6896565259e+02   -8.5146905769e+02    1.7858719075e+00    3.8024340000e+16    2.0248050576e-05    0.0000000000e+00    1.0000000000e+00    0.0000000000e+00
   -5.0322025857e+05   -9.6490071680e+06    4.6103678317e+06   -2.6204549604e+01   -2.4805546740e+02    5.9604025807e+01    3.8023720000e+16    2.0247720425e-05    0.0000000000e+00    1.0000000000e+00    0.0000000000e+00
   -1.3874704266e+06    1.2990542882e+06   -2.1234588808e+06   -2.8851704543e+01    1.0183750520e+02   -5.4886249486e+01    3.8023280000e+16    2.0247486124e-05    0.0000000000e+00    1.0000000000e+00    0.0000000000e+00
    1.7136229745e+06    6.7540296848e+06   -5.6787190018e+04   -3.2025426542e+01   -1.0391355108e+02   -1.9754983388e+02    3.8023280000e+16    2.0247486124e-05    0.0000000000e+00    1.0000000000e+00    0.0000000000e+00
   -3.8967206265e+05    5.3810189066e+06   -9.2704745849e+05    9.9164855048e+01    3.0513390155e+02   -7.1442973735e+01    3.8023090000e+16    2.0247384948e-05    0.0000000000e+00    1.0000000000e+00    0.0000000000e+00
    9.4294672323e+05   -1.0262343140e+07    7.9996604543e+06    9.0502251599e+00   -2.5454424304e+02    1.5783259272e+02    3.8023090000e+16    2.0247384948e-05    0.0000000000e+00    1.0000000000e+00    0.0000000000e+00
    4.2414481629e+06   -2.0575961518e+07   -4.2736572926e+05    7.4017434118e+01   -4.8540793163e+02   -6.6144539822e+00    3.8023090000e+16    2.0247384948e-05    0.0000000000e+00    1.0000000000e+00    0.0000000000e+00
    4.1357714045e+06   -1.5435993053e+07   -1.1212082287e+07    8.8698408182e+01   -3.8243420398e+02   -2.5416298803e+02    3.8023090000e+16    2.0247384948e-05    0.0000000000e+00    1.0000000000e+00    0.0000000000e+00
   -2.6541400915e+06   -1.2414987896e+07   -2.4124276401e+06   -8.5587917693e+01   -3.8688347868e+02   -6.8071955783e+00    3.8021980000e+16    2.0246793870e-05    0.0000000000e+00    1.0000000000e+00    0.0000000000e+00
   -2.4366354502e+06   -4.8598216960e+06   -3.6629965009e+06   -7.3562392532e+01   -1.1797190722e+02   -9.7405107149e+01    3.8021980000e+16    2.0246793870e-05    0.0000000000e+00    1.0000000000e+00    0.0000000000e+00
   -9.7633099508e+05    1.3145206833e+06    2.9360355343e+05   -1.7347554441e+01    9.9692751206e+01   -5.4843780613e+01    3.8021980000e+16    2.0246793870e-05    0.0000000000e+00    1.0000000000e+00    0.0000000000e+00
   -8.3365002050e+05    1.0021929988e+05    2.7552043991e+06   -1.9545159209e+01    4.0646856566e+01    4.9052759040e+00    3.8021980000e+16    2.0246793870e-05    0.0000000000e+00    1.0000000000e+00    0.0000000000e+00
   -2.0576063505e+06   -6.7768499808e+06    1.0760851910e+06   -5.5762414087e+01   -1.8865465074e+02    3.5085003612e+01    3.8021980000e+16    2.0246793870e-05    0.0000000000e+00    1.0000000000e+00    0.0000000000e+00
   -2.6266195412e+06   -1.4642755342e+07   -2.1764390726e+05   -1.2356442019e+02   -4.3374234021e+02    1.8811844538e+02    3.8021980000e+16    2.0246793870e-05    0.0000000000e+00    1.0000000000e+00    0.0000000000e+00
    4.2991339149e+06   -1.9330565481e+07    5.2377503931e+06    8.0642967422e+01   -4.6528703680e+02    1.0626131186e+02    3.8021980000e+16    2.0246793870e-05    0.0000000000e+00    1.0000000000e+00    0.0000000000e+00
   -6.0525718103e+06    1.3300679956e+07   -7.3805581552e+06   -1.3474464853e+02    3.0224607364e+02   -1.5687919082e+02    3.8021980000e+16    2.0246793870e-05    0.0000000000e+00    1.0000000000e+00    0.0000000000e+00
    1.7002148051e+06   -1.6506347532e+07    1.1191119159e+06   -2.3778034961e+01   -3.6473580436e+02    1.5081413134e+00    3.8021980000e+16    2.0246793870e-05    0.0000000000e+00    1.0000000000e+00    0.0000000000e+00
   -8.2586798503e+06    1.5872266040e+07   -1.1224649786e+07   -1.9912485069e+02    3.7858716018e+02   -2.6412443800e+02    3.8021840000e+16    2.0246719320e-05    0.0000000000e+00    1.0000000000e+00    0.0000000000e+00
   -1.5679234828e+06   -2.3741028928e+06   -1.2213275858e+06   -4.9024951747e+01   -3.0678784668e+01   -2.8606632916e+01    3.8020680000e+16    2.0246101617e-05    0.0000000000e+00    1.0000000000e+00    0.0000000000e+00
   -3.6519332480e+06    1.4042504240e+06   -2.8245697887e+06   -8.8731920595e+01    8.8374230094e+01   -6.2151433779e+01    3.8020680000e+16    2.0246101617e-05    0.0000000000e+00    1.0000000000e+00    0.0000000000e+00
   -7.8221731263e+05    4.5900903897e+06   -2.1440607934e+06    6.1439241137e+00    2.4659499522e+02   -4.2941916909e+01    3.8020680000e+16    2.0246101617e-05    0.0000000000e+00    1.0000000000e+00    0.0000000000e+00
   -2.5128685173e+06   -1.4687976478e+07    4.5491597034e+05    8.1142563967e+00   -1.4197018696e+02    2.2091589467e+02    3.8020680000e+16    2.0246101617e-05    0.0000000000e+00    1.0000000000e+00    0.0000000000e+00
   -1.0502210537e+07    2.0246157594e+07    4.9844015911e+06   -2.5335171455e+02    4.8688772432e+02    1.1892886365e+02    3.8020590000e+16    2.0246053692e-05    0.0000000000e+00    1.0000000000e+00    0.0000000000e+00
   -6.7286821783e+05    5.9111393522e+06    3.6974161624e+05    1.1004148577e+02    3.3261322591e+02   -1.5305824854e+01    3.8020590000e+16    2.0246053692e-05    0.0000000000e+00    1.0000000000e+00    0.0000000000e+00
   -8.4000362170e+05   -2.9983966884e+06   -9.0663485966e+06   -2.6261724437e+01   -6.7631851196e+01   -1.8404842420e+02    3.8020590000e+16    2.0246053692e-05    0.0000000000e+00    1.0000000000e+00    0.0000000000e+00
   -2.2760829491e+06   -1.1802168228e+07   -2.8579488973e+06   -8.8280323167e+01   -3.6058267980e+02   -3.9747553569e+01    3.8020040000e+16    2.0245760816e-05    0.0000000000e+00    1.0000000000e+00    0.0000000000e+00
   -1.9511437713e+06   -1.1702952724e+07    2.3802087187e+05   -7.9484207411e+01   -4.0060141647e+02    9.1248138540e+00    3.8020040000e+16    2.0245760816e-05    0.0000000000e+00    1.0000000000e+00    0.0000000000e+00
   -1.8871203732e+06   -6.7105343806e+06    8.8148102068e+05   -5.1236065987e+01   -1.8903155130e+02    2.3646710870e+01    3.8020040000e+16    2.0245760816e-05    0.0000000000e+00    1.0000000000e+00    0.0000000000e+00
   -4.1973588072e+05   -1.2280538431e+07    6.5521559019e+05   -8.0302605806e+01   -3.5907741526e+02   -6.5174885791e+01    3.8020040000e+16    2.0245760816e-05    0.0000000000e+00    1.0000000000e+00    0.0000000000e+00
   -2.0965183036e+06    4.1114887603e+06    1.3311725231e+07   -5.2708573220e+01    9.8594126769e+01    2.9555096913e+02    3.8020040000e+16    2.0245760816e-05    0.0000000000e+00    1.0000000000e+00    0.0000000000e+00
    3.2625613651e+06   -1.8557207340e+07    2.7145227652e+06    4.3565131951e+01   -4.3442575762e+02    4.1637488391e+01    3.8020040000e+16    2.0245760816e-05    0.0000000000e+00    1.0000000000e+00    0.0000000000e+00
    3.8320295315e+06   -1.9335337102e+07    2.6020156510e+06    6.0455530243e+01   -4.5512401604e+02    4.6598037067e+01    3.8020040000e+16    2.0245760816e-05    0.0000000000e+00    1.0000000000e+00    0.0000000000e+00
    8.5573357917e+06   -2.5468703781e+07    3.0918704890e+06    1.9686854449e+02   -6.2863664783e+02    7.2197132483e+01    3.8020040000e+16    2.0245760816e-05    0.0000000000e+00    1.0000000000e+00    0.0000000000e+00
    2.7822981208e+06   -1.4375694197e+07   -8.6704092896e+06    5.1309363326e+01   -3.5532812617e+02   -1.8056375611e+02    3.8020040000e+16    2.0245760816e-05    0.0000000000e+00    1.0000000000e+00    0.0000000000e+00
    1.2122524721e+06   -8.1118339395e+06    4.1825967294e+05   -3.0174145872e+00   -2.1535297416e+02   -3.1271830509e+01    3.8019400000e+16    2.0245420014e-05    0.0000000000e+00    1.0000000000e+00    0.0000000000e+00
   -1.7670120403e+06   -1.2574741772e+07    4.9793438182e+05   -8.7163228684e+01   -4.4910801456e+02   -9.1970139658e+00    3.8019400000e+16    2.0245420014e-05    0.0000000000e+00    1.0000000000e+00    0.0000000000e+00
   -1.3731070746e+06    6.7281567569e+06    2.1095858678e+06    5.2786534491e+01    1.3981704662e+02   -8.3466851263e+01    3.8019350000e+16    2.0245393389e-05    0.0000000000e+00    1.0000000000e+00    0.0000000000e+00
   -1.8428624901e+06   -1.3497539000e+07    9.2453767171e+05   -8.9201626380e+00   -2.4162047657e+02   -5.7314208426e+01    3.8019350000e+16    2.0245393389e-05    0.0000000000e+00    1.0000000000e+00    0.0000000000e+00
   -3.5884435431e+06   -1.8207664453e+07   -3.7757417960e+06   -8.3017223966e+01   -4.1099581169e+02   -5.5653416023e+01    3.8019350000e+16    2.0245393389e-05    0.0000000000e+00    1.0000000000e+00    0.0000000000e+00
   -1.1283230558e+07    1.8987321372e+07   -7.9265854055e+06   -2.7365088567e+02    4.5722104187e+02   -1.9039294771e+02    3.8019350000e+16    2.0245393389e-05    0.0000000000e+00    1.0000000000e+00    0.0000000000e+00
   -5.1003998053e+06    6.3340890006e+06   -1.4508088311e+07   -1.2295488232e+02    1.4877969986e+02   -3.3276054943e+02    3.8019350000e+16    2.0245393389e-05    0.0000000000e+00    1.0000000000e+00    0.0000000000e+00
   -5.5500371986e+06   -4.7465974421e+06   -4.2243249120e+06   -1.2751792140e+02   -1.0921328406e+02   -6.6389967398e+01    3.8019350000e+16    2.0245393389e-05    0.0000000000e+00    1.0000000000e+00    0.0000000000e+00
   -1.3286446223e+06   -5.6536012317e+06   -6.6546754552e+05   -3.0938691283e+01   -1.5112202507e+02   -3.0691559546e+01    3.8018730000e+16    2.0245063238e-05    0.0000000000e+00    1.0000000000e+00    0.0000000000e+00
   -8.3544804092e+05   -1.9358736293e+06    9.1344971808e+05   -1.5602951063e+01   -1.0870961932e+01    1.2925161204e+01    3.8018730000e+16    2.0245063238e-05    0.0000000000e+00    1.0000000000e+00    0.0000000000e+00
    5.2292496079e+05   -1.5127119939e+07    2.5446528719e+05   -9.4205909034e+01   -3.1991499131e+02   -1.7249662143e+01    3.8018730000e+16    2.0245063238e-05    0.0000000000e+00    1.0000000000e+00    0.0000000000e+00
    6.1995228755e+05   -1.1760207827e+07    2.5047291836e+06   -2.6263018015e+01   -3.1310621982e+02   -6.3246934079e+00    3.8018130000e+16    2.0244743736e-05    0.0000000000e+00    1.0000000000e+00    0.0000000000e+00
    5.4697615120e+06   -1.5249168548e+07    1.1968991541e+07    1.2262423763e+02   -3.7988945639e+02    2.7535682379e+02    3.8018130000e+16    2.0244743736e-05    0.0000000000e+00    1.0000000000e+00    0.0000000000e+00
   -7.8697640286e+05    2.0887145025e+06    1.4374617430e+06   -1.6155364941e+01    1.4045954727e+02    7.2105980650e+01    3.8018130000e+16    2.0244743736e-05    0.0000000000e+00    1.0000000000e+00    0.0000000000e+00
    3.2365601862e+06   -1.1933274684e+07   -1.8806332189e+07    7.3221448885e+01   -3.0046244065e+02   -4.5470625011e+02    3.8018130000e+16    2.0244743736e-05    0.0000000000e+00    1.0000000000e+00    0.0000000000e+00
   -2.4541048705e+06   -1.4646026277e+07    7.6612740692e+05   -1.6890605795e+02   -4.7712384227e+02   -1.9001852381e+02    3.8018130000e+16    2.0244743736e-05    0.0000000000e+00    1.0000000000e+00    0.0000000000e+00
    5.5352556866e+06   -2.2942096585e+07   -2.0227468807e+06    1.1434677041e+02   -5.5599669081e+02   -4.1329044000e+01    3.8018130000e+16    2.0244743736e-05    0.0000000000e+00    1.0000000000e+00    0.0000000000e+00
   -8.1010388977e+06    1.9540856978e+07    2.3620192714e+07   -2.0478978854e+02    4.8586720081e+02    5.8703452896e+02    3.8018120000e+16    2.0244738411e-05    0.0000000000e+00    1.0000000000e+00    0.0000000000e+00
    4.4949154777e+06   -2.0087217304e+07    2.7487901527e+05    7.7620724261e+01   -4.7332224610e+02    6.7033554056e+00    3.8018120000e+16    2.0244738411e-05    0.0000000000e+00    1.0000000000e+00    0.0000000000e+00
   -1.8597193645e+07    3.1391373442e+07   -4.6938881593e+06   -4.6865875702e+02    7.8426506879e+02   -1.1740449868e+02    3.8018120000e+16    2.0244738411e-05    0.0000000000e+00    1.0000000000e+00    0.0000000000e+00
   -1.6528668834e+06    7.0162817640e+06   -1.7899172771e+06    6.2050303369e+01    1.2821839014e+02    7.2875459512e+01    3.8018120000e+16    2.0244738411e-05    0.0000000000e+00    1.0000000000e+00    0.0000000000e+00
    4.8300991721e+06   -1.1987500899e+07   -2.1691625091e+07    1.1335792382e+02   -3.0189115413e+02   -5.3179229299e+02    3.8018120000e+16    2.0244738411e-05    0.0000000000e+00    1.0000000000e+00    0.0000000000e+00
   -1.5645895945e+06    4.1961595493e+06    1.6565058486e+06    1.4271944705e+01    1.7282520247e+02   -6.1186536385e+01    3.8016880000e+16    2.0244078108e-05    0.0000000000e+00    1.0000000000e+00    0.0000000000e+00
    6.3221454008e+06   -2.0938928962e+07    9.9182644069e+06    1.4275354083e+02   -5.1797423325e+02    2.3061107959e+02    3.8016880000e+16    2.0244078108e-05    0.0000000000e+00    1.0000000000e+00    0.0000000000e+00
   -8.7447008505e+06    1.6968683202e+07    5.8225698401e+06   -2.0422094367e+02    3.9888176088e+02    1.3246518783e+02    3.8016880000e+16    2.0244078108e-05    0.0000000000e+00    1.0000000000e+00    0.0000000000e+00
   -2.1768212256e+06   -1.4116562463e+07   -3.2631760835e+05   -7.7591810921e+01   -3.4291819834e+02   -1.1615184867e+02    3.8016880000e+16    2.0244078108e-05    0.0000000000e+00    1.0000000000e+00    0.0000000000e+00
   -1.6771031497e+06    8.1044695110e+05   -7.0798126986e+04   -2.3567660056e+01    8.1321664657e+01    5.0476430885e+01    3.8016880000e+16    2.0244078108e-05    0.0000000000e+00    1.0000000000e+00    0.0000000000e+00
   -8.3963029101e+05   -2.2694063832e+06    9.6119074960e+06   -2.5067727875e+01   -5.2625213416e+01    1.9760883383e+02    3.8016860000e+16    2.0244067458e-05    0.0000000000e+00    1.0000000000e+00    0.0000000000e+00
   -2.0636052817e+06   -1.3788272989e+07    1.0851080915e+06    1.1932295225e+01   -2.1526097457e+02   -8.1833651272e+00    3.8016860000e+16    2.0244067458e-05    0.0000000000e+00    1.0000000000e+00    0.0000000000e+00
    1.3623992568e+06   -1.4855707467e+07    3.4890489529e+06   -1.0009708733e+01   -3.5782037063e+02    2.3710078591e+01    3.8016230000e+16    2.0243731982e-05    0.0000000000e+00    1.0000000000e+00    0.0000000000e+00
    8.4994831083e+05   -9.9711474611e+06    5.6308831332e+06    2.7043879627e+00   -2.5271169325e+02    9.0505362834e+01    3.8016230000e+16    2.0243731982e-05    0.0000000000e+00    1.0000000000e+00    0.0000000000e+00
   -2.4429941769e+06   -1.4606251317e+07    8.9368366111e+05   -1.7165983140e+02   -4.9068947223e+02   -1.5770774296e+02    3.8016230000e+16    2.0243731982e-05    0.0000000000e+00    1.0000000000e+00    0.0000000000e+00
   -1.5124379651e+06   -1.3188795177e+07    1.3694321484e+06   -1.3117465774e+02   -4.4847275135e+02    4.2220459579e+01    3.8016230000e+16    2.0243731982e-05    0.0000000000e+00    1.0000000000e+00    0.0000000000e+00
    9.0334974962e+06   -2.7274331990e+07   -4.9697812706e+06    2.1144568243e+02   -6.7842076138e+02   -1.1753744952e+02    3.8016230000e+16    2.0243731982e-05    0.0000000000e+00    1.0000000000e+00    0.0000000000e+00
   -2.3033954081e+06   -5.7590073763e+06    6.5297276535e+06   -5.9119822921e+01   -1.3828822732e+02    1.1950312646e+02    3.8015660000e+16    2.0243428456e-05    0.0000000000e+00    1.0000000000e+00    0.0000000000e+00
   -3.3193348760e+06    9.2788100236e+06    7.8248486311e+05   -4.4990315548e+00    1.5283730563e+02   -6.1161992015e+00    3.8015600000e+16    2.0243396505e-05    0.0000000000e+00    1.0000000000e+00    0.0000000000e+00
    2.0368934182e+06   -6.5780941441e+05   -3.7061238005e+06    2.7872597744e+01    8.1807608174e+00   -3.7013565144e+01    3.8015600000e+16    2.0243396505e-05    0.0000000000e+00    1.0000000000e+00    0.0000000000e+00
    6.3146163800e+06   -2.2183031493e+07   -2.0428187470e+05    1.3166026066e+02   -5.3548122172e+02   -5.4603761510e+00    3.8014440000e+16    2.0242778803e-05    0.0000000000e+00    1.0000000000e+00    0.0000000000e+00
    4.1983912582e+06   -1.1918921957e+07   -2.1248664882e+07    9.8574626378e+01   -3.0101395105e+02   -5.1947156927e+02    3.8014440000e+16    2.0242778803e-05    0.0000000000e+00    1.0000000000e+00    0.0000000000e+00
   -2.2586675567e+06   -7.5399438060e+06   -3.4952703573e+06   -7.9148169910e+01   -2.0861337307e+02   -9.0745154667e+01    3.8014350000e+16    2.0242730878e-05    0.0000000000e+00    1.0000000000e+00    0.0000000000e+00
   -1.4509716304e+06   -1.1794452820e+07   -2.3741954014e+06   -7.9332831134e+01   -3.6897763914e+02   -5.9029791292e+01    3.8014350000e+16    2.0242730878e-05    0.0000000000e+00    1.0000000000e+00    0.0000000000e+00
   -1.1193702679e+06   -4.2112712699e+06    1.4856628874e+06   -2.4682161441e+01   -9.5215317727e+01    3.3034768684e+01    3.8014350000e+16    2.0242730878e-05    0.0000000000e+00    1.0000000000e+00    0.0000000000e+00
    3.9849647311e+06   -1.9733315613e+07    2.4317684514e+06    6.4108763545e+01   -4.6526151370e+02    4.5471594235e+01    3.8014350000e+16    2.0242730878e-05    0.0000000000e+00    1.0000000000e+00    0.0000000000e+00
   -4.1524177610e+06    4.7832309664e+06   -6.5114753228e+06   -8.0890515733e+01    1.2229429614e+02   -9.7941010061e+01    3.8013220000e+16    2.0242129150e-05    0.0000000000e+00    1.0000000000e+00    0.0000000000e+00
   -2.2197873707e+06   -9.4536773446e+05    4.0211661277e+05   -5.9793362389e+01    1.8431395842e+01    1.3261529953e+01    3.8013110000e+16    2.0242070575e-05    0.0000000000e+00    1.0000000000e+00    0.0000000000e+00
   -1.4037398151e+06    3.6219448501e+05    1.2123923746e+07   -3.7623470375e+01    1.0359230833e+01    2.6351965304e+02    3.8013110000e+16    2.0242070575e-05    0.0000000000e+00    1.0000000000e+00    0.0000000000e+00
    7.6857285043e+06   -2.0994327789e+07    1.4798926299e+07    1.8133151363e+02   -5.2594479026e+02    3.5754777664e+02    3.8013110000e+16    2.0242070575e-05    0.0000000000e+00    1.0000000000e+00    0.0000000000e+00
    8.3004431531e+06   -2.0919887009e+07    2.7265089956e+07    2.0249858817e+02   -5.3053140400e+02    6.8196433492e+02    3.8013110000e+16    2.0242070575e-05    0.0000000000e+00    1.0000000000e+00    0.0000000000e+00
    8.1234391792e+05   -4.8626013977e+06   -2.7583703804e+06    3.1232653267e+00   -1.1640538694e+02   -2.3624644679e+01    3.8013110000e+16    2.0242070575e-05    0.0000000000e+00    1.0000000000e+00    0.0000000000e+00
   -2.1879968577e+06    1.9843324592e+06   -8.9790161930e+06   -4.9792800881e+01    5.1895209627e+01   -1.7123044742e+02    3.8013110000e+16    2.0242070575e-05    0.0000000000e+00    1.0000000000e+00    0.0000000000e+00
   -1.2760110839e+06    4.5108984837e+06   -1.3040302379e+06    4.1938611501e+01    1.7602588290e+02    8.2223439254e+01    3.8013110000e+16    2.0242070575e-05    0.0000000000e+00    1.0000000000e+00    0.0000000000e+00
   -1.3923205409e+06    1.1058029111e+06    1.6407906694e+06   -1.9419474897e+01    1.0011770473e+02    4.2064193634e+01    3.8013110000e+16    2.0242070575e-05    0.0000000000e+00    1.0000000000e+00    0.0000000000e+00
    1.9072236740e+06   -1.5133324696e+07   -8.2559428140e+06    2.8748629899e+01   -3.6970053278e+02   -1.6898774410e+02    3.8013110000e+16    2.0242070575e-05    0.0000000000e+00    1.0000000000e+00    0.0000000000e+00
    5.9732725308e+06   -2.3113068947e+07   -9.2384799294e+05    1.2459892535e+02   -5.5994220504e+02   -1.9897322544e+01    3.8013110000e+16    2.0242070575e-05    0.0000000000e+00    1.0000000000e+00    0.0000000000e+00
    1.7246404238e+07   -3.5940454491e+07   -4.9101902676e+06    4.2630840231e+02   -9.0860865610e+02   -1.2259702204e+02    3.8013110000e+16    2.0242070575e-05    0.0000000000e+00    1.0000000000e+00    0.0000000000e+00
   -2.7996201550e+04   -5.9918934393e+06    1.2657267706e+07   -7.9506279531e+00   -1.4920215739e+02    2.8497138516e+02    3.8012490000e+16    2.0241740423e-05    0.0000000000e+00    1.0000000000e+00    0.0000000000e+00
   -8.1849739409e+06    1.2001097351e+07    1.2521845850e+06   -1.6944772549e+02    2.6100444034e+02    2.1821571364e+01    3.8012490000e+16    2.0241740423e-05    0.0000000000e+00    1.0000000000e+00    0.0000000000e+00
    1.3275141941e+06    6.7845402324e+06    5.0293042254e+05    1.6335282239e+01    1.7942090321e+02    2.4804781122e+01    3.8012490000e+16    2.0241740423e-05    0.0000000000e+00    1.0000000000e+00    0.0000000000e+00
   -2.0250732116e+06   -6.1936038369e+05   -2.0437120917e+07   -5.4438896690e+01   -1.9267126178e+01   -4.9290286844e+02    3.8012490000e+16    2.0241740423e-05    0.0000000000e+00    1.0000000000e+00    0.0000000000e+00
    1.5806410199e+06   -1.5614834965e+07   -2.0141915721e+06   -2.4220108734e+01   -3.5850183568e+02    4.9523195411e-01    3.8012490000e+16    2.0241740423e-05    0.0000000000e+00    1.0000000000e+00    0.0000000000e+00
    6.0549365726e+06   -2.4020107545e+07    1.5661280870e+06    1.3047953220e+02   -5.8489211539e+02    3.4917848407e+01    3.8012000000e+16    2.0241479497e-05    0.0000000000e+00    1.0000000000e+00    0.0000000000e+00
    3.1275291080e+06   -1.6612538337e+07   -4.0696466028e+06    3.9580527974e+01   -3.9093229751e+02   -6.7001983156e+01    3.8012000000e+16    2.0241479497e-05    0.0000000000e+00    1.0000000000e+00    0.0000000000e+00
   -1.4322916934e+06    2.1690319465e+06    7.3794777375e+05    7.0206375774e-01    1.3815774473e+02    7.2234307421e-01    3.8012000000e+16    2.0241479497e-05    0.0000000000e+00    1.0000000000e+00    0.0000000000e+00
   -9.9947539409e+06    2.3695007090e+07    3.3990700593e+06   -2.4387084498e+02    5.7661233992e+02    8.2083067019e+01    3.8012000000e+16    2.0241479497e-05    0.0000000000e+00    1.0000000000e+00    0.0000000000e+00
    9.8013565474e+06   -2.9880678693e+07    1.9204494787e+07    2.3914120301e+02   -7.5607933619e+02    4.7836309398e+02    3.8011870000e+16    2.0241410272e-05    0.0000000000e+00    1.0000000000e+00    0.0000000000e+00
    8.3753606631e+06   -2.7694722137e+07   -6.2515233256e+05    1.9385302092e+02   -6.8606372226e+02   -1.5247746655e+01    3.8011870000e+16    2.0241410272e-05    0.0000000000e+00    1.0000000000e+00    0.0000000000e+00
   -1.0292903598e+06   -1.2009745266e+05   -9.9019934402e+03   -2.2532985239e+01    5.6703403972e+01   -6.3176302193e+00    3.8011400000e+16    2.0241159996e-05    0.0000000000e+00    1.0000000000e+00    0.0000000000e+00
   -2.1463709962e+06    3.5403682006e+05    1.0145558662e+07   -5.2734777038e+01    1.4071265567e+01    2.0809731737e+02    3.8011400000e+16    2.0241159996e-05    0.0000000000e+00    1.0000000000e+00    0.0000000000e+00
    1.1222885736e+07   -2.8286413980e+07    7.1508451796e+06    2.6977903064e+02   -7.0773389516e+02    1.7345345106e+02    3.8011400000e+16    2.0241159996e-05    0.0000000000e+00    1.0000000000e+00    0.0000000000e+00
   -2.9089797070e+06    8.0392937317e+06   -3.3662407015e+07   -7.7226493799e+01    2.0018729552e+02   -8.4340609568e+02    3.8011400000e+16    2.0241159996e-05    0.0000000000e+00    1.0000000000e+00    0.0000000000e+00
   -4.8392238943e+06    2.7767425666e+06    1.0334885956e+05   -1.0924885878e+02    1.3279112006e+02    2.0060315732e+01    3.8011250000e+16    2.0241080120e-05    0.0000000000e+00    1.0000000000e+00    0.0000000000e+00
   -9.5469210056e+05    1.4843096059e+06   -2.2213872439e+04   -1.1321792799e+01    1.0743252076e+02   -5.9839705808e+01    3.8011250000e+16    2.0241080120e-05    0.0000000000e+00    1.0000000000e+00    0.0000000000e+00
    1.7551313788e+06    7.1235134671e+06   -5.4493140093e+05    1.9258542416e+02   -1.0370364244e+02   -3.7749559572e+01    3.8011250000e+16    2.0241080120e-05    0.0000000000e+00    1.0000000000e+00    0.0000000000e+00
   -2.2983367878e+05   -5.7514918700e+05   -1.5661195681e+05    4.2363834058e+00    3.1964543821e+01    1.5524351705e+01    3.8011250000e+16    2.0241080120e-05    0.0000000000e+00    1.0000000000e+00    0.0000000000e+00
    3.4592438003e+05   -1.1094789200e+07    1.3808649591e+07   -1.0948378014e+00   -2.7358020047e+02    3.1934256538e+02    3.8010800000e+16    2.0240840494e-05    0.0000000000e+00    1.0000000000e+00    0.0000000000e+00
   -1.5623325308e+07    2.5299615904e+07    3.1559057499e+07   -3.9720923598e+02    6.3575593659e+02    7.9546200431e+02    3.8010800000e+16    2.0240840494e-05    0.0000000000e+00    1.0000000000e+00    0.0000000000e+00
    9.9695117677e+06   -2.5805221209e+07   -2.7685759272e+06    2.3357260302e+02   -6.3862503527e+02   -6.5209377387e+01    3.8010800000e+16    2.0240840494e-05    0.0000000000e+00    1.0000000000e+00    0.0000000000e+00
   -1.6272060043e+07    2.7262886547e+07    3.6836793546e+06   -4.0660595584e+02    6.7537225817e+02    9.2465517100e+01    3.8010800000e+16    2.0240840494e-05    0.0000000000e+00    1.0000000000e+00    0.0000000000e+00
    6.8349258525e+06   -1.0638734849e+07   -2.1059299273e+07    1.6309116168e+02   -2.6690332172e+02   -5.1572371594e+02    3.8010800000e+16    2.0240840494e-05    0.0000000000e+00    1.0000000000e+00    0.0000000000e+00
    3.1579207675e+06   -7.1484907251e+06    2.6552113215e+07    7.3867544025e+01   -1.8318902982e+02    6.5676249454e+02    3.8010640000e+16    2.0240755294e-05    0.0000000000e+00    1.0000000000e+00    0.0000000000e+00
   -2.6442077172e+06    1.4000999545e+07    2.8810921351e+06   -4.7311550742e+01    2.8972570655e+02    5.1691531674e+01    3.8010640000e+16    2.0240755294e-05    0.0000000000e+00    1.0000000000e+00    0.0000000000e+00
   -7.9306187293e+06    1.1004184254e+07    4.1860889707e+06   -1.6508993346e+02    2.4057843513e+02    8.1669527472e+01    3.8010640000e+16    2.0240755294e-05    0.0000000000e+00    1.0000000000e+00    0.0000000000e+00
   -4.0734428461e+05   -3.9541340479e+06    1.4329473383e+07   -1.5736165856e+01   -9.8712864790e+01    3.2883115471e+02    3.8010640000e+16    2.0240755294e-05    0.0000000000e+00    1.0000000000e+00    0.0000000000e+00
   -1.1438087441e+07    1.6786883174e+07   -8.4556988371e+06   -2.7606533792e+02    4.0314399624e+02   -2.0074540316e+02    3.8010640000e+16    2.0240755294e-05    0.0000000000e+00    1.0000000000e+00    0.0000000000e+00
   -8.1062849400e+06    1.3335405197e+07   -7.7568554022e+06   -1.8550306837e+02    3.0718083055e+02   -1.7220161405e+02    3.8010640000e+16    2.0240755294e-05    0.0000000000e+00    1.0000000000e+00    0.0000000000e+00
   -4.1587115400e+06    9.2505143783e+06   -7.1498960568e+06   -8.3002731426e+01    2.0024837397e+02   -1.2860022715e+02    3.8010640000e+16    2.0240755294e-05    0.0000000000e+00    1.0000000000e+00    0.0000000000e+00
   -3.5900209346e+06    7.8750064636e+06   -4.8769144154e+06   -4.8595037914e+01    1.6349724287e+02   -5.3368711227e+01    3.8010640000e+16    2.0240755294e-05    0.0000000000e+00    1.0000000000e+00    0.0000000000e+00
   -3.4646725286e+06    8.5575284707e+06   -4.1185642184e+06   -3.9127783350e+01    1.6950300069e+02   -3.6728037600e+01    3.8010640000e+16    2.0240755294e-05    0.0000000000e+00    1.0000000000e+00    0.0000000000e+00
   -1.4702494307e+06   -8.6402119235e+05   -3.4726420200e+06   -3.2316973398e+01    3.8512808077e+00   -2.8032684969e+01    3.8010640000e+16    2.0240755294e-05    0.0000000000e+00    1.0000000000e+00    0.0000000000e+00
   -2.2185173547e+06    6.5249249979e+04   -7.8437633511e+06   -5.2149146328e+01    1.1698259051e+01   -1.4375884864e+02    3.8010640000e+16    2.0240755294e-05    0.0000000000e+00    1.0000000000e+00    0.0000000000e+00
    1.5222030107e+07   -3.6293048399e+07   -2.2714750317e+07    3.7824485238e+02   -9.2177682806e+02   -5.7256575866e+02    3.8010640000e+16    2.0240755294e-05    0.0000000000e+00    1.0000000000e+00    0.0000000000e+00
    1.0489771419e+06   -9.3068778985e+06   -9.4165237807e+06    1.4630933644e+01   -2.3227107102e+02   -1.9772271334e+02    3.8010640000e+16    2.0240755294e-05    0.0000000000e+00    1.0000000000e+00    0.0000000000e+00
    1.1516095931e+07   -3.2989089352e+07   -1.4527759263e+07    2.8112197430e+02   -8.3340341506e+02   -3.6174547008e+02    3.8010640000e+16    2.0240755294e-05    0.0000000000e+00    1.0000000000e+00    0.0000000000e+00
    2.3235542218e+06   -1.0271977406e+07   -9.9708153707e+06    4.4711314629e+01   -2.5764892786e+02   -2.1388958445e+02    3.8010640000e+16    2.0240755294e-05    0.0000000000e+00    1.0000000000e+00    0.0000000000e+00
    5.0499251260e+06   -1.7456791796e+07    1.5715947931e+07    1.1552233089e+02   -4.3486449613e+02    3.7764540246e+02    3.8010190000e+16    2.0240515668e-05    0.0000000000e+00    1.0000000000e+00    0.0000000000e+00
   -5.3026700825e+06    1.9879725658e+07    2.4092184667e+07   -1.3424085071e+02    4.9402258693e+02    5.9828963098e+02    3.8010190000e+16    2.0240515668e-05    0.0000000000e+00    1.0000000000e+00    0.0000000000e+00
    5.2154557882e+06   -2.1019144352e+07    1.1590896532e+07    1.1726778756e+02   -5.2159095486e+02    2.7338009778e+02    3.8010190000e+16    2.0240515668e-05    0.0000000000e+00    1.0000000000e+00    0.0000000000e+00
   -8.3568846441e+05    1.9206033765e+05    1.3785574886e+06   -8.3655191292e+00    6.8121922448e+01    2.3484016763e+01    3.8010190000e+16    2.0240515668e-05    0.0000000000e+00    1.0000000000e+00    0.0000000000e+00
   -1.0269639434e+07    1.8522133183e+07    3.0076077206e+06   -2.4315325700e+02    4.3885725629e+02    7.3211953186e+01    3.8010190000e+16    2.0240515668e-05    0.0000000000e+00    1.0000000000e+00    0.0000000000e+00
   -1.5460633836e+06   -5.2390804813e+06   -4.7161745718e+06   -4.2927011197e+01   -1.2197674330e+02   -7.1053309634e+01    3.8010190000e+16    2.0240515668e-05    0.0000000000e+00    1.0000000000e+00    0.0000000000e+00
   -3.1225178797e+06    7.0773428232e+06   -9.2681345854e+06   -6.7446530145e+01    1.6574043708e+02   -1.7697828579e+02    3.8010190000e+16    2.0240515668e-05    0.0000000000e+00    1.0000000000e+00    0.0000000000e+00
   -1.2276801603e+06   -1.2553009100e+06    7.2321544940e+06   -3.2212814856e+01   -2.1796998313e+01    1.2927082246e+02    3.8010030000e+16    2.0240430467e-05    0.0000000000e+00    1.0000000000e+00    0.0000000000e+00
    8.0976840293e+06   -2.3132441842e+07    7.9706681559e+06    1.8640316058e+02   -5.7352018972e+02    1.8530111767e+02    3.8010030000e+16    2.0240430467e-05    0.0000000000e+00    1.0000000000e+00    0.0000000000e+00
    4.4711226930e+06   -1.8092673023e+07    1.1307362875e+07    9.7549321122e+01   -4.4802020831e+02    2.6034312159e+02    3.8010030000e+16    2.0240430467e-05    0.0000000000e+00    1.0000000000e+00    0.0000000000e+00
    5.8225600743e+06   -2.1614560235e+07    7.6672867016e+05    1.1638901311e+02   -5.1951927784e+02    1.6059137982e+01    3.8010030000e+16    2.0240430467e-05    0.0000000000e+00    1.0000000000e+00    0.0000000000e+00
    7.9699407014e+06   -2.5806717730e+07   -4.0390237516e+05    1.8152081210e+02   -6.3527334618e+02   -8.8766453184e+00    3.8010030000e+16    2.0240430467e-05    0.0000000000e+00    1.0000000000e+00    0.0000000000e+00
   -2.1204147191e+06   -4.5026215486e+06    7.7205838781e+06   -5.5500849828e+01   -1.0381298513e+02    1.5051872183e+02    3.8009590000e+16    2.0240196166e-05    0.0000000000e+00    1.0000000000e+00    0.0000000000e+00
   -2.0766468170e+06   -5.9198005862e+06    4.0314691859e+05   -6.4722964290e+01   -1.5477351974e+02    1.3862921722e+01    3.8009590000e+16    2.0240196166e-05    0.0000000000e+00    1.0000000000e+00    0.0000000000e+00
   -3.0550231709e+06    3.2214580392e+06    8.7040487153e+06   -6.7454456049e+01    8.3659113659e+01    1.6237775018e+02    3.8009590000e+16    2.0240196166e-05    0.0000000000e+00    1.0000000000e+00    0.0000000000e+00
    4.0894622026e+06   -6.9148466534e+06    2.5744974511e+07    9.6700163948e+01   -1.7568524200e+02    6.3615204449e+02    3.8009590000e+16    2.0240196166e-05    0.0000000000e+00    1.0000000000e+00    0.0000000000e+00
    1.0396016935e+07   -2.6065485916e+07    1.0652779004e+07    2.4955319262e+02   -6.5234978286e+02    2.5798801661e+02    3.8009590000e+16    2.0240196166e-05    0.0000000000e+00    1.0000000000e+00    0.0000000000e+00
   -8.9082428819e+06    2.0614309652e+07    1.9718830723e+07   -2.2216427394e+02    5.0893929390e+02    4.8827955755e+02    3.8009590000e+16    2.0240196166e-05    0.0000000000e+00    1.0000000000e+00    0.0000000000e+00
   -1.4536886657e+07    3.0118804997e+07    5.0604872096e+06   -3.6408179803e+02    7.4921778382e+02    1.2479990763e+02    3.8009590000e+16    2.0240196166e-05    0.0000000000e+00    1.0000000000e+00    0.0000000000e+00
   -1.9268533944e+06   -8.6092980304e+06   -2.6027989678e+05   -4.6983504035e+01   -2.4033317804e+02    4.3192934093e+01    3.8009590000e+16    2.0240196166e-05    0.0000000000e+00    1.0000000000e+00    0.0000000000e+00
   -5.7326065415e+06    1.1081066219e+07   -9.2530814320e+06   -1.2829998499e+02    2.5424562603e+02   -1.9553781388e+02    3.8009590000e+16    2.0240196166e-05    0.0000000000e+00    1.0000000000e+00    0.0000000000e+00
   -4.3134268507e+06    8.0250667869e+06   -1.5911141069e+07   -1.0713386479e+02    1.9401793812e+02   -3.7015682386e+02    3.8009590000e+16    2.0240196166e-05    0.0000000000e+00    1.0000000000e+00    0.0000000000e+00
   -1.6203173927e+06   -1.3579123645e+07   -4.7399469989e+05   -1.3876558730e+02   -4.2061115578e+02   -1.2069044321e+02    3.8009420000e+16    2.0240105641e-05    0.0000000000e+00    1.0000000000e+00    0.0000000000e+00
   -3.1341528480e+06    7.0885111531e+06    5.6064715829e+06   -4.5941108123e+01    1.5217727437e+02    6.7505158500e+01    3.8009420000e+16    2.0240105641e-05    0.0000000000e+00    1.0000000000e+00    0.0000000000e+00
   -1.1570438691e+06   -1.4198293017e+07   -3.1997330595e+05   -2.3985644592e+02   -3.6516933191e+02   -7.7318632857e+01    3.8009420000e+16    2.0240105641e-05    0.0000000000e+00    1.0000000000e+00    0.0000000000e+00
    1.9132254566e+06   -1.1698128347e+07    5.9266293449e+06    2.4413009091e+01   -2.9482758530e+02    9.8877579248e+01    3.8009420000e+16    2.0240105641e-05    0.0000000000e+00    1.0000000000e+00    0.0000000000e+00
   -1.2590561779e+07    1.8942982357e+07    3.9586357277e+06   -3.0457774899e+02    4.5504167468e+02    9.4618048204e+01    3.8009420000e+16    2.0240105641e-05    0.0000000000e+00    1.0000000000e+00    0.0000000000e+00
    6.0761902436e+06   -1.9657863453e+07    8.3234041195e+06    1.3240207786e+02   -4.8442445274e+02    1.8651604462e+02    3.8009420000e+16    2.0240105641e-05    0.0000000000e+00    1.0000000000e+00    0.0000000000e+00
    1.5187351868e+07   -2.8189080767e+07    3.8383161829e+07    3.8081895887e+02   -7.1964571586e+02    9.7066809717e+02    3.8009420000e+16    2.0240105641e-05    0.0000000000e+00    1.0000000000e+00    0.0000000000e+00
   -1.8236024666e+06    1.6643476445e+06   -9.9244337082e+06   -4.4157883222e+01    4.1728227706e+01   -1.9874647718e+02    3.8009420000e+16    2.0240105641e-05    0.0000000000e+00    1.0000000000e+00    0.0000000000e+00
   -3.5251142820e+06    4.5233761059e+06   -1.6273025687e+07   -8.8888906677e+01    1.0889278141e+02   -3.7910768349e+02    3.8009420000e+16    2.0240105641e-05    0.0000000000e+00    1.0000000000e+00    0.0000000000e+00
    1.9933971155e+07   -4.1332061044e+07   -1.2170100019e+07    4.9759079728e+02   -1.0494841496e+03   -3.0700592673e+02    3.8009420000e+16    2.0240105641e-05    0.0000000000e+00    1.0000000000e+00    0.0000000000e+00
   -9.5103456760e+05   -1.3387705433e+07    5.6078498239e+05   -1.6816198715e+02   -4.1310498259e+02    6.6770806025e+01    3.8009420000e+16    2.0240105641e-05    0.0000000000e+00    1.0000000000e+00    0.0000000000e+00
    2.2319520070e+07   -3.8039505563e+07    5.3385119647e+06    5.5707434875e+02   -9.6434005674e+02    1.3375504473e+02    3.8008390000e+16    2.0239557163e-05    0.0000000000e+00    1.0000000000e+00    0.0000000000e+00
    1.5041351779e+07   -3.4355369955e+07    8.5153506659e+06    3.7024392507e+02   -8.6666079469e+02    2.1439818336e+02    3.8008390000e+16    2.0239557163e-05    0.0000000000e+00    1.0000000000e+00    0.0000000000e+00
   -1.1262064819e+05   -3.2521430179e+06   -2.2490018229e+07   -8.6979885317e+00   -8.2959272804e+01   -5.4810198068e+02    3.8008390000e+16    2.0239557163e-05    0.0000000000e+00    1.0000000000e+00    0.0000000000e+00
    7.4212096727e+06   -1.1716046386e+07   -2.2511011666e+07    1.7917064790e+02   -2.9577689910e+02   -5.5339440208e+02    3.8008390000e+16    2.0239557163e-05    0.0000000000e+00    1.0000000000e+00    0.0000000000e+00
   -9.1485389617e+05    3.9440456023e+06    1.2862307106e+06    2.8337727928e+01    1.7127587737e+02   -7.9318533535e+01    3.8008200000e+16    2.0239455988e-05    0.0000000000e+00    1.0000000000e+00    0.0000000000e+00
    1.9985756755e+07   -3.2728673560e+07    1.1151765180e+07    4.9685402026e+02   -8.2777502670e+02    2.7900028725e+02    3.8007790000e+16    2.0239237662e-05    0.0000000000e+00    1.0000000000e+00    0.0000000000e+00
    1.2095188384e+06    1.3641173420e+06   -2.3461837167e+07    2.5539205501e+01    3.2280667340e+01   -5.7332861307e+02    3.8007790000e+16    2.0239237662e-05    0.0000000000e+00    1.0000000000e+00    0.0000000000e+00
   -2.8740737608e+06    3.0382333143e+06    1.4988939653e+07   -7.3275863530e+01    7.5608404701e+01    3.4240973874e+02    3.8007190000e+16    2.0238918161e-05    0.0000000000e+00    1.0000000000e+00    0.0000000000e+00
   -1.1711780693e+06   -2.2818952527e+06    2.0861656344e+07   -3.4216562775e+01   -5.7589174224e+01    5.0395616333e+02    3.8007190000e+16    2.0238918161e-05    0.0000000000e+00    1.0000000000e+00    0.0000000000e+00
   -2.4022643191e+06   -1.4326346195e+07    5.6391579838e+05    3.0099525004e+00   -1.2396183442e+02   -2.2388161330e+01    3.8007000000e+16    2.0238816985e-05    0.0000000000e+00    1.0000000000e+00    0.0000000000e+00
   -1.4209867684e+06   -1.8887034804e+06   -2.9386184420e+06   -5.4935639868e+01   -1.7328170072e+01   -9.0518254069e+01    3.8007000000e+16    2.0238816985e-05    0.0000000000e+00    1.0000000000e+00    0.0000000000e+00
   -1.2255228765e+06    4.8154878786e+06   -2.5303246302e+06   -1.9014493717e+00    2.3579454244e+02   -3.5125787046e+01    3.8007000000e+16    2.0238816985e-05    0.0000000000e+00    1.0000000000e+00    0.0000000000e+00
   -6.7791395887e+06    9.8297472512e+06    1.0011223167e+07   -1.5466484098e+02    2.2583321635e+02    2.1770105685e+02    3.8007000000e+16    2.0238816985e-05    0.0000000000e+00    1.0000000000e+00    0.0000000000e+00
   -2.7841748310e+06    3.6318489601e+06    1.6479252859e+07   -6.9851172169e+01    8.4703783034e+01    3.8451558132e+02    3.8007000000e+16    2.0238816985e-05    0.0000000000e+00    1.0000000000e+00    0.0000000000e+00
   -2.6883479624e+06    3.9382591729e+06    1.5608653907e+07   -6.7919907793e+01    9.3299867246e+01    3.6057619613e+02    3.8007000000e+16    2.0238816985e-05    0.0000000000e+00    1.0000000000e+00    0.0000000000e+00
   -8.2922568835e+06    1.4468041285e+07   -9.2878505846e+06   -1.9588052890e+02    3.3828569374e+02   -2.1300255326e+02    3.8007000000e+16    2.0238816985e-05    0.0000000000e+00    1.0000000000e+00    0.0000000000e+00
   -1.2067225548e+07    1.8827110571e+07   -3.6659035879e+06   -2.9193302227e+02    4.5097526764e+02   -8.5697711499e+01    3.8007000000e+16    2.0238816985e-05    0.0000000000e+00    1.0000000000e+00    0.0000000000e+00
   -4.8199420894e+06    9.0867291862e+06   -7.7823249403e+06   -9.9340593540e+01    2.0062667383e+02   -1.4774690962e+02    3.8007000000e+16    2.0238816985e-05    0.0000000000e+00    1.0000000000e+00    0.0000000000e+00
   -3.4367325726e+06    8.4456308748e+06   -5.6319688250e+06   -5.4298500641e+01    1.7880486533e+02   -7.4840103469e+01    3.8007000000e+16    2.0238816985e-05    0.0000000000e+00    1.0000000000e+00    0.0000000000e+00
   -1.2714014176e+06   -1.2933862755e+07    1.0463722444e+06   -1.2584272322e+02   -4.3696343839e+02    5.2031036897e+01    3.8007000000e+16    2.0238816985e-05    0.0000000000e+00    1.0000000000e+00    0.0000000000e+00
    7.1933651227e+06   -1.9348155441e+07   -1.3159043334e+07    1.6787270717e+02   -4.8330641490e+02   -3.1283609522e+02    3.8007000000e+16    2.0238816985e-05    0.0000000000e+00    1.0000000000e+00    0.0000000000e+00
    3.4302831813e+06   -1.1329500041e+07   -1.7946442810e+07    7.7505892437e+01   -2.8617370940e+02   -4.3097727143e+02    3.8007000000e+16    2.0238816985e-05    0.0000000000e+00    1.0000000000e+00    0.0000000000e+00
    8.6035696709e+06   -2.1087408943e+07   -1.5973808829e+07    2.0591398525e+02   -5.3025453644e+02   -3.8790673917e+02    3.8007000000e+16    2.0238816985e-05    0.0000000000e+00    1.0000000000e+00    0.0000000000e+00
   -3.5815238873e+06   -1.7829399942e+06   -7.7264980066e+05   -6.4833168375e+01   -1.3740979927e+01   -5.1603688950e+01    3.8006000000e+16    2.0238284483e-05    0.0000000000e+00    1.0000000000e+00    0.0000000000e+00
   -6.1259983565e+05    3.9774196190e+04    1.3590374534e+05   -1.0473947504e+01    6.5526844019e+01   -5.8568866884e+00    3.8006000000e+16    2.0238284483e-05    0.0000000000e+00    1.0000000000e+00    0.0000000000e+00
   -8.8549509718e+05   -8.5791995325e+06    2.6561637698e+05   -3.9640092359e+01   -2.4445075501e+02   -2.6009467026e+00    3.8006000000e+16    2.0238284483e-05    0.0000000000e+00    1.0000000000e+00    0.0000000000e+00
    4.8158856841e+06   -1.8514748384e+07   -6.5169461999e+06    9.5854992204e+01   -4.4982846353e+02   -1.3688872373e+02    3.8006000000e+16    2.0238284483e-05    0.0000000000e+00    1.0000000000e+00    0.0000000000e+00
   -6.1478828190e+06   -1.4162542447e+07   -1.0949373898e+07   -1.5653962067e+02   -3.4747462519e+02   -2.4821136656e+02    3.8006000000e+16    2.0238284483e-05    0.0000000000e+00    1.0000000000e+00    0.0000000000e+00
   -3.2380540010e+06   -1.0363314967e+06   -3.8135569257e+06   -6.9083538390e+01   -6.4992956081e-01   -4.3241851174e+01    3.8006000000e+16    2.0238284483e-05    0.0000000000e+00    1.0000000000e+00    0.0000000000e+00
    1.8005989674e+06    7.4722919217e+06    1.2149104318e+05    2.7289200979e+02    7.3660372997e+01   -1.8184644638e+02    3.8006000000e+16    2.0238284483e-05    0.0000000000e+00    1.0000000000e+00    0.0000000000e+00
    1.4493135026e+06    7.2233720589e+06    5.6801507351e+05   -3.1858185467e+01   -1.1188084847e+01    3.4591969421e+02    3.8005800000e+16    2.0238177982e-05    0.0000000000e+00    1.0000000000e+00    0.0000000000e+00
   -2.1978433250e+06   -1.4305101508e+07   -6.6121446221e+05   -3.0156245985e+02   -4.8974524194e+02    9.9522665457e+01    3.8005800000e+16    2.0238177982e-05    0.0000000000e+00    1.0000000000e+00    0.0000000000e+00
    6.0978221493e+05   -6.2309630126e+06    1.5765550530e+07    8.2249413290e+00   -1.5766601981e+02    3.6820746532e+02    3.8005800000e+16    2.0238177982e-05    0.0000000000e+00    1.0000000000e+00    0.0000000000e+00
   -7.5927472716e+05   -9.7811251867e+06   -1.0892081766e+05   -4.6312991480e+01   -2.8435738683e+02   -5.4237764412e+01    3.8005800000e+16    2.0238177982e-05    0.0000000000e+00    1.0000000000e+00    0.0000000000e+00
   -1.1961526663e+06    4.6680091505e+06   -3.4762272030e+06    4.1903638963e+00    1.3487545047e+02    2.6525591474e+01    3.8005800000e+16    2.0238177982e-05    0.0000000000e+00    1.0000000000e+00    0.0000000000e+00
   -1.2827050544e+06   -1.5906858594e+07    1.7102773934e+05   -1.4218335811e+02   -3.9837337268e+02    3.9577428140e+01    3.8005800000e+16    2.0238177982e-05    0.0000000000e+00    1.0000000000e+00    0.0000000000e+00
    3.8085557334e+06   -1.3425612741e+07   -6.8184812814e+06    7.0240246252e+01   -3.3388414252e+02   -1.3082930345e+02    3.8005800000e+16    2.0238177982e-05    0.0000000000e+00    1.0000000000e+00    0.0000000000e+00
    4.7659066996e+06   -1.9544836834e+07   -4.3591357697e+06    8.9771654170e+01   -4.7043700656e+02   -8.5658799608e+01    3.8005800000e+16    2.0238177982e-05    0.0000000000e+00    1.0000000000e+00    0.0000000000e+00
   -1.9591492774e+06   -8.4762206633e+06   -2.9553405719e+06   -7.6614733253e+01   -2.4267767797e+02   -7.8464740485e+01    3.8005200000e+16    2.0237858481e-05    0.0000000000e+00    1.0000000000e+00    0.0000000000e+00
   -2.3869982681e+06   -1.4569710777e+07   -1.1025097273e+06   -1.3877870817e+02   -4.7487715226e+02    1.3306482172e+02    3.8005200000e+16    2.0237858481e-05    0.0000000000e+00    1.0000000000e+00    0.0000000000e+00
   -1.7497159618e+07    2.3812112461e+07    1.6731356201e+07   -4.4068977980e+02    5.9159119710e+02    4.1759529840e+02    3.8005200000e+16    2.0237858481e-05    0.0000000000e+00    1.0000000000e+00    0.0000000000e+00
   -1.9375839251e+06   -4.7362471330e+06    1.0641567612e+06   -4.5000232004e+01   -1.1634776042e+02    3.0342865775e+01    3.8005200000e+16    2.0237858481e-05    0.0000000000e+00    1.0000000000e+00    0.0000000000e+00
   -3.4179132592e+05   -1.4802037729e+07   -7.1668512500e+04   -1.5451560455e+02   -3.0144339667e+02   -1.8865818773e+01    3.8005200000e+16    2.0237858481e-05    0.0000000000e+00    1.0000000000e+00    0.0000000000e+00
   -1.9863668634e+05   -2.1472900861e+06   -5.2896488031e+06   -1.1235350729e+01   -4.0385970058e+01   -7.9153674639e+01    3.8005200000e+16    2.0237858481e-05    0.0000000000e+00    1.0000000000e+00    0.0000000000e+00
    3.1526500803e+06   -5.1081153140e+06   -3.4038120404e+07    7.5159572827e+01   -1.3290311583e+02   -8.5290446876e+02    3.8005200000e+16    2.0237858481e-05    0.0000000000e+00    1.0000000000e+00    0.0000000000e+00
    1.8144513897e+05   -7.2898603943e+06    1.2025478423e+07   -4.7179775606e+00   -1.7695997690e+02    2.6909924128e+02    3.8004810000e+16    2.0237650805e-05    0.0000000000e+00    1.0000000000e+00    0.0000000000e+00
   -3.3761486885e+06    4.3264401899e+06    1.7267695566e+07   -8.6344031565e+01    1.0568987236e+02    4.0525014502e+02    3.8004810000e+16    2.0237650805e-05    0.0000000000e+00    1.0000000000e+00    0.0000000000e+00
    3.3774475038e+06   -4.0065114358e+06    3.9143305827e+07    8.1038217467e+01   -1.0395964249e+02    9.8539045549e+02    3.8004810000e+16    2.0237650805e-05    0.0000000000e+00    1.0000000000e+00    0.0000000000e+00
    1.8173205716e+06   -1.4631875570e+07    2.1090056782e+06   -1.4333364443e+01   -3.5843439630e+02   -9.3020561817e+00    3.8004600000e+16    2.0237538980e-05    0.0000000000e+00    1.0000000000e+00    0.0000000000e+00
    2.5826289377e+06   -1.1656657928e+07    5.6457591698e+06    3.8380288301e+01   -2.9496573775e+02    9.3918857533e+01    3.8004600000e+16    2.0237538980e-05    0.0000000000e+00    1.0000000000e+00    0.0000000000e+00
    6.7780269955e+06   -2.1647671941e+07    4.6359238398e+06    1.4609133948e+02   -5.2967465386e+02    9.8859425946e+01    3.8004600000e+16    2.0237538980e-05    0.0000000000e+00    1.0000000000e+00    0.0000000000e+00
    4.2482031561e+06   -9.4691065573e+06    2.3780461752e+07    9.9774551843e+01   -2.3891508838e+02    5.8583957221e+02    3.8004600000e+16    2.0237538980e-05    0.0000000000e+00    1.0000000000e+00    0.0000000000e+00
   -1.9058058104e+06   -1.3714778143e+07    1.8972945765e+05   -1.5869290078e+02   -6.0172062510e+02   -3.6508038292e+01    3.8004600000e+16    2.0237538980e-05    0.0000000000e+00    1.0000000000e+00    0.0000000000e+00
    1.7338115080e+05    6.4224004997e+06    5.2276776109e+04    2.4431231184e+02    3.9684853348e+02   -1.8506495745e+01    3.8004600000e+16    2.0237538980e-05    0.0000000000e+00    1.0000000000e+00    0.0000000000e+00
    9.9188604122e+05   -9.6637265404e+06   -1.1323980637e+07    1.3937467106e+01   -2.3971524727e+02   -2.5093096241e+02    3.8004600000e+16    2.0237538980e-05    0.0000000000e+00    1.0000000000e+00    0.0000000000e+00
    1.0991080821e+06   -1.6247387360e+07    5.2795264245e+05   -5.2057181830e+01   -3.4797419116e+02   -2.2599630196e+00    3.8004600000e+16    2.0237538980e-05    0.0000000000e+00    1.0000000000e+00    0.0000000000e+00
    6.0874115827e+06   -2.3193128160e+07   -2.1102780417e+06    1.2901998644e+02   -5.6287885481e+02   -4.6489559711e+01    3.8004600000e+16    2.0237538980e-05    0.0000000000e+00    1.0000000000e+00    0.0000000000e+00
   -1.6124642195e+06   -1.1658944114e+07    4.0470946959e+05   -7.1020011973e+01   -4.0538725223e+02    2.9692908591e+00    3.8004220000e+16    2.0237336629e-05    0.0000000000e+00    1.0000000000e+00    0.0000000000e+00
   -6.6471781768e+06    6.7159282813e+06    1.3886782102e+07   -1.6046334743e+02    1.6047877679e+02    3.1661505428e+02    3.8004220000e+16    2.0237336629e-05    0.0000000000e+00    1.0000000000e+00    0.0000000000e+00
    2.2505398992e+07   -2.1255693377e+07    3.7999779118e+07    5.6680789170e+02   -5.4203551294e+02    9.6062050716e+02    3.8004220000e+16    2.0237336629e-05    0.0000000000e+00    1.0000000000e+00    0.0000000000e+00
    6.5065520474e+06   -2.2478855580e+07   -4.8597167749e+06    1.4168181871e+02   -5.4868666066e+02   -1.0970946418e+02    3.8004220000e+16    2.0237336629e-05    0.0000000000e+00    1.0000000000e+00    0.0000000000e+00
    1.4619515383e+07   -2.6263980583e+07   -1.7785051429e+07    3.6017338217e+02   -6.6370577547e+02   -4.4214276706e+02    3.8004220000e+16    2.0237336629e-05    0.0000000000e+00    1.0000000000e+00    0.0000000000e+00
   -5.0645161279e+06    9.7123416506e+06   -1.7851106363e+07   -1.2513081222e+02    2.3372282812e+02   -4.2595941932e+02    3.8004220000e+16    2.0237336629e-05    0.0000000000e+00    1.0000000000e+00    0.0000000000e+00
   -2.6117605475e+06    4.1499016319e+06    1.9930384520e+07   -6.7526902613e+01    9.7500911175e+01    4.7859793333e+02    3.8004010000e+16    2.0237224803e-05    0.0000000000e+00    1.0000000000e+00    0.0000000000e+00
    7.6765323703e+06   -2.0056006319e+07   -1.2620722196e+07    1.7866278535e+02   -5.0091397297e+02   -2.9965764913e+02    3.8004010000e+16    2.0237224803e-05    0.0000000000e+00    1.0000000000e+00    0.0000000000e+00
   -3.1494905842e+06    3.5138871063e+06    9.2273853955e+06   -7.0261047228e+01    8.9618730643e+01    1.7655232951e+02    3.8003630000e+16    2.0237022452e-05    0.0000000000e+00    1.0000000000e+00    0.0000000000e+00
    5.7127858651e+06   -6.1598082222e+06    2.4581438805e+07    1.3698355832e+02   -1.5549147312e+02    6.0565476011e+02    3.8003630000e+16    2.0237022452e-05    0.0000000000e+00    1.0000000000e+00    0.0000000000e+00
   -1.6946211230e+06   -3.7025403094e+06   -3.1149155672e+06   -6.3656327112e+01   -8.0480346549e+01   -9.2762860367e+01    3.8003410000e+16    2.0236905302e-05    0.0000000000e+00    1.0000000000e+00    0.0000000000e+00
   -9.9166495409e+05    2.5327982922e+06   -2.2981467015e+06   -1.4629495074e+01    1.5380780359e+02   -7.6895035586e+01    3.8003410000e+16    2.0236905302e-05    0.0000000000e+00    1.0000000000e+00    0.0000000000e+00
   -6.9588532424e+06    3.7307640845e+06    3.9866663666e+07   -1.8017047007e+02    8.9556918110e+01    1.0039453701e+03    3.8003410000e+16    2.0236905302e-05    0.0000000000e+00    1.0000000000e+00    0.0000000000e+00
   -1.1521197357e+07    2.4040181960e+07    2.5444628719e+07   -2.9244545585e+02    6.0149239136e+02    6.3732532681e+02    3.8003410000e+16    2.0236905302e-05    0.0000000000e+00    1.0000000000e+00    0.0000000000e+00
    1.7750990810e+06   -7.9943945220e+06   -3.2884307495e+06    2.0658725266e+01   -2.0880206717e+02   -3.7066566132e+01    3.8003410000e+16    2.0236905302e-05    0.0000000000e+00    1.0000000000e+00    0.0000000000e+00
    1.1175986665e+07   -1.7610935869e+07   -3.4551521227e+07    2.7728473239e+02   -4.4879825929e+02   -8.6936947046e+02    3.8003410000e+16    2.0236905302e-05    0.0000000000e+00    1.0000000000e+00    0.0000000000e+00
    1.0980636352e+07   -2.4139611971e+07   -1.8482262335e+07    2.6682462806e+02   -6.0882296408e+02   -4.5704468225e+02    3.8003410000e+16    2.0236905302e-05    0.0000000000e+00    1.0000000000e+00    0.0000000000e+00
   -1.1684943358e+07    2.5771878815e+07    1.2123630564e+07   -2.9225368367e+02    6.3857594757e+02    2.9944393174e+02    3.8002820000e+16    2.0236591125e-05    0.0000000000e+00    1.0000000000e+00    0.0000000000e+00
   -4.5371523046e+05    2.6668270922e+06    9.9972415634e+05   -3.2235884546e+00    1.6641930684e+02    7.4530135242e+01    3.8002820000e+16    2.0236591125e-05    0.0000000000e+00    1.0000000000e+00    0.0000000000e+00
   -7.1574696282e+05    2.7103025481e+05   -2.0561879542e+07   -2.2633547497e+01    4.6426894883e+00   -4.9620060744e+02    3.8002820000e+16    2.0236591125e-05    0.0000000000e+00    1.0000000000e+00    0.0000000000e+00
   -1.5431190080e+06    2.3253577124e+06    3.1085523619e+05   -1.7831257409e+01    1.4186346409e+02    3.7795415686e+00    3.8002450000e+16    2.0236394100e-05    0.0000000000e+00    1.0000000000e+00    0.0000000000e+00
   -1.8999955783e+06   -1.3151847073e+07   -2.4284489117e+06   -9.1240179305e+01   -4.1772534476e+02   -2.7011006665e+01    3.8002450000e+16    2.0236394100e-05    0.0000000000e+00    1.0000000000e+00    0.0000000000e+00
   -1.7450865456e+06    6.2582056773e+06    3.5537971475e+07   -4.8320677749e+01    1.5505368611e+02    8.9139148450e+02    3.8002450000e+16    2.0236394100e-05    0.0000000000e+00    1.0000000000e+00    0.0000000000e+00
    1.7505570815e+07   -3.2569423371e+07    2.0295955391e+07    4.3554805764e+02   -8.2595085461e+02    5.0968239552e+02    3.8002450000e+16    2.0236394100e-05    0.0000000000e+00    1.0000000000e+00    0.0000000000e+00
    1.1259903210e+07   -2.6719921083e+07    4.7543978147e+06    2.6834005832e+02   -6.6458315473e+02    1.1505761599e+02    3.8002450000e+16    2.0236394100e-05    0.0000000000e+00    1.0000000000e+00    0.0000000000e+00
   -2.0342382401e+06    4.4040535008e+06    1.8054904664e+07   -5.3289588530e+01    1.0513133691e+02    4.2714604713e+02    3.8002450000e+16    2.0236394100e-05    0.0000000000e+00    1.0000000000e+00    0.0000000000e+00
   -2.1296217932e+06   -3.6552033462e+06    1.7595626165e+07   -5.7642829841e+01   -9.1906676838e+01    4.1704543186e+02    3.8002450000e+16    2.0236394100e-05    0.0000000000e+00    1.0000000000e+00    0.0000000000e+00
    2.5810799819e+07   -3.6580373921e+07   -1.2113189026e+07    6.4743000742e+02   -9.2854280878e+02   -3.0437541415e+02    3.8002450000e+16    2.0236394100e-05    0.0000000000e+00    1.0000000000e+00    0.0000000000e+00
    3.7563815694e+06   -1.7369778447e+07   -4.4938316555e+06    5.9890241496e+01   -4.1239892812e+02   -8.1293404372e+01    3.8002450000e+16    2.0236394100e-05    0.0000000000e+00    1.0000000000e+00    0.0000000000e+00
   -2.3203412614e+07    4.0700051689e+07    2.5043565676e+07   -5.9060373643e+02    1.0289930711e+03    6.3462482957e+02    3.8002450000e+16    2.0236394100e-05    0.0000000000e+00    1.0000000000e+00    0.0000000000e+00
   -2.3530074018e+06    1.1166873071e+06    1.6067390182e+05   -4.2925308259e+01    9.4305769755e+01    1.0979552815e+01    3.8002450000e+16    2.0236394100e-05    0.0000000000e+00    1.0000000000e+00    0.0000000000e+00
   -1.6082957889e+06   -1.3563219110e+07    3.2168885537e+05   -2.2222677210e+02   -4.5892170952e+02    9.3095590978e+01    3.8002450000e+16    2.0236394100e-05    0.0000000000e+00    1.0000000000e+00    0.0000000000e+00
    1.2707609192e+07   -2.5923588755e+07   -2.8523138873e+07    3.1450807791e+02   -6.5728303225e+02   -7.1744752714e+02    3.8002450000e+16    2.0236394100e-05    0.0000000000e+00    1.0000000000e+00    0.0000000000e+00
    2.7239132864e+06   -1.3885597391e+07   -6.0987757431e+06    3.9409010932e+01   -3.3762773583e+02   -1.0958752176e+02    3.8002450000e+16    2.0236394100e-05    0.0000000000e+00    1.0000000000e+00    0.0000000000e+00
   -1.1379713701e+07    1.6950348556e+07   -8.4727700163e+06   -2.7538403486e+02    4.0368246728e+02   -1.9872727463e+02    3.8002450000e+16    2.0236394100e-05    0.0000000000e+00    1.0000000000e+00    0.0000000000e+00
   -9.7835138475e+06    2.4728611405e+07   -3.2498290423e+07   -2.4900334254e+02    6.2066193256e+02   -8.1921204892e+02    3.8002450000e+16    2.0236394100e-05    0.0000000000e+00    1.0000000000e+00    0.0000000000e+00
   -7.1027159747e+06    1.4460754788e+07   -1.1169545155e+07   -1.6861252940e+02    3.4187885546e+02   -2.5791019654e+02    3.8002450000e+16    2.0236394100e-05    0.0000000000e+00    1.0000000000e+00    0.0000000000e+00
    4.8635583713e+06    5.9388338231e+06   -3.4695706171e+07    1.1952918012e+02    1.4681451937e+02   -8.6943358157e+02    3.8002450000e+16    2.0236394100e-05    0.0000000000e+00    1.0000000000e+00    0.0000000000e+00
   -1.0818698624e+06   -2.5815163669e+06   -9.9802293523e+06   -3.1401908094e+01   -5.7159942924e+01   -2.0784746375e+02    3.8002450000e+16    2.0236394100e-05    0.0000000000e+00    1.0000000000e+00    0.0000000000e+00
    6.9441420350e+05    6.7137374333e+06    7.7524050463e+05    9.1847435563e+01    4.3127001109e+02    8.5795340481e+01    3.8002450000e+16    2.0236394100e-05    0.0000000000e+00    1.0000000000e+00    0.0000000000e+00
   -9.7761455957e+06    2.0558064514e+07    6.1877107824e+06   -2.3698499405e+02    4.9533428870e+02    1.4683392796e+02    3.8002230000e+16    2.0236276949e-05    0.0000000000e+00    1.0000000000e+00    0.0000000000e+00
    7.5741095693e+05   -1.5243529527e+07    3.5478289273e+05   -7.9600334801e+01   -3.3901359108e+02   -3.8267679236e+01    3.8002230000e+16    2.0236276949e-05    0.0000000000e+00    1.0000000000e+00    0.0000000000e+00
    1.5610204357e+05   -6.4344175803e+06    1.4689277416e+07   -3.1247012116e+00   -1.6024426953e+02    3.4029440929e+02    3.8002230000e+16    2.0236276949e-05    0.0000000000e+00    1.0000000000e+00    0.0000000000e+00
   -6.9807856623e+05    4.6367122374e+06   -6.1934652710e+05    6.4397899625e+01    2.1128542074e+02    1.0642677418e+02    3.8002230000e+16    2.0236276949e-05    0.0000000000e+00    1.0000000000e+00    0.0000000000e+00
   -2.8224007617e+06    8.9017483968e+06   -4.5790610161e+07   -7.4944105911e+01    2.2209024473e+02   -1.1579695752e+03    3.8002230000e+16    2.0236276949e-05    0.0000000000e+00    1.0000000000e+00    0.0000000000e+00
   -1.4322524018e+06   -6.7152829225e+06   -6.5174925004e+06   -4.1864037500e+01   -1.6225598917e+02   -1.1900232335e+02    3.8001860000e+16    2.0236079923e-05    0.0000000000e+00    1.0000000000e+00    0.0000000000e+00
   -2.0174726496e+06   -1.3429179344e+07    4.1317541888e+05   -1.3801872103e+01   -1.9835500485e+02   -1.1833836207e+02    3.8001650000e+16    2.0235968098e-05    0.0000000000e+00    1.0000000000e+00    0.0000000000e+00
   -1.2150666853e+07    1.6793924110e+07    1.8450703530e+07   -3.0354979711e+02    4.1244784574e+02    4.5358955306e+02    3.8001650000e+16    2.0235968098e-05    0.0000000000e+00    1.0000000000e+00    0.0000000000e+00
   -5.2426299833e+05    6.0036534677e+06    4.0942239312e+07   -1.6859296518e+01    1.4789411497e+02    1.0320279042e+03    3.8001650000e+16    2.0235968098e-05    0.0000000000e+00    1.0000000000e+00    0.0000000000e+00
   -8.4436078438e+06    1.8791346747e+07   -1.4986203640e+07   -2.0884796992e+02    4.5783714882e+02   -3.6467987718e+02    3.8001650000e+16    2.0235968098e-05    0.0000000000e+00    1.0000000000e+00    0.0000000000e+00
    2.2406127924e+07   -4.0271371326e+07    1.5373908354e+07    5.6066918004e+02   -1.0231938204e+03    3.8773948154e+02    3.8001650000e+16    2.0235968098e-05    0.0000000000e+00    1.0000000000e+00    0.0000000000e+00
   -7.8518314030e+05   -1.1996490899e+07    2.2184678987e+06   -8.9631852977e+01   -3.6448113275e+02    5.2306926235e+01    3.8001650000e+16    2.0235968098e-05    0.0000000000e+00    1.0000000000e+00    0.0000000000e+00
    9.3385213355e+06   -1.6921754769e+07   -3.2516348749e+07    2.3085551191e+02   -4.3178200575e+02   -8.1578733355e+02    3.8001650000e+16    2.0235968098e-05    0.0000000000e+00    1.0000000000e+00    0.0000000000e+00
    1.9859807239e+07   -3.1445217899e+07   -2.7090112940e+07    4.9665233565e+02   -7.9949440315e+02   -6.8305044170e+02    3.8001650000e+16    2.0235968098e-05    0.0000000000e+00    1.0000000000e+00    0.0000000000e+00
   -5.0161864242e+06    4.8296168900e+06    1.2619666261e+07   -1.1975770214e+02    1.1662987983e+02    2.7779995801e+02    3.8001280000e+16    2.0235771072e-05    0.0000000000e+00    1.0000000000e+00    0.0000000000e+00
    6.0229838310e+06   -3.5412379653e+06    3.1995368248e+07    1.4633107470e+02   -9.0952001487e+01    7.9957823485e+02    3.8001280000e+16    2.0235771072e-05    0.0000000000e+00    1.0000000000e+00    0.0000000000e+00
   -4.5137745616e+06    1.0160382465e+07    7.8602183613e+06   -9.4578663430e+01    2.2716816061e+02    1.5105479610e+02    3.8001280000e+16    2.0235771072e-05    0.0000000000e+00    1.0000000000e+00    0.0000000000e+00
    3.4555843743e+07   -4.5234665752e+07   -1.1924126767e+07    8.7234954527e+02   -1.1516047170e+03   -3.0267591959e+02    3.8001280000e+16    2.0235771072e-05    0.0000000000e+00    1.0000000000e+00    0.0000000000e+00
   -1.1724806981e+07    2.3557908087e+07   -6.1959262273e+06   -2.8947793825e+02    5.7592947531e+02   -1.5180923967e+02    3.8001280000e+16    2.0235771072e-05    0.0000000000e+00    1.0000000000e+00    0.0000000000e+00
    1.1351941802e+07   -2.4320821901e+07   -1.9653624585e+07    2.7809874134e+02   -6.1434554961e+02   -4.8679501823e+02    3.8001280000e+16    2.0235771072e-05    0.0000000000e+00    1.0000000000e+00    0.0000000000e+00
   -1.5571224071e+06   -5.9451203265e+06    7.8154469286e+05   -4.9350930361e+01   -1.5756911753e+02    1.1622449741e+01    3.8001280000e+16    2.0235771072e-05    0.0000000000e+00    1.0000000000e+00    0.0000000000e+00
   -2.3683059541e+06    7.4257492889e+06   -3.7578816031e+06   -6.9638858896e+00    1.5164262706e+02    4.4896391531e-01    3.8001280000e+16    2.0235771072e-05    0.0000000000e+00    1.0000000000e+00    0.0000000000e+00
