x1	x2	x3	v1	v2	v3	mass	rel_mass	water_fraction
-570.4098831162767 -25229.050125024238 -19579.899087585756 -0.012173259659839397 -1.1632966534190676 -0.43250462823347335 1.8538535644200016e+21 0.9890158265311211 0.09116255372548776 
-9199235.2452 -5710252.2277 -1802490.5067 -155.96803232 -126.08421297 -31.981955075 1.4988731e+17 7.9963663057e-05 0.25339510063 
-4469591.518458574 -4775454.595673352 9406473.351063382 -79.51130012407711 -112.27854460361704 168.0245039966834 1.5203171e+17 8.1107683048e-05 1.0 
-4001375.779 -3426185.5543 -9206843.9324 -67.944642107 -83.313440031 -156.77523923 1.119109e+17 5.9703556625e-05 0.0 
-9881459.6849 -2367548.934 -10230470.572 -203.8642131 -67.288307892 -210.75032719 1.119045e+17 5.9700142277e-05 0.0 
-2415477.6089 -5823214.4221 20789761.567 -54.282132337 -148.00652144 472.99261824 1.11898e+17 5.969667458e-05 0.0 
-10823825.934 -4800135.6301 723140.79545 -198.36434749 -113.86272823 11.407779432 1.118916e+17 5.9693260232e-05 0.0 
-13317084.235 -4781868.4389 -4553021.1243 -274.76443046 -119.48346689 -94.855460884 1.118765e+17 5.9685204505e-05 0.0 
17958776.674 -5470944.8465 16745815.086 417.34278488 -141.93290392 388.50411547 1.118744e+17 5.9684084172e-05 0.0 
15135147.305 5632377.4282 14414271.408 346.60192469 117.90997145 330.44923506 1.118343e+17 5.9662691147e-05 0.0 
-8943037.9052 -4876706.8512 -2477227.8245 -146.67458163 -113.5118544 -43.69619063 1.118343e+17 5.9662691147e-05 0.0 
-27004719.555 -789952.72375 26071166.283 -646.07391613 -31.390275804 623.50832676 1.118257e+17 5.9658103117e-05 0.0 
-6812041.89488076 -5051700.858320903 -6093699.175082278 -111.11240678466112 -113.34196910963922 -99.3567652518246 1.4980461e+17 7.9919543278e-05 0.25352297235712573 
-21286787.878 -1469664.4017 1724003.8894 -485.31235612 -48.464790461 38.269489429 1.118214e+17 5.9655809102e-05 0.0 
27899326.146 -369614.28493 22151128.579 665.73093937 -21.412797165 528.64626086 1.118214e+17 5.9655809102e-05 0.0 
-19509202.671 -2680438.4817 -7706608.8571 -443.19675883 -76.289224664 -176.86613786 1.118214e+17 5.9655809102e-05 0.0 
-8297149.1644 -2515884.4108 -17692276.043 -185.98895815 -72.762832164 -397.58762164 1.118214e+17 5.9655809102e-05 0.0 
-425322.33882 -3428231.4335 -27452963.503 -9.2525595488 -94.359366494 -644.14673538 1.118214e+17 5.9655809102e-05 0.0 
2896832.443 -4624506.9868 -17625200.986 62.141468764 -121.04729733 -389.72971082 1.118214e+17 5.9655809102e-05 0.0 
-32754689.262 -2584227.7798 32250285.834 -789.30602162 -74.684320639 775.20068433 1.118171e+17 5.9653515087e-05 0.0 
39315725.933 1732438.5978 5572549.3031 942.35260945 29.703055114 134.85268022 1.118171e+17 5.9653515087e-05 0.0 
-12797596.09 -3570019.3045 -10695557.454 -277.07295301 -94.75805949 -231.63881296 7.600663e+16 4.0548920061e-05 1.0 
22989842.997 -4486350.9332 16249283.378 540.54657325 -119.10517142 381.83490851 3.804012e+16 2.0294095199e-05 1.0 
-14591061.929 -3704130.0704 1141268.0637 -304.33270587 -97.386572064 24.252056614 3.804012e+16 2.0294095199e-05 1.0 
14918547.1 -743439.12453 -9033393.8499 329.40443565 -31.579649291 -195.74264813 3.804012e+16 2.0294095199e-05 1.0 
-15344062.293 -4294559.4474 -2135385.1064 -326.63286655 -110.17263545 -44.623889494 3.803942e+16 2.0293721755e-05 1.0 
-1382680.9524 -2153046.2629 -18437463.745 -30.589488271 -63.305420901 -410.61552409 3.803942e+16 2.0293721755e-05 1.0 
6152075.8491 -3067103.7414 -15680106.324 131.75310526 -84.139797057 -342.02090945 3.803872e+16 2.0293348311e-05 1.0 
17406892.178 -3914809.7715 -4692407.8818 385.09968217 -104.07712596 -102.66886249 3.803595e+16 2.0291870538e-05 1.0 
-2190989.7129 -5476599.15 20561409.125 -49.05590451 -142.53700364 467.56314704 3.803457e+16 2.029113432e-05 1.0 
-11173612.115 -4825360.5266 -6695787.1632 -223.95747056 -119.4218073 -135.65902317 3.80332e+16 2.0290403436e-05 1.0 
-10029274.318 -5165010.5292 -2562768.1143 -178.83267517 -118.91186154 -46.933439344 3.80332e+16 2.0290403436e-05 1.0 
-10456769.416 -4847525.7574 -7929686.4224 -210.07196653 -119.77769077 -160.32071385 3.803252e+16 2.0290040661e-05 1.0 
3232882.9629 -4050956.5349 -9598105.5106 55.609007512 -96.783311467 -166.13553844 3.803252e+16 2.0290040661e-05 1.0 
-17018081.801 -4234858.8555 8567816.5095 -380.54547089 -111.68680473 192.44990046 3.803183e+16 2.0289672552e-05 1.0 
-12780477.623 -4775644.887 -3796459.2527 -258.9464732 -118.6112074 -79.390314945 3.803183e+16 2.0289672552e-05 1.0 
-21159508.963 -4516477.8778 8676520.3517 -487.21981561 -119.46123556 198.58539456 3.803047e+16 2.0288947003e-05 1.0 
-19825372.26 -5157094.5456 8602696.3991 -452.9800183 -133.59727678 196.00436309 3.803047e+16 2.0288947003e-05 1.0 
14322638.893 -4930526.9493 -3488832.0253 301.10602464 -123.56782766 -72.473380041 3.803047e+16 2.0288947003e-05 1.0 
10939533.054 -6370839.4668 -3057759.4201 210.17693044 -148.44707235 -57.984550135 3.803047e+16 2.0288947003e-05 1.0 
20068825.386 880403.66044 -25848937.872 474.85665383 8.9291788599 -615.93847022 3.802979e+16 2.0288584228e-05 1.0 
1809172.6583 -997676.6773 -25452823.971 43.081735888 -36.060861967 -592.50939772 3.802979e+16 2.0288584228e-05 1.0 
16918918.679 -3915268.9927 12342699.046 385.26039296 -104.17278934 279.33304976 3.802911e+16 2.0288221454e-05 1.0 
-1358575.4205 288706.34176 34740024.961 -30.993029129 -4.7496032411 828.06154515 3.802776e+16 2.028750124e-05 1.0 
-26043627.408 -586428.38429 9340528.4114 -611.75491699 -26.726709286 217.79689798 3.802641e+16 2.0286781026e-05 1.0 
-7257342.7435 -5306759.2632 4728022.7394 -112.75539772 -115.94615627 76.511746774 3.802641e+16 2.0286781026e-05 1.0 
19805888.454 -3401398.6699 -6766091.1103 449.36221525 -92.431809546 -154.29139058 3.802641e+16 2.0286781026e-05 1.0 
11383332.345 513011.72341 -25686715.422 267.02420754 -0.13786552985 -604.49774148 3.802641e+16 2.0286781026e-05 1.0 
-18229175.514 -5104019.3995 8750101.6193 -412.54477056 -131.65061943 198.89253047 3.802574e+16 2.0286423586e-05 1.0 
-13069924.3 -6774836.1893 2948770.9477 -268.88658425 -162.68672229 59.431456655 3.802574e+16 2.0286423586e-05 1.0 
17338252.572 9361587.1803 -20615199.205 408.62532455 211.78187927 -485.38622732 3.802574e+16 2.0286423586e-05 1.0 
-5824485.5323 -3453237.6681 -10029127.226 -109.52154283 -88.23047797 -188.44967569 3.802574e+16 2.0286423586e-05 1.0 
24830499.565 -9945735.9345 46080404.596 600.00868896 -253.20959056 1112.7997228 3.802373e+16 2.0285351268e-05 1.0 
5548685.9577 -271860.39037 27213932.175 129.71964432 -19.126140676 639.04439322 3.802373e+16 2.0285351268e-05 1.0 
14768137.326 -4721180.0244 20789979.142 343.27138677 -124.62121572 485.44284049 3.802373e+16 2.0285351268e-05 1.0 
15022453.687 -3203266.5768 -4288160.9592 320.4517111 -86.974333825 -90.847853928 3.802373e+16 2.0285351268e-05 1.0 
-8901771.6166 -4914779.5115 -5896329.1579 -161.03904512 -115.18237222 -108.29192441 3.802373e+16 2.0285351268e-05 1.0 
-13681514.203 -4520823.4128 -6166783.6078 -288.84449053 -115.12598351 -128.86030341 3.802373e+16 2.0285351268e-05 1.0 
-29128218.107 2987556.3935 -14800680.644 -693.31248397 60.182861685 -350.8407845 3.802306e+16 2.0284993828e-05 1.0 
-3683653.2124 -4850316.1138 25533208.087 -86.604383445 -127.91003806 595.17222506 3.802239e+16 2.0284636388e-05 1.0 
16176712.8 -7437091.9444 8099027.4218 360.25480311 -184.71132482 179.36271628 3.802239e+16 2.0284636388e-05 1.0 
-11643394.984 -4252391.3615 -10545009.059 -249.12856016 -110.15757417 -225.27520427 3.802239e+16 2.0284636388e-05 1.0 
24035250.595 -1525483.1103 20249056.942 570.15668566 -48.957019569 478.9685649 3.801974e+16 2.0283222635e-05 1.0 
27308544.174 2376040.0698 24348077.9 651.93110651 45.12873403 581.70424301 3.801974e+16 2.0283222635e-05 1.0 
-7673140.2035 -4764580.2826 -6264157.4582 -130.89867932 -110.68215277 -109.03482904 3.801974e+16 2.0283222635e-05 1.0 
-2286977.9525 -3864107.6402 -8563873.8722 -33.494144961 -88.052863871 -131.41311414 3.801974e+16 2.0283222635e-05 1.0 
664995.48522 -5074985.0714 9387558.6462 14.431487612 -113.47755865 156.92935623 3.801841e+16 2.0282513091e-05 1.0 
3549896.3061 -4280996.931 17226188.819 76.640347211 -112.17812328 379.10738472 3.801841e+16 2.0282513091e-05 1.0 
7885792.3652 -4425194.0873 14638154.136 169.3344627 -114.28310282 318.7334786 3.801841e+16 2.0282513091e-05 1.0 
31041686.332 4034129.4856 14719355.365 740.48299695 85.638312001 350.68726669 3.801841e+16 2.0282513091e-05 1.0 
-42682091.977 4955972.0788 13966728.618 -1028.0439235 108.56312272 334.37095011 3.801841e+16 2.0282513091e-05 1.0 
-21269683.103 -2818840.2014 5751428.7709 -486.46722648 -78.905946726 130.16922576 3.801841e+16 2.0282513091e-05 1.0 
30700752.01 -1899610.8336 -11826427.843 728.36390994 -57.493444349 -281.85297808 3.801841e+16 2.0282513091e-05 1.0 
8594395.0981 -4817405.6276 815361.98444 132.36998333 -106.74090374 9.8875318117 3.801776e+16 2.0282166321e-05 1.0 
1986727.3726 -3416729.2728 -13811244.357 41.514176697 -90.114714111 -282.95897938 3.801776e+16 2.0282166321e-05 1.0 
11077718.21 -4940375.551 1044047.0638 206.12432055 -117.61031505 21.998861382 3.80171e+16 2.0281814216e-05 1.0 
2068562.284 -5693082.3316 13033251.66 42.301387078 -139.05528754 265.08477762 3.801579e+16 2.0281115342e-05 1.0 
-10078385.007 -6785363.406 8391179.7864 -206.44917459 -162.63797706 171.14173872 3.801579e+16 2.0281115342e-05 1.0 
141750.02317 -761045.88109 18061933.075 3.4135823204 -31.496609985 399.45773898 3.801579e+16 2.0281115342e-05 1.0 
-11814386.47 -3129893.1544 10197617.301 -250.36518312 -85.052577619 219.61575774 3.801579e+16 2.0281115342e-05 1.0 
-14450154.765 -3300592.0989 3349167.2806 -302.48673907 -87.41819833 68.969386628 3.801579e+16 2.0281115342e-05 1.0 
26591132.825 9556872.4493 -11470917.715 629.68261888 216.900675 -269.90090898 3.801579e+16 2.0281115342e-05 1.0 
9000153.185 -3888494.1603 -6889103.965 167.69524781 -96.268827214 -127.75852323 3.801579e+16 2.0281115342e-05 1.0 
-19004998.368 -2965171.2676 -13561966.151 -437.73571148 -82.368479525 -312.43264009 3.801579e+16 2.0281115342e-05 1.0 
-6951416.3991 -4193856.9603 -15431844.219 -151.58778746 -109.34480582 -336.3214889 3.801579e+16 2.0281115342e-05 1.0 
-1478839.4889 -5552584.7165 -22062232.409 -32.827635686 -143.409901 -505.42491251 3.801579e+16 2.0281115342e-05 1.0 
12020337.166 -7844292.5603 -14839258.079 270.51186786 -195.22825811 -333.45251847 3.801513e+16 2.0280763237e-05 1.0 
-17652170.833 1987066.9924 -38017310.762 -425.1393348 36.368312532 -911.7836392 3.801448e+16 2.0280416468e-05 1.0 
2864841.7168 -5038146.7134 11176608.494 52.057961475 -120.71273796 213.40945654 3.801318e+16 2.0279722928e-05 1.0 
8070311.8915 12446443.224 -59509375.776 195.04597575 291.70798779 -1440.6043421 3.801318e+16 2.0279722928e-05 1.0 
-6310203.2041 2082812.1381 36824891.817 -151.40853153 38.185557282 880.01190097 3.801188e+16 2.0279029389e-05 1.0 
29309350.027 -2197077.2463 21816085.31 699.12682646 -64.489847728 521.23559876 3.801188e+16 2.0279029389e-05 1.0 
24882553.384 -1660536.8841 -19007046.882 588.45570362 -51.910206378 -449.74628267 3.801188e+16 2.0279029389e-05 1.0 
-14513169.06 -1849825.0376 -12714881.252 -324.59074112 -56.372471081 -284.04610223 3.801188e+16 2.0279029389e-05 1.0 
-17801140.103 -4134965.9428 -3747395.1834 -393.45371876 -108.8167853 -84.415078405 3.801058e+16 2.0278335849e-05 1.0 
19570136.129 15232695.702 -33598887.194 470.18606521 357.70671604 -805.84350365 3.801058e+16 2.0278335849e-05 1.0 
9622244.507 -4807363.9365 -8356329.5676 192.03446856 -118.55260862 -165.33276369 3.801058e+16 2.0278335849e-05 1.0 
16354797.047 -557021.99755 18980415.274 380.24701891 -25.730285002 440.70518689 3.800929e+16 2.0277647645e-05 1.0 
-19187140.498 -6158463.8044 9995765.1428 -439.01927588 -157.09528348 226.79648728 3.800929e+16 2.0277647645e-05 1.0 
-29385032.41 -5281192.4724 14775830.058 -697.96187386 -138.95718681 349.92906232 3.800929e+16 2.0277647645e-05 1.0 
37700001.193 6454188.2299 6842303.6419 904.25541372 144.90308943 162.0092473 3.800929e+16 2.0277647645e-05 1.0 
-18363748.304 1545821.2091 -20793999.23 -430.93750334 24.025246349 -488.72095639 3.800929e+16 2.0277647645e-05 1.0 
-41818685.757 -568290.13417 -6780286.5692 -1003.854494 -25.600556154 -162.9896178 3.800865e+16 2.027730621e-05 1.0 
-14556954.101 -4807584.9161 773649.84847 -303.73901811 -121.10788008 17.351616342 3.800865e+16 2.027730621e-05 1.0 
17286651.258 -9907273.3319 -20281640.886 404.56001425 -248.87531627 -475.3407809 3.800865e+16 2.027730621e-05 1.0 
7313338.4551 -5022755.5116 -6293209.7014 124.99974134 -114.18947036 -105.94198021 3.800865e+16 2.027730621e-05 1.0 
-35093443.442 2912497.5484 -29153491.952 -846.00237928 59.076025912 -699.91242351 3.800865e+16 2.027730621e-05 1.0 
966073.80212 7818662.3711 -54434871.972 22.460307491 178.6227919 -1314.8896981 3.800865e+16 2.027730621e-05 1.0 
-7052054.1427 -5248400.1662 31651964.562 -166.90452624 -137.77934672 750.64953854 3.800801e+16 2.0276964775e-05 1.0 
-13911402.329 -12850220.097 44362671.665 -333.39630172 -323.55544857 1068.7289827 3.800801e+16 2.0276964775e-05 1.0 
-18511286.646 1304894.8607 -37775497.342 -444.99943055 20.182645963 -906.06510111 3.800801e+16 2.0276964775e-05 1.0 
19968182.049 -5094975.2017 11376123.92 459.60046465 -132.17302732 261.44104092 3.800736e+16 2.0276618005e-05 1.0 
50060694.313 4576161.84 -3881460.9282 1206.7123128 99.456927676 -93.650539911 3.800736e+16 2.0276618005e-05 1.0 
11994211.832 -3786228.7604 -17422849.533 273.44010991 -101.67450437 -395.6633483 3.800736e+16 2.0276618005e-05 1.0 
775860.35236 -7627375.1206 23622573.016 18.453421972 -192.56046485 546.39349546 3.800672e+16 2.0276276571e-05 1.0 
3344897.9127 -6156103.9223 19379685.483 76.857969807 -156.48530666 436.13153477 3.800672e+16 2.0276276571e-05 1.0 
23301092.523 -2964410.5159 20619824.461 551.04260676 -82.602667264 487.88479207 3.800672e+16 2.0276276571e-05 1.0 
-2077706.3407 16456763.336 45394874.31 -48.39070269 388.49921781 1094.4603659 3.800672e+16 2.0276276571e-05 1.0 
32583542.923 1865218.2423 -340565.63118 774.00264039 32.432726507 -10.595506968 3.800672e+16 2.0276276571e-05 1.0 
46887064.284 4111440.8545 -1999219.9876 1128.6332273 87.838677842 -47.026952821 3.800672e+16 2.0276276571e-05 1.0 
-6482018.9972 -5935913.5369 8093722.8855 -118.24636983 -136.52655658 146.65982957 3.800608e+16 2.0275935136e-05 1.0 
2719478.0684 -5064366.1628 14600261.857 58.403141382 -127.63333118 307.07334487 3.800545e+16 2.0275599036e-05 1.0 
-21915106.192 -6884838.927 26674511.225 -520.56531926 -177.81490255 635.93466003 3.800545e+16 2.0275599036e-05 1.0 
-20527872.211 -3681908.5624 9753566.0665 -471.66182693 -99.435680695 222.93076794 3.800545e+16 2.0275599036e-05 1.0 
-14634078.242 14587717.176 31741110.072 -351.16139019 341.23487821 758.95328777 3.800545e+16 2.0275599036e-05 1.0 
29228225.492 -741311.41315 22781046.054 696.77879589 -29.502988825 544.48272984 3.800417e+16 2.0274916166e-05 1.0 
-9986829.2958 -8074255.3873 15333560.327 -223.04073634 -200.25292771 341.9612611 3.800417e+16 2.0274916166e-05 1.0 
-6117932.9323 -4089667.8177 7108750.9204 -99.450824155 -94.708058037 115.64219445 3.800417e+16 2.0274916166e-05 1.0 
12650159.21 -3383429.8764 157580.39904 248.57695665 -87.79238504 0.60116040962 3.800417e+16 2.0274916166e-05 1.0 
39295366.999 -4614878.6983 4740267.5129 941.28431292 -123.11052308 111.27440249 3.800417e+16 2.0274916166e-05 1.0 
24663534.094 -2781072.117 -7480604.463 574.90549384 -78.62836912 -172.83861359 3.800417e+16 2.0274916166e-05 1.0 
-57994120.29 7478852.3886 11632207.915 -1402.1300601 170.53919885 280.97640691 3.800417e+16 2.0274916166e-05 1.0 
-39240038.075 -3906342.0632 10518813.376 -939.77382847 -106.0885902 252.2742194 3.800417e+16 2.0274916166e-05 1.0 
41036766.746 -9973013.8034 -21411748.996 988.44711002 -253.29208173 -515.17868467 3.800417e+16 2.0274916166e-05 1.0 
12949612.662 -5774426.4225 -8501782.2587 276.06852211 -143.59990933 -182.20816821 3.800417e+16 2.0274916166e-05 1.0 
46794507.155 4588808.0719 -43763437.106 1132.1642775 100.36085022 -1059.4518166 3.800417e+16 2.0274916166e-05 1.0 
2894391.5282 -2463222.4511 -29464418.307 69.140335253 -71.307251416 -693.98881974 3.800417e+16 2.0274916166e-05 1.0 
-11369852.428 -4046169.1734 -13272960.146 -249.10023408 -106.50171624 -290.91354499 3.800417e+16 2.0274916166e-05 1.0 
2119886.7735 -3187812.6832 -23785013.582 48.779728896 -88.010290843 -549.09015148 3.800417e+16 2.0274916166e-05 1.0 
5495052.818 -2854759.0002 16015868.089 119.35007977 -78.91884602 348.12953097 3.80029e+16 2.0274238632e-05 1.0 
6609582.5361 -4649593.0397 13456910.105 137.72197476 -117.60613348 284.65983149 3.80029e+16 2.0274238632e-05 1.0 
-46690930.843 4929486.3763 679022.32117 -1124.4882471 107.69507647 18.073233504 3.80029e+16 2.0274238632e-05 1.0 
-13092662.432 -4551785.9028 1724468.3636 -262.62999379 -112.89999233 36.845355277 3.80029e+16 2.0274238632e-05 1.0 
30972440.875 4513484.3272 -37848727.384 745.69197005 97.962839658 -911.92504719 3.80029e+16 2.0274238632e-05 1.0 
-21339535.1 -3139085.6746 -10806635.147 -492.30473944 -86.974931997 -250.13997467 3.80029e+16 2.0274238632e-05 1.0 
-13980651.298 -4790251.0143 -5888230.7189 -294.96096801 -121.22193041 -125.53039119 3.80029e+16 2.0274238632e-05 1.0 
17177813.544 -2613687.5516 -24300602.464 405.38383509 -74.886323465 -572.65780385 3.80029e+16 2.0274238632e-05 1.0 
10102314.417 -3634950.8637 -11925133.777 216.25066424 -95.303039205 -252.62389325 3.80029e+16 2.0274238632e-05 1.0 
-35934216.752 13094823.493 11890725.932 -863.4338439 305.7504375 281.92027208 3.800227e+16 2.0273902532e-05 1.0 
28844708.053 500149.50345 -13902832.953 682.94228662 -0.038982813343 -330.08772582 3.800227e+16 2.0273902532e-05 1.0 
-52664841.214 789065.29957 -1362183.4779 -1270.5346873 7.7682521645 -33.690384002 3.800227e+16 2.0273902532e-05 1.0 
-477611.87791 -7529845.9595 -28292071.562 -8.9729886833 -192.31226636 -665.11022992 3.800227e+16 2.0273902532e-05 1.0 
-54310235.805 3784749.9508 -8763487.8004 -1311.225116 80.665255687 -210.934692 3.800164e+16 2.0273566432e-05 1.0 
-37330476.139 -6054744.5913 -4139675.9597 -891.64045042 -157.96346739 -97.962514125 3.800164e+16 2.0273566432e-05 1.0 
-27941687.455 -1669323.1266 22691637.606 -666.19660989 -51.940249161 540.44412695 3.800101e+16 2.0273230332e-05 1.0 
22374805.206 -1417787.9553 -1579120.6465 512.41143675 -45.918378871 -35.917191825 3.800101e+16 2.0273230332e-05 1.0 
-57963314.855 13794666.3 12620090.134 -1401.8855163 323.85331419 305.02650169 3.800037e+16 2.0272888897e-05 1.0 
-20886071.824 -2188277.4025 5201152.6383 -475.31422361 -64.574268424 118.63830882 3.800037e+16 2.0272888897e-05 1.0 
38651343.415 -572854.05408 -26025358.719 929.3093906 -25.348261208 -626.3474973 3.800037e+16 2.0272888897e-05 1.0 
-73162038.174 8312013.1231 -2453515.359 -1772.7974159 190.91975275 -60.04790508 3.800037e+16 2.0272888897e-05 1.0 
-37631528.087 -7360371.1019 -1383030.978 -898.79961926 -189.40866512 -34.171979059 3.800037e+16 2.0272888897e-05 1.0 
-29093353.187 3601704.8461 -35911344.439 -699.98652688 75.623845178 -863.70891546 3.800037e+16 2.0272888897e-05 1.0 
4116541.5412 -4793637.623 -10272665.346 75.233340796 -113.78221193 -190.25404298 3.800037e+16 2.0272888897e-05 1.0 
-7439283.6662 -3947377.4893 -16754238.779 -164.13012783 -104.53253254 -371.47158609 3.800037e+16 2.0272888897e-05 1.0 
-35865475.403 2227353.6133 30629989.705 -863.67534512 42.508065248 736.41298354 3.799912e+16 2.0272222032e-05 1.0 
-19453563.154 -8414376.6099 17869948.039 -454.26494163 -212.68088125 418.33839953 3.799912e+16 2.0272222032e-05 1.0 
25681033.492 -2503811.2214 -1424633.0219 597.59967015 -71.880148339 -33.39867209 3.799912e+16 2.0272222032e-05 1.0 
10931084.323 -2538759.9487 -1621021.3452 197.47065638 -67.018774388 -29.594482804 3.799912e+16 2.0272222032e-05 1.0 
-48484055.011 723244.18536 -18072888.418 -1169.6989778 6.1490197954 -435.14432936 3.799912e+16 2.0272222032e-05 1.0 
-17196564.653 -4237549.6488 -5525906.2873 -379.64753687 -110.75821243 -122.67677517 3.799912e+16 2.0272222032e-05 1.0 
23547686.73 -7258050.8766 -33810925.941 565.47356315 -187.40599257 -809.58946894 3.799912e+16 2.0272222032e-05 1.0 
-18628777.0 -2309530.8688 40838485.051 -447.33227185 -67.617436987 981.70132947 3.799849e+16 2.0271885932e-05 1.0 
26999712.098 -7335566.9312 45417495.264 652.19641959 -189.33204657 1096.4366384 3.799849e+16 2.0271885932e-05 1.0 
24172195.111 -7440915.5329 4156005.0337 561.24865111 -189.03748234 95.472905505 3.799849e+16 2.0271885932e-05 1.0 
-15228274.592 1717730.4543 -41302727.934 -366.33942785 30.189187849 -991.71910539 3.799849e+16 2.0271885932e-05 1.0 
-1791868.037 -5518118.1223 27047168.707 -40.981506086 -143.53629492 632.93728888 3.799786e+16 2.0271549833e-05 1.0 
-50387543.464 7385081.0764 44906353.81 -1220.4390189 168.00617251 1087.2255356 3.799786e+16 2.0271549833e-05 1.0 
-8292972.1157 -5821958.92 4753314.2718 -142.47547654 -130.17172047 81.882715297 3.799786e+16 2.0271549833e-05 1.0 
-61608802.466 13039056.194 -23938109.498 -1491.3619912 305.70714061 -579.77584264 3.799786e+16 2.0271549833e-05 1.0 
-22644762.965 -2400812.1999 -4874252.0818 -520.25494371 -69.120861321 -113.13477588 3.799786e+16 2.0271549833e-05 1.0 
20293922.199 -3096116.4816 -49510601.274 489.41791448 -86.859656563 -1195.1097967 3.799786e+16 2.0271549833e-05 1.0 
-5339041.9214 -409353.60775 34037767.838 -126.89032086 -21.71958525 809.93717215 3.799661e+16 2.0270882968e-05 1.0 
37579530.369 2844204.0003 39288863.769 908.08050436 57.59789912 947.68324556 3.799661e+16 2.0270882968e-05 1.0 
-17807527.171 -2922519.3742 45106024.298 -429.09210202 -82.353659825 1086.246184 3.799661e+16 2.0270882968e-05 1.0 
35182497.096 7478090.3602 35440930.762 848.54214586 169.60224579 854.46278437 3.799661e+16 2.0270882968e-05 1.0 
50969200.537 5010985.5713 -16761552.226 1229.9352855 110.19403427 -404.3592797 3.799661e+16 2.0270882968e-05 1.0 
3939272.5575 -4707395.7937 -16378936.479 84.439079297 -121.07022549 -356.70372014 3.799661e+16 2.0270882968e-05 1.0 
-282644.40321 -6350545.658 -20251697.957 -5.0638555644 -160.33831844 -458.06722058 3.799537e+16 2.0270221438e-05 1.0 
11999384.451 -1198350.4156 41840398.471 288.25069151 -40.512065918 1004.5886558 3.799475e+16 2.0269890673e-05 1.0 
11998606.136 832448.44428 42241258.593 288.61878404 8.2885712932 1015.3450828 3.799475e+16 2.0269890673e-05 1.0 
-61477989.574 10082494.497 -4771995.3287 -1487.6814491 233.65567166 -116.00939491 3.799475e+16 2.0269890673e-05 1.0 
-15505441.894 -3821070.3489 2299361.0491 -329.78702051 -100.3672979 49.236024881 3.799475e+16 2.0269890673e-05 1.0 
26231637.089 -1372878.4243 22487567.984 624.12093421 -44.454832833 534.96198182 3.799413e+16 2.0269559908e-05 1.0 
51351919.877 -5587219.7166 4355867.6963 1238.4306868 -147.05005644 104.93302222 3.799413e+16 2.0269559908e-05 1.0 
8162172.5456 12323044.711 -46229862.633 198.18352464 287.63474515 -1114.0326794 3.799413e+16 2.0269559908e-05 1.0 
-7717984.6329 -3056436.537 31277225.118 -182.27934257 -85.270450981 741.02069156 3.799351e+16 2.0269229143e-05 1.0 
21605644.922 -1897459.6914 47291349.9 520.6715574 -57.31570951 1141.1461841 3.799351e+16 2.0269229143e-05 1.0 
12105176.21 -7485326.8018 5059266.3692 248.40576737 -178.78059579 103.48496917 3.799351e+16 2.0269229143e-05 1.0 
-38813545.997 21591688.394 51517691.009 -939.5922005 513.50993484 1247.191126 3.799351e+16 2.0269229143e-05 1.0 
-10174547.975 -5539663.9281 8805566.8665 -206.76309909 -135.13099437 180.37787867 3.799351e+16 2.0269229143e-05 1.0 
33079282.602 20592833.146 47027363.766 800.97798908 490.42445728 1137.8477444 3.799351e+16 2.0269229143e-05 1.0 
46374110.45 3687025.4973 -1918416.4219 1115.4389276 78.193212413 -47.031390468 3.799351e+16 2.0269229143e-05 1.0 
-66935221.263 12447548.079 -18749207.082 -1622.3947662 291.80828922 -454.2508365 3.799351e+16 2.0269229143e-05 1.0 
38419814.476 11372528.242 -49234619.344 929.63124922 265.03855073 -1191.3616655 3.799351e+16 2.0269229143e-05 1.0 
5563080.6431 -6460433.0226 16826390.443 121.45786235 -161.24847956 371.91726145 3.799289e+16 2.0268898378e-05 1.0 
9727228.9825 2508517.45 60183898.854 235.38544194 49.332958616 1455.3550462 3.799289e+16 2.0268898378e-05 1.0 
40153395.969 2758460.4828 28757032.043 967.7600593 55.008417492 692.39562837 3.799289e+16 2.0268898378e-05 1.0 
-59917531.359 9503890.8058 19692630.384 -1450.9299797 219.99620416 477.96387668 3.799289e+16 2.0268898378e-05 1.0 
-13463221.186 -3591186.2546 1643308.0979 -272.69003099 -93.230059507 31.154621686 3.799289e+16 2.0268898378e-05 1.0 
66802496.507 6240025.471 -34530646.646 1619.0758197 140.51552227 -836.84336108 3.799289e+16 2.0268898378e-05 1.0 
26031302.243 6944587.2077 -39860818.844 625.75539464 156.64944616 -961.31944943 3.799289e+16 2.0268898378e-05 1.0 
-24704008.637 -412547.95458 -36956000.9 -593.5035132 -21.600355651 -887.5121673 3.799289e+16 2.0268898378e-05 1.0 
2526835.5614 -393800.27557 -47106352.962 61.462506804 -21.118128371 -1133.2896631 3.799289e+16 2.0268898378e-05 1.0 
-16786691.84 -16309.544363 -14811358.063 -384.72336237 -13.385620275 -338.70245067 3.799289e+16 2.0268898378e-05 1.0 
-108842.24713 -3810798.9043 -25905505.04 -2.8196380778 -102.42254257 -603.16566838 3.799289e+16 2.0268898378e-05 1.0 
-16700293.668 8046150.3736 -33023076.072 -398.24397423 182.68162678 -790.43021238 3.799227e+16 2.0268567613e-05 1.0 
3833169.6762 -2788417.8643 21270548.782 87.738222051 -78.554657007 484.55893357 3.799165e+16 2.0268236848e-05 1.0 
15361323.991 -3653727.7301 17596448.64 353.57787584 -98.866074774 405.61430927 3.799165e+16 2.0268236848e-05 1.0 
-13486727.756 5577841.6259 22314716.636 -315.08559018 119.86693232 523.32304348 3.799165e+16 2.0268236848e-05 1.0 
45339306.085 1666862.068 -3083519.1943 1090.6632608 28.985896439 -75.00715628 3.799165e+16 2.0268236848e-05 1.0 
5273058.228 7597677.1971 -35070078.284 125.29292346 171.02085736 -837.10457462 3.799165e+16 2.0268236848e-05 1.0 
-47847596.164 9580944.2122 -45941840.317 -1157.7871361 221.66607898 -1112.9295372 3.799165e+16 2.0268236848e-05 1.0 
-12000430.982 -4868600.2617 -2591543.9384 -234.14412795 -117.77538595 -50.987118819 3.799165e+16 2.0268236848e-05 1.0 
-16131131.15 4306977.3105 -42680060.674 -387.74746582 92.481117823 -1026.8338011 3.799165e+16 2.0268236848e-05 1.0 
7817852.5062 12873760.647 -76739142.772 190.10658476 301.76957659 -1860.5674933 3.799165e+16 2.0268236848e-05 1.0 
24587426.547 2837504.888 -49365273.986 593.96994212 57.527626519 -1191.2901892 3.799165e+16 2.0268236848e-05 1.0 
-81593489.743 14668261.393 -27172887.455 -1979.948222 345.43997293 -658.82945459 3.799042e+16 2.0267580653e-05 1.0 
-10496652.936 -5136987.3494 -1155264.8449 -189.26306566 -119.33527833 -21.476126905 3.799042e+16 2.0267580653e-05 1.0 
10568872.804 -2202333.7974 17227783.689 237.13904948 -64.012177575 389.04865633 3.79892e+16 2.0266929793e-05 1.0 
-30352102.921 4876067.8526 64629356.145 -735.86070458 107.25888778 1565.1502417 3.79892e+16 2.0266929793e-05 1.0 
39217939.331 -1316795.5421 9259426.6685 939.20795397 -43.625490841 220.97717012 3.79892e+16 2.0266929793e-05 1.0 
22142684.607 -4647529.7683 400382.44801 506.24512076 -121.65936056 8.7257948627 3.79892e+16 2.0266929793e-05 1.0 
12348600.619 -4774599.73 1434320.3764 241.99410081 -116.08614493 30.175641748 3.79892e+16 2.0266929793e-05 1.0 
-60650723.131 11203816.191 14759392.533 -1467.4327593 261.03745303 356.1249809 3.79892e+16 2.0266929793e-05 1.0 
-55625002.666 -5771974.4466 16533448.72 -1344.0246361 -151.59330545 398.94338771 3.79892e+16 2.0266929793e-05 1.0 
34106883.149 12443839.165 -4681861.399 814.94129232 289.16622955 -111.5655407 3.79892e+16 2.0266929793e-05 1.0 
-34240109.429 -3594254.1668 -18115814.839 -818.08157915 -98.262914345 -433.23871695 3.79892e+16 2.0266929793e-05 1.0 
13349855.105 406128.76466 -48875313.941 322.18091519 -1.5761874397 -1177.9962243 3.79892e+16 2.0266929793e-05 1.0 
13241007.609 1191411.0449 49825934.913 319.81054439 17.390500678 1201.0300912 3.798797e+16 2.0266273598e-05 1.0 
32743041.377 1402389.4622 35288954.718 788.09136191 22.593893295 849.37500004 3.798797e+16 2.0266273598e-05 1.0 
1145048.284 17587965.698 63894291.983 28.298014369 416.8894184 1547.2091008 3.798797e+16 2.0266273598e-05 1.0 
49640139.746 10910930.005 35351123.996 1200.9075869 253.83344574 855.68986064 3.798797e+16 2.0266273598e-05 1.0 
41535687.857 3319707.7365 33019351.667 1001.8503758 68.988939064 796.42818846 3.798736e+16 2.0265948168e-05 1.0 
56695352.137 9599072.2136 32104977.682 1372.3256899 221.85619196 777.18143001 3.798736e+16 2.0265948168e-05 1.0 
57739532.209 6896327.7201 -13286736.07 1395.7143455 155.84884612 -320.54266437 3.798736e+16 2.0265948168e-05 1.0 
-45218546.003 2411757.4761 -28679892.045 -1090.637716 47.278534028 -692.04121269 3.798736e+16 2.0265948168e-05 1.0 
-18606204.246 -3546887.2304 -5284493.9285 -416.04631198 -95.21170997 -116.9717923 3.798736e+16 2.0265948168e-05 1.0 
-7290207.9693 9495901.9068 -73177401.116 -176.50019931 219.55797529 -1773.2258842 3.798736e+16 2.0265948168e-05 1.0 
-22938745.72 -2955568.6019 -19315862.333 -541.974121 -82.799920639 -454.38624473 3.798736e+16 2.0265948168e-05 1.0 
-828939.94199 -5712191.6641 23792643.094 -19.008379565 -147.77596734 549.44254069 3.798675e+16 2.0265622738e-05 1.0 
24673032.677 -5162142.9041 47121009.759 594.66393333 -136.78009315 1137.3154348 3.798675e+16 2.0265622738e-05 1.0 
-33687182.065 8514380.0751 45344849.292 -813.99799018 195.65001616 1095.3664185 3.798675e+16 2.0265622738e-05 1.0 
40431452.875 16493216.08 18378562.885 973.79030002 389.41408056 442.72937184 3.798675e+16 2.0265622738e-05 1.0 
-43487631.222 -2816423.4499 36035785.131 -1049.3120476 -79.730504769 871.03862852 3.798614e+16 2.0265297308e-05 1.0 
32730081.928 -819873.19312 -9891346.1839 777.67795485 -31.282950095 -235.28252232 3.798614e+16 2.0265297308e-05 1.0 
-2612646.566 -8288940.7187 11145412.302 -52.45501955 -191.75008302 219.64587721 3.798554e+16 2.0264977213e-05 1.0 
3057279.5131 -5231433.6947 14480255.304 63.580804332 -129.94977172 304.38633311 3.798554e+16 2.0264977213e-05 1.0 
23637309.256 -5270549.3799 -303726.58007 545.30934425 -136.78589535 -10.332720686 3.798554e+16 2.0264977213e-05 1.0 
46359446.967 -1313211.4068 9403336.711 1114.8323344 -42.860560951 226.92952971 3.798554e+16 2.0264977213e-05 1.0 
-75292816.295 18983152.942 23129757.151 -1826.1123935 450.5193625 560.25078975 3.798554e+16 2.0264977213e-05 1.0 
-29919694.367 -8462099.6648 12631697.933 -708.7158845 -215.02573336 299.91411031 3.798554e+16 2.0264977213e-05 1.0 
-63215917.311 18300146.598 -8145787.9788 -1532.0654914 434.5404965 -198.63244166 3.798554e+16 2.0264977213e-05 1.0 
-12435756.277 -4440961.3332 1505056.4825 -244.71511681 -109.20864287 28.647327903 3.798554e+16 2.0264977213e-05 1.0 
-44086567.743 19774796.005 -64680604.797 -1069.3881937 469.72704495 -1568.2015647 3.798554e+16 2.0264977213e-05 1.0 
-15863639.232 -49464.257867 -39157424.676 -380.72394608 -12.540207922 -938.57516056 3.798554e+16 2.0264977213e-05 1.0 
-27879106.762 14457335.392 36370285.736 -672.65210438 339.18734999 875.85306869 3.798537e+16 2.0264886519e-05 1.0 
23348765.278 1953917.6873 17408875.152 551.48039954 33.679316544 410.89527408 3.798537e+16 2.0264886519e-05 1.0 
15796776.05 1930001.8825 47511741.471 380.39608298 35.373893608 1146.0936796 3.798537e+16 2.0264886519e-05 1.0 
12714107.136 9427975.9091 30030795.951 300.64720309 216.00954394 717.32368238 3.798537e+16 2.0264886519e-05 1.0 
-22937798.356 -2111869.0454 -5953129.008 -529.80350794 -63.56426612 -137.61268739 3.798537e+16 2.0264886519e-05 1.0 
-503958.24263 -3391177.3317 -10113587.584 -7.8740547073 -82.953330262 -174.49134579 3.798537e+16 2.0264886519e-05 1.0 
22965327.13 11788095.623 -11382649.123 542.42986966 269.31261448 -264.88780792 3.798537e+16 2.0264886519e-05 1.0 
1968619.0846 -1587480.0399 -19331555.072 46.159349264 -52.15563061 -433.71473611 3.798537e+16 2.0264886519e-05 1.0 
13946667.535 -1290207.5309 44624617.423 335.08905148 -42.641411945 1073.339041 3.798493e+16 2.0264651782e-05 1.0 
16659320.881 15775315.959 33811133.062 399.42692639 370.95331878 811.42511404 3.798493e+16 2.0264651782e-05 1.0 
24143686.726 11335973.71 -76241468.003 585.39705454 264.38280367 -1849.2824808 3.798493e+16 2.0264651782e-05 1.0 
-22002177.575 2764263.9061 77591145.575 -533.59630287 55.563934128 1882.3474748 3.798468e+16 2.026451841e-05 1.0 
-48988694.508 3706012.6859 28034493.46 -1183.9757843 78.03558144 677.07976301 3.798468e+16 2.026451841e-05 1.0 
-7629879.5771 -1800441.146 33448397.756 -181.70332787 -55.390153486 794.87395061 3.798432e+16 2.0264326352e-05 1.0 
23356865.793 -7204249.5806 16359800.749 548.09479686 -184.31244573 385.73845783 3.798432e+16 2.0264326352e-05 1.0 
-34828668.408 11540467.311 67882795.774 -843.89498456 269.06655716 1645.7352765 3.798432e+16 2.0264326352e-05 1.0 
75968823.727 8565658.6055 7674794.9563 1841.348304 197.05186257 185.93820655 3.798432e+16 2.0264326352e-05 1.0 
-49914583.562 1936344.298 48152055.769 -1207.8827686 35.6235388 1166.9008618 3.798432e+16 2.0264326352e-05 1.0 
-30075451.081 -2659935.6932 21683531.964 -716.57133269 -75.778876305 518.25431332 3.798432e+16 2.0264326352e-05 1.0 
42136566.817 1418723.2082 -8141903.8483 1011.1039535 22.803171619 -194.99849708 3.798432e+16 2.0264326352e-05 1.0 
17014535.063 -6257718.5868 -6566812.811 377.17017547 -157.09908963 -146.32543972 3.798432e+16 2.0264326352e-05 1.0 
-8581921.6112 -4322387.2978 -16299061.209 -190.38363696 -112.6092648 -361.0055388 3.798432e+16 2.0264326352e-05 1.0 
-4613739.6915 -3912108.0859 -17754589.734 -102.7772178 -103.36207556 -392.62411828 3.798432e+16 2.0264326352e-05 1.0 
-11346678.07 224625.66166 4015327.1735 -217.39014512 -14.237456401 77.426041265 3.7984e+16 2.0264155635e-05 1.0 
-27434996.922 7586380.7073 52446154.568 -663.08768938 172.67399495 1268.337497 3.7984e+16 2.0264155635e-05 1.0 
-30304943.38 -1342950.6668 29278851.646 -727.25655328 -45.027080109 702.58347886 3.7984e+16 2.0264155635e-05 1.0 
15888421.274 4864738.831 48728482.336 384.60176766 106.52880801 1175.413366 3.7984e+16 2.0264155635e-05 1.0 
-19605940.852 -2344026.1019 3389680.4602 -441.57952279 -68.80522973 75.291103311 3.7984e+16 2.0264155635e-05 1.0 
13762698.875 21071.238928 15454734.978 312.23878291 -13.583493899 351.3507328 3.7984e+16 2.0264155635e-05 1.0 
-42620533.67 9673843.7638 -27226035.008 -1027.5538119 223.52055077 -658.91561036 3.7984e+16 2.0264155635e-05 1.0 
39674731.972 -903785.67423 2092581.346 950.50102853 -34.459406921 51.422020551 3.7984e+16 2.0264155635e-05 1.0 
-19409767.554 -7364404.7352 -14745952.067 -449.08432732 -186.93928981 -342.48825604 3.798372e+16 2.0264006257e-05 1.0 
3805986.9244 -4164127.3383 -9992626.5588 67.935093101 -99.961764372 -179.16198084 3.798372e+16 2.0264006257e-05 1.0 
-14279592.466 21736375.323 34088454.686 -342.67998356 514.9216743 818.59749855 3.798332e+16 2.0263792861e-05 1.0 
-26998543.334 -5190703.5355 27867563.639 -646.44787326 -138.20650427 666.8822871 3.798332e+16 2.0263792861e-05 1.0 
31883118.649 4010139.2879 33847328.696 767.56752652 85.465018074 814.848525 3.798332e+16 2.0263792861e-05 1.0 
-21506176.586 -4046932.3606 -5768766.2221 -492.71825184 -108.9708871 -133.39544009 3.798332e+16 2.0263792861e-05 1.0 
-2585879.184 -922129.09515 12252625.365 -48.740414028 -35.635206591 239.71732398 3.798332e+16 2.0263792861e-05 1.0 
-7972222.7387 4610678.6217 -29569196.424 -189.35511888 98.565570529 -700.28557843 3.798332e+16 2.0263792861e-05 1.0 
20863905.93 9973255.0355 -41713900.435 501.76814227 230.98354733 -1006.8864065 3.798332e+16 2.0263792861e-05 1.0 
2584492.9257 -2337976.6769 -18492082.162 59.00911335 -68.970383452 -411.64221777 3.798332e+16 2.0263792861e-05 1.0 
10718185.012 19284413.445 32976723.377 254.99140124 454.28798787 790.59375466 3.798264e+16 2.0263430086e-05 1.0 
75299251.836 11894167.292 15818378.695 1826.1246426 277.89464351 384.1108531 3.798264e+16 2.0263430086e-05 1.0 
-7849285.8586 -5181520.9449 -6754964.9737 -139.94401569 -123.96315568 -120.58595082 3.798264e+16 2.0263430086e-05 1.0 
25660365.636 -811092.12531 19236953.622 610.75161811 -32.18164842 455.60619084 3.798198e+16 2.0263077981e-05 1.0 
-11119158.668 -5041149.841 -3662720.9129 -212.64849798 -125.5922563 -73.860827703 3.798198e+16 2.0263077981e-05 1.0 
29509729.177 9940979.8529 28216418.856 710.06088112 228.6092555 676.69373862 3.798198e+16 2.0263077981e-05 1.0 
-13948076.57 -5580280.105 -27993.532342 -288.8411431 -139.59980123 -0.54409845652 3.798198e+16 2.0263077981e-05 1.0 
-33247340.304 -1003999.4511 31346413.06 -800.27329766 -36.04119619 753.5336798 3.798198e+16 2.0263077981e-05 1.0 
-47727127.379 2565553.577 31738606.431 -1153.8788448 50.770743863 766.94248458 3.798198e+16 2.0263077981e-05 1.0 
54836038.61 5927770.8453 17070969.108 1325.6465046 132.15370357 412.52173035 3.798198e+16 2.0263077981e-05 1.0 
53534950.388 8207478.9739 14811466.257 1294.1033629 187.7228616 357.14470902 3.798198e+16 2.0263077981e-05 1.0 
12161478.98 219095.45104 67641277.482 295.90118347 -6.3486405845 1637.8708035 3.798191e+16 2.0263040637e-05 1.0 
-4614536.7997 5753862.4899 79011532.444 -111.68316418 128.47196869 1916.3563778 3.798191e+16 2.0263040637e-05 1.0 
-39277918.71 7822843.6243 13490017.833 -942.40888745 177.4982031 323.52887242 3.798191e+16 2.0263040637e-05 1.0 
-9157572.2297 -4492038.0402 855894.62201 -147.56053352 -100.94802737 9.9488340576 3.798191e+16 2.0263040637e-05 1.0 
41176477.85 3533046.2311 -22907194.676 991.64975153 73.815893249 -551.42624966 3.798191e+16 2.0263040637e-05 1.0 
-50081247.279 9862591.6089 -42920346.713 -1211.7220929 228.37130699 -1039.0514396 3.798191e+16 2.0263040637e-05 1.0 
-10964162.031 -5904781.012 -3464076.4468 -209.77029844 -137.86073774 -65.831749346 3.798191e+16 2.0263040637e-05 1.0 
-23183509.174 -2867139.0922 -19981740.549 -546.44748252 -80.865557166 -471.52008553 3.798191e+16 2.0263040637e-05 1.0 
-11236288.295 -4445719.7622 -7289995.092 -226.31281831 -111.27818359 -148.17064265 3.798191e+16 2.0263040637e-05 1.0 
6295809.7229 -3622216.9956 -20438527.459 143.21888437 -97.890513989 -464.54096037 3.798191e+16 2.0263040637e-05 1.0 
-7580080.2637 -5774057.6991 -41301948.367 -182.42619243 -151.40923334 -989.97900135 3.798191e+16 2.0263040637e-05 1.0 
33145263.484 5459018.8497 -32668062.139 799.10016838 120.85742474 -786.70267634 3.798131e+16 2.0262720542e-05 1.0 
-20334416.179 971322.69519 -35426082.81 -489.91043153 11.8044767 -849.02747116 3.798131e+16 2.0262720542e-05 1.0 
-31164078.57 10510909.645 -27770451.391 -747.24835935 243.03991265 -668.81254104 3.798071e+16 2.0262400447e-05 1.0 
43762819.723 20409891.347 -64239573.231 1061.4985923 485.2353079 -1557.9865276 3.798071e+16 2.0262400447e-05 1.0 
-53872729.693 14645549.788 -51701279.064 -1306.0612013 344.87495702 -1253.3146262 3.798071e+16 2.0262400447e-05 1.0 
13206734.278 17714382.558 -79492273.738 319.58830384 419.44337006 -1927.9740033 3.798071e+16 2.0262400447e-05 1.0 
18366734.284 7339156.483 22862833.335 434.89838006 161.99572716 540.49929309 3.798066e+16 2.0262373772e-05 1.0 
16719473.109 2643245.7316 46531278.908 402.71234974 51.774511476 1121.9865864 3.798066e+16 2.0262373772e-05 1.0 
-8245469.7136 -5272503.1042 1620789.2263 -125.42520178 -118.39908971 23.301516782 3.798066e+16 2.0262373772e-05 1.0 
57977210.995 5915973.8436 -4002086.8798 1401.2487171 131.43841833 -97.778655254 3.798066e+16 2.0262373772e-05 1.0 
71649537.783 9738811.0433 11578257.586 1737.0962726 225.75321618 280.81414738 3.798066e+16 2.0262373772e-05 1.0 
-19423859.797 3762170.8222 -13398258.068 -450.18975205 75.023801177 -310.25949027 3.798066e+16 2.0262373772e-05 1.0 
41231462.32 -997155.24466 -6111394.5387 988.056626 -35.443117469 -146.48844301 3.797951e+16 2.0261760256e-05 1.0 
17442176.016 -4332514.9471 -1892759.2282 382.51512109 -112.45748091 -40.477057304 3.797951e+16 2.0261760256e-05 1.0 
-51007552.226 14361628.308 -30271774.114 -1233.8211587 337.84285766 -732.35811682 3.797951e+16 2.0261760256e-05 1.0 
2328086.8634 -6449391.1979 8251833.4362 37.223652128 -142.64922683 133.92929558 3.797936e+16 2.0261680233e-05 1.0 
1852728.866 -5837565.6923 13834663.964 38.474514488 -145.45177946 286.7967763 3.797936e+16 2.0261680233e-05 1.0 
-12967495.15 -1974235.5656 4854966.2153 -265.57147802 -61.430748653 98.292261333 3.797936e+16 2.0261680233e-05 1.0 
-44506381.982 5160699.6867 29575235.078 -1075.6695215 113.92080949 713.98238065 3.797936e+16 2.0261680233e-05 1.0 
51881571.684 6817627.5761 -12407386.9 1252.627995 153.68909206 -299.53317598 3.797936e+16 2.0261680233e-05 1.0 
50224975.682 4340263.713 -17535658.323 1212.6903903 93.838072487 -423.42755896 3.797936e+16 2.0261680233e-05 1.0 
4525232.5259 9032324.6931 -59833947.98 108.66525737 207.89972359 -1447.4013049 3.797936e+16 2.0261680233e-05 1.0 
-1928401.357 -6962038.4429 22586286.146 -42.873094359 -175.95640695 518.65941954 3.797891e+16 2.0261440161e-05 1.0 
16732018.499 -4299233.0176 44550830.562 401.54770448 -115.34669885 1072.5104938 3.797891e+16 2.0261440161e-05 1.0 
15957931.183 -8137311.9837 7819190.3459 354.39936766 -199.57643705 172.61146795 3.797891e+16 2.0261440161e-05 1.0 
-59781751.467 6820619.1333 63925120.625 -1449.8157073 154.33847235 1551.5791288 3.797891e+16 2.0261440161e-05 1.0 
-19782207.195 -4686593.1341 6134189.5686 -448.4523413 -122.39324648 137.05772092 3.797891e+16 2.0261440161e-05 1.0 
18639913.31 -4075594.5573 4923846.2012 420.35144231 -108.6188425 105.23281314 3.797891e+16 2.0261440161e-05 1.0 
68333972.753 10455889.93 -12698426.022 1654.5950005 242.7835894 -307.50152115 3.797891e+16 2.0261440161e-05 1.0 
3267998.4061 -4776146.3894 13925410.276 65.327831193 -119.39273147 289.59138427 3.797831e+16 2.0261120066e-05 1.0 
4606605.3424 -6509539.062 6513711.843 71.943763388 -137.28477656 98.9893685 3.797831e+16 2.0261120066e-05 1.0 
-1105945.4028 -8173326.4863 15437595.735 -23.692756253 -198.12948451 332.67609826 3.797831e+16 2.0261120066e-05 1.0 
36276973.157 -3689965.6245 13710341.139 867.06274984 -100.87330687 327.51968476 3.797831e+16 2.0261120066e-05 1.0 
51926621.339 -721047.36051 17384545.404 1252.6412752 -28.820290827 420.49438823 3.797831e+16 2.0261120066e-05 1.0 
-51428832.195 5518576.6205 30449453.337 -1243.2637527 122.79389518 737.29195056 3.797831e+16 2.0261120066e-05 1.0 
-19619861.168 -6848511.8339 5466510.6261 -443.71046792 -171.84923168 122.80044943 3.797831e+16 2.0261120066e-05 1.0 
37253831.726 2702904.2057 -24111627.724 896.14395303 53.504578747 -579.10248658 3.797831e+16 2.0261120066e-05 1.0 
9709178.0028 13611152.393 -61251515.499 234.89560941 319.11064703 -1481.4027172 3.797831e+16 2.0261120066e-05 1.0 
-26899299.817 2802367.415 -58825230.416 -650.69387028 56.668114631 -1423.079998 3.797831e+16 2.0261120066e-05 1.0 
-15496534.651 5639281.0743 -62137399.133 -375.48901501 125.70096968 -1502.7884509 3.797831e+16 2.0261120066e-05 1.0 
-24221816.562 4471050.6229 -38119842.008 -581.78456002 96.863014285 -915.87614303 3.797831e+16 2.0261120066e-05 1.0 
16184456.359 5910070.6745 54084433.549 392.7524329 131.81213047 1306.8249345 3.797808e+16 2.0260997363e-05 1.0 
-15959560.13 -5191777.8076 5964764.8866 -349.33922851 -133.69302528 130.51303277 3.797808e+16 2.0260997363e-05 1.0 
-19060308.111 -1414726.7423 83944516.462 -462.60053396 -46.356404015 2036.7581396 3.797808e+16 2.0260997363e-05 1.0 
-50003165.086 921234.9974 33017799.963 -1209.1831012 10.008506825 798.22478873 3.797808e+16 2.0260997363e-05 1.0 
20798222.276 -2707472.816 15049807.518 486.00855755 -78.557880627 349.67148621 3.797808e+16 2.0260997363e-05 1.0 
32261628.795 10104724.351 61621267.885 781.84356129 233.83370183 1492.7870448 3.797808e+16 2.0260997363e-05 1.0 
-11742011.009 -2365469.0739 2822170.5943 -224.75951178 -69.356397522 55.790564772 3.797808e+16 2.0260997363e-05 1.0 
-8576952.4571 6927692.4326 54460216.774 -206.37020991 156.51369721 1315.8730696 3.797808e+16 2.0260997363e-05 1.0 
-62976866.334 11318155.01 36096942.354 -1526.3973734 263.71373483 875.12231626 3.797808e+16 2.0260997363e-05 1.0 
51519757.935 7126609.6264 13467065.313 1243.9947276 160.70588864 325.06582796 3.797808e+16 2.0260997363e-05 1.0 
54813211.818 11554879.956 32924004.949 1327.2248793 269.98795487 798.09790118 3.797808e+16 2.0260997363e-05 1.0 
-34871752.16 16079691.287 -10338992.889 -835.58594223 376.69637354 -245.93739755 3.797808e+16 2.0260997363e-05 1.0 
-43239868.791 11275656.191 -11693166.312 -1040.8500946 262.16635771 -281.44811983 3.797808e+16 2.0260997363e-05 1.0 
38735592.278 241147.22849 -662506.75713 926.917384 -7.1840789546 -15.526897271 3.797808e+16 2.0260997363e-05 1.0 
46826179.313 7742287.5437 -15399220.924 1129.4384074 176.45297654 -371.88922018 3.797808e+16 2.0260997363e-05 1.0 
-47365636.862 7240362.3349 -42762668.966 -1146.8915357 164.42805284 -1035.0073898 3.797808e+16 2.0260997363e-05 1.0 
-44882712.672 11779012.189 -41870456.696 -1086.7387459 275.1819016 -1013.4850218 3.797808e+16 2.0260997363e-05 1.0 
27834730.252 -936616.75641 22082806.378 663.13366795 -32.898038592 524.74963939 3.797772e+16 2.0260805306e-05 1.0 
78138847.897 14823096.646 30179897.261 1895.4279368 349.30091257 732.6003514 3.797772e+16 2.0260805306e-05 1.0 
-11433624.256 3223031.3482 61916612.254 -276.72096165 65.918773212 1498.1765554 3.797745e+16 2.0260661263e-05 1.0 
-24483370.73 825362.7622 27764801.13 -583.97313422 6.6227727041 664.21403878 3.797745e+16 2.0260661263e-05 1.0 
-14941649.198 -2726880.4052 26348434.561 -353.26891929 -78.715181324 622.41641451 3.797745e+16 2.0260661263e-05 1.0 
-40334686.673 6201060.5681 26575846.116 -971.57193549 138.69658426 641.4174949 3.797745e+16 2.0260661263e-05 1.0 
-39122791.623 21840763.64 13341026.99 -940.76795558 518.98881727 323.26473921 3.797745e+16 2.0260661263e-05 1.0 
13447201.024 6201261.1611 -24597476.743 315.39508047 136.94824064 -581.65757588 3.797745e+16 2.0260661263e-05 1.0 
-22144554.801 5576055.0301 -48335164.187 -533.95746718 123.88463881 -1167.2156278 3.797745e+16 2.0260661263e-05 1.0 
26848372.79 4537406.9983 -51830634.9 648.99413286 98.368073617 -1252.9641816 3.797745e+16 2.0260661263e-05 1.0 
4227669.3421 7301410.3617 -58607096.11 102.32059534 165.52363324 -1417.1126452 3.797745e+16 2.0260661263e-05 1.0 
1416771.2172 9687188.8577 79466877.085 34.678860318 223.80304425 1927.0718535 3.797682e+16 2.0260325163e-05 1.0 
-42319981.367 17805123.174 22505272.198 -1019.7782858 420.55515917 543.49007217 3.797682e+16 2.0260325163e-05 1.0 
-32155821.829 6567143.6686 -35513515.268 -773.50465971 147.71149169 -856.89502145 3.797682e+16 2.0260325163e-05 1.0 
-30874605.365 7549801.6217 85948902.543 -750.15505967 172.23227078 2085.2583907 3.797653e+16 2.0260170451e-05 1.0 
53123466.927 3745551.711 26592402.099 1283.5923716 79.416999723 642.70407789 3.797653e+16 2.0260170451e-05 1.0 
-36538604.41 -1906598.6266 -35254596.869 -880.07080513 -57.662527494 -849.29640327 3.797653e+16 2.0260170451e-05 1.0 
6117483.7658 -1573063.8831 -44771818.206 146.60182569 -49.61637418 -1075.6001135 3.797653e+16 2.0260170451e-05 1.0 
2099317.6297 -1780003.0254 -12921510.371 39.138734984 -57.503399409 -258.04595691 3.79762e+16 2.0259994398e-05 1.0 
13967460.922 -5176835.6698 5669537.7903 295.27296088 -129.22641033 119.30110973 3.797593e+16 2.0259850356e-05 1.0 
50339812.694 3000667.1397 -1710481.2132 1212.578754 61.239980422 -41.059761534 3.797593e+16 2.0259850356e-05 1.0 
9197371.9686 -6046586.3468 -1524882.5151 156.40532062 -134.08799096 -24.268588834 3.797593e+16 2.0259850356e-05 1.0 
22094753.047 -2399672.5112 -32603132.308 527.57151344 -69.658563003 -779.83801346 3.797593e+16 2.0259850356e-05 1.0 
19022324.961 -3000286.0303 -19827194.812 445.47201125 -83.574913385 -463.94084822 3.797593e+16 2.0259850356e-05 1.0 
-19464439.4 9937890.4258 40874579.753 -468.31692104 228.84304342 984.19034043 3.797558e+16 2.0259663633e-05 1.0 
-22169343.597 2917424.5422 27403051.135 -529.2524091 57.24131737 653.28811619 3.797558e+16 2.0259663633e-05 1.0 
8660515.7688 20870929.589 35173266.968 209.35887568 493.20366088 843.18716083 3.797558e+16 2.0259663633e-05 1.0 
-12896834.205 -2774327.0704 2998755.3252 -259.9960772 -77.463463365 56.152727594 3.797558e+16 2.0259663633e-05 1.0 
17682053.731 1314261.4808 14640569.838 407.21045505 16.026953959 338.34082472 3.797558e+16 2.0259663633e-05 1.0 
30921196.69 11528394.862 66539386.584 750.17609967 269.39294329 1613.1993988 3.797558e+16 2.0259663633e-05 1.0 
-57924586.663 4362124.5508 4800308.1165 -1399.9270706 93.568876489 116.01576484 3.797558e+16 2.0259663633e-05 1.0 
8422376.0782 1671397.0821 7649268.4432 155.46922263 13.662539578 146.1448286 3.797558e+16 2.0259663633e-05 1.0 
39876331.215 14440828.959 57744917.223 966.81294535 340.23779659 1399.9088531 3.797558e+16 2.0259663633e-05 1.0 
-50582055.377 922229.68945 -9005043.4317 -1219.8168659 10.024133746 -217.69236834 3.797558e+16 2.0259663633e-05 1.0 
-5028942.4021 8838819.2064 60341013.189 -122.96482711 203.87164493 1460.7556237 3.797558e+16 2.0259663633e-05 1.0 
-56544888.572 14224428.25 12976554.355 -1367.4125121 334.01575607 314.72396574 3.797558e+16 2.0259663633e-05 1.0 
38161386.366 12451792.479 34589296.153 923.96982667 291.78913837 834.24144973 3.797558e+16 2.0259663633e-05 1.0 
-71971201.419 5590404.9081 -12818996.215 -1744.3186847 124.07510798 -310.1963336 3.797558e+16 2.0259663633e-05 1.0 
41093421.472 1456022.1623 -3540148.4966 985.89127102 22.221532185 -83.829940856 3.797558e+16 2.0259663633e-05 1.0 
43939643.187 6358143.4474 -25732309.514 1059.6725332 142.72734486 -621.41242319 3.797558e+16 2.0259663633e-05 1.0 
-33668403.24 6338984.469 -40907759.021 -813.11303764 141.78391726 -987.07124936 3.797558e+16 2.0259663633e-05 1.0 
52438381.271 2456636.2316 -27665997.41 1267.5595449 47.491968685 -669.14936812 3.797558e+16 2.0259663633e-05 1.0 
-5613149.0714 -4239881.7736 -17438343.262 -123.5274133 -113.00700605 -387.55662954 3.797558e+16 2.0259663633e-05 1.0 
51132299.565 1871387.8008 -35467053.667 1236.7038676 33.520774851 -858.34424402 3.797558e+16 2.0259663633e-05 1.0 
-7557573.6564 -4435191.6179 -17863445.679 -170.02404204 -117.33725889 -400.35824302 3.797558e+16 2.0259663633e-05 1.0 
18835175.294 6077149.4732 -52464698.059 455.29427344 136.15539655 -1267.7341429 3.797558e+16 2.0259663633e-05 1.0 
5278246.4215 18963203.101 -62873751.079 129.22826206 450.25899233 -1522.9101986 3.797558e+16 2.0259663633e-05 1.0 
41240843.11 4683392.2755 -32118044.646 995.33248719 101.27061235 -774.81495565 3.797558e+16 2.0259663633e-05 1.0 
31869168.755 8174668.1722 -43992132.364 769.0049397 186.27945194 -1062.9550292 3.797558e+16 2.0259663633e-05 1.0 
-14656599.492 5258029.6906 -30737967.681 -351.24198248 113.76345756 -731.2964198 3.797558e+16 2.0259663633e-05 1.0 
12623512.603 6556999.8526 20951108.493 292.02413803 143.18862593 490.64998457 3.797497e+16 2.0259338203e-05 1.0 
23069422.663 3725364.1515 66027481.184 559.3840062 78.540689643 1599.146482 3.797497e+16 2.0259338203e-05 1.0 
-17346943.392 -4273251.9992 5806445.8578 -384.54496376 -113.72568903 129.16360107 3.797497e+16 2.0259338203e-05 1.0 
41473187.934 2027406.9725 -1935811.261 994.66875957 35.780537799 -47.959376088 3.797497e+16 2.0259338203e-05 1.0 
59200132.768 7590977.0678 16292720.193 1432.8034926 173.11584808 395.10768998 3.797497e+16 2.0259338203e-05 1.0 
-54926902.142 11030983.6 -40810722.121 -1330.2765478 256.17453026 -988.74426306 3.797497e+16 2.0259338203e-05 1.0 
13425998.293 -8095416.545 14694718.9 302.79556479 -201.37642556 332.86068414 3.797475e+16 2.0259220835e-05 1.0 
-10861629.008 -6141069.0838 16614076.502 -244.82931054 -155.88309545 373.87434171 3.797475e+16 2.0259220835e-05 1.0 
-31888678.798 -7651915.1993 29556149.778 -765.81430463 -196.6364038 708.40887735 3.797475e+16 2.0259220835e-05 1.0 
77449211.067 20554096.112 7734684.3509 1878.1449928 488.5952069 189.21650184 3.797475e+16 2.0259220835e-05 1.0 
28660214.084 -3227373.4625 -22805668.834 682.74460266 -89.425345324 -543.76837863 3.797475e+16 2.0259220835e-05 1.0 
2103503.1777 3385462.8224 -12891624.801 37.066138483 54.288289301 -263.89037853 3.797436e+16 2.0259012773e-05 1.0 
19578408.325 8427684.3876 -46693177.427 472.09509156 192.64176787 -1126.5989586 3.797436e+16 2.0259012773e-05 1.0 
21785505.6 16642132.968 -39785358.06 527.28647429 392.03305496 -957.62313544 3.797436e+16 2.0259012773e-05 1.0 
10875354.734 -4203655.523 38972242.109 260.48079175 -112.89280443 932.57287702 3.797357e+16 2.0258591315e-05 1.0 
15652583.791 -4569194.8574 17591422.615 360.93567906 -120.11777566 404.85626615 3.797357e+16 2.0258591315e-05 1.0 
-12550425.346 6930238.9814 32185462.154 -300.55565254 155.80092039 768.08852719 3.797357e+16 2.0258591315e-05 1.0 
44659007.2 8801123.7835 16339421.443 1075.9169262 202.29929638 396.03760894 3.797357e+16 2.0258591315e-05 1.0 
-10484705.919 -5433396.751 -12884918.296 -227.89282309 -136.8797464 -278.91204302 3.797357e+16 2.0258591315e-05 1.0 
-904638.80825 -5846031.3259 -21923735.844 -21.253652029 -149.16816187 -500.38138152 3.797357e+16 2.0258591315e-05 1.0 
-19106703.747 -5668962.254 40031455.675 -458.67040178 -148.60256375 961.40769297 3.797298e+16 2.0258276555e-05 1.0 
-8590583.4511 -4331494.0601 8902005.8323 -169.36332991 -107.07672245 172.2378689 3.797298e+16 2.0258276555e-05 1.0 
-42660442.025 -8714345.9374 56560862.069 -1033.4612608 -223.72042554 1369.9374286 3.797298e+16 2.0258276555e-05 1.0 
-23867039.414 -7601703.3887 21735826.251 -565.54354057 -194.19943406 514.62017725 3.797298e+16 2.0258276555e-05 1.0 
-45246150.907 17558504.453 3562627.47 -1090.5759977 415.38312691 86.694472478 3.797298e+16 2.0258276555e-05 1.0 
47190255.165 5915604.1031 -40423411.775 1140.5310337 132.34852889 -977.71929868 3.797298e+16 2.0258276555e-05 1.0 
15493266.361 -6735631.1693 -13046094.212 349.28807595 -169.66113221 -295.58463002 3.797298e+16 2.0258276555e-05 1.0 
-47616583.479 18398953.189 -58115415.683 -1153.6445745 435.96032934 -1409.048308 3.797298e+16 2.0258276555e-05 1.0 
-9052583.4035 -5551235.374 -2408539.3441 -152.55702509 -122.1660532 -39.75205053 3.797298e+16 2.0258276555e-05 1.0 
3491172.5166 -7855414.5725 40796213.521 83.864882136 -201.5790443 976.75864867 3.797239e+16 2.0257961794e-05 1.0 
-15511579.989 7580220.613 55331836.97 -374.84678491 172.92469138 1338.9626473 3.797239e+16 2.0257961794e-05 1.0 
-5669211.9613 18586596.949 -46500860.649 -137.12056917 440.35962503 -1121.1456823 3.797239e+16 2.0257961794e-05 1.0 
32168634.867 1865046.7441 -56371945.42 777.39883201 33.871316686 -1363.9844369 3.797239e+16 2.0257961794e-05 1.0 
14732815.362 -8967987.6164 -10067875.184 329.44795143 -219.96544661 -221.33359509 3.797239e+16 2.0257961794e-05 1.0 
-19209656.348 3138086.8332 40394403.136 -462.71311161 63.005658149 970.83076267 3.797196e+16 2.0257732393e-05 1.0 
-22851924.077 -1343709.5266 25819693.926 -543.97477686 -45.979336308 614.8462214 3.797196e+16 2.0257732393e-05 1.0 
31831760.797 614348.62042 21384798.561 761.67315609 1.5256089445 510.64709146 3.797196e+16 2.0257732393e-05 1.0 
40844810.866 49139.670085 56091619.036 988.83529735 -10.873161942 1358.7624469 3.797196e+16 2.0257732393e-05 1.0 
-11736109.966 -4420147.8401 -4123240.6773 -229.53193142 -114.042432 -84.000738369 3.797196e+16 2.0257732393e-05 1.0 
-11562994.595 13333315.859 54739757.768 -280.19521577 312.50089313 1322.9357059 3.797196e+16 2.0257732393e-05 1.0 
-90424655.892 9906091.3242 15617976.627 -2194.8701479 229.32628191 378.42467445 3.797196e+16 2.0257732393e-05 1.0 
56690029.747 2898358.1148 19216004.263 1370.9727375 58.217481954 463.77116269 3.797196e+16 2.0257732393e-05 1.0 
-12125208.513 -5859722.8403 -4903162.9797 -245.8775517 -143.66353522 -98.674640776 3.797196e+16 2.0257732393e-05 1.0 
68845806.065 11825615.3 54378463.103 1670.2373954 276.00664456 1319.9272176 3.797196e+16 2.0257732393e-05 1.0 
-18962857.56 8667838.7453 -7470012.7976 -434.82918779 188.42449385 -171.94643672 3.797196e+16 2.0257732393e-05 1.0 
-115594293.7 8365705.2306 -16267896.318 -2808.6378303 192.28670701 -395.44655126 3.797196e+16 2.0257732393e-05 1.0 
18063701.327 -3123000.9128 -2966245.7568 401.13154887 -87.61888342 -63.242552431 3.797196e+16 2.0257732393e-05 1.0 
41029182.808 6079467.3697 -16219959.995 986.17493317 134.55143816 -390.18939575 3.797196e+16 2.0257732393e-05 1.0 
68115183.064 19351551.255 -66516492.594 1653.271203 459.58653367 -1615.5845129 3.797196e+16 2.0257732393e-05 1.0 
-23978535.251 1046899.6753 -58861317.253 -579.94586436 13.478159838 -1424.3691892 3.797196e+16 2.0257732393e-05 1.0 
35751703.455 12061991.842 -50324406.61 865.65081565 282.06552069 -1217.9683376 3.797196e+16 2.0257732393e-05 1.0 
-33375102.874 13403867.036 -93869704.87 -810.6803495 314.74938357 -2279.2734907 3.797196e+16 2.0257732393e-05 1.0 
28842306.38 5670062.7377 -22009913.11 688.22104954 123.81179274 -526.6322912 3.797196e+16 2.0257732393e-05 1.0 
54857293.052 22341711.665 -72865960.076 1331.5527115 531.90639577 -1768.6545614 3.797196e+16 2.0257732393e-05 1.0 
-511267.54669 6693395.1438 -64699587.469 -11.76201389 150.79659036 -1566.2337307 3.797196e+16 2.0257732393e-05 1.0 
2419173.2778 -10381724.362 60816594.411 59.120801033 -263.83465358 1469.8993009 3.79718e+16 2.0257647034e-05 1.0 
28579078.885 -5944715.7792 20416034.231 679.55279323 -154.86460297 485.89499321 3.79718e+16 2.0257647034e-05 1.0 
-52691749.012 8974817.4575 82047936.911 -1279.8267205 206.64385077 1991.1199919 3.79718e+16 2.0257647034e-05 1.0 
80501895.979 17786350.615 22299034.261 1952.3968934 421.07747725 540.94696102 3.79718e+16 2.0257647034e-05 1.0 
-16936866.543 9921208.5017 -63808660.791 -410.39291871 229.79729682 -1545.0189817 3.79718e+16 2.0257647034e-05 1.0 
31493027.203 8882589.057 78948990.885 763.32462541 204.63779244 1915.0367615 3.797122e+16 2.0257337609e-05 1.0 
24579763.017 11452131.13 82216468.606 596.14361416 267.05890743 1994.4474321 3.797122e+16 2.0257337609e-05 1.0 
50521082.774 13070230.454 67426473.288 1225.0442851 306.56449312 1635.8028778 3.797122e+16 2.0257337609e-05 1.0 
44059552.388 15083422.278 73223236.139 1069.4537978 355.72079422 1776.528277 3.797122e+16 2.0257337609e-05 1.0 
