#   x1                  x2                  x3                  v1                  v2                  v3                  mass                rel_mass            mat0_frac           mat1_frac           mat2_frac
    2.8527703544e+06    5.4914237859e+06    5.1274447583e+03    8.4310016983e+01    1.3946358906e+02   -6.2306343182e-02    1.2498101690e+21    6.6519859423e-01    8.0306192050e-01    1.9693807950e-01    0.0000000000e+00
   -5.7352774432e+06   -1.0898957581e+07   -2.5557047471e+04   -1.7002253643e+02   -2.7666383018e+02   -6.9908727148e-01    6.2638715523e+20    3.3338811399e-01    8.9549444831e-01    1.0450555169e-01    0.0000000000e+00
   -6.3161392101e+05    8.7461660648e+05   -9.0805246576e+05    1.3775570646e+01    8.8780410669e+01   -1.7958233200e+01    8.4385810000e+16    4.4913478524e-05    0.0000000000e+00    1.0000000000e+00    0.0000000000e+00
   -4.6608332744e+05    3.4431600689e+06   -2.1697193705e+05    6.9932225113e+01    1.8311438681e+02   -2.8550146458e+00    4.2215300000e+16    2.2468658770e-05    0.0000000000e+00    1.0000000000e+00    0.0000000000e+00
   -2.4805245187e+06   -6.2278068600e+06   -1.6300075904e+06   -8.6049977203e+01   -1.8704489223e+02   -3.9744755286e+01    4.2210790000e+16    2.2466258369e-05    0.0000000000e+00    1.0000000000e+00    0.0000000000e+00
   -4.9002657756e+04    2.0176655943e+06   -8.1630050785e+05    4.5583483191e+01    1.4216632661e+02   -7.3262809139e+00    4.2204870000e+16    2.2463107510e-05    0.0000000000e+00    1.0000000000e+00    0.0000000000e+00
    1.9029578777e+05    2.9268395099e+06   -8.2199704070e+05    6.8148252062e+01    1.8435505520e+02   -5.5666684232e+00    4.2186310000e+16    2.2453229141e-05    0.0000000000e+00    1.0000000000e+00    0.0000000000e+00
   -3.4029235283e+06   -9.3922369145e+06   -1.0074089815e+06   -1.6253680143e+02   -3.1583879824e+02   -4.0274700942e-01    4.2178070000e+16    2.2448843486e-05    0.0000000000e+00    1.0000000000e+00    0.0000000000e+00
   -5.1956102255e+06   -1.0964141693e+07   -4.3168783967e+05   -3.8348992163e+02   -4.1154115582e+02    1.4552138233e+02    4.2163440000e+16    2.2441056819e-05    0.0000000000e+00    1.0000000000e+00    0.0000000000e+00
    1.1192529219e+05    4.3630272426e+06   -5.7487018780e+05    1.1369723292e+02    2.2416245554e+02    7.5908852309e+00    4.2158660000e+16    2.2438512713e-05    0.0000000000e+00    1.0000000000e+00    0.0000000000e+00
   -3.3915063354e+06   -9.1305403628e+06   -1.6178990323e+06   -1.5480218417e+02   -2.9885967232e+02   -1.7785631186e+01    4.2158260000e+16    2.2438299817e-05    0.0000000000e+00    1.0000000000e+00    0.0000000000e+00
   -1.3605872990e+06   -1.6816357538e+06   -3.5413348639e+06   -2.8272727307e+01   -1.5763544398e+01   -1.0441605388e+02    4.2155690000e+16    2.2436931961e-05    0.0000000000e+00    1.0000000000e+00    0.0000000000e+00
   -5.6916501951e+05   -2.6683215196e+05   -1.0387909707e+06    2.2959381665e+00    4.4841821967e+01   -1.9232832769e+01    4.2155540000e+16    2.2436852125e-05    0.0000000000e+00    1.0000000000e+00    0.0000000000e+00
   -9.2631827839e+05   -7.7190200098e+05   -1.2000940010e+06   -1.0117116831e+01    2.4162636042e+01   -2.5020777079e+01    4.2154420000e+16    2.2436256017e-05    0.0000000000e+00    1.0000000000e+00    0.0000000000e+00
   -2.1812623145e+06   -4.8380687389e+06   -2.1934628411e+06   -6.9389343797e+01   -1.3479771666e+02   -5.8162270619e+01    4.2153220000e+16    2.2435617329e-05    0.0000000000e+00    1.0000000000e+00    0.0000000000e+00
   -4.1662125166e+06   -7.7386426483e+06   -7.8763590026e+05   -1.4409499361e+02   -2.7080696589e+02   -8.7999517784e+00    4.2152450000e+16    2.2435207505e-05    0.0000000000e+00    1.0000000000e+00    0.0000000000e+00
   -2.6836014183e+06   -5.5783360165e+06   -1.6755934903e+06   -8.7704567453e+01   -1.6581930162e+02   -4.3195362271e+01    4.2152450000e+16    2.2435207505e-05    0.0000000000e+00    1.0000000000e+00    0.0000000000e+00
   -3.1322040458e+06   -5.8568581426e+06    1.7884058428e+06   -1.0664705264e+02   -1.7643363054e+02    3.4705110114e+01    4.2152450000e+16    2.2435207505e-05    0.0000000000e+00    1.0000000000e+00    0.0000000000e+00
   -3.2806990278e+06   -8.1379850390e+06   -2.3277395169e+06   -1.2410835032e+02   -2.6087756000e+02   -4.6920854102e+01    4.2151250000e+16    2.2434568817e-05    0.0000000000e+00    1.0000000000e+00    0.0000000000e+00
   -4.0843408408e+06   -9.5815582042e+06    2.9937376218e+06   -1.6389670429e+02   -3.0223266042e+02    4.5308732833e+01    4.2151250000e+16    2.2434568817e-05    0.0000000000e+00    1.0000000000e+00    0.0000000000e+00
   -1.8850300578e+06   -1.4115010739e+06   -1.6786566965e+06   -4.7387403144e+01   -6.8284466326e+00   -3.8958749677e+01    4.2150930000e+16    2.2434398500e-05    0.0000000000e+00    1.0000000000e+00    0.0000000000e+00
   -2.2763917689e+05   -5.9637038366e+05   -1.2754271057e+06    9.2060298767e+00    3.5831543106e+01   -2.9897998707e+01    4.2149990000e+16    2.2433898195e-05    0.0000000000e+00    1.0000000000e+00    0.0000000000e+00
   -3.1700732864e+06   -7.7206499039e+06   -2.5536669940e+06   -1.1809323131e+02   -2.4366962039e+02   -5.9376974183e+01    4.2149990000e+16    2.2433898195e-05    0.0000000000e+00    1.0000000000e+00    0.0000000000e+00
   -1.1709371422e+06   -4.1409783929e+05   -2.8029012812e+06   -1.4455899628e+01    3.0974382178e+01   -7.0886354065e+01    4.2149360000e+16    2.2433562884e-05    0.0000000000e+00    1.0000000000e+00    0.0000000000e+00
   -2.4722785063e+06   -6.4148158957e+06   -1.9780640973e+06   -8.9845136202e+01   -1.9239864649e+02   -4.9169835364e+01    4.2147900000e+16    2.2432785814e-05    0.0000000000e+00    1.0000000000e+00    0.0000000000e+00
   -2.5051439672e+06   -5.5279294547e+06    1.0663111293e+06   -9.0526561868e+01   -1.5773480368e+02    6.7846958256e+01    4.2146410000e+16    2.2431992777e-05    0.0000000000e+00    1.0000000000e+00    0.0000000000e+00
    1.0548759616e+06   -2.0513937909e+06   -3.6221177275e+06    1.0044448904e+01   -2.2757579470e+01   -4.2482227854e+01    4.2145610000e+16    2.2431566985e-05    0.0000000000e+00    1.0000000000e+00    0.0000000000e+00
   -1.1609950837e+05   -2.4842160012e+06   -1.5510572207e+06   -1.8150259111e+01   -3.3949707382e+01    8.5897106662e+00    4.2145610000e+16    2.2431566985e-05    0.0000000000e+00    1.0000000000e+00    0.0000000000e+00
   -1.8533935834e+06   -3.1703381166e+06   -3.1001412909e+06   -4.8050611234e+01   -7.1012659304e+01   -1.0361197339e+02    4.2144370000e+16    2.2430907008e-05    0.0000000000e+00    1.0000000000e+00    0.0000000000e+00
   -2.5366324688e+06   -5.5911190002e+06   -2.6436804845e+06   -8.5760922635e+01   -1.6062621486e+02   -9.5885077633e+01    4.2143750000e+16    2.2430577019e-05    0.0000000000e+00    1.0000000000e+00    0.0000000000e+00
   -2.7304509014e+06   -7.4138812521e+06   -2.2946647205e+06   -1.0257597465e+02   -2.2915683152e+02   -5.3479462057e+01    4.2141980000e+16    2.2429634955e-05    0.0000000000e+00    1.0000000000e+00    0.0000000000e+00
   -7.3875380182e+05    2.3719352136e+06    3.1130618291e+06    1.2909748783e+01    1.3115363469e+02    6.1859451867e+01    4.2141980000e+16    2.2429634955e-05    0.0000000000e+00    1.0000000000e+00    0.0000000000e+00
   -2.6275484028e+06   -7.3530971572e+06   -2.3728994137e+06   -1.0536276776e+02   -2.2540711101e+02   -5.7418491388e+01    4.2141890000e+16    2.2429587053e-05    0.0000000000e+00    1.0000000000e+00    0.0000000000e+00
    1.0161037990e+06   -2.9264448788e+06   -6.5468672647e+06    1.1846040117e+01   -6.0691146048e+01   -1.2596372130e+02    4.2141890000e+16    2.2429587053e-05    0.0000000000e+00    1.0000000000e+00    0.0000000000e+00
    4.8099734856e+06   -3.1603567378e+06   -1.6525985397e+07    1.1720839817e+02   -7.9848971978e+01   -4.1917389602e+02    4.2141890000e+16    2.2429587053e-05    0.0000000000e+00    1.0000000000e+00    0.0000000000e+00
   -3.0387676202e+06   -6.6132357783e+06    3.3404195146e+06   -1.1079112501e+02   -1.9656657042e+02    9.7062818807e+01    4.2141890000e+16    2.2429587053e-05    0.0000000000e+00    1.0000000000e+00    0.0000000000e+00
    7.1180723566e+05    3.4116206170e+06    6.3590195087e+05    8.3620206549e+01    2.2156272743e+02    7.6443733086e+01    4.2141890000e+16    2.2429587053e-05    0.0000000000e+00    1.0000000000e+00    0.0000000000e+00
    5.0509785793e+06   -2.7415917979e+07   -6.7269642245e+06    1.2439698899e+02   -7.2643930342e+02   -1.7415743754e+02    4.2141280000e+16    2.2429262387e-05    0.0000000000e+00    1.0000000000e+00    0.0000000000e+00
   -5.8976550831e+06   -1.0940843231e+07    7.3541392063e+05   -3.5218287682e+02   -4.0249066190e+02   -1.5514117408e+02    4.2140660000e+16    2.2428932398e-05    0.0000000000e+00    1.0000000000e+00    0.0000000000e+00
   -5.0285922014e+06   -1.0528115763e+07   -8.4998697277e+05   -2.5350539825e+01   -1.7628847665e+02    5.4826938953e+01    4.2140660000e+16    2.2428932398e-05    0.0000000000e+00    1.0000000000e+00    0.0000000000e+00
   -1.6516799514e+06   -3.1719675615e+06   -2.4788269858e+06   -4.5906798354e+01   -6.8507170731e+01   -7.0637745222e+01    4.2140050000e+16    2.2428607732e-05    0.0000000000e+00    1.0000000000e+00    0.0000000000e+00
   -8.4410414858e+05   -4.1286566623e+06    9.1564189331e+06   -3.1897570525e+01   -1.0032306109e+02    2.0231120097e+02    4.2139070000e+16    2.2428086137e-05    0.0000000000e+00    1.0000000000e+00    0.0000000000e+00
   -8.9633968972e+05   -1.9718588661e+05   -7.8951797508e+05   -7.3481521331e+00    4.6344039931e+01   -1.7502627697e+01    4.2139070000e+16    2.2428086137e-05    0.0000000000e+00    1.0000000000e+00    0.0000000000e+00
   -3.9459394545e+06   -5.9209531807e+06   -2.5101796031e+06   -1.2783092720e+02   -1.8137695553e+02   -5.1331911209e+01    4.2137630000e+16    2.2427319712e-05    0.0000000000e+00    1.0000000000e+00    0.0000000000e+00
   -4.0212463656e+06   -9.0742178817e+06   -2.5690131627e+06   -1.7023312840e+02   -2.9652128246e+02   -6.3336850207e+01    4.2136920000e+16    2.2426941822e-05    0.0000000000e+00    1.0000000000e+00    0.0000000000e+00
   -2.5119907850e+06   -1.2057396770e+07    4.6247583809e+06   -9.4462159404e+01   -2.9617792891e+02    6.2251245652e+01    4.2136920000e+16    2.2426941822e-05    0.0000000000e+00    1.0000000000e+00    0.0000000000e+00
   -2.0147520236e+06    1.1555756512e+06   -2.9186270814e+05   -2.1640286776e+01    8.3287708929e+01   -7.6559516279e+00    4.2136200000e+16    2.2426558609e-05    0.0000000000e+00    1.0000000000e+00    0.0000000000e+00
   -9.3953434385e+05    2.3596074065e+06   -5.8367122967e+05    2.8294234331e+01    1.3851375412e+02   -6.6182368020e+00    4.2134780000e+16    2.2425802829e-05    0.0000000000e+00    1.0000000000e+00    0.0000000000e+00
   -1.9323623194e+06   -3.9376352860e+06   -1.9380907667e+06   -6.2479655409e+01   -9.6303202423e+01   -8.5450199547e+01    4.2134570000e+16    2.2425691059e-05    0.0000000000e+00    1.0000000000e+00    0.0000000000e+00
   -3.7571815656e+06   -9.1993953047e+06   -1.6167577001e+06   -1.5701571546e+02   -3.1232644615e+02   -9.1615326008e+00    4.2134570000e+16    2.2425691059e-05    0.0000000000e+00    1.0000000000e+00    0.0000000000e+00
   -1.3849133950e+06   -2.7987870984e+06    3.6202617912e+06   -4.1426317553e+01   -5.5203215359e+01    4.2034409775e+01    4.2134570000e+16    2.2425691059e-05    0.0000000000e+00    1.0000000000e+00    0.0000000000e+00
   -9.6352789951e+05   -1.6220042202e+07    7.5821621628e+05   -5.8299573401e+01   -3.8151516329e+02    1.1690623188e+01    4.2134570000e+16    2.2425691059e-05    0.0000000000e+00    1.0000000000e+00    0.0000000000e+00
    1.8845084726e+06    6.8137777018e+05   -1.5532509658e+07    4.0394711608e+01    2.0636810516e+01   -3.8595607158e+02    4.2134570000e+16    2.2425691059e-05    0.0000000000e+00    1.0000000000e+00    0.0000000000e+00
    2.4937801177e+05    3.5507634222e+06    2.6226993388e+06    6.7550230635e+01    1.8838581372e+02    4.6080332522e+01    4.2134570000e+16    2.2425691059e-05    0.0000000000e+00    1.0000000000e+00    0.0000000000e+00
   -2.3046427908e+05    3.9299395767e+05   -2.0139174258e+06    1.8435611021e+01    7.0494805381e+01   -4.2000506003e+01    4.2133960000e+16    2.2425366392e-05    0.0000000000e+00    1.0000000000e+00    0.0000000000e+00
   -2.7461822041e+06   -5.9431427956e+06   -2.9861531776e+06   -9.2639502088e+01   -1.7474093496e+02   -9.8712021209e+01    4.2133370000e+16    2.2425052371e-05    0.0000000000e+00    1.0000000000e+00    0.0000000000e+00
    2.1116096834e+06    5.3942096207e+06    7.1272584663e+05    2.1556927524e+02    3.9002372051e+02    3.3136339106e+01    4.2133370000e+16    2.2425052371e-05    0.0000000000e+00    1.0000000000e+00    0.0000000000e+00
    1.2548132113e+06   -1.7548041423e+07   -7.7509513190e+06    1.6335967532e+01   -4.5100207197e+02   -1.8422131314e+02    4.2133370000e+16    2.2425052371e-05    0.0000000000e+00    1.0000000000e+00    0.0000000000e+00
    1.2168667986e+06   -8.8294135051e+04    1.0046027996e+07    2.2081848770e+01    4.3741979602e+00    2.2138577209e+02    4.2133360000e+16    2.2425047049e-05    0.0000000000e+00    1.0000000000e+00    0.0000000000e+00
    3.2911579233e+06   -1.4942810742e+07    1.9306106139e+07    7.8910001716e+01   -3.9717450782e+02    5.0410348336e+02    4.2133360000e+16    2.2425047049e-05    0.0000000000e+00    1.0000000000e+00    0.0000000000e+00
   -5.7732513096e+06   -1.0758758554e+07   -4.7463487598e+05   -4.9728828844e+02   -3.7203182779e+02    1.5623930651e+02    4.2133360000e+16    2.2425047049e-05    0.0000000000e+00    1.0000000000e+00    0.0000000000e+00
    1.4568968326e+06   -1.3383085533e+06    1.8160259081e+07    3.0024177956e+01   -3.2311178912e+01    4.6289120034e+02    4.2132150000e+16    2.2424403039e-05    0.0000000000e+00    1.0000000000e+00    0.0000000000e+00
   -4.8831549301e+06   -1.0940795017e+07    3.3200788439e+05   -3.7718335880e+02   -1.6691157857e+02    3.1157278342e+01    4.2131960000e+16    2.2424301913e-05    0.0000000000e+00    1.0000000000e+00    0.0000000000e+00
   -1.1222052277e+06   -2.1674067108e+07    1.3540599612e+06   -4.5322244094e+01   -5.5036262371e+02    3.1447072480e+01    4.2130570000e+16    2.2423562100e-05    0.0000000000e+00    1.0000000000e+00    0.0000000000e+00
