x1	x2	x3	v1	v2	v3	mass	rel_mass	water_fraction
742260.4984722473 18323548.71668171 -13834.457461809265 26.060723539240563 455.69108927911947 -0.3779050060851243 1.2499961015100003e+21 0.6640883300807089 0.1959446549219126 
-1531492.152756434 -36725030.55881244 9891.68160747508 -53.280828090795445 -913.1555840224742 0.2442718481485866 6.195006072199998e+20 0.329123525472797 0.19177665289313497 
2545218.3059 -25995478.043 -273374.37521 50.305907927 -673.73337323 -5.2847980526 1.302114e+17 6.9177712701e-05 0.0 
-2287350.5915 8062528.7055 -549301.00803 -57.782466238 251.53145874 -6.3525303756 8.851882e+16 4.7027598955e-05 1.0 
2415305.7773 -31391038.172 552376.21189 29.155428216 -831.68491161 15.989530523 8.846118e+16 4.6996976418e-05 1.0 
335239.74172296247 -27108547.899988532 7296445.10408629 2.170200264319359 -686.7276510718813 155.74204286411538 1.3264111e+17 7.0468550372e-05 1.0 
660670.18741 -26036921.935 -2285937.6735 15.305358996 -666.48350619 -40.649648124 8.842393e+16 4.6977186524e-05 1.0 
-1969552.6324 -3640819.302 723644.64899 -53.213028692 -74.342079458 15.911564413 4.428219e+16 2.3525901861e-05 1.0 
-1390271.5995 -1990931.623 736962.44262 -39.412826231 -30.34521985 17.226756922 4.427976e+16 2.3524610869e-05 1.0 
1763105.132 5612858.3154 -5586371.9308 29.939043941 167.98728102 -120.38259876 4.427336e+16 2.3521210726e-05 1.0 
-1100366.0223 4753330.4448 -508405.63906 -32.553313534 156.0627594 -11.186004564 4.427257e+16 2.3520791021e-05 1.0 
-2617272.5763 -15708100.918 1573936.993 -67.752299735 -392.32848816 33.116944076 4.427021e+16 2.3519537219e-05 1.0 
-2674676.2609 4092037.5262 1225603.5907 -68.229687103 136.3516694 25.276897427 4.427021e+16 2.3519537219e-05 1.0 
-2038454.7808 -3031119.1199 -1807040.793 -55.118177034 -57.630156082 -42.069404037 4.427021e+16 2.3519537219e-05 1.0 
1330682.9427 -30087816.737 722167.9271 16.436706264 -796.63340236 21.146306034 4.426961e+16 2.3519218455e-05 1.0 
-2430889.9189 5982957.5265 -507775.96759 -62.582175976 190.11451653 -5.5865944371 4.426864e+16 2.3518703121e-05 1.0 
-2367224.0543 2703299.5596 -1294189.4271 -62.336823198 97.286289403 -24.855522839 4.426864e+16 2.3518703121e-05 1.0 
-1023562.6311 2555407.1197 -2071066.6847 -31.648251618 93.291498609 -46.412134829 4.426786e+16 2.3518288729e-05 1.0 
-2317370.6485 -7128762.503 -138975.13577 -61.446931453 -166.05910624 -1.1051986242 4.426786e+16 2.3518288729e-05 1.0 
933287.47076 -20957311.376 2327650.938 16.379108082 -535.76197962 52.167740693 4.426608e+16 2.3517343064e-05 1.0 
2680973.2288 -23922617.673 456345.97493 54.789223491 -617.94255654 12.58633416 4.426434e+16 2.351641865e-05 1.0 
1949394.8259 -6803592.0599 2030128.6201 38.807266587 -162.52849587 47.514089657 4.426434e+16 2.351641865e-05 1.0 
-1673755.693 -1933044.8677 -1558287.6317 -47.04886486 -28.848294891 -32.080608696 4.426398e+16 2.3516227392e-05 1.0 
2926668.9384769914 -25630480.23813277 -257891.39333668357 58.3039032483094 -663.7431256702577 1.9928943817692006 8.851597e+16 4.7026084829e-05 1.0 
-2536177.0732 -7926831.0488 3130570.9693 -67.347266577 -188.46635693 71.891658784 4.426091e+16 2.3514596386e-05 1.0 
58550.1422 -22211524.564 633873.47236 0.31780769243 -565.34643932 13.984366695 4.426091e+16 2.3514596386e-05 1.0 
-1529670.9726 3296629.3445 -1654057.248 -42.841547745 113.73643638 -34.421277894 4.426091e+16 2.3514596386e-05 1.0 
2497809.9547 -27266389.368 -539418.12119 47.072739263 -709.45235187 -6.8877302834 4.425751e+16 2.351279006e-05 1.0 
2327627.0964 -24634690.096 978806.17871 47.098685727 -635.72552454 17.341476955 4.425584e+16 2.3511902835e-05 1.0 
2045519.3202 -26026246.311 57659.095114 40.058954137 -675.80452001 -0.56544741116 4.425584e+16 2.3511902835e-05 1.0 
1966236.9619 -25484691.388 -1255001.6567 37.92753549 -658.4711746 -18.136896045 4.425584e+16 2.3511902835e-05 1.0 
1726917.3864 -5286465.2978 2259296.1548 33.81080488 -122.80571825 52.34879983 4.425336e+16 2.351058528e-05 1.0 
2334358.1766 -24074847.56 928621.5048 47.163159218 -621.86508198 15.34710086 4.42509e+16 2.350927835e-05 1.0 
2213959.5974 -24651465.247 259448.96975 45.449242829 -636.7754192 13.521998694 4.42509e+16 2.350927835e-05 1.0 
1020515.2777 -27777337.143 -2599353.5331 15.632070196 -719.9388558 -43.728419153 4.42509e+16 2.350927835e-05 1.0 
999747.34565 -25506020.405 -153455.93624 22.861481405 -656.99954514 -4.468647419 4.42496e+16 2.3508587696e-05 1.0 
3274080.1171 -23578959.064 -60691.954399 68.311427176 -608.34573107 0.53581916278 4.424928e+16 2.3508417689e-05 1.0 
2415139.3683 -6123506.339 3344991.9214 49.143018895 -146.20039058 80.010716039 4.424928e+16 2.3508417689e-05 1.0 
2905918.2492 -13154087.622 -1029592.7306 62.164503077 -330.87612046 -19.924878502 4.424928e+16 2.3508417689e-05 1.0 
-7440090.5143 -1350275.4228 -2582058.9978 -185.74032593 -15.583706442 -55.082701568 4.424886e+16 2.3508194555e-05 1.0 
-2847560.8277 -1135910.4214 -1295480.4989 -75.368048788 -7.8875339786 -24.945662326 4.424886e+16 2.3508194555e-05 1.0 
1794025.4502 -24893234.401 553195.04421 35.210319651 -643.40633665 4.6869611967 4.424448e+16 2.3505867582e-05 1.0 
-3861257.9336 -875196.53806 -1479472.5912 -98.546382651 -1.5195535368 -29.480971683 4.424445e+16 2.3505851644e-05 1.0 
-3156822.9095 -897379.55962 -1903048.5776 -81.883983933 -2.3934874252 -38.082393663 4.424445e+16 2.3505851644e-05 1.0 
1793115.0071 -30232937.924 491312.28522 22.001287254 -800.0719458 9.180565584 4.424369e+16 2.3505447877e-05 1.0 
2944525.6855 -22110781.292 -1196153.443 63.016521867 -566.7038061 -22.416553508 4.424212e+16 2.3504613779e-05 1.0 
-2021779.0109 -5096802.2513 -5339329.9488 -56.160118729 -115.22369989 -122.77111098 4.424153e+16 2.3504300328e-05 1.0 
-9219718.9231 -6500299.5568 -5678374.1351 -231.66818475 -152.40232812 -131.18624513 4.424153e+16 2.3504300328e-05 1.0 
3243993.8606 -21274251.478 -2332968.3721 69.643827944 -544.91156976 -50.604273355 4.424056e+16 2.3503784994e-05 1.0 
-4182643.5602 -8894425.4603 5045974.2127 -106.50219192 -211.71770827 117.9950432 4.423936e+16 2.3503147467e-05 1.0 
-4696581.702 -6810135.1662 -9858796.7564 -120.04115509 -160.25697772 -232.93028532 4.423936e+16 2.3503147467e-05 1.0 
-2543743.2451 -4346785.0285 -5383352.9104 -67.252586107 -94.603211751 -121.70611739 4.423936e+16 2.3503147467e-05 1.0 
416470.5856 -3793577.9801 2296264.914 0.51296535539 -84.167555109 52.028688535 4.423901e+16 2.3502961522e-05 1.0 
-3218594.611 -9298153.4709 -2559435.4444 -81.848672664 -222.94012854 -59.954052127 4.423864e+16 2.3502764951e-05 1.0 
-2936301.2376 -9497527.7338 -2670345.8791 -76.660627132 -226.4145345 -62.244585087 4.423864e+16 2.3502764951e-05 1.0 
6196311.4371 -6395736.5614 -4214834.81 142.17237356 -155.80820536 -98.818241516 4.423824e+16 2.3502552442e-05 1.0 
-1516037.0353 4058839.7652 -3171781.3072 -44.341668872 131.63862991 -67.35611845 4.423792e+16 2.3502382435e-05 1.0 
-4792749.4898 -7976528.9511 5709696.0513 -122.83054738 -188.27075518 133.45451172 4.42372e+16 2.3501999919e-05 1.0 
-10492057.404 -12144017.938 7250780.2501 -261.17490006 -294.96288943 173.98339008 4.42372e+16 2.3501999919e-05 1.0 
4223332.2599 -11721427.527 966622.55306 94.786891096 -293.42692446 19.368128722 4.423671e+16 2.3501739596e-05 1.0 
2951729.9192 -3716630.9418 1619112.3674 61.001018994 -83.686038441 38.18309854 4.423671e+16 2.3501739596e-05 1.0 
1194416.0478 -21177297.036 1750587.0816 22.865380198 -541.24763184 39.115956638 4.423671e+16 2.3501739596e-05 1.0 
-4470518.1845 2449262.052 -2640846.9266 -111.83519039 87.719574302 -55.2503881 4.423576e+16 2.3501234887e-05 1.0 
-3130908.1074 -1444771.4087 -2025488.7094 -79.976101492 -15.488570402 -41.096339534 4.423576e+16 2.3501234887e-05 1.0 
1917791.9082 -4795136.4279 2996577.9242 37.532544826 -110.85670549 70.326438143 4.423518e+16 2.3500926749e-05 1.0 
1588994.8273 -27672190.814 1153517.9918 27.284242658 -722.14772787 34.398817866 4.423443e+16 2.3500528295e-05 1.0 
-3402460.8084 -9159398.8083 -1540313.0988 -85.926896894 -217.69695337 -36.943971531 4.423434e+16 2.350048048e-05 1.0 
-7064476.4269 -11800178.717 2722626.4733 -176.42980912 -286.61760126 63.732526671 4.423434e+16 2.350048048e-05 1.0 
-3742807.3544 -4495376.6596 -3635152.351 -96.936058973 -97.83250566 -79.891477629 4.423291e+16 2.3499720761e-05 1.0 
-14749358.937 -19485546.953 -1600873.149 -365.06083658 -482.31583822 -41.334872347 4.42322e+16 2.3499343558e-05 1.0 
4049094.3414 -15359733.234 1456577.1286 90.771479081 -388.409877 31.773605049 4.423217e+16 2.3499327619e-05 1.0 
623070.66239 -30239327.12 2946068.0692 6.2785823116 -786.44248206 38.970245368 4.423217e+16 2.3499327619e-05 1.0 
2732191.3435 -25691732.259 586859.42046 53.253439651 -666.41321918 12.50725192 4.423217e+16 2.3499327619e-05 1.0 
1413347.8435 -16008429.062 -3787832.6183 27.180744481 -404.19695709 -84.749684696 4.423217e+16 2.3499327619e-05 1.0 
1517763.5055 -17532341.035 -3381565.0335 29.194045351 -444.08341194 -73.161370065 4.423217e+16 2.3499327619e-05 1.0 
2744192.0768 -21103202.671 -937956.38029 58.948944833 -539.58332664 -13.067386885 4.423217e+16 2.3499327619e-05 1.0 
762432.61841 -17590880.757 -2856430.0937 13.305173802 -442.92274593 -61.093077181 4.423217e+16 2.3499327619e-05 1.0 
1878443.6519 -25531729.963 -3863668.062 36.596028746 -654.92544158 -77.671556931 4.423217e+16 2.3499327619e-05 1.0 
848968.11995 -30133804.972 550579.01949 6.355972966 -797.64840186 -4.6045714211 4.423142e+16 2.3498929165e-05 1.0 
-2157013.9393 -16651324.386 4088534.5239 -56.764699777 -415.55602581 91.092311014 4.423079e+16 2.3498594464e-05 1.0 
-14098293.032 -16847578.221 2159056.066 -349.44531985 -414.9109322 49.80613731 4.423079e+16 2.3498594464e-05 1.0 
3123718.4441 -25066596.269 1291526.1287 63.655425008 -646.99555805 22.252898307 4.423067e+16 2.3498530711e-05 1.0 
10228997.401 -3460317.4083 1563780.1242 239.51766281 -81.574319728 39.320626965 4.423067e+16 2.3498530711e-05 1.0 
667320.86795 -29551334.016 4784581.7908 8.5948283248 -757.94890188 86.156552792 4.423008e+16 2.349821726e-05 1.0 
2643637.5669 -30296734.995 168331.44621 39.683766688 -798.52220229 9.7027517217 4.422919e+16 2.3497744428e-05 1.0 
3416397.267 9768945.6867 -2375819.9437 51.768896669 287.49193024 -43.099180962 4.422919e+16 2.3497744428e-05 1.0 
-3664467.8882 -8358538.2082 -9569119.3397 -95.581373111 -202.1583693 -225.80205111 4.422797e+16 2.3497096276e-05 1.0 
3164920.4502 -17160337.563 1006979.2233 68.7827608 -435.84342241 19.029875213 4.422772e+16 2.3496963458e-05 1.0 
667736.33925 -30569287.93 2452623.0265 5.2680487014 -799.2687075 27.935668374 4.422772e+16 2.3496963458e-05 1.0 
-630006.85322 -1302626.2728 2948788.1256 -25.677737333 -17.901799558 67.830530499 4.422772e+16 2.3496963458e-05 1.0 
12528.3146 -21990436.906 3120868.479 -4.4184408785 -559.26844532 63.929640607 4.422772e+16 2.3496963458e-05 1.0 
4657468.1814 -20684532.133 -1824627.8702 104.17648272 -528.01835856 -36.711618223 4.422772e+16 2.3496963458e-05 1.0 
5343758.689 -17017472.839 -7784422.6953 124.49125601 -428.03071283 -182.28831526 4.422772e+16 2.3496963458e-05 1.0 
-7215430.7462 -756678.91437 -10015381.078 -182.21144995 -4.4644982398 -234.4884569 4.422772e+16 2.3496963458e-05 1.0 
-2059515.9594 -19002664.624 5615602.3235 -53.940746291 -475.72237748 126.84335402 4.422727e+16 2.3496724385e-05 1.0 
-1489375.6071 -17405294.181 5395071.1782 -40.037700293 -434.21899941 123.21801463 4.422727e+16 2.3496724385e-05 1.0 
8147101.6805 -7888567.2998 -5292733.4555 190.44852521 -195.41232571 -123.75483319 4.422625e+16 2.3496182487e-05 1.0 
6503203.4926 -8652407.6319 -9457042.1106 151.24041701 -215.358668 -225.07804497 4.422625e+16 2.3496182487e-05 1.0 
-3546488.0454 -16945636.346 -1792656.5155 -88.032642426 -421.6445663 -43.431176444 4.422588e+16 2.3495985917e-05 1.0 
-1700477.2107 -9700609.535 -1804547.6308 -45.404034225 -231.78566647 -42.18020155 4.422588e+16 2.3495985917e-05 1.0 
-5428558.1751 -7423039.2119 8578046.2262 -137.67580106 -174.64957611 200.48435093 4.422448e+16 2.3495242135e-05 1.0 
-5381921.1168 -8724924.6576 6761450.1217 -135.66071156 -207.24984779 157.4526359 4.422448e+16 2.3495242135e-05 1.0 
-1730669.5709 6595677.9897 -1093485.7778 -47.270224993 208.27312122 -20.933270315 4.422448e+16 2.3495242135e-05 1.0 
3803025.1458 -21317269.158 3243458.2327 83.56265265 -544.80386333 69.984730407 4.422407e+16 2.3495024314e-05 1.0 
3821864.7256 -26220927.211 -355414.1737 77.6543019 -679.48263605 -5.0199790757 4.422407e+16 2.3495024314e-05 1.0 
7304554.4157 -3235504.442 2000868.0526 167.11707411 -73.766100437 48.912877211 4.422407e+16 2.3495024314e-05 1.0 
3361829.7904 -12223169.826 -1534070.224 74.979678423 -304.35544884 -30.188850304 4.422335e+16 2.3494641798e-05 1.0 
1693848.6258 -25050167.883 -3700552.6462 34.493071844 -642.81192179 -74.28527814 4.422335e+16 2.3494641798e-05 1.0 
1285206.6572 -29825351.691 2751111.3717 19.372495569 -770.43045061 35.343624322 4.42231e+16 2.349450898e-05 1.0 
-4543337.1102 -12844433.879 6662197.229 -115.24551641 -313.71515059 156.64898804 4.42231e+16 2.349450898e-05 1.0 
-2359325.9649 -1642077.6249 -2088213.3154 -62.779480803 -20.574792264 -42.377404941 4.42231e+16 2.349450898e-05 1.0 
-3202591.8976 -2336195.6307 -1978977.4492 -82.05128416 -38.926816151 -38.991173731 4.422241e+16 2.3494142402e-05 1.0 
4645440.6856 -26262325.063 -1047057.108 97.110000546 -678.60670363 -16.958692018 4.422191e+16 2.3493876765e-05 1.0 
3793067.0509 -18449193.156 5915106.6568 84.520677631 -468.39022497 135.80012732 4.422048e+16 2.3493117046e-05 1.0 
5051102.8033 10456027.622 -3271288.8442 88.050513629 295.00555979 -57.173200154 4.422048e+16 2.3493117046e-05 1.0 
-5974604.425 -2793067.6398 6142544.6104 -150.04038964 -53.893160049 138.78482238 4.422034e+16 2.3493042668e-05 1.0 
-5360920.8007 -7556327.013 6427886.3749 -134.63235123 -177.37929741 149.59435439 4.422034e+16 2.3493042668e-05 1.0 
-1505702.8338 17478546.373 18443110.975 -42.153258947 429.73422249 427.95125977 4.422034e+16 2.3493042668e-05 1.0 
-5522060.6912 -8178034.4779 7277400.2837 -140.0484335 -194.66643631 168.83681807 4.422034e+16 2.3493042668e-05 1.0 
-54099.91914 -19244138.188 735616.80055 -2.7540025988 -484.22528281 14.724592043 4.422034e+16 2.3493042668e-05 1.0 
-3175648.0562 11058709.607 192616.19044 -66.251047984 343.29976967 13.705033474 4.422034e+16 2.3493042668e-05 1.0 
5724238.7872 -7091736.6623 1300460.7029 129.71129359 -173.92258802 28.051273172 4.421906e+16 2.3492362639e-05 1.0 
-867228.96056 -1500439.9185 2206183.9976 -32.484410329 -23.672784335 50.89845015 4.421906e+16 2.3492362639e-05 1.0 
3980355.654 -6833234.322 2388232.3341 87.092610328 -166.14323968 55.477905691 4.421906e+16 2.3492362639e-05 1.0 
843425.13378 -30590896.511 4105392.9525 8.5763228108 -787.08789184 63.157493658 4.421906e+16 2.3492362639e-05 1.0 
3949137.4564 -27726579.786 -2071048.0293 79.910180558 -717.97409349 -35.208876272 4.421906e+16 2.3492362639e-05 1.0 
1982778.81 -3761491.862 -9047176.8697 40.382198196 -86.054311343 -210.23822418 4.421906e+16 2.3492362639e-05 1.0 
-3478254.4017 -8545862.4875 -9835248.4359 -92.71020124 -204.33927584 -231.51155867 4.42176e+16 2.3491586982e-05 1.0 
9155980.3209 5974466.318 5736681.8661 204.4872098 161.59521908 129.26588242 4.421694e+16 2.3491236342e-05 1.0 
3178730.1415 -24253892.212 1441609.5722 65.125839787 -625.83950009 25.482508638 4.421624e+16 2.3490864451e-05 1.0 
2360529.8793 -26150435.616 4264097.4699 47.355072698 -671.68151869 85.633107761 4.421624e+16 2.3490864451e-05 1.0 
7576526.9055 -4938043.6713 -5141002.6263 175.53055556 -119.43396302 -119.70632703 4.421624e+16 2.3490864451e-05 1.0 
946652.02272 -28046882.463 -791051.39295 21.124349795 -727.84364051 -5.7854731814 4.421623e+16 2.3490859139e-05 1.0 
-1285509.8133 -25571119.738 -3954614.1398 -30.30669606 -649.12988257 -79.475166026 4.421623e+16 2.3490859139e-05 1.0 
466135.09916 -21945349.811 -1063914.2597 10.858859343 -556.93475017 -24.680401669 4.421555e+16 2.3490497874e-05 1.0 
-5220315.689 -6075903.0523 -11175367.555 -132.79570621 -141.63925582 -263.47492728 4.421555e+16 2.3490497874e-05 1.0 
575646.63971 -29055166.212 10065953.026 7.2998291886 -726.42567529 222.61408753 4.421487e+16 2.3490136608e-05 1.0 
-3530982.1511 -12362881.285 3721265.5926 -89.200003845 -300.97571335 85.84474934 4.421487e+16 2.3490136608e-05 1.0 
3535633.7222 -29816768.132 199823.30621 61.892896075 -780.96418351 0.33202198445 4.421484e+16 2.349012067e-05 1.0 
11771065.389 -11511949.808 2132530.8805 279.98724095 -290.54700195 53.292377055 4.421484e+16 2.349012067e-05 1.0 
-2786603.9346 7748646.5195 975735.90192 -75.722324222 237.13173572 18.368802679 4.421484e+16 2.349012067e-05 1.0 
-4394692.1169 5156297.7022 7304248.2672 -109.86838607 151.310611 155.50961389 4.421352e+16 2.3489419391e-05 1.0 
-2760253.0717 -9312111.5169 -1391237.6021 -70.809494047 -220.80374728 -32.313795774 4.421352e+16 2.3489419391e-05 1.0 
-3609500.6015 -7417874.5685 -10593830.681 -94.688317631 -175.83366479 -248.45897827 4.421352e+16 2.3489419391e-05 1.0 
-3588481.8327 -8245110.1952 -10013311.682 -92.620808862 -196.27862407 -234.10189918 4.421352e+16 2.3489419391e-05 1.0 
-2163800.8047 -9506162.1496 -16692812.936 -59.356526368 -232.5743479 -399.42577608 4.421352e+16 2.3489419391e-05 1.0 
-4345448.9031 11885880.699 -2425353.0858 -87.700523839 347.85032052 -19.834691356 4.421352e+16 2.3489419391e-05 1.0 
6769547.6195 -6137808.184 2884074.7532 155.54469484 -149.49769998 64.244070564 4.421345e+16 2.3489382202e-05 1.0 
12170798.407 -9505666.9849 7755556.7884 291.93608638 -238.20742222 184.0684233 4.421345e+16 2.3489382202e-05 1.0 
678334.9709 -25552177.278 9799582.1859 10.177685054 -642.90186322 220.82035452 4.421345e+16 2.3489382202e-05 1.0 
4087580.577 -7794904.7001 -6058201.9652 90.22154842 -192.7220616 -141.27680181 4.421345e+16 2.3489382202e-05 1.0 
2514331.8684 -20333724.825 -12327156.868 55.216436793 -510.39690736 -289.75117017 4.421345e+16 2.3489382202e-05 1.0 
5940928.942 -20392918.5 2785619.6411 134.50761379 -521.75193281 66.689731554 4.421276e+16 2.3489015624e-05 1.0 
571386.44661 9095821.5201 12415626.638 4.7863529651 236.82823952 276.30086337 4.421276e+16 2.3489015624e-05 1.0 
2146064.7618 -4101899.0493 -5697706.2686 43.287704795 -94.039830436 -128.25543048 4.421276e+16 2.3489015624e-05 1.0 
-5287343.4678 -10375146.207 16776083.523 -135.37415701 -251.82499215 402.54462215 4.421217e+16 2.3488702173e-05 1.0 
-4919179.2876 -7664476.8342 5983768.2223 -123.81017688 -179.58048552 139.37910534 4.421217e+16 2.3488702173e-05 1.0 
5625456.7764 -6939782.1439 9663984.4773 129.71229599 -170.4921539 227.44415316 4.421207e+16 2.3488649046e-05 1.0 
2823302.4914 -25201383.961 -5708788.6794 60.06592569 -640.8227658 -119.83120281 4.421207e+16 2.3488649046e-05 1.0 
-1637276.2349 -21087120.406 20653836.796 -45.944475165 -522.5646495 497.78429707 4.421082e+16 2.3487984955e-05 1.0 
3970739.6818 -28325373.003 -2034427.329 78.008519028 -733.83837649 -35.148614504 4.42107e+16 2.3487921203e-05 1.0 
2577395.2539 -2601146.0606 -5455547.2679 52.296096251 -56.526786517 -123.09224574 4.42107e+16 2.3487921203e-05 1.0 
2944828.9844 -24555282.505 -5991128.4608 62.851588793 -627.51841006 -130.78506418 4.42107e+16 2.3487921203e-05 1.0 
-697552.79583 -24236749.412 13906350.759 -22.246977428 -604.40125977 326.97946898 4.420948e+16 2.3487273051e-05 1.0 
2904039.9039 -24218540.857 -1022670.4916 58.133731832 -626.48912071 -20.116455507 4.420933e+16 2.348719336e-05 1.0 
3621294.2897 -6161887.5464 1808258.8706 77.410185317 -149.70084603 41.690320413 4.420865e+16 2.3486832095e-05 1.0 
1291479.611 2820266.5491 -6695769.0143 19.789157136 85.830554296 -145.81818578 4.420865e+16 2.3486832095e-05 1.0 
2136989.002 -24873134.913 -3969572.9905 42.86288478 -638.2058002 -79.742545103 4.420865e+16 2.3486832095e-05 1.0 
904427.92842 -44951880.941 -2184806.7357 10.731741365 -1077.0958481 -42.373202053 4.420865e+16 2.3486832095e-05 1.0 
-2515337.4719 -11385986.421 -8908143.2597 -67.758355552 -278.36007497 -208.46186525 4.420814e+16 2.3486561146e-05 1.0 
-2303303.8679 -3506743.497 -1647193.9448 -61.072070209 -69.248350417 -31.3953517 4.420814e+16 2.3486561146e-05 1.0 
-1943916.6562 6093547.6945 -15377879.413 -53.792826625 159.84292879 -355.79953031 4.420814e+16 2.3486561146e-05 1.0 
-6635315.4464 -7694364.3576 7948240.5838 -166.53727647 -180.83957905 184.58264149 4.420748e+16 2.3486210506e-05 1.0 
-291078.67129 7524974.0354 7672210.5252 -17.210560418 210.78701801 158.97760235 4.420748e+16 2.3486210506e-05 1.0 
396835.46397 -30522965.15 -4343083.9294 0.80660593535 -782.52891438 -68.609017938 4.420748e+16 2.3486210506e-05 1.0 
-4312622.6953 -6760582.5332 -10835712.005 -110.15706699 -157.96536427 -254.51537042 4.420748e+16 2.3486210506e-05 1.0 
-232945.47273 -1150805.1339 -22508586.071 -11.768190151 -23.656523834 -542.55249803 4.420748e+16 2.3486210506e-05 1.0 
5741362.0028 -22255306.122 4438267.1507 129.97001823 -568.02029605 96.94733304 4.420729e+16 2.3486109564e-05 1.0 
3364758.3129 -26066693.062 -5498290.4038 71.248697502 -665.74528423 -114.98787221 4.420729e+16 2.3486109564e-05 1.0 
771851.82045 -48998338.705 -2054179.8026 10.329421628 -1189.6969239 -45.091928149 4.420729e+16 2.3486109564e-05 1.0 
2966340.7461 1027886.717 27172359.517 67.101418535 27.077971518 658.88007398 4.420681e+16 2.3485854553e-05 1.0 
-951872.00859 -2361862.0273 -1441206.1843 -29.132222179 -39.067841622 -27.62082617 4.420681e+16 2.3485854553e-05 1.0 
-746994.35438 14130448.805 -11848861.035 -24.703751246 356.13548703 -248.57153021 4.420681e+16 2.3485854553e-05 1.0 
-1005695.8698 9604561.3065 8156035.8529 -31.979789898 259.95579992 161.91984501 4.420662e+16 2.3485753612e-05 1.0 
5870788.574 -3290946.5546 2927716.6728 131.16588862 -75.531971528 70.385774132 4.420662e+16 2.3485753612e-05 1.0 
-305066.33091 9728566.4606 15103938.769 -14.605845368 248.59680281 345.16265231 4.420662e+16 2.3485753612e-05 1.0 
1868134.5709 1160777.678 1586445.6909 30.799547458 46.659256339 38.484255744 4.420662e+16 2.3485753612e-05 1.0 
5836184.8171 -16924740.968 -4846858.3057 134.19240428 -429.00279089 -109.07601871 4.420662e+16 2.3485753612e-05 1.0 
-1145516.1645 11735865.907 -6377050.8936 -34.590651904 320.80025367 -104.80548738 4.420662e+16 2.3485753612e-05 1.0 
-455248.44314 -29683698.804 -4894282.6553 -13.168622698 -757.61950153 -88.082051494 4.420662e+16 2.3485753612e-05 1.0 
-2914236.1826 8729127.6972 11090889.121 -75.369357376 233.79731476 241.7947577 4.420615e+16 2.3485503914e-05 1.0 
1077406.7115 11294333.134 38363460.348 21.335091973 278.84618459 939.71700482 4.420615e+16 2.3485503914e-05 1.0 
220465.16715 -25952846.169 12302322.397 -0.31736419901 -648.1165731 284.97003524 4.420615e+16 2.3485503914e-05 1.0 
-1781310.7574 -18641520.475 156738.5731 -43.864233049 -467.14988191 2.5717886349 4.420615e+16 2.3485503914e-05 1.0 
1274111.7108 -27810177.979 -1142238.0309 27.001641716 -717.52754458 -8.718490196 4.420615e+16 2.3485503914e-05 1.0 
12526419.758 -4153262.2308 6591636.4466 299.36953613 -101.37395812 154.91608947 4.420594e+16 2.3485392347e-05 1.0 
7420309.018 -19413136.387 -2392390.1473 171.13970534 -495.46415771 -53.57967061 4.420594e+16 2.3485392347e-05 1.0 
-2148340.1704 -21002415.081 11869616.877 -56.961609636 -522.36752183 278.08028972 4.420548e+16 2.3485147961e-05 1.0 
-4257523.5751 -8940141.2768 7185774.5737 -109.60930267 -212.92152613 166.45024822 4.420548e+16 2.3485147961e-05 1.0 
-824841.08458 -9575193.8128 9837339.6273 -26.820296234 -234.31118365 228.96999338 4.420548e+16 2.3485147961e-05 1.0 
3532659.4813 -28540560.033 2441325.4673 69.418200781 -737.44967836 37.754197813 4.420527e+16 2.3485036394e-05 1.0 
2597646.521 -31380993.164 458299.14644 32.972658669 -823.77934791 -15.015027632 4.420527e+16 2.3485036394e-05 1.0 
5070021.2071 -26329251.166 -310740.74504 107.13354683 -680.67885729 -11.839643872 4.420527e+16 2.3485036394e-05 1.0 
-701656.19228 9282090.4828 7065297.2247 -26.21545577 255.06610272 135.21610494 4.420527e+16 2.3485036394e-05 1.0 
1219089.2422 8822543.0784 14801626.424 21.204557489 224.52547515 338.39166917 4.420527e+16 2.3485036394e-05 1.0 
7413533.3216 -13715768.323 -804211.6445 172.19899169 -347.37846782 -16.809392956 4.420527e+16 2.3485036394e-05 1.0 
-8215933.7387 -14909657.773 -3875923.9244 -203.71126829 -366.94144541 -95.646665846 4.420416e+16 2.3484446682e-05 1.0 
3491706.2382 353977.73049 9374520.9613 74.768103278 16.724309503 215.17796374 4.420393e+16 2.3484324489e-05 1.0 
2457006.0487 -27995901.813 9643425.5163 51.281876513 -705.14089849 213.47918813 4.420393e+16 2.3484324489e-05 1.0 
-171765.26011 -27802814.817 7140281.3049 -8.1698903934 -702.67435449 150.777344 4.42035e+16 2.3484096042e-05 1.0 
1888266.1471 -30916868.534 15627627.807 39.249179876 -766.52762412 366.55860343 4.420284e+16 2.3483745402e-05 1.0 
-4303333.0464 -14790451.841 2743413.4382 -107.135452 -364.13674674 62.85415497 4.420284e+16 2.3483745402e-05 1.0 
248655.39379906384 -29202462.94187614 -6362730.271096295 -0.025192804068716598 -737.690711862593 -125.28390000398932 8.839914e+16 4.6964016283e-05 1.0 
-4674649.8415 13107935.394 -5926678.7513 -100.40668411 354.17696092 -93.551895971 4.420284e+16 2.3483745402e-05 1.0 
-5930010.6945 12239823.532 -6355821.4563 -132.15159529 331.7282401 -113.49680336 4.420284e+16 2.3483745402e-05 1.0 
2575931.6175 -30879058.713 1645157.2053 37.780457326 -806.45732469 11.271390076 4.42026e+16 2.3483617897e-05 1.0 
1119741.6083 3397689.8288 21514266.246 21.134043201 85.902642908 515.66959991 4.42026e+16 2.3483617897e-05 1.0 
1238159.8109 -26161253.303 13855891.555 23.864285934 -653.23819699 323.3224398 4.42026e+16 2.3483617897e-05 1.0 
13017255.439 9409976.7177 -5159204.4794 295.7009452 239.23853208 -122.00710071 4.42026e+16 2.3483617897e-05 1.0 
3809056.1543 -33665261.995 36516317.388 88.038912693 -834.91836145 896.4910947 4.42026e+16 2.3483617897e-05 1.0 
970353.08421 14789243.415 -24326480.297 17.805269851 363.25464018 -583.28728538 4.42026e+16 2.3483617897e-05 1.0 
-2033393.4622 -1152212.3028 -18645185.379 -55.916326766 -22.816764207 -445.56749975 4.42026e+16 2.3483617897e-05 1.0 
-4221309.4766 11825732.98 3271382.7771 -87.786438535 341.41216057 36.698097361 4.420152e+16 2.3483044123e-05 1.0 
119730.25396 -12984639.778 -2490634.2666 0.17334284252 -317.696658 -59.272784238 4.420152e+16 2.3483044123e-05 1.0 
-5043690.6768 -7337783.2849 -15014849.675 -129.79612294 -175.55561904 -357.41385544 4.420152e+16 2.3483044123e-05 1.0 
-3371665.8766 -7041837.9434 -11429664.731 -88.961287312 -166.72975109 -267.65200675 4.420152e+16 2.3483044123e-05 1.0 
6135549.3915 -23954447.98 3425062.5237 137.4040526 -613.51620522 72.807666298 4.420128e+16 2.3482916617e-05 1.0 
4411215.7687 -19194994.921 10273459.065 100.64558609 -485.13235883 240.28304438 4.420128e+16 2.3482916617e-05 1.0 
3510423.5712 -28758193.543 7621354.0623 74.079014289 -728.83335749 161.72973322 4.420128e+16 2.3482916617e-05 1.0 
8216813.3414 -9576622.835 469813.95838 191.40212292 -240.13210245 7.4876445455 4.420128e+16 2.3482916617e-05 1.0 
243217.45841 1694417.631 20400249.769 -0.28780744135 44.59912446 487.55809732 4.420128e+16 2.3482916617e-05 1.0 
8224678.6175 1170086.9871 -5492134.8381 186.52864991 36.534662124 -124.47580035 4.420128e+16 2.3482916617e-05 1.0 
1256535.0808 4189094.0998 125265.21501 20.37159112 137.77063663 2.4522147538 4.420128e+16 2.3482916617e-05 1.0 
2752202.1148 -28754446.249 -2715920.51 50.82229749 -745.01766155 -43.675995427 4.420128e+16 2.3482916617e-05 1.0 
3666812.4593 -16950357.522 -13462555.454 83.579568333 -424.90945043 -319.16534718 4.420128e+16 2.3482916617e-05 1.0 
7784910.7143 -10733155.755 -9823105.911 182.66078619 -269.95495011 -233.64524926 4.420062e+16 2.3482565978e-05 1.0 
4446167.9903 -26724820.11 -4209925.7602 94.743045112 -686.08440494 -85.417169263 4.420062e+16 2.3482565978e-05 1.0 
1383043.2346 7278465.5659 25372549.712 28.045597577 182.21363998 610.75299609 4.420021e+16 2.3482348156e-05 1.0 
-1335045.2607 -20731393.102 28350270.818 -38.779268883 -512.17017672 691.70007454 4.420021e+16 2.3482348156e-05 1.0 
-4386825.5617 -9499388.2174 5933601.8224 -110.59908814 -225.5956445 139.51396953 4.420021e+16 2.3482348156e-05 1.0 
5238344.2972 -25441364.532 661909.02613 112.71510712 -656.2410922 8.7988542157 4.419996e+16 2.3482215338e-05 1.0 
10582770.304 -2844048.3252 -5102527.4921 248.54949243 -67.598340735 -119.55666159 4.419996e+16 2.3482215338e-05 1.0 
-22638.71044 -42484015.85 9986604.2737 -7.7821417193 -1037.1808632 222.56393027 4.419996e+16 2.3482215338e-05 1.0 
3601770.274 -28636054.818 -3684548.0077 71.401652133 -736.1445656 -65.539904908 4.419996e+16 2.3482215338e-05 1.0 
-4288661.705 -15533532.232 16765899.938 -110.65740181 -381.96714102 401.73059209 4.419956e+16 2.3482002829e-05 1.0 
-4797266.8413 -9206586.8216 7222642.7518 -121.68224842 -218.57070242 168.36802729 4.419956e+16 2.3482002829e-05 1.0 
1134759.375 11146007.341 -13644787.636 18.210002436 282.7645176 -304.74357957 4.419956e+16 2.3482002829e-05 1.0 
-1358179.9419 10180243.055 1325129.3974 -45.688393312 309.34472451 6.3517802714 4.41993e+16 2.3481864698e-05 1.0 
1743110.4033 -23604605.972 17429261.523 36.396440989 -587.60633509 415.04296112 4.41993e+16 2.3481864698e-05 1.0 
3704252.7877 -28375866.965 5079334.9393 75.782653542 -727.54863593 101.13454872 4.419865e+16 2.3481519371e-05 1.0 
16832855.098 921364.84614 4152678.2676 402.17930559 23.062966048 98.895706221 4.419865e+16 2.3481519371e-05 1.0 
2807085.4454 -39301296.999 15230668.985 60.41858292 -969.75442778 355.77970114 4.419865e+16 2.3481519371e-05 1.0 
767645.32937 -31455974.202 13598243.68 12.002717154 -782.24923279 312.92408708 4.419865e+16 2.3481519371e-05 1.0 
-1318670.5362 -18791995.489 5831343.9308 -36.928463739 -471.73546261 131.85024305 4.4198e+16 2.3481174044e-05 1.0 
4103124.4804 -22043647.889 -12570019.104 93.394620686 -554.04691999 -294.5264529 4.4198e+16 2.3481174044e-05 1.0 
3774053.5273 -46700759.821 -2724050.38 78.372818247 -1131.2940569 -56.472810476 4.4198e+16 2.3481174044e-05 1.0 
-4448806.762 -771601.35051 7510890.1835 -112.65190636 -1.0533142042 169.97352276 4.41976e+16 2.3480961535e-05 1.0 
-3167693.5937 8903830.4515 12589976.345 -81.678245628 235.41036595 279.98606604 4.41976e+16 2.3480961535e-05 1.0 
-1421841.9667 3223966.5445 9490869.8998 -41.682691815 96.092357565 211.94585508 4.41976e+16 2.3480961535e-05 1.0 
-3942911.5477 -7110487.1232 -1484604.8939 -98.899765043 -162.86169607 -33.477292532 4.41976e+16 2.3480961535e-05 1.0 
-1030204.4332 705326.25055 -11449515.94 -32.020197652 29.528608714 -264.49309533 4.41976e+16 2.3480961535e-05 1.0 
-3940426.6953 -7142977.0512 -10234261.713 -102.73813123 -170.69959783 -239.50490467 4.41976e+16 2.3480961535e-05 1.0 
-4193255.3063 -4964958.9471 -4844938.1016 -106.8819182 -109.20819599 -107.58565128 4.41976e+16 2.3480961535e-05 1.0 
-5650035.8824 -15470512.866 -23085858.664 -145.31529957 -381.43645342 -559.66230135 4.41976e+16 2.3480961535e-05 1.0 
-1731276.6121 -6379192.0318 -10303716.96 -48.907436146 -148.89516596 -240.53730922 4.41976e+16 2.3480961535e-05 1.0 
786417.30304 6164436.9852 -32942586.514 13.711230815 152.15694753 -803.35655533 4.41976e+16 2.3480961535e-05 1.0 
-3602119.38 1322724.1746 -30550517.929 -94.895076562 35.024900011 -744.13665052 4.41976e+16 2.3480961535e-05 1.0 
2428615.6164 6884359.3267 836282.54267 35.421693203 206.16580174 21.617358695 4.419734e+16 2.3480823405e-05 1.0 
2615111.0705 -41918035.759 4789605.3608 44.02111381 -1007.3423942 89.673564163 4.419734e+16 2.3480823405e-05 1.0 
3005356.6414 -30126454.076 -7921658.1079 61.378969915 -761.37384636 -165.53137222 4.419734e+16 2.3480823405e-05 1.0 
1764963.2049 -43117031.316 -10563223.441 34.219909405 -1055.2058335 -238.01760933 4.419734e+16 2.3480823405e-05 1.0 
-381380.38902 -28260100.186 -6056334.8055 -12.588221935 -716.62325378 -121.7422427 4.419695e+16 2.3480616208e-05 1.0 
-676656.0248 -27445742.244 -7857499.5643 -19.208406446 -689.46316993 -169.50360261 4.419695e+16 2.3480616208e-05 1.0 
-3014389.4336 10947697.244 -19303714.622 -79.060554329 276.01155182 -452.86611412 4.419695e+16 2.3480616208e-05 1.0 
-220877.65962 3052812.3654 -1176797.1817 -20.258833902 99.566048114 -25.774675617 4.419669e+16 2.3480478078e-05 1.0 
766482.59565 2943258.5896 24665511.469 13.070698136 74.804122687 595.15743273 4.419669e+16 2.3480478078e-05 1.0 
2832222.0202 -40875153.315 12844595.901 59.982170844 -1004.8179304 294.81784257 4.419669e+16 2.3480478078e-05 1.0 
1107141.1518 -39128461.151 6759953.1864 13.113907104 -946.93064967 126.05463665 4.41963e+16 2.3480270881e-05 1.0 
-761946.76532 -29517211.931 -7809329.3614 -22.80049457 -742.18353111 -161.98763288 4.41963e+16 2.3480270881e-05 1.0 
-612830.10598 13031276.55 -25530157.972 -20.645265907 320.79086412 -613.55820052 4.41963e+16 2.3480270881e-05 1.0 
659179.52308 666748.1748 -23876890.863 9.9599875784 21.484859658 -575.70288119 4.41963e+16 2.3480270881e-05 1.0 
-3476646.5272 -3772299.2492 -17744359.181 -90.980807679 -86.760679751 -423.63891096 4.41963e+16 2.3480270881e-05 1.0 
