x1	x2	x3	v1	v2	v3	mass	rel_mass	water_fraction
2342930.295239533 9871139.368035052 -12005.39506740936 73.721460104644 238.44593913196994 -1.014877351635254 1.1948367917499996e+24 0.9307862784986309 0.19252808813371916 
-36485629.38031702 -135312389.2976017 -88022.40583976147 -1104.1641472870838 -3238.83473136038 -2.578887444139584 5.9248704840000004e+22 0.04615515848455602 0.17144191146893287 
-38264271.90182918 -79672435.87635173 -59235.41678501848 -982.7256938696348 -1699.175051207754 -0.9393045896943343 1.462092511e+22 0.011389803666753996 0.18845941548072648 
-37857837.683 -96169997.016 12704397.485 -1220.8278274 -2178.122466 472.1246251 4.6632577e+20 0.00036327106015 0.0 
-38463438.40970659 -100324892.62357572 -14406368.547310624 -1238.5439335683789 -2328.523748959856 -512.5546463708866 3.8560707e+20 0.000300390624176 0.0 
-15919435.029940091 -176722858.23128802 757848.2704834195 -699.7945869472105 -4300.1633767693875 -11.545696641808503 3.5674439e+20 0.000277906393116 0.1438253310698373 
-41779932.586 -68435686.805 12227833.737 -1178.3120838 -1405.8210117 292.6286081 1.5866946e+20 0.00012360462718 0.0 
-2058613.1738140036 -178669316.94441882 13664818.361813162 -308.64554140182526 -4435.387942667519 216.85749444363967 1.5324098000000002e+20 0.00011937580302 0.5045058443251127 
-5452464.730862444 -192789006.4431943 3192157.2293624924 -383.63546349636454 -4792.108535056374 50.587197201493474 1.5271242e+20 0.000118964051056 0.5027908666498766 
-48682377.21178689 -91646914.50435199 -7913465.720249248 -1418.9793273176103 -2001.6216333637124 -173.22776147030214 1.5884957e+20 0.000123744934143 0.0 
-42717846.799 -75971279.858 -13156214.696 -1258.8565289 -1653.375233 -302.88771995 8.021092e+19 6.2484871775e-05 0.0 
-41723077.178 -85899096.561 -11828597.345 -1310.1632911 -1795.5031351 -271.79236444 7.913742e+19 6.1648607712e-05 0.0 
-29773777.845 -88242056.101 11830394.119 -955.05858292 -1907.7379642 404.77803925 7.913742e+19 6.1648607712e-05 0.0 
-44772119.491 -79460176.866 -11106434.092 -1337.8464012 -1730.8768321 -215.23437809 7.741505e+19 6.0306869348e-05 0.0 
-43185928.466 -51318488.957 18697814.642 -1093.6836788 -797.53458392 495.48911041 7.65745e+19 5.9652074976e-05 0.0 
-49671032.519 -85450201.378 8157868.6154 -1361.5647422 -1783.0021421 130.46492097 7.65745e+19 5.9652074976e-05 0.0 
-3599739.4545 -174610587.33 11230470.393 -353.29650164 -4354.6807414 151.05091895 7.571233e+19 5.8980438472e-05 0.0 
-17743134.167 -167860481.28 409889.3547 -738.70110297 -4065.1444135 -81.714313632 5.348013e+19 4.1661398044e-05 1.0 
-31927712.7 -97811239.924 -8683264.2891 -1014.1008268 -2217.6020707 -453.53920595 3.168123e+19 2.4679901368e-05 1.0 
-31758099.314 -67674694.887 -4147517.7441 -891.13823994 -1319.5701178 230.70020427 3.161215e+19 2.4626087561e-05 1.0 
-32886354.261 -95309172.02 12410609.741 -960.24369544 -2154.7732578 -0.7593599949 3.106588e+19 2.4200539383e-05 1.0 
-29720139.19 -72103085.089 6096661.3248 -998.32709421 -1440.3319305 339.67911932 3.093097e+19 2.4095443542e-05 1.0 
-22644438.222 -113391495.21 -7150626.0398 -826.74375046 -2738.9348993 117.82325791 3.07967e+19 2.3990846266e-05 1.0 
-22478482.105 -73853270.571 -15226121.704 -701.74009771 -1459.1211066 -68.397398893 3.039743e+19 2.3679812123e-05 1.0 
-24283899.328 -63246658.363 24283394.902 -701.12421911 -1141.2192954 260.69934717 3.026547e+19 2.3577014354e-05 1.0 
952165.57559 -66280485.623 45751335.914 -170.67555069 -1337.8849275 791.82866081 3.023256e+19 2.3551377232e-05 1.0 
-35153764.034 -89181128.567 7257435.5999 -1097.3433667 -1853.3353598 387.52743514 2.993782e+19 2.3321772695e-05 1.0 
-34567315.57 -62178330.875 9344269.8686 -867.37689815 -1180.618064 235.10004488 2.990523e+19 2.3296384856e-05 1.0 
-28970468.578 -83963111.541 22688326.675 -845.7222678 -1800.5478138 267.71024342 2.980763e+19 2.3220353768e-05 1.0 
-6906698.0976 -140460743.81 -102626291.36 -318.95040757 -3538.63859 -2529.1721621 2.95809e+19 2.3043729501e-05 1.0 
-12248163.166 -109899094.24 28604364.068 -506.83257947 -2581.714063 474.24604461 2.954863e+19 2.3018590944e-05 1.0 
-7070574.6517 -81806424.17 -33087139.844 -356.88242257 -1745.4881918 -543.36873858 2.948415e+19 2.2968360569e-05 1.0 
-16385375.874 -117769034.13 -39101639.824 -589.00301507 -2815.4447594 -764.42987999 2.922729e+19 2.276826482e-05 1.0 
-36834205.944 -84775593.515 -24140552.752 -988.93314653 -1840.1772029 -310.87907277 2.922729e+19 2.276826482e-05 1.0 
-29234753.407 -54550697.193 -38798261.272 -776.9591997 -965.0534526 -561.08760942 2.91953e+19 2.2743344384e-05 1.0 
-9244386.8227 -124092416.86 53417148.004 -404.9822965 -3019.2596063 1159.7938662 2.913138e+19 2.2693550254e-05 1.0 
-28580911.198 -65282804.713 32192645.91 -785.29865141 -1250.4212716 450.04803262 2.909946e+19 2.2668684349e-05 1.0 
-38321194.288 -65651603.888 2407688.3777 -873.63532531 -1305.7090187 -267.97231835 2.909946e+19 2.2668684349e-05 1.0 
-38307708.533 -110669368.54 -18335111.502 -1036.2625214 -2642.5927149 -169.96822231 2.906756e+19 2.2643834024e-05 1.0 
-22461324.654 -77236797.737 19577338.997 -707.1870806 -1577.6740818 169.11242072 2.900384e+19 2.2594195695e-05 1.0 
5332868.7165 -113389218.49 83107058.84 -23.998848544 -2770.5279679 1953.6669355 2.897201e+19 2.2569399901e-05 1.0 
-18616879.566 -142944296.26 -27451558.393 -686.84723167 -3473.546163 -446.37705269 2.897201e+19 2.2569399901e-05 1.0 
-9250035.7679 -165606344.52 48975917.143 -401.0030382 -4139.7491155 1120.3179201 2.890841e+19 2.2519855053e-05 1.0 
-19921483.026 -52226165.711 -60903596.171 -599.08881306 -1008.9014521 -1120.0699081 2.890841e+19 2.2519855053e-05 1.0 
-29125076.635 -66523579.905 41465026.099 -813.84702786 -1332.7872639 679.91837537 2.881319e+19 2.2445678002e-05 1.0 
-11895454.166 -200638768.88 37420328.917 -456.36504643 -5082.4958895 888.98014685 2.871816e+19 2.2371648963e-05 1.0 
-30748991.852 -89296970.985 -27401444.324 -896.49507877 -1979.6181835 -393.80777697 2.871816e+19 2.2371648963e-05 1.0 
23767521.34 -145839464.57 -86190374.982 457.02554099 -3681.5861498 -2086.4218481 2.871816e+19 2.2371648963e-05 1.0 
3230431.689 -69353845.297 -57937956.836 -110.47897991 -1467.6851051 -1137.2894121 2.871816e+19 2.2371648963e-05 1.0 
-32290641.492 -80570616.135 -55892671.19 -913.94347106 -1796.8433824 -1115.8929883 2.871816e+19 2.2371648963e-05 1.0 
-3722342.5987 -191945562.65 -49966787.663 -250.89958921 -4877.1909497 -1183.9867039 2.868652e+19 2.234700118e-05 1.0 
-49043612.061 -88829374.401 -13009249.516 -1546.3402 -1938.6554186 -333.23393749 2.86549e+19 2.2322368977e-05 1.0 
4975637.2161 -172598403.12 -80653325.017 -21.159056977 -4387.4518905 -1978.7321208 2.86549e+19 2.2322368977e-05 1.0 
-26319430.425 -103316483.82 -48315723.349 -798.13504757 -2411.313676 -985.85731215 2.86549e+19 2.2322368977e-05 1.0 
-17702014.587 -167870759.88 -1846688.9907 -662.41085708 -4001.9534317 -0.59266149302 2.862331e+19 2.2297760145e-05 1.0 
-21788198.561 -160525043.61 -2957397.1575 -789.39783273 -3773.7376432 89.888263303 2.846562e+19 2.2174918524e-05 1.0 
3846800.6494 -178106991.08 -48963455.622 -74.991422983 -4498.948708 -1132.372885 2.846562e+19 2.2174918524e-05 1.0 
-30269031.441 -121456185.2 -33356702.492 -905.1402816 -2917.5665441 -576.35307289 2.846562e+19 2.2174918524e-05 1.0 
-33233110.725 -165872027.76 24717984.639 -978.02944248 -4058.1163892 446.90048 2.840268e+19 2.212588782e-05 1.0 
-6289743.0429 -97866105.307 79092643.257 -317.77882875 -2344.4644279 1785.1596224 2.833981e+19 2.2076911647e-05 1.0 
-31163252.17 -68545350.617 -7888241.3873 -615.98971117 -1471.5607231 -327.58702962 2.833981e+19 2.2076911647e-05 1.0 
-46647736.344 -214214310.08 22749364.183 -1334.6633351 -5444.9187009 546.19107899 2.833981e+19 2.2076911647e-05 1.0 
-6340632.7535 -219337792.46 5644866.826 -314.51022609 -5569.5565727 135.4900601 2.833981e+19 2.2076911647e-05 1.0 
15942738.737 -95450750.16 -61986800.799 193.91479035 -2245.567775 -1342.1879166 2.833981e+19 2.2076911647e-05 1.0 
-39309585.433 -69927278.22 -35535674.376 -1023.382443 -1440.7458947 -551.38462559 2.833981e+19 2.2076911647e-05 1.0 
4906323.1205 -48333371.567 70960364.023 -85.158158472 -996.38478604 1370.0977944 2.83084e+19 2.2052443036e-05 1.0 
-39983122.819 -187437672.46 40063408.531 -1163.4563886 -4721.9208957 910.9512159 2.83084e+19 2.2052443036e-05 1.0 
-28919240.614 -140496281.82 44420558.652 -881.50605599 -3455.152618 925.38840078 2.8277e+19 2.2027982215e-05 1.0 
-32844484.097 -98856706.114 3694126.9118 -948.42395639 -2229.6151319 -193.22214127 2.8277e+19 2.2027982215e-05 1.0 
16669902.653 -165890076.87 98264427.136 285.0312815 -4242.1074565 2432.754051 2.8277e+19 2.2027982215e-05 1.0 
5678495.0073 -223346132.05 40170736.732 -5.868879532 -5734.8781745 973.08681425 2.8277e+19 2.2027982215e-05 1.0 
25125266.281 -105413612.07 92523811.308 468.71688919 -2590.6923211 2190.750078 2.821427e+19 2.1979115103e-05 1.0 
9693661.4104 -120520786.59 91548121.969 84.259497818 -2988.4249388 2183.4930857 2.815161e+19 2.1930302521e-05 1.0 
-30283634.711 -107518521.94 3587803.3311 -949.74918437 -2618.9803088 87.046305623 2.815161e+19 2.1930302521e-05 1.0 
10523690.589 -66860978.641 64074407.549 43.569441506 -1444.8001526 1287.9837498 2.808901e+19 2.188153668e-05 1.0 
-13341794.397 -139839832.95 -50939644.84 -516.96325108 -3435.5014426 -1119.4211082 2.808901e+19 2.188153668e-05 1.0 
-44508485.123 -110538726.45 -32516464.658 -1196.3983898 -2628.0995976 -576.03738265 2.808901e+19 2.188153668e-05 1.0 
1985899.3837 -154318335.34 55288943.811 -120.93479042 -3844.3238673 1275.30064 2.805773e+19 2.185716934e-05 1.0 
-22281127.815 -172650613.13 3437682.572 -715.20587745 -4138.1732848 123.55559632 2.805773e+19 2.185716934e-05 1.0 
-1168409.0681 -125362992.58 -122401741.16 -180.01292974 -3156.801042 -3027.4665932 2.805773e+19 2.185716934e-05 1.0 
-44019725.902 -73119855.313 -20761609.232 -1097.4722526 -1504.1724077 -207.63992684 2.805773e+19 2.185716934e-05 1.0 
-23067869.626 -197086289.03 81988714.787 -736.98163879 -5047.401879 2047.8129201 2.802647e+19 2.183281758e-05 1.0 
5076738.2889 -148366379.88 66402379.525 -41.176099319 -3702.7325328 1559.9939265 2.799523e+19 2.18084814e-05 1.0 
-16172550.766 -169950869.49 3195083.5576 -645.32340286 -4109.3861152 -54.313391044 2.796399e+19 2.178414522e-05 1.0 
-13931758.018 -225607122.31 -29170502.5 -505.29974034 -5769.6142185 -720.73953803 2.796399e+19 2.178414522e-05 1.0 
2130111.4575 -230840372.24 -38699716.206 -93.929709845 -5933.9831933 -944.67408132 2.790158e+19 2.173552739e-05 1.0 
-17142927.975 -211182257.89 -48768503.549 -594.59323972 -5391.7369421 -1186.8110007 2.790158e+19 2.173552739e-05 1.0 
2157484.3665 -213624282.79 21636921.905 -103.5807308 -5419.717819 531.48512415 2.787039e+19 2.171123016e-05 1.0 
-7750653.5442 -78167059.944 38304559.659 -376.18710051 -1642.577978 659.59191349 2.777691e+19 2.1638408582e-05 1.0 
-15934155.312 -189041690.13 41753421.322 -566.65516356 -4765.024883 971.07117335 2.777691e+19 2.1638408582e-05 1.0 
22833252.984 -67313149.916 -72819581.128 343.71040005 -1504.8514716 -1553.2271553 2.777691e+19 2.1638408582e-05 1.0 
-39537130.34310105 -54664963.59863704 -21888797.38723744 -932.875918793509 -929.8458273690627 -160.75317146503588 5.333184e+19 4.1545879088999995e-05 1.0 
-15166492.892 -198892352.21 82756684.068 -543.88303296 -5097.367803 2056.6776219 2.771466e+19 2.1589915393e-05 1.0 
-373780.3504 -230188833.6 -35250623.857 -156.88763771 -5908.1078742 -874.08942983 2.771466e+19 2.1589915393e-05 1.0 
-204249.60907 -78089210.747 115050346.21 -157.60905633 -1903.6667433 2727.7165603 2.768356e+19 2.1565688274e-05 1.0 
-3524425.3652 -221244102.62 -12027793.042 -250.08447285 -5630.6273131 -282.16461713 2.768356e+19 2.1565688274e-05 1.0 
-11079231.581 -189500179.62 -8316145.8064 -454.64685777 -4691.5571454 -169.11106789 2.762138e+19 2.1517249616e-05 1.0 
-36305089.284 -110950322.7 5235606.1246 -788.05574387 -2735.1759262 293.46422641 2.762138e+19 2.1517249616e-05 1.0 
-38279637.633 -56652461.576 40142764.062 -965.97869838 -1057.3845827 634.29452669 2.759032e+19 2.1493053657e-05 1.0 
-26101541.321 -165645012.65 61810917.1 -811.66367101 -4163.1538899 1440.7451432 2.759032e+19 2.1493053657e-05 1.0 
-37205066.842 -168179709.32 53837273.36 -1089.6945869 -4227.0616374 1240.2502134 2.759032e+19 2.1493053657e-05 1.0 
-5556826.124 -91263698.111 -38395198.793 -328.70251188 -2032.8175794 -708.04026499 2.759032e+19 2.1493053657e-05 1.0 
6389107.7219 -54449785.794 -73429926.279 -40.183876979 -1160.6333418 -1479.0093652 2.759032e+19 2.1493053657e-05 1.0 
19983617.177 -181437110.54 92620958.749 368.60141489 -4638.9127614 2311.393021 2.755926e+19 2.1468857698e-05 1.0 
16391335.557 -256794145.38 -61723125.831 291.36461622 -6670.1374917 -1567.0106573 2.755926e+19 2.1468857698e-05 1.0 
-37193491.247 -138864829.35 -34572840.882 -1065.8940214 -3390.8581499 -631.66871606 2.755926e+19 2.1468857698e-05 1.0 
-13658703.244 -181222603.89 114505831.64 -499.35862257 -4655.7450632 2874.6139209 2.752821e+19 2.1444669529e-05 1.0 
18366406.733 -219204012.55 -84680377.47 333.21362271 -5662.4489571 -2126.8996043 2.752821e+19 2.1444669529e-05 1.0 
-33534741.936 -152176634.23 -45560264.675 -994.27478905 -3758.2625333 -975.82447999 2.752821e+19 2.1444669529e-05 1.0 
-31954496.404 -64607180.689 64278191.607 -888.97323904 -1389.6908709 1278.4010573 2.740415e+19 2.1348025915e-05 1.0 
-18257736.591 -150104895.25 84757012.946 -617.60673461 -3775.7626799 2045.0280887 2.740415e+19 2.1348025915e-05 1.0 
-4245481.4705 -244376097.63 52271223.935 -256.96044318 -6314.5773647 1307.076404 2.740415e+19 2.1348025915e-05 1.0 
-39984825.698 -70130446.959 10431538.044 -1106.0997248 -1528.3423861 337.50480667 2.740415e+19 2.1348025915e-05 1.0 
23353684.096 -155192872.78 -106865948.5 447.26434453 -3950.7344481 -2651.4918539 2.740415e+19 2.1348025915e-05 1.0 
-11566734.654 -165734161.58 -112118739.15 -441.22595899 -4233.3096725 -2795.6665154 2.740415e+19 2.1348025915e-05 1.0 
-23161586.839 -74211473.802 -88716844.825 -719.52785836 -1734.7617059 -1972.6171659 2.740415e+19 2.1348025915e-05 1.0 
1246069.2361 -105814683.23 -102389511.94 -121.01832301 -2611.8688826 -2436.1905488 2.740415e+19 2.1348025915e-05 1.0 
11583799.274 -245825442.89 -16988732.315 156.59835652 -6335.7695299 -412.89012766 2.734218e+19 2.1299750849e-05 1.0 
67927004.571 -133452517.4 134723462.19 1614.781411 -3427.5981444 3387.2077293 2.728025e+19 2.1251506943e-05 1.0 
24660387.33 -136202225.16 124135808.89 483.52537755 -3465.1500625 3086.0924936 2.72493e+19 2.1227396674e-05 1.0 
-32538648.145 -88172855.028 50401582.454 -921.34337329 -1988.8176678 997.39731841 2.721836e+19 2.1203294196e-05 1.0 
-37761383.069 -77010092.158 30359855.076 -998.62502752 -1622.0328161 447.26263705 2.721836e+19 2.1203294196e-05 1.0 
-2718685.5563 -278166805.26 14142431.085 -212.43275901 -7232.379382 348.07480259 2.721836e+19 2.1203294196e-05 1.0 
-24914399.286053628 -192101059.05790487 10163278.92677516 -783.6553990241125 -4771.124508474052 186.8046695034292 5.381953e+19 4.1925793034e-05 1.0 
-25838216.45 -240074249.56 7994893.9941 -819.48373427 -6156.7560206 221.25126243 2.721836e+19 2.1203294196e-05 1.0 
-46509837.879 -155906456.47 -18310543.299 -1218.407472 -3746.5784085 -268.17152645 2.721836e+19 2.1203294196e-05 1.0 
-33555177.073 -101579836.18 1097314.3129 -903.03098072 -2353.5790034 79.854488103 2.721836e+19 2.1203294196e-05 1.0 
6308208.6127 -157576534.79 -96329398.437 16.928569098 -3997.1311263 -2380.4130821 2.721836e+19 2.1203294196e-05 1.0 
25110553.961 -169943611.35 -92233346.087 489.62702572 -4331.0615787 -2279.8109409 2.721836e+19 2.1203294196e-05 1.0 
-37707745.511 -162715703.78 -82195811.118 -1108.0776241 -4112.96535 -1984.9779161 2.721836e+19 2.1203294196e-05 1.0 
-44068283.235 -67970933.341 -20943273.421 -1072.4387708 -1354.6536356 -208.65752304 2.721836e+19 2.1203294196e-05 1.0 
19148605.635 -50133820.007 -56363297.425 189.16776034 -986.53393003 -996.85982104 2.721836e+19 2.1203294196e-05 1.0 
10284907.52 -81274717.537 -136881617.96 118.11342414 -2022.4360427 -3347.1554755 2.721836e+19 2.1203294196e-05 1.0 
-20955791.861 -98294429.349 -62767824.526 -674.52618491 -2318.9462359 -1331.8315152 2.721836e+19 2.1203294196e-05 1.0 
25540484.255 -98336739.621 134238560.91 504.77676556 -2482.1090636 3303.7139686 2.715651e+19 2.1155112611e-05 1.0 
21885632.921 -55197716.831 103210666.05 359.08530943 -1313.6831595 2340.8873506 2.709469e+19 2.1106954395e-05 1.0 
-24367050.072 -77950197.325 83187809.223 -743.03786356 -1818.4519658 1829.6933942 2.703291e+19 2.105882734e-05 1.0 
-37173371.389 -57267149.831 2872059.9974 -842.49696566 -980.70138327 -243.75714129 2.703291e+19 2.105882734e-05 1.0 
-28200493.839 -90851284.066 60093229.637 -836.24546035 -2096.1951306 1251.3648994 2.703291e+19 2.105882734e-05 1.0 
-37373471.638 -61109610.758 8684705.9894 -891.14639006 -1097.4664074 -120.76991119 2.703291e+19 2.105882734e-05 1.0 
-18407142.301 -168931856.52 139567228.88 -616.89786744 -4341.964868 3535.3349643 2.703291e+19 2.105882734e-05 1.0 
35304326.218 -218981653.33 114714867.79 784.35485473 -5682.6367055 2925.5658007 2.703291e+19 2.105882734e-05 1.0 
21506600.099 -114661308.61 -128221714.68 394.96524872 -2890.5343868 -3169.3522793 2.703291e+19 2.105882734e-05 1.0 
-37057474.909 -74019180.275 -29553460.899 -980.66237458 -1535.1235514 -414.50071156 2.703291e+19 2.105882734e-05 1.0 
25192861.181 -85652353.49 85840261.542 440.98512603 -2067.2430376 1949.0082538 2.697115e+19 2.1010715865e-05 1.0 
16568568.207 -258277819.1 96748678.059 295.06223939 -6727.564812 2478.8738019 2.697115e+19 2.1010715865e-05 1.0 
-13772788.648 -248518726.29 35722379.702 -502.86329493 -6410.1456275 903.13794488 2.697115e+19 2.1010715865e-05 1.0 
5241016.9448 -181118831.79 106323991.0 -18.973876865 -4643.9796236 2649.2856349 2.690943e+19 2.096263555e-05 1.0 
377364.00068 -199675184.98 -50731619.527 -154.38370927 -5076.1726194 -1220.157672 2.690943e+19 2.096263555e-05 1.0 
-18639685.701 -245042594.05 -104039027.35 -624.40173891 -6372.1792671 -2669.0799075 2.690943e+19 2.096263555e-05 1.0 
31494088.199 -165652774.05 142326891.2 676.71100298 -4267.4354363 3612.17112 2.687858e+19 2.0938603183e-05 1.0 
23549089.423 -251727069.21 32783039.312 465.23891897 -6502.3520598 824.27089983 2.687858e+19 2.0938603183e-05 1.0 
-46780366.656 -252774193.45 6356414.446 -1359.9036122 -6523.3535473 150.37688709 2.687858e+19 2.0938603183e-05 1.0 
4827007.022 -72605503.893 134631857.68 -29.019469923 -1799.2763886 3260.6154581 2.684773e+19 2.0914570815e-05 1.0 
27018628.121 -123988760.9 118922898.2 538.79373294 -3146.5150712 2923.1251122 2.684773e+19 2.0914570815e-05 1.0 
3931097.3733 -71385236.501 44806609.643 -114.86509171 -1471.7025411 801.38269916 2.684773e+19 2.0914570815e-05 1.0 
48281446.69 -189536664.95 -105999156.05 1106.1311561 -4881.4253938 -2668.4130263 2.684773e+19 2.0914570815e-05 1.0 
-41683739.175 -112358657.93 -72960201.195 -1171.3864087 -2717.8051068 -1670.6506492 2.684773e+19 2.0914570815e-05 1.0 
28039060.22 -129399594.15 -140384728.73 579.51790743 -3314.0038323 -3501.6697066 2.684773e+19 2.0914570815e-05 1.0 
-32035788.768 -88074187.454 -104355114.73 -942.0059069 -2130.8666967 -2469.6697792 2.684773e+19 2.0914570815e-05 1.0 
20998877.943 -252351738.39 -49251327.309 394.21100469 -6519.9410849 -1257.3592552 2.678606e+19 2.0866529451e-05 1.0 
-35970538.182 -186706592.52 -45616740.83 -1061.4756592 -4697.6633047 -1066.4070554 2.678606e+19 2.0866529451e-05 1.0 
-6894639.2514 -249896790.76 -104692020.91 -325.41936249 -6493.512719 -2681.039003 2.678606e+19 2.0866529451e-05 1.0 
-45955480.697 -131105058.42 -36171287.193 -1247.4435478 -3187.3940757 -681.81682884 2.678606e+19 2.0866529451e-05 1.0 
4882188.112 -29411060.733 -116417004.89 -40.105497191 -695.76038876 -2650.6682729 2.678606e+19 2.0866529451e-05 1.0 
-11662910.292 -21057732.251 -99710425.667 -427.43503487 -487.82380867 -2109.068369 2.678606e+19 2.0866529451e-05 1.0 
-15025575.889 -119524215.82 -113136671.12 -528.65349806 -2987.6637103 -2746.4473021 2.675523e+19 2.0842512664e-05 1.0 
1575825.5266 -260767739.59 -35569096.755 -102.56942719 -6753.4443268 -885.09354809 2.672441e+19 2.0818503667e-05 1.0 
11889652.049 -250974386.36 -79545908.843 161.7675815 -6505.099683 -2020.5021481 2.672441e+19 2.0818503667e-05 1.0 
-47486314.811 -160666996.14 -67579511.417 -1345.0735749 -4023.9672795 -1614.8486728 2.672441e+19 2.0818503667e-05 1.0 
827243.05125 -51616814.299 -90518981.818 -150.7198237 -1170.1255036 -1942.2210787 2.672441e+19 2.0818503667e-05 1.0 
-11930923.003 -116521001.32 101973897.21 -449.95089847 -2897.0795172 2438.6222687 2.666278e+19 2.0770493462e-05 1.0 
-41412397.262 -87695735.387 30215499.019 -1086.1323205 -1931.5521258 492.84193762 2.666278e+19 2.0770493462e-05 1.0 
-5780753.2195 -53817753.431 95999269.481 -301.22536977 -1257.0650716 2093.0383623 2.666278e+19 2.0770493462e-05 1.0 
25534976.674 -256104006.84 86197529.075 526.92716518 -6655.5314664 2217.2391401 2.666278e+19 2.0770493462e-05 1.0 
-23753801.392 -194510778.09 45376492.372 -764.34064591 -4920.529376 1056.1083121 2.666278e+19 2.0770493462e-05 1.0 
7962888.9064 -247364857.66 5976095.577 47.421863003 -6361.4422704 168.37023754 2.666278e+19 2.0770493462e-05 1.0 
-5841374.1328 -260439053.73 -24625578.03 -296.01051978 -6734.5357003 -631.86566593 2.666278e+19 2.0770493462e-05 1.0 
-13401405.028 -161340397.47 -135616291.92 -490.19558681 -4136.9539012 -3405.6412524 2.666278e+19 2.0770493462e-05 1.0 
-30377807.893 -146119215.5 -117529033.41 -924.53601908 -3708.1489863 -2910.2208016 2.666278e+19 2.0770493462e-05 1.0 
13438985.728 -212013001.87 66951455.914 196.7427181 -5436.1394715 1672.1212975 2.660117e+19 2.0722498838e-05 1.0 
-42685821.433 -223639137.74 52481607.129 -1248.3517191 -5739.658186 1298.2488633 2.660117e+19 2.0722498838e-05 1.0 
17306643.044 11154373.878 89223469.115 213.18802132 196.18871532 1760.9030281 2.660117e+19 2.0722498838e-05 1.0 
3026719.4319 -226961011.52 41261232.305 -83.088395165 -5804.103742 1015.5901364 2.660117e+19 2.0722498838e-05 1.0 
-50880593.508 -216391717.04 -1355290.7256 -1442.2705327 -5494.7666335 -49.265259229 2.660117e+19 2.0722498838e-05 1.0 
2727279.9535 -243455221.27 4559952.2654 -79.198387961 -6255.5532072 109.24168428 2.660117e+19 2.0722498838e-05 1.0 
-33318164.739 -94855099.564 7526275.8058 -965.76729261 -2084.2392262 255.99174694 2.660117e+19 2.0722498838e-05 1.0 
21714367.801 -132728787.09 -51163110.265 338.263835 -3287.8764198 -1129.0401867 2.658647e+19 2.0711047435e-05 1.0 
-39835463.089 -324432773.59 27677157.502 -1188.3145892 -8489.1686487 724.47255829 2.657038e+19 2.0698513211e-05 1.0 
-15387176.446 -280482285.58 13588302.244 -551.26192193 -7279.0624554 357.23602387 2.657038e+19 2.0698513211e-05 1.0 
-36211277.34 -173406833.63 -13499615.212 -1028.0105345 -4218.6473343 -213.77330509 2.657038e+19 2.0698513211e-05 1.0 
-26646602.308 -248946444.97 69083422.943 -839.4913751 -6436.6130208 1758.3937494 2.653958e+19 2.0674519794e-05 1.0 
-58028524.661 -246310641.37 43491232.35 -1649.8708133 -6352.926237 1092.7580125 2.653958e+19 2.0674519794e-05 1.0 
3297125.8717 -197151304.73 -109489924.34 -64.615457703 -5072.1976629 -2761.3876115 2.650879e+19 2.0650534167e-05 1.0 
-28588993.573 -88060168.058 -117383330.68 -863.26224412 -2173.1080703 -2798.3491743 2.650879e+19 2.0650534167e-05 1.0 
-27949621.449 -61056382.563 77378462.763 -816.87352975 -1357.5972639 1608.2543021 2.647801e+19 2.0626556331e-05 1.0 
-7391071.4117 -155113766.99 121740216.77 -339.88754215 -3958.6615257 3024.6842146 2.647801e+19 2.0626556331e-05 1.0 
20626327.154 -247057462.7 17874282.816 379.6915979 -6358.5347368 444.45868456 2.647801e+19 2.0626556331e-05 1.0 
-45649430.281 -234705167.97 -6335870.1525 -1321.6705588 -6003.136249 -163.86502974 2.647801e+19 2.0626556331e-05 1.0 
31713140.187 -284955378.9 -19531954.831 687.39287382 -7410.7279963 -512.22344657 2.647801e+19 2.0626556331e-05 1.0 
-39907144.209 -246289544.35 -21829447.826 -1178.4486536 -6341.703559 -541.21787031 2.647801e+19 2.0626556331e-05 1.0 
2690441.4222 -198777644.04 73460526.116 -85.612119828 -5077.6992186 1816.4242144 2.641645e+19 2.0578600657e-05 1.0 
-54639747.367 -175915087.6 19725270.536 -1487.3210736 -4353.5867535 389.08809657 2.641645e+19 2.0578600657e-05 1.0 
28509051.696 -230945831.83 -113076629.5 600.07875643 -5993.4941396 -2884.8946746 2.641645e+19 2.0578600657e-05 1.0 
-27285070.096 -186615544.68 -91792376.169 -852.68929513 -4764.9628504 -2271.0597775 2.641645e+19 2.0578600657e-05 1.0 
-21079530.341 -100972341.28 -116979251.46 -680.333247 -2520.9000419 -2799.9936846 2.641645e+19 2.0578600657e-05 1.0 
-34790589.916 -103925365.32 -112103143.51 -1019.7959818 -2585.7863183 -2688.0844698 2.641645e+19 2.0578600657e-05 1.0 
-2962796.7136 -160879054.39 24324020.272 -335.87061823 -3990.7057671 437.21547161 2.641449e+19 2.0577073803e-05 1.0 
36164743.837 -138313591.83 -113344957.01 777.37667864 -3512.2529215 -2808.4693008 2.641449e+19 2.0577073803e-05 1.0 
-17204134.394 -39598768.042 60131639.765 -544.36145241 -714.85989098 976.76872298 2.638567e+19 2.055462282e-05 1.0 
25677738.928 -132075601.34 89224940.985 490.15177408 -3304.8870964 2147.2199799 2.638567e+19 2.055462282e-05 1.0 
25532099.343 -305726496.41 56978207.785 527.7632577 -7977.475058 1473.8466531 2.638567e+19 2.055462282e-05 1.0 
-4327032.0339 -52765054.322 -55127178.687 -284.39356011 -997.38725758 -941.24606853 2.638567e+19 2.055462282e-05 1.0 
1599095.6281 -207525640.49 -132281955.29 -99.827551558 -5380.2216358 -3354.0630718 2.638567e+19 2.055462282e-05 1.0 
-38887080.689 -112107457.44 -71102447.245 -1124.7625632 -2717.2411721 -1597.0023173 2.638567e+19 2.055462282e-05 1.0 
-7141630.8624 -186256125.53 3169015.3425 -438.06233397 -4620.36108 -1.8041745827 2.638088e+19 2.0550891376e-05 1.0 
40493981.622 -105577217.57 -45098383.833 780.7938113 -2539.7156789 -954.57685212 2.638088e+19 2.0550891376e-05 1.0 
-5449957.6043 -194310419.58 -14270538.864 -363.5550823 -4875.6337161 -257.72332098 2.638088e+19 2.0550891376e-05 1.0 
-6166378.5368 -42219110.107 96169258.535 -308.28152158 -988.33305432 2050.6613691 2.63549e+19 2.0530652773e-05 1.0 
-29633878.072 -282974569.57 63799144.625 -918.39259041 -7366.2378787 1631.8163164 2.63549e+19 2.0530652773e-05 1.0 
-56050090.584 -218442897.69 33043770.021 -1578.9010631 -5573.2608801 811.89952637 2.63549e+19 2.0530652773e-05 1.0 
34553732.787 -299920247.67 -92136749.301 769.20348987 -7846.7934561 -2375.7117912 2.63549e+19 2.0530652773e-05 1.0 
-47267558.346 -157484381.12 -36959859.044 -1306.7376122 -3875.517045 -762.06232593 2.63549e+19 2.0530652773e-05 1.0 
2775755.9991 -71543372.315 -117776949.68 -85.848561612 -1763.5805076 -2768.5162908 2.63549e+19 2.0530652773e-05 1.0 
41803155.501 -163688600.5 97328112.916 912.3819657 -4185.2480274 2403.4155073 2.634752e+19 2.0524903701e-05 1.0 
-8274504.870834414 -196967956.96335936 -446280.9242613575 -423.5748000707215 -4894.212829597272 -7.310276677316811 5.246798e+19 4.0872926063000004e-05 1.0 
-17354565.518 -77324216.917 -61978926.961 -579.96963134 -1718.8972946 -1267.8674157 2.634752e+19 2.0524903701e-05 1.0 
4204194.0813 -223272866.26 -6701311.7249 -87.411465794 -5674.4321427 -151.3161207 2.634752e+19 2.0524903701e-05 1.0 
29596250.682 -317193343.37 -14370459.052 626.61863484 -8280.4556925 -359.45457773 2.634752e+19 2.0524903701e-05 1.0 
19499815.885 -237776395.35 -127959872.78 364.57860031 -6192.5731028 -3275.947693 2.629336e+19 2.048271268e-05 1.0 
-48912173.209 -134761422.38 -55109012.573 -1357.5752263 -3318.7778449 -1215.3118321 2.629336e+19 2.048271268e-05 1.0 
12578353.682 -54059625.283 -72586520.502 93.225856745 -1179.9777681 -1452.7451396 2.629336e+19 2.048271268e-05 1.0 
46885976.015 -159817809.04 -175860642.91 1085.2023338 -4150.9992569 -4493.9699552 2.629336e+19 2.048271268e-05 1.0 
-41776022.293 -68594550.684 -70770472.378 -1132.2186998 -1519.4316282 -1495.5143852 2.629336e+19 2.048271268e-05 1.0 
-45201350.625 -55964761.602 -5648979.1289 -1145.1579497 -979.85088052 -125.10482779 2.628151e+19 2.0473481446e-05 1.0 
5519437.7417 -196152355.57 27538464.784 -68.091301944 -4942.4478979 613.31082698 2.628151e+19 2.0473481446e-05 1.0 
25560211.904 -273033266.89 74425494.639 521.85387473 -7101.5888719 1914.1355823 2.628151e+19 2.0473481446e-05 1.0 
-23313440.146 -236217223.68 49257246.011 -750.04909044 -6083.3305474 1233.1118631 2.628151e+19 2.0473481446e-05 1.0 
180167.29403 -202578487.28 2871874.8522 -222.86268387 -5072.9588136 34.909917113 2.628151e+19 2.0473481446e-05 1.0 
53970995.858 -194318227.8 -86470338.295 1239.8505612 -5017.0181299 -2142.9476713 2.628151e+19 2.0473481446e-05 1.0 
-16524570.224 -72309918.635 -3599198.0901 -680.512661 -1394.1104066 190.44164979 2.628151e+19 2.0473481446e-05 1.0 
27899452.543 -145680642.9 -68004607.823 509.90425544 -3666.857493 -1589.9476047 2.628151e+19 2.0473481446e-05 1.0 
-4468800.1122 -196760473.24 -29661810.989 -314.30518391 -4978.1455987 -636.73101613 2.628151e+19 2.0473481446e-05 1.0 
21752036.211 -101018940.32 40472293.639 297.88778045 -2379.6318353 797.41095873 2.621643e+19 2.0422783668e-05 1.0 
42971471.776 -277855896.14 -57015925.018 968.94000176 -7219.4299124 -1462.3468413 2.621643e+19 2.0422783668e-05 1.0 
-38831018.658 -123364140.69 82926052.759 -1123.7793237 -3043.0556164 1953.7533856 2.620107e+19 2.041081812e-05 1.0 
-37415828.173 -307231651.51 28395100.191 -1129.6053529 -8012.3768713 723.00527136 2.620107e+19 2.041081812e-05 1.0 
-49258963.653 -186134056.67 -4680288.4831 -1353.1722898 -4597.0599724 -98.891568161 2.620107e+19 2.041081812e-05 1.0 
7537320.9963 -185602139.96 -78816670.789 39.139376954 -4740.7824609 -1931.2123609 2.620107e+19 2.041081812e-05 1.0 
20744821.482 -98146039.098 -151964978.72 385.62364285 -2504.3542938 -3778.8633228 2.620107e+19 2.041081812e-05 1.0 
-43394468.161 -85880568.399 -12022889.319 -1391.1851632 -1860.1864584 -333.22653012 2.618423e+19 2.0397699641e-05 1.0 
53579208.624 -70377046.163 78000313.129 1123.1088528 -1681.5916625 1746.1016829 2.618423e+19 2.0397699641e-05 1.0 
316476.51562 -190367426.65 12769024.536 -236.67526714 -4756.78919 231.85882463 2.618423e+19 2.0397699641e-05 1.0 
-23115759.071 -166225919.81 -6672375.0772 -889.04346747 -3955.4699317 -222.36776028 2.618423e+19 2.0397699641e-05 1.0 
77469517.611 -290472136.94 -51064449.653 1880.2375783 -7575.4074685 -1294.0997119 2.618423e+19 2.0397699641e-05 1.0 
15694363.799 -171608533.64 159826236.71 263.95072195 -4444.2667659 4048.9709185 2.617031e+19 2.0386855863e-05 1.0 
44496027.096 -204731725.41 64811701.914 971.05458728 -5263.2834199 1581.5038083 2.615224e+19 2.0372779206e-05 1.0 
33874100.15 -239463352.82 6385720.4193 694.95794384 -6146.5627752 170.23351749 2.615224e+19 2.0372779206e-05 1.0 
-13439637.211 -203559972.26 -69374903.304 -498.48896975 -5210.0295974 -1712.0007274 2.615224e+19 2.0372779206e-05 1.0 
38793488.962 -307167049.86 70352116.841 876.32401392 -8023.5944685 1816.8715361 2.613955e+19 2.0362893606e-05 1.0 
-15277143.738 -172935404.26 -16794412.95 -577.83125495 -4249.6937466 -279.60030701 2.613955e+19 2.0362893606e-05 1.0 
39410256.401 -226433555.86 -81665494.816 869.71507381 -5844.3446104 -2057.2439045 2.613955e+19 2.0362893606e-05 1.0 
-35090573.902 -156775905.17 -64271500.268 -1040.0570426 -3912.5589849 -1497.3953496 2.613955e+19 2.0362893606e-05 1.0 
-24092721.015 -78290335.444 -129257374.6 -754.71864109 -1946.1109782 -3102.1853973 2.613955e+19 2.0362893606e-05 1.0 
-37553257.366 -55706662.574 -50717185.224 -976.62528186 -1098.8547341 -868.08390016 2.613955e+19 2.0362893606e-05 1.0 
61835523.461 -139939310.35 73385163.559 1398.2904052 -3535.7781313 1757.9716958 2.612046e+19 2.0348022362e-05 1.0 
55749542.132 -263330950.7 -26551829.472 1291.460636 -6820.9789897 -667.29578347 2.612046e+19 2.0348022362e-05 1.0 
40190006.795 -274252050.71 -76364985.665 901.87896288 -7137.0684863 -1953.2442933 2.612046e+19 2.0348022362e-05 1.0 
-37927629.185 -116595681.54 107209111.1 -1107.8986951 -2899.8933399 2599.9736655 2.610878e+19 2.0338923559e-05 1.0 
-45292223.448 -103150535.61 42039938.36 -1228.7050592 -2417.1570595 814.06581541 2.610878e+19 2.0338923559e-05 1.0 
-13714954.191 -103158332.74 111206504.64 -498.10410299 -2554.5995891 2659.5948339 2.610878e+19 2.0338923559e-05 1.0 
-48429125.213 -109559207.09 8760833.6843 -1160.9719008 -2602.5975299 -16.020682885 2.610878e+19 2.0338923559e-05 1.0 
29947223.98 -34806755.329 71879967.473 462.01810798 -728.96100641 1378.8063067 2.610878e+19 2.0338923559e-05 1.0 
14960053.272 -295030275.27 4687931.0407 246.93922934 -7673.7596553 121.58505719 2.610878e+19 2.0338923559e-05 1.0 
-49113877.977 -189563444.16 -15523199.773 -1367.1469073 -4718.4610415 -333.34943118 2.610878e+19 2.0338923559e-05 1.0 
-5597578.2097 -254383377.22 44936016.564 -288.98181542 -6575.8498253 1137.0787948 2.610878e+19 2.0338923559e-05 1.0 
15485291.833 -169908298.61 -139009721.02 252.94417625 -4387.7381724 -3503.1317701 2.610878e+19 2.0338923559e-05 1.0 
-28766347.741 -65987867.266 -5691027.4213 -961.44325433 -1235.744629 -389.34081954 2.608889e+19 2.0323429109e-05 1.0 
58222354.402 -116912636.89 91355173.098 1307.5303119 -2947.0189125 2193.0833657 2.608889e+19 2.0323429109e-05 1.0 
40870008.009 -260331286.77 48323963.791 902.34024009 -6740.2164527 1219.918855 2.608889e+19 2.0323429109e-05 1.0 
17616242.903 -211268807.24 -17713813.12 245.02729335 -5366.0882863 -403.33361574 2.608889e+19 2.0323429109e-05 1.0 
45735935.491 -254021941.03 -69834954.803 1029.4837609 -6590.4599144 -1758.233087 2.608889e+19 2.0323429109e-05 1.0 
-41538508.666 -111820290.96 11695720.21 -1355.616033 -2793.6845278 372.87693701 2.608889e+19 2.0323429109e-05 1.0 
-10098209.059 -150390705.36 -12893690.63 -588.06135901 -3672.6404156 -101.23598836 2.608889e+19 2.0323429109e-05 1.0 
31000737.835 -265605393.32 162746613.13 676.61000892 -6946.4419578 4203.029333 2.607803e+19 2.0314969093e-05 1.0 
32494751.762 -134688236.8 186641645.59 703.26879856 -3495.2416159 4755.5575916 2.604727e+19 2.0291006836e-05 1.0 
3139816.7218 -216435501.96 149990300.99 -59.983082558 -5624.2180643 3827.6229251 2.604727e+19 2.0291006836e-05 1.0 
43953092.712 -219949891.61 111330537.12 1001.7010478 -5696.4890507 2844.2303081 2.604727e+19 2.0291006836e-05 1.0 
46403553.768 -181633078.1 157279901.58 1063.6172427 -4707.8492051 4012.4215317 2.604727e+19 2.0291006836e-05 1.0 
23343258.45 -240711111.42 97176122.093 452.9293829 -6239.0686728 2463.1539415 2.604727e+19 2.0291006836e-05 1.0 
-26672635.933 -347542021.32 -988974.16213 -845.41365356 -9098.663994 -13.624009946 2.604727e+19 2.0291006836e-05 1.0 
-7717947.8467 -51720113.595 -101249117.66 -341.86474878 -1245.3174649 -2222.1430178 2.604727e+19 2.0291006836e-05 1.0 
33417383.761 -205721681.77 139737863.17 725.15607688 -5342.235066 3562.6288481 2.602635e+19 2.0274710009e-05 1.0 
-12113491.52 -336748301.07 -4087952.2412 -466.8232275 -8792.0109764 -106.98398334 2.602635e+19 2.0274710009e-05 1.0 
-12190259.25 -327556738.71 -10660957.978 -464.1168238 -8567.0234745 -268.35086689 2.602635e+19 2.0274710009e-05 1.0 
-11818584.215 -120187381.22 11373242.245 -638.26741724 -2908.4169355 27.837794136 2.599538e+19 2.025058416e-05 1.0 
59256364.354 -184914895.99 -118258997.98 1379.4123573 -4777.1873431 -2979.0395178 2.599538e+19 2.025058416e-05 1.0 
17065641.962 -290004159.04 84725721.098 305.49535315 -7561.9622531 2179.3581354 2.598575e+19 2.0243082323e-05 1.0 
-61239362.817 -185978203.92 4549189.1438 -1652.5434195 -4628.0270738 78.007192221 2.598575e+19 2.0243082323e-05 1.0 
-45745449.395 -207645489.13 76225516.046 -1324.181818 -5320.8911537 1894.736306 2.592423e+19 2.0195157809e-05 1.0 
-13361146.284 -142650931.11 54014472.232 -504.14769629 -3527.3010366 1201.1337357 2.592423e+19 2.0195157809e-05 1.0 
-13112077.492 -289284943.0 -33897526.709 -490.29068538 -7524.5055598 -866.58232747 2.592423e+19 2.0195157809e-05 1.0 
-46238482.456 -260952357.19 -41632056.674 -1349.2625123 -6752.2210423 -1057.7381958 2.592423e+19 2.0195157809e-05 1.0 
25869806.719 -192500119.5 -173272623.78 537.3991424 -5004.7854102 -4442.1553669 2.592423e+19 2.0195157809e-05 1.0 
-45410188.512 -111273435.31 -78046255.02 -1275.8897178 -2709.6236466 -1797.2123075 2.592423e+19 2.0195157809e-05 1.0 
42289887.385 -161214197.34 79794765.539 937.44857622 -4096.2938545 1949.2004648 2.590358e+19 2.0179071314e-05 1.0 
10310865.219 -281954460.31 43790501.377 126.07138379 -7329.3241593 1123.7403774 2.590358e+19 2.0179071314e-05 1.0 
50507582.507 -76046592.206 -114211521.25 1106.9431536 -1909.5722482 -2729.6148581 2.590358e+19 2.0179071314e-05 1.0 
6623227.6255 -178662190.4 -22932364.661 -68.864726271 -4469.7951505 -472.75243346 2.590358e+19 2.0179071314e-05 1.0 
-36671419.857 -97614578.412 5754117.6812 -997.99299987 -2173.9400631 206.41103498 2.58627e+19 2.0147225506e-05 1.0 
-22739695.193 -234112373.94 -85674496.68 -741.57957308 -6045.3608442 -2175.9120405 2.58627e+19 2.0147225506e-05 1.0 
-52759823.335 -73994264.207 -18069973.098 -1265.7035445 -1541.5902019 -187.98433169 2.58627e+19 2.0147225506e-05 1.0 
25159122.162 -78972077.375 -151667565.85 495.55287216 -2019.7409162 -3735.2498191 2.58627e+19 2.0147225506e-05 1.0 
2050390.5174 -185669439.08 11669031.916 -212.96898515 -4664.5234869 157.70613112 2.584328e+19 2.0132097189e-05 1.0 
78012901.389 -215792707.73 110519527.24 1880.2958394 -5610.9947109 2794.529464 2.584328e+19 2.0132097189e-05 1.0 
-22434779.867 -161638083.3 169277.09607 -937.52014156 -3862.0707657 -159.98043806 2.584328e+19 2.0132097189e-05 1.0 
12883577.627 -258133579.55 117330607.53 190.50037929 -6709.6687093 2994.4279545 2.584328e+19 2.0132097189e-05 1.0 
31461545.166 -321552133.55 17290373.007 679.13923103 -8384.7598311 443.42129933 2.584328e+19 2.0132097189e-05 1.0 
-36476225.146 -214007928.26 -34753801.316 -1085.7094027 -5446.8505514 -837.42612949 2.584328e+19 2.0132097189e-05 1.0 
-19443051.323623426 -174182854.66942972 2643330.0023105615 -752.5919681790842 -4225.818034979607 96.73359222350516 5.122679e+19 3.9906030309e-05 1.0 
34923938.104 -219238081.55 452754.53422 699.64368524 -5594.122315 28.21312516 2.584328e+19 2.0132097189e-05 1.0 
17928644.419 -184863196.53 -127371633.48 314.35238183 -4772.6244667 -3218.1330971 2.584328e+19 2.0132097189e-05 1.0 
-31475697.494 -99143784.835 103001534.05 -938.16033613 -2427.3025693 2439.6172618 2.583193e+19 2.0123255459e-05 1.0 
-11226716.783 -106446329.41 127258644.42 -434.25807753 -2685.575477 3085.4014716 2.583193e+19 2.0123255459e-05 1.0 
-36839220.719 -192086992.91 96106648.2 -1097.506987 -4917.7500272 2401.7962046 2.583193e+19 2.0123255459e-05 1.0 
-58068506.66 -187430940.87 55665748.08 -1623.7951489 -4744.6803908 1342.2474378 2.583193e+19 2.0123255459e-05 1.0 
67825598.114 -263761231.2 146342303.0 1648.0649487 -6908.7550556 3778.9243244 2.583193e+19 2.0123255459e-05 1.0 
-44525413.215 -89856587.463 -10849559.379 -1233.3389513 -1905.8391445 -186.21846693 2.581339e+19 2.0108812668e-05 1.0 
80020845.734 -154765322.0 82928521.739 1886.6887884 -3965.6279326 2027.8329211 2.581339e+19 2.0108812668e-05 1.0 
47347609.11 -287028315.02 62303983.391 1090.542067 -7476.9511421 1572.8872931 2.581339e+19 2.0108812668e-05 1.0 
-2437152.8392 -335095376.44 23221910.336 -212.86403933 -8753.5598932 588.0502184 2.581339e+19 2.0108812668e-05 1.0 
694932.68647 -197819665.32 -3750409.5932 -227.23136518 -4956.4997939 -48.680360592 2.581339e+19 2.0108812668e-05 1.0 
63264944.449 -238581650.7 -124033455.55 1513.1957564 -6223.3744047 -3171.1510711 2.581339e+19 2.0108812668e-05 1.0 
-36497789.736 -103810878.82 14218543.741 -1215.3732497 -2432.3179128 514.96648136 2.581339e+19 2.0108812668e-05 1.0 
-6227976.8519 -192301922.94 4426952.1012 -399.0123174 -4812.4086811 193.13623693 2.581339e+19 2.0108812668e-05 1.0 
36348190.011 -192387246.72 -40835064.668 740.15316327 -4907.8923858 -950.13906815 2.581339e+19 2.0108812668e-05 1.0 
-35638647.724 -169363950.06 -4100347.4925 -1003.9598798 -4030.4509847 -49.178472951 2.580117e+19 2.0099293202e-05 1.0 
-12298391.37 -299403007.88 -51994041.716 -473.21232696 -7799.0731131 -1316.8476604 2.580117e+19 2.0099293202e-05 1.0 
-66930817.698 -181711932.71 -64216504.419 -1851.9475987 -4606.6952317 -1566.6580416 2.580117e+19 2.0099293202e-05 1.0 
54268048.677 -16793645.82 -124139065.0 1193.5748772 -451.10679771 -2925.5364594 2.580117e+19 2.0099293202e-05 1.0 
3253259.4772 -67344476.693 -173824127.03 -52.284502594 -1736.5574489 -4322.1486363 2.580117e+19 2.0099293202e-05 1.0 
68389597.958 -239824042.13 88677592.833 1632.7207127 -6227.9576785 2242.1598564 2.578367e+19 2.0085660579e-05 1.0 
-5889362.1944 -86329296.381 -62077281.56 -319.37926596 -1959.0945589 -1308.018488 2.578367e+19 2.0085660579e-05 1.0 
10805178.729 -270930643.03 -57071453.753 144.49206145 -7042.3963156 -1451.2381629 2.57704e+19 2.0075323155e-05 1.0 
-26972287.795 -44361667.776 65464329.716 -754.01425572 -878.93894647 1177.9824146 2.573963e+19 2.0051353109e-05 1.0 
-3446034.6819 -152033249.28 155086577.73 -230.54443524 -3910.2732643 3919.3864744 2.573963e+19 2.0051353109e-05 1.0 
-26679681.319 -292258937.58 111708813.39 -843.08850566 -7631.0082679 2881.7484229 2.573963e+19 2.0051353109e-05 1.0 
24366352.714 -335271945.82 44737000.368 500.58803374 -8771.4169727 1155.8917606 2.573963e+19 2.0051353109e-05 1.0 
-28827017.01 -305883015.08 5432915.6549 -904.15064262 -7965.513314 127.35712453 2.573963e+19 2.0051353109e-05 1.0 
-1014832.8181 -323616590.78 -51018644.595 -171.04308667 -8461.2460612 -1325.3138087 2.573963e+19 2.0051353109e-05 1.0 
-51058329.285 -192674468.05 -20494043.221 -1426.2109669 -4814.4331177 -445.55688411 2.573963e+19 2.0051353109e-05 1.0 
-44185562.76 -95148486.16 3340636.9136 -1296.5738843 -2090.9489254 49.306857002 2.572472e+19 2.0039738114e-05 1.0 
-16969789.836 -99940393.267 -3474720.6945 -777.3217227 -2308.2312513 -282.08720342 2.572472e+19 2.0039738114e-05 1.0 
4853393.1952 -132284980.94 10783814.798 -197.16353149 -3222.9110496 91.620909669 2.572472e+19 2.0039738114e-05 1.0 
34134036.017 -87073401.778 78044719.947 638.84660491 -2115.3608717 1738.6929604 2.572472e+19 2.0039738114e-05 1.0 
9981082.4559 -151384101.09 12829262.288 -42.187088551 -3747.5535738 171.35894484 2.572472e+19 2.0039738114e-05 1.0 
10346402.975 -199480131.14 19328890.788 41.603483705 -5034.6240002 413.84588792 2.572472e+19 2.0039738114e-05 1.0 
-5056299.0754 -194741519.85 7785480.8757 -360.51038551 -4856.9994018 107.1244264 2.572472e+19 2.0039738114e-05 1.0 
52387054.675 -273896708.44 16710359.23 1204.155322 -7101.7304913 400.71383911 2.572472e+19 2.0039738114e-05 1.0 
54941739.452 -79679925.585 -106465498.65 1211.469093 -1980.664173 -2535.8608805 2.572472e+19 2.0039738114e-05 1.0 
70971433.846 -78859012.96 -126662092.57 1646.1587029 -2015.1404526 -3089.3531071 2.572472e+19 2.0039738114e-05 1.0 
70520566.887 -121975499.25 -127651489.24 1656.9811022 -3137.253067 -3160.3831642 2.572472e+19 2.0039738114e-05 1.0 
66336148.123 -269892857.94 -58789333.337 1576.8709139 -7018.2620959 -1487.7826451 2.572472e+19 2.0039738114e-05 1.0 
13636394.838 -286938596.99 -53413952.616 206.63757482 -7459.327014 -1334.1988036 2.572472e+19 2.0039738114e-05 1.0 
43323773.544 -128852542.91 -75670009.629 909.98291185 -3236.4802058 -1780.8487026 2.572472e+19 2.0039738114e-05 1.0 
79612682.389 -164993382.68 -110194296.44 1907.8151634 -4256.9217999 -2754.5223551 2.572472e+19 2.0039738114e-05 1.0 
18911768.413 -98972414.719 161790769.52 343.07128551 -2547.2493242 4026.6839404 2.570885e+19 2.0027375272e-05 1.0 
-7332179.1671 -284575704.37 -19014385.981 -334.11733503 -7401.9801776 -478.5477491 2.570885e+19 2.0027375272e-05 1.0 
-59780201.198 -110031674.85 -29854563.697 -1540.0040198 -2607.9041115 -562.60782081 2.570885e+19 2.0027375272e-05 1.0 
48197966.316 -29694558.806 -154599834.86 1079.3010673 -784.79713783 -3781.3041987 2.570885e+19 2.0027375272e-05 1.0 
39480141.19 -240760878.64 -61912478.429 869.86601426 -6214.5391225 -1566.4549292 2.567808e+19 2.0003405225e-05 1.0 
-45051473.411 -213424930.63 -47759310.361 -1305.5067423 -5438.0232133 -1164.5650639 2.567808e+19 2.0003405225e-05 1.0 
9779020.5566 -288187794.09 -106240201.18 109.67189219 -7519.4341228 -2734.2993816 2.567808e+19 2.0003405225e-05 1.0 
-42524994.414 -125487589.47 -54281213.799 -1203.1308355 -3044.6141464 -1183.3925493 2.567808e+19 2.0003405225e-05 1.0 
-1010791.052 -106034621.83 -162813190.55 -166.99786792 -2717.9130748 -4063.4906139 2.567808e+19 2.0003405225e-05 1.0 
-41950991.139 -162953402.07 96195115.445 -1221.2419469 -4130.2925164 2378.9066642 2.56473e+19 1.9979427388e-05 1.0 
-37445202.27 -135979230.74 69395924.823 -1090.0531817 -3356.3459741 1599.5083617 2.555493e+19 1.9907470507e-05 1.0 
-48825147.817 -149056073.03 48505034.728 -1360.8458607 -3688.8707296 1061.5814533 2.555493e+19 1.9907470507e-05 1.0 
-21440674.794 -214562467.98 82101700.74 -703.18971503 -5512.8454078 2036.6537633 2.555493e+19 1.9907470507e-05 1.0 
12589655.108 -29630742.824 84769276.389 97.670072188 -605.97102918 1710.2162913 2.555493e+19 1.9907470507e-05 1.0 
4330636.5841 -324681320.29 12901963.378 -29.981078081 -8473.5079025 323.68633377 2.555493e+19 1.9907470507e-05 1.0 
49474359.87 -278874228.36 -137634253.55 1159.1976513 -7293.6289856 -3546.0563837 2.555493e+19 1.9907470507e-05 1.0 
-48008664.2 -97137737.07 -35746922.252 -1267.9565691 -2237.1393852 -644.18567083 2.555493e+19 1.9907470507e-05 1.0 
34121675.619 -209672837.3 -178823597.53 756.76209265 -5472.1561869 -4586.3249357 2.555493e+19 1.9907470507e-05 1.0 
28593156.934 -82673375.699 38644097.699 418.56917565 -1863.4630387 716.5573159 2.555158e+19 1.9904860834e-05 1.0 
14222357.755 -126393391.76 21074129.437 73.363265317 -3074.1785816 347.16006472 2.555158e+19 1.9904860834e-05 1.0 
46901576.121 -101678880.74 66417169.526 951.23722545 -2497.3215309 1490.3183192 2.555158e+19 1.9904860834e-05 1.0 
65150877.651 -296274788.5 108015671.32 1561.1302459 -7735.62495 2779.5463065 2.555158e+19 1.9904860834e-05 1.0 
45227739.583 -308018818.74 50982379.964 1033.5139585 -8022.2257943 1312.4461865 2.555158e+19 1.9904860834e-05 1.0 
39337904.708 -49813334.652 -97726676.55 769.69531777 -1202.0323232 -2196.6661839 2.555158e+19 1.9904860834e-05 1.0 
35859109.553 -182397070.44 -170127221.22 793.05030947 -4749.4350729 -4323.1332787 2.555158e+19 1.9904860834e-05 1.0 
3983710.6756 -196580140.2 -12748713.018 -135.22068766 -4939.0893813 -253.81747791 2.555158e+19 1.9904860834e-05 1.0 
64342788.62 -264787263.35 -163455182.48 1550.5754104 -6923.3379028 -4226.4992991 2.555158e+19 1.9904860834e-05 1.0 
50608418.302 -105592396.61 -54285743.454 1043.1599171 -2588.9838541 -1192.7184571 2.555158e+19 1.9904860834e-05 1.0 
89554542.461 -216559319.64 -117910190.51 2189.1891651 -5638.498041 -2993.0630654 2.555158e+19 1.9904860834e-05 1.0 
11147840.303 -277727480.1 90326546.265 143.63592707 -7222.4678472 2295.4074961 2.549502e+19 1.9860800195e-05 1.0 
-11178013.51 -186892980.34 357230.7656 -560.12692571 -4620.0938246 -7.8304796645 2.549502e+19 1.9860800195e-05 1.0 
30151038.852 -261505026.46 12024695.715 614.58041519 -6746.8545145 297.66504315 2.549502e+19 1.9860800195e-05 1.0 
20328918.444 -153523120.49 -25386087.252 261.64734836 -3829.4762396 -496.97962624 2.549502e+19 1.9860800195e-05 1.0 
-2257650.3855 -164474490.77 -15307946.983 -348.19452388 -4070.633068 -229.47683408 2.549502e+19 1.9860800195e-05 1.0 
-40287903.196 -64699414.998 41460617.408 -1036.5300815 -1302.4480272 687.89381344 2.549334e+19 1.9859491464e-05 1.0 
10968021.76 -68444877.553 150744115.5 139.0739446 -1753.0197324 3678.3478288 2.549334e+19 1.9859491464e-05 1.0 
-14841851.599 -245987612.36 114090177.34 -531.46994011 -6392.3584993 2909.0361373 2.549334e+19 1.9859491464e-05 1.0 
42583723.817 -122078155.99 137141231.85 944.66689551 -3139.3853586 3401.0295914 2.549334e+19 1.9859491464e-05 1.0 
25571017.816 -311191528.4 81061045.508 528.85960705 -8133.0679236 2088.2482772 2.549334e+19 1.9859491464e-05 1.0 
63565864.271 -124637471.56 136207318.09 1488.8902183 -3199.2084892 3400.3873084 2.5439e+19 1.9817160221e-05 1.0 
-31242380.762 -303015600.06 -32219338.801 -967.09378869 -7876.9496118 -827.91798072 2.5439e+19 1.9817160221e-05 1.0 
46055979.163 -262552420.93 91171436.954 1058.5079059 -6828.4374522 2326.6259354 2.543173e+19 1.9811496839e-05 1.0 
76872007.4 -226361820.3 96208580.927 1850.9862953 -5880.6566674 2428.9783542 2.541119e+19 1.9795496035e-05 1.0 
-2667496.2949 -197180270.71 4110610.5599 -329.41041763 -4913.6041804 118.81125017 2.541119e+19 1.9795496035e-05 1.0 
48373398.396 -92867562.247 -109655952.64 1062.5413815 -2320.7633931 -2641.7195572 2.541119e+19 1.9795496035e-05 1.0 
13955546.311 -144101967.07 -22021711.994 86.404697765 -3570.0646524 -385.81307143 2.541119e+19 1.9795496035e-05 1.0 
-25497266.076 -160091465.84 2406426.5539 -1022.6277638 -3775.965621 231.25676842 2.541119e+19 1.9795496035e-05 1.0 
23582969.324 -168781837.31 -31282313.23 368.38770408 -4249.6128533 -668.38016007 2.541119e+19 1.9795496035e-05 1.0 
-33163038.765 -58823439.722 47879434.571 -883.54331401 -1150.6531731 808.16724612 2.540091e+19 1.9787487842e-05 1.0 
-33496903.014 -264095789.68 15751052.76 -1020.4847941 -6830.1513533 401.53541076 2.540091e+19 1.9787487842e-05 1.0 
18986479.975 -273251733.32 -45169816.403 344.42258585 -7088.0161292 -1150.7535882 2.540091e+19 1.9787487842e-05 1.0 
-41058835.164 -161618056.61 -23099891.296 -1147.2053643 -3914.9609432 -388.64853068 2.540091e+19 1.9787487842e-05 1.0 
17442338.102 -17752330.081 -123401097.3 275.79462021 -484.0010615 -2831.8987662 2.540091e+19 1.9787487842e-05 1.0 
70650981.661 -83987872.171 124969093.04 1640.6193617 -2162.0392227 3041.9772757 2.538351e+19 1.977393312e-05 1.0 
71156367.511 -182427798.74 80449281.918 1668.2942018 -4698.5073149 1979.3379394 2.538351e+19 1.977393312e-05 1.0 
76225099.897 -139687300.21 192802945.91 1850.1957958 -3656.2278963 4915.4963196 2.538351e+19 1.977393312e-05 1.0 
40411477.011 -26902515.792 105282165.62 800.289628 -664.00026802 2362.3181666 2.538351e+19 1.977393312e-05 1.0 
-3746078.4741 -186788920.37 9745148.4909 -356.96604494 -4657.8345228 154.99684153 2.538351e+19 1.977393312e-05 1.0 
-22171719.006251708 -172686063.5119961 -887030.8756307758 -844.5259811431039 -4172.8229264031115 -34.327057445189304 5.054991e+19 3.9378736019999994e-05 1.0 
47840237.04 -145037988.97 -158830961.42 1098.3872022 -3756.1554351 -4011.428302 2.538351e+19 1.977393312e-05 1.0 
39264252.912 -299213853.35 -44470485.656 875.31037679 -7782.6444927 -1126.2796252 2.538351e+19 1.977393312e-05 1.0 
43891658.474 -309477209.97 -91567255.515 1001.8091511 -8075.4090581 -2351.0833336 2.538351e+19 1.977393312e-05 1.0 
-48627969.276 -101750321.8 -906144.74843 -1408.4160454 -2378.4684575 -61.781349401 2.538351e+19 1.977393312e-05 1.0 
-4237442.2116 -98901260.823 -3096658.7529 -429.05656462 -2259.5074443 130.54967592 2.538351e+19 1.977393312e-05 1.0 
39833847.515 -211891308.31 -39270564.675 834.67688425 -5425.8961731 -940.81611438 2.538351e+19 1.977393312e-05 1.0 
78650450.091 -243970322.26 -87181997.225 1899.9797696 -6334.004383 -2214.6470692 2.538351e+19 1.977393312e-05 1.0 
-36049969.381 -75703540.555 63839069.136 -1004.3267435 -1699.9571048 1294.1524135 2.537009e+19 1.9763478845e-05 1.0 
-37165614.087 -59014525.683 12414867.369 -864.82509798 -1020.2159558 -30.683282138 2.537009e+19 1.9763478845e-05 1.0 
-30109632.893 -58636763.09 72123509.705 -848.99380095 -1301.5633489 1429.6216528 2.537009e+19 1.9763478845e-05 1.0 
-30603154.245 -101865487.5 120471925.86 -918.89181632 -2540.0708965 2903.7076663 2.537009e+19 1.9763478845e-05 1.0 
-27859034.181 -65957892.507 78246574.381 -810.12766151 -1529.6318446 1606.2303574 2.537009e+19 1.9763478845e-05 1.0 
51942207.832 -176904867.73 130596074.97 1202.2732426 -4583.1167569 3293.7251835 2.537009e+19 1.9763478845e-05 1.0 
39070663.255 -239636465.49 119545607.39 882.89852722 -6240.1817031 3056.4988774 2.537009e+19 1.9763478845e-05 1.0 
-11582449.261 -335367674.92 73989141.556 -450.72484254 -8767.1550069 1917.5965137 2.537009e+19 1.9763478845e-05 1.0 
43049755.838 -318637851.02 15359271.924 983.77938287 -8316.4593513 412.22659036 2.537009e+19 1.9763478845e-05 1.0 
48323067.895 -283801041.92 142197637.84 1127.9458498 -7422.3846776 3648.7514295 2.535595e+19 1.9752463686e-05 1.0 
44030190.966 -325537237.86 10731418.056 1000.0425514 -8484.2745629 283.84896268 2.535595e+19 1.9752463686e-05 1.0 
-33086973.056 -322033679.06 -60818994.564 -1014.9955026 -8425.1442818 -1569.4198495 2.535595e+19 1.9752463686e-05 1.0 
-28653353.676 -109801940.76 -2656205.8638 -910.05618342 -2653.065597 -119.22005731 2.533926e+19 1.9739462058e-05 1.0 
86116953.754 -146637751.56 177925577.56 2103.437074 -3825.048563 4538.6978321 2.532852e+19 1.9731095522e-05 1.0 
30222162.615 -42407647.192 128054817.16 590.88273402 -1057.3996452 3032.4555539 2.532852e+19 1.9731095522e-05 1.0 
18117172.717 -320277886.06 -42691251.232 324.36676043 -8346.7941728 -1093.8113509 2.532852e+19 1.9731095522e-05 1.0 
-16110703.089 -302496555.88 -72706097.929 -570.97230688 -7877.0833184 -1862.8909208 2.532852e+19 1.9731095522e-05 1.0 
-20444067.576 -255258275.97 116183816.45 -678.80204378 -6633.7748826 2997.5451685 2.530121e+19 1.970982084e-05 1.0 
-43314006.787 -169441302.0 114905285.94 -1260.9180643 -4332.5756218 2863.3881767 2.527759e+19 1.9691420694e-05 1.0 
-53228964.206 -154265991.0 55227617.986 -1474.6930965 -3839.6603804 1276.6406597 2.527759e+19 1.9691420694e-05 1.0 
21106771.773 -231852046.63 -157254686.98 412.22998922 -6040.7831049 -4029.3116911 2.527759e+19 1.9691420694e-05 1.0 
-41152541.622 -51840380.22 -20255917.872 -937.0870063 -843.83981853 -138.68116376 2.527759e+19 1.9691420694e-05 1.0 
32104027.795 -205052067.05 38111803.275 631.53670127 -5237.1863951 888.28017831 2.527402e+19 1.9688639638e-05 1.0 
-16202432.887 -104229897.62 -4107528.4741 -782.71115407 -2435.4612509 -276.19957991 2.521999e+19 1.9646549888e-05 1.0 
76437733.877 -79380472.387 98060198.68 1750.3853417 -1999.5942667 2326.9089263 2.521999e+19 1.9646549888e-05 1.0 
69977631.036 -164853820.09 103724916.55 1640.8606971 -4247.9312339 2573.9293029 2.521999e+19 1.9646549888e-05 1.0 
48448850.075 -208139933.49 146122960.19 1121.1478112 -5419.1098433 3711.4267037 2.521999e+19 1.9646549888e-05 1.0 
46001475.812 -226713428.48 21502168.59 998.56524511 -5816.7440587 509.27068012 2.521999e+19 1.9646549888e-05 1.0 
18729536.406 -331870872.98 83695619.323 345.28841947 -8672.0023954 2152.2478216 2.521999e+19 1.9646549888e-05 1.0 
51489401.198 -263569372.07 -33061509.832 1177.6438693 -6823.0731262 -830.83785669 2.521999e+19 1.9646549888e-05 1.0 
9702711.235 -310123292.86 -116300153.14 112.69954204 -8110.3377276 -2988.1258631 2.521999e+19 1.9646549888e-05 1.0 
52642305.064 -59779378.899 -53196177.76 993.8204658 -1377.1189461 -1052.0008445 2.521999e+19 1.9646549888e-05 1.0 
-16504134.836 -176614273.9 2377802.9803 -616.76713711 -4328.7293299 147.99895631 2.521999e+19 1.9646549888e-05 1.0 
39605173.554 -238505042.22 -176595868.17 900.46631853 -6234.5078047 -4532.7297984 2.521999e+19 1.9646549888e-05 1.0 
14331574.946 -76035700.404 -19018562.105 16.988488341 -1582.4785842 -203.8163555 2.521999e+19 1.9646549888e-05 1.0 
45342334.09 -149823015.97 -177373100.79 1039.4835406 -3902.1299642 -4504.7483698 2.521999e+19 1.9646549888e-05 1.0 
-11077511.365 -181865706.99 3646341.2276 -582.41719138 -4486.7680612 185.37530763 2.521999e+19 1.9646549888e-05 1.0 
-8218234.0085 -240134080.75 -120471949.74 -364.04205997 -6230.0889962 -3059.9233471 2.521999e+19 1.9646549888e-05 1.0 
-12320288.679 -55108608.383 79680554.567 -461.09446871 -1186.6390518 1658.908057 2.518503e+19 1.9619315801e-05 1.0 
-32100695.511 -173742016.26 -99031769.629 -974.3211183 -4420.0856689 -2442.7041533 2.518503e+19 1.9619315801e-05 1.0 
-33008216.939 -114183661.69 -120614970.86 -985.40802799 -2858.3349854 -2936.7723795 2.518503e+19 1.9619315801e-05 1.0 
-40914634.402 -61031741.29 653435.86502 -980.56829887 -1208.2381281 74.526309704 2.51664e+19 1.96048029e-05 1.0 
30429700.276 -86094420.756 26325774.248 450.29000191 -1947.1082158 431.40482869 2.51664e+19 1.96048029e-05 1.0 
-39515647.078 -106854557.1 -937848.72909 -1048.1993652 -2618.6216539 -49.878505985 2.51664e+19 1.96048029e-05 1.0 
-3138723.3975 -181451894.06 10228616.23 -359.06784921 -4528.7433911 156.75296138 2.51664e+19 1.96048029e-05 1.0 
26490139.545 -217821460.78 124575592.68 542.21256448 -5651.4909778 3138.2964006 2.51664e+19 1.96048029e-05 1.0 
-21071357.575 -114854882.37 -1615230.6588 -828.95495433 -2753.7373214 -26.436298094 2.51664e+19 1.96048029e-05 1.0 
27905574.766 -304627458.62 -2314736.1834 578.25736091 -7920.3836563 -40.512550543 2.51664e+19 1.96048029e-05 1.0 
7503543.6245 -268617268.6 -126571424.84 52.605419562 -7009.5545016 -3249.4782988 2.51664e+19 1.96048029e-05 1.0 
-1281342.7698 -93368893.152 -6456064.4012 -359.36204934 -2082.5692837 54.645032961 2.51664e+19 1.96048029e-05 1.0 
67055153.619 -136369840.37 -77739982.874 1536.8711148 -3458.7360949 -1864.5203535 2.51664e+19 1.96048029e-05 1.0 
70695603.18 -172514944.8 -76147165.064 1655.0488182 -4429.558938 -1857.6991186 2.51664e+19 1.96048029e-05 1.0 
7360847.0251 -187387995.31 -21764315.795 -40.932246887 -4709.8745574 -447.32966383 2.51664e+19 1.96048029e-05 1.0 
33994191.959 -197235960.02 -43233603.122 683.06061027 -5033.4124356 -1010.1046126 2.51664e+19 1.96048029e-05 1.0 
