#   x1                  x2                  x3                  v1                  v2                  v3                  mass                rel_mass            mat0_frac           mat1_frac           mat2_frac
    2.4120414228e+04    6.1015466337e+04   -1.6013293937e+04    1.9278968716e+00    1.2787611960e+00   -4.3926324538e-01    1.4644611043e+23    9.9491382831e-01    9.0482215008e-01    9.5177849915e-02    0.0000000000e+00
    1.1888070432e+07   -1.9984035010e+07   -1.2518214053e+07    1.1027917866e+02   -3.2845512699e+02   -1.6149668059e+02    2.9166020000e+18    1.9814576522e-05    0.0000000000e+00    1.0000000000e+00    0.0000000000e+00
    1.4377344118e+07   -2.1337519558e+07   -1.0501944468e+07    1.6525693429e+02   -3.7986446145e+02   -1.6702725934e+02    2.9110550000e+18    1.9776891759e-05    0.0000000000e+00    1.0000000000e+00    0.0000000000e+00
   -1.2426821368e+06   -1.4678471158e+06    2.0852607710e+06    6.5999306061e+01   -3.3202881645e+01    1.3612222135e+02    2.9083030000e+18    1.9758195442e-05    0.0000000000e+00    1.0000000000e+00    0.0000000000e+00
   -1.1614537191e+07    9.2461245296e+06    3.3092199428e+07   -3.0110898654e+02    1.8079180941e+02    7.4705218582e+02    2.9037510000e+18    1.9727270430e-05    0.0000000000e+00    1.0000000000e+00    0.0000000000e+00
   -5.0950028181e+06   -1.1235214214e+07    2.0353861549e+05   -9.6164928477e+01    5.3631419661e+02    1.7396087672e+01    2.9037510000e+18    1.9727270430e-05    0.0000000000e+00    1.0000000000e+00    0.0000000000e+00
    3.7777606992e+06   -1.9104501625e+07   -6.8421052503e+05   -1.4480676028e+02   -4.6454291489e+01    3.6285364991e+01    2.9037510000e+18    1.9727270430e-05    0.0000000000e+00    1.0000000000e+00    0.0000000000e+00
    1.6430845073e+06   -2.2294600030e+07   -1.5700364673e+07   -7.8598809123e+01   -3.8798081659e+02   -2.0763171118e+02    2.9037510000e+18    1.9727270430e-05    0.0000000000e+00    1.0000000000e+00    0.0000000000e+00
    6.1758714667e+05   -1.0709044976e+07   -3.7991818951e+06   -2.7389734973e+02    5.2553828756e+02    1.7296851563e+02    2.9028450000e+18    1.9721115320e-05    0.0000000000e+00    1.0000000000e+00    0.0000000000e+00
    9.9924937199e+06   -3.3928887505e+07    4.4472937038e+06    1.3188961776e+02   -7.9440790915e+02    1.0981252978e+02    2.9019410000e+18    1.9714973798e-05    0.0000000000e+00    1.0000000000e+00    0.0000000000e+00
    1.0221364792e+07   -1.7909080963e+07   -1.1540874709e+07    4.3337592630e+01   -2.4700433638e+02   -6.1235804761e+01    2.9019410000e+18    1.9714973798e-05    0.0000000000e+00    1.0000000000e+00    0.0000000000e+00
   -2.9927067745e+06   -7.7887913068e+06    5.4444742903e+06    3.3198414658e+01    4.6273045125e+02   -6.0374305573e+02    2.9010390000e+18    1.9708845862e-05    0.0000000000e+00    1.0000000000e+00    0.0000000000e+00
    2.2908082687e+06   -9.1913169962e+06    9.4955928111e+06   -1.9159346526e+02    1.9725869056e+02   -3.4552124805e+02    2.9001380000e+18    1.9702724721e-05    0.0000000000e+00    1.0000000000e+00    0.0000000000e+00
    9.6340148322e+06   -1.5399094906e+07    6.9062628791e+06   -8.6619576164e+01   -5.3547606019e+01   -5.2047274288e+00    2.9001380000e+18    1.9702724721e-05    0.0000000000e+00    1.0000000000e+00    0.0000000000e+00
    6.6342209658e+05   -5.6965883858e+06    6.3470145712e+05   -5.6062828663e+02    1.2314444760e+03   -1.0036810132e+02    2.8992380000e+18    1.9696610373e-05    0.0000000000e+00    1.0000000000e+00    0.0000000000e+00
    3.8990792384e+06   -1.7758599543e+07   -6.5726592842e+06   -1.1420173950e+02   -6.7928298527e+01    9.1296378027e+01    2.8992380000e+18    1.9696610373e-05    0.0000000000e+00    1.0000000000e+00    0.0000000000e+00
    2.1124469406e+06   -1.6668787558e+07    1.4920511977e+07   -7.4850627999e+01   -2.0625221508e+02    5.4334332803e+01    2.8983400000e+18    1.9690509613e-05    0.0000000000e+00    1.0000000000e+00    0.0000000000e+00
   -7.7120449068e+06   -1.6467620674e+07    2.2955681278e+06   -1.9404507244e+02    1.2022567945e+02    4.6407125031e+01    2.8965490000e+18    1.9678342061e-05    0.0000000000e+00    1.0000000000e+00    0.0000000000e+00
    7.7157979536e+06   -2.2171162724e+07   -3.1029317582e+07    1.3416438823e+02   -5.7814042659e+02   -7.2685997261e+02    2.8953350000e+18    1.9670094485e-05    0.0000000000e+00    1.0000000000e+00    0.0000000000e+00
    3.1969744960e+06   -2.7708420138e+07    2.0562184055e+07   -1.9187819370e+01   -6.4556139690e+02    4.2343598074e+02    2.8947640000e+18    1.9666215271e-05    0.0000000000e+00    1.0000000000e+00    0.0000000000e+00
   -1.3845124305e+06   -9.4005398945e+06    1.2694328240e+07   -6.2882236429e+01    2.2220777864e+01   -2.7009586702e+02    2.8947640000e+18    1.9666215271e-05    0.0000000000e+00    1.0000000000e+00    0.0000000000e+00
    3.6586380653e+07   -4.7577678813e+07    4.9787982737e+07    1.0906321634e+03   -1.4853601103e+03    1.5039908253e+03    2.8947640000e+18    1.9666215271e-05    0.0000000000e+00    1.0000000000e+00    0.0000000000e+00
   -7.3507183661e+06   -3.1161844859e+07    8.2690887453e+05   -2.9438383749e+02   -6.2149820539e+02    1.1220475402e+00    2.8947640000e+18    1.9666215271e-05    0.0000000000e+00    1.0000000000e+00    0.0000000000e+00
   -2.2904936907e+06   -3.6191885835e+07   -6.3524620811e+06   -1.6715991305e+02   -8.5512732850e+02   -1.1205633741e+02    2.8947640000e+18    1.9666215271e-05    0.0000000000e+00    1.0000000000e+00    0.0000000000e+00
    1.6141234048e+04   -3.4746501286e+07   -8.1376528624e+06   -9.9282925088e+01   -8.1225443612e+02   -1.2719564621e+02    2.8947640000e+18    1.9666215271e-05    0.0000000000e+00    1.0000000000e+00    0.0000000000e+00
    1.1155153641e+07   -5.7008440904e+07    2.4286378900e+07    2.6479363269e+02   -1.7115713743e+03    6.9059037680e+02    2.8929860000e+18    1.9654136038e-05    0.0000000000e+00    1.0000000000e+00    0.0000000000e+00
    1.3831317984e+07   -3.9838291594e+07    1.6409211481e+07    2.9439850312e+02   -1.0831571491e+03    4.1286832877e+02    2.8920980000e+18    1.9648103214e-05    0.0000000000e+00    1.0000000000e+00    0.0000000000e+00
   -5.6372845369e+06   -8.7760427681e+06    2.5860367723e+07   -1.4727831049e+02   -2.0439941390e+02    3.8112612850e+02    2.8920980000e+18    1.9648103214e-05    0.0000000000e+00    1.0000000000e+00    0.0000000000e+00
    1.4834828979e+07   -1.9078085030e+07    1.6900249793e+07    2.1466773134e+02   -3.8857803515e+02    2.7651435875e+02    2.8920980000e+18    1.9648103214e-05    0.0000000000e+00    1.0000000000e+00    0.0000000000e+00
    5.6379168322e+06   -5.0529285581e+05   -3.7883536314e+07    1.1592197149e+02   -3.9017472676e+01   -8.9108669520e+02    2.8920980000e+18    1.9648103214e-05    0.0000000000e+00    1.0000000000e+00    0.0000000000e+00
   -4.4748236474e+06   -4.2481810041e+07    4.1674663776e+07   -1.9424668321e+02   -1.2682096024e+03    1.1845606089e+03    2.8912130000e+18    1.9642090772e-05    0.0000000000e+00    1.0000000000e+00    0.0000000000e+00
   -1.2912036140e+06   -1.3908208316e+07    2.9897691648e+07   -7.2471501989e+01   -3.5433609796e+02    5.8548334291e+02    2.8903290000e+18    1.9636085124e-05    0.0000000000e+00    1.0000000000e+00    0.0000000000e+00
    2.1523358818e+07   -3.9460247840e+07    3.7887980052e+07    5.8537042115e+02   -1.1783400968e+03    1.0707462304e+03    2.8903290000e+18    1.9636085124e-05    0.0000000000e+00    1.0000000000e+00    0.0000000000e+00
    1.0573438222e+06   -2.3587575258e+07   -2.0215748201e+07   -6.0279459703e+01   -5.0711769081e+02   -3.3989435330e+02    2.8903290000e+18    1.9636085124e-05    0.0000000000e+00    1.0000000000e+00    0.0000000000e+00
   -1.6647755850e+06    2.0791213186e+07    6.7198254718e+06    3.2935621410e+01    1.3981267604e+02    1.4645979280e+01    2.8897740000e+18    1.9632314610e-05    0.0000000000e+00    1.0000000000e+00    0.0000000000e+00
   -1.1964633903e+07   -5.1367831494e+05    1.3527346197e+07   -1.8239896589e+01   -9.1400022896e+01   -1.2960447906e+02    2.8885650000e+18    1.9624101003e-05    0.0000000000e+00    1.0000000000e+00    0.0000000000e+00
    2.5014409373e+07   -3.4167046139e+07    1.1807613765e+06    5.7900291422e+02   -8.9912641213e+02    6.7635685984e+00    2.8885650000e+18    1.9624101003e-05    0.0000000000e+00    1.0000000000e+00    0.0000000000e+00
    4.0403586168e+06   -2.1143609345e+07   -2.2672404186e+07   -1.8239859304e+00   -4.5231582043e+02   -4.1950986852e+02    2.8885650000e+18    1.9624101003e-05    0.0000000000e+00    1.0000000000e+00    0.0000000000e+00
   -5.9042995364e+06    9.8073491204e+06   -9.5558790799e+06    9.7618849967e+01   -2.2752909582e+02    1.9942428404e+02    2.8879430000e+18    1.9619875309e-05    0.0000000000e+00    1.0000000000e+00    0.0000000000e+00
   -1.9991148687e+06   -1.4344944956e+06    3.8290626405e+06    5.8107056292e+02    1.9378399330e+02   -1.5445445454e+03    2.8841800000e+18    1.9594310542e-05    0.0000000000e+00    1.0000000000e+00    0.0000000000e+00
    4.1302577039e+06   -4.2072526805e+06    4.7855278573e+07    9.0184204105e+01   -1.4811925714e+02    1.2734948473e+03    2.8841800000e+18    1.9594310542e-05    0.0000000000e+00    1.0000000000e+00    0.0000000000e+00
    3.4651761855e+07   -4.3737325020e+07    2.6843653242e+07    9.7564301289e+02   -1.3102162019e+03    7.5827767184e+02    2.8841800000e+18    1.9594310542e-05    0.0000000000e+00    1.0000000000e+00    0.0000000000e+00
    1.0160173118e+07   -2.9697560362e+07    1.3591399312e+07    1.3439179181e+02   -6.7712374752e+02    2.8029470987e+02    2.8841800000e+18    1.9594310542e-05    0.0000000000e+00    1.0000000000e+00    0.0000000000e+00
   -2.3063099155e+06   -1.2326063468e+07   -1.2490985439e+06   -1.8185848225e+02    4.7504607612e+02    1.1597647232e+02    2.8841800000e+18    1.9594310542e-05    0.0000000000e+00    1.0000000000e+00    0.0000000000e+00
    3.2029503771e+06   -2.4128316133e+07   -6.4121946765e+06   -8.4267971550e+01   -3.4035940311e+02   -3.9803323046e+01    2.8841800000e+18    1.9594310542e-05    0.0000000000e+00    1.0000000000e+00    0.0000000000e+00
    1.6373364472e+07   -3.6818681030e+07   -1.7262992471e+07    3.6312693007e+02   -9.9280870574e+02   -4.1635262047e+02    2.8841800000e+18    1.9594310542e-05    0.0000000000e+00    1.0000000000e+00    0.0000000000e+00
    1.4625253061e+07   -1.7367676842e+07    2.8385427929e+07    2.9724268407e+02   -4.3355466063e+02    6.3009880343e+02    2.8825180000e+18    1.9583019379e-05    0.0000000000e+00    1.0000000000e+00    0.0000000000e+00
    1.7208886337e+07   -2.3166580592e+07    6.5418476659e+06    2.4743069900e+02   -4.5465391204e+02    1.0822552922e+02    2.8825180000e+18    1.9583019379e-05    0.0000000000e+00    1.0000000000e+00    0.0000000000e+00
   -9.1717214243e+06    9.4632413622e+05    2.7978910103e+07   -1.9014159304e+02   -4.5403627546e+01    4.7883582017e+02    2.8824360000e+18    1.9582462294e-05    0.0000000000e+00    1.0000000000e+00    0.0000000000e+00
    9.6602168896e+06   -3.5759434399e+07    8.8935043959e+06    1.3533688562e+02   -8.8052883526e+02    1.9416879541e+02    2.8824360000e+18    1.9582462294e-05    0.0000000000e+00    1.0000000000e+00    0.0000000000e+00
    6.3118030526e+06   -2.1933029534e+07   -5.0253030086e+06   -6.5791238913e+01   -2.4807350943e+02   -7.2225651453e+01    2.8824360000e+18    1.9582462294e-05    0.0000000000e+00    1.0000000000e+00    0.0000000000e+00
    9.4400186199e+06   -1.3882616333e+07   -3.5661199372e+07    1.8532319528e+02   -3.6300874234e+02   -8.5971670125e+02    2.8824360000e+18    1.9582462294e-05    0.0000000000e+00    1.0000000000e+00    0.0000000000e+00
    1.4821023186e+07   -2.9620880487e+07   -3.2006661390e+07    3.4591627550e+02   -8.2279385199e+02   -8.2814791074e+02    2.8824360000e+18    1.9582462294e-05    0.0000000000e+00    1.0000000000e+00    0.0000000000e+00
   -1.3059221276e+06   -1.3626444837e+07   -7.8253210444e+05   -2.1078849335e+02    3.7719063391e+02    5.4685325139e+01    2.8806980000e+18    1.9570654810e-05    0.0000000000e+00    1.0000000000e+00    0.0000000000e+00
   -3.2541659999e+04   -2.4378445899e+07   -1.3378530692e+07   -1.0985058876e+02   -4.3454588134e+02   -1.6019720372e+02    2.8806980000e+18    1.9570654810e-05    0.0000000000e+00    1.0000000000e+00    0.0000000000e+00
   -1.8049672238e+06   -2.2694161602e+07   -2.6150847206e+06   -1.7235744506e+02   -2.1015075331e+02    1.7914728464e+01    2.8798310000e+18    1.9564764655e-05    0.0000000000e+00    1.0000000000e+00    0.0000000000e+00
   -4.1294292569e+06   -4.7106659685e+06   -2.4208316409e+06    2.1417025344e+02    9.7160784727e+02    6.6504931439e+02    2.8798310000e+18    1.9564764655e-05    0.0000000000e+00    1.0000000000e+00    0.0000000000e+00
   -2.9117964991e+06   -1.9664545132e+07   -8.0920007181e+06   -1.6714697117e+02   -1.4270109777e+02    3.1556177882e+01    2.8798310000e+18    1.9564764655e-05    0.0000000000e+00    1.0000000000e+00    0.0000000000e+00
    1.8318699618e+07   -4.5844776136e+07    2.8067729636e+07    4.7067747073e+02   -1.3473477303e+03    7.8421037490e+02    2.8789650000e+18    1.9558881293e-05    0.0000000000e+00    1.0000000000e+00    0.0000000000e+00
    8.8097061091e+06   -3.6561324397e+07    1.4098487077e+07    1.3617092409e+02   -9.3383818533e+02    3.1191932912e+02    2.8789650000e+18    1.9558881293e-05    0.0000000000e+00    1.0000000000e+00    0.0000000000e+00
    1.3480447632e+07   -1.9698092138e+07   -3.0382874263e+06    6.1134252986e+01   -2.6124980202e+02   -2.9953002782e+01    2.8789650000e+18    1.9558881293e-05    0.0000000000e+00    1.0000000000e+00    0.0000000000e+00
    2.7662586123e+07   -2.6494107176e+07   -1.9612666443e+07    6.6820036276e+02   -7.0036108854e+02   -4.9935320885e+02    2.8789650000e+18    1.9558881293e-05    0.0000000000e+00    1.0000000000e+00    0.0000000000e+00
   -1.3513708164e+07    1.6333958037e+07   -8.1999790569e+06   -1.2840765990e+02    1.0757168167e+02   -5.1718016352e+01    2.8789650000e+18    1.9558881293e-05    0.0000000000e+00    1.0000000000e+00    0.0000000000e+00
    6.9118274134e+06   -7.6737625744e+06   -1.7846435677e+07    1.2333910421e+01   -1.0951492094e+02   -2.2135891835e+01    2.8789650000e+18    1.9558881293e-05    0.0000000000e+00    1.0000000000e+00    0.0000000000e+00
   -5.1841896202e+06   -6.7750315149e+06   -4.7051913525e+07   -1.7668792750e+02   -2.1695692414e+02   -1.2474412384e+03    2.8789650000e+18    1.9558881293e-05    0.0000000000e+00    1.0000000000e+00    0.0000000000e+00
   -4.8363234599e+06    5.2222567987e+06    7.0962578642e+06    2.7216211540e+02   -4.2346976024e+02   -5.5702166155e+02    2.8789540000e+18    1.9558806562e-05    0.0000000000e+00    1.0000000000e+00    0.0000000000e+00
    3.0718194075e+07   -3.9026019988e+07   -1.5145685396e+07    8.1355461462e+02   -1.1208005798e+03   -3.9905059776e+02    2.8789540000e+18    1.9558806562e-05    0.0000000000e+00    1.0000000000e+00    0.0000000000e+00
    1.2937291967e+07   -2.8215384664e+07   -1.3650617963e+07    2.0716717894e+02   -6.4206678804e+02   -2.7301320205e+02    2.8789540000e+18    1.9558806562e-05    0.0000000000e+00    1.0000000000e+00    0.0000000000e+00
    5.8231253044e+06   -7.0318338164e+06   -1.4849538868e+07   -7.5259729130e+01   -3.5072326452e+01    1.4148963830e+02    2.8789540000e+18    1.9558806562e-05    0.0000000000e+00    1.0000000000e+00    0.0000000000e+00
   -2.3479129364e+06   -1.0598915007e+07    4.7028123160e+06   -9.2754014290e+01    4.3291161781e+02   -3.6827035247e+02    2.8781010000e+18    1.9553011519e-05    0.0000000000e+00    1.0000000000e+00    0.0000000000e+00
    2.3977684848e+06   -2.4102100984e+07    1.9512227554e+07   -4.8223060214e+01   -5.0341474139e+02    3.4687015930e+02    2.8772380000e+18    1.9547148539e-05    0.0000000000e+00    1.0000000000e+00    0.0000000000e+00
   -9.8919899074e+06    3.9105385208e+06    9.7743604289e+06    1.6807562202e+02   -1.7969472371e+02   -2.6686190375e+02    2.8772380000e+18    1.9547148539e-05    0.0000000000e+00    1.0000000000e+00    0.0000000000e+00
    1.7052356683e+07   -4.4684442004e+07   -9.8402412213e+04    3.8357843107e+02   -1.2312091685e+03    2.8716929315e+00    2.8772380000e+18    1.9547148539e-05    0.0000000000e+00    1.0000000000e+00    0.0000000000e+00
    4.7733025849e+06   -2.9885618562e+07   -4.6926305925e+06   -2.3736707512e+01   -5.8998359971e+02   -7.4457361507e+01    2.8772380000e+18    1.9547148539e-05    0.0000000000e+00    1.0000000000e+00    0.0000000000e+00
   -1.9471002940e+07    9.1706783878e+06    8.0116858801e+06   -1.9949484356e+02   -9.0444461935e-01    6.0743824988e+01    2.8772380000e+18    1.9547148539e-05    0.0000000000e+00    1.0000000000e+00    0.0000000000e+00
    2.0397798250e+07   -3.2830562653e+07   -2.4406523104e+07    4.8501711027e+02   -9.0105499150e+02   -6.2182321244e+02    2.8772380000e+18    1.9547148539e-05    0.0000000000e+00    1.0000000000e+00    0.0000000000e+00
    5.1936222655e+06   -2.2690706174e+07   -1.2257287236e+07   -1.7419926579e+01   -3.7097466687e+02   -1.2803909854e+02    2.8772380000e+18    1.9547148539e-05    0.0000000000e+00    1.0000000000e+00    0.0000000000e+00
    1.2721564441e+07   -2.1548752145e+07    1.8274801831e+07    1.9500551573e+02   -4.6620108798e+02    3.1530574314e+02    2.8763090000e+18    1.9540837174e-05    0.0000000000e+00    1.0000000000e+00    0.0000000000e+00
   -6.0356423241e+06    1.7396236035e+06   -3.8242932431e+07   -1.8909374743e+02    1.5479072218e+01   -9.0008451011e+02    2.8763090000e+18    1.9540837174e-05    0.0000000000e+00    1.0000000000e+00    0.0000000000e+00
    2.9318303254e+07   -2.3133462885e+07   -2.8531998399e+07    7.4589248985e+02   -6.4079659868e+02   -7.6014585350e+02    2.8763090000e+18    1.9540837174e-05    0.0000000000e+00    1.0000000000e+00    0.0000000000e+00
    4.7406447703e+06    4.1973678739e+06   -1.4928532629e+07   -6.8071144336e+01   -5.9778263205e+01    2.0431142799e+02    2.8754320000e+18    1.9534879082e-05    0.0000000000e+00    1.0000000000e+00    0.0000000000e+00
   -2.6373999626e+07   -3.3793176939e+05    4.9965690803e+07   -7.7577287076e+02   -5.9988563672e+01    1.4079736532e+03    2.8738000000e+18    1.9523791731e-05    0.0000000000e+00    1.0000000000e+00    0.0000000000e+00
    2.5002575225e+07   -3.7689033444e+07    1.3861028092e+07    6.1306943131e+02   -1.0381478614e+03    3.7270962966e+02    2.8738000000e+18    1.9523791731e-05    0.0000000000e+00    1.0000000000e+00    0.0000000000e+00
   -1.2000429018e+06   -8.2085316341e+06   -7.5105586869e+05   -2.2649383358e+02    9.0557415357e+02    1.9956463430e+02    2.8738000000e+18    1.9523791731e-05    0.0000000000e+00    1.0000000000e+00    0.0000000000e+00
    8.0822768471e+06   -3.2972804527e+07   -1.4169644057e+07    1.0273626521e+02   -7.9764028926e+02   -2.9311172229e+02    2.8738000000e+18    1.9523791731e-05    0.0000000000e+00    1.0000000000e+00    0.0000000000e+00
    1.0115224826e+07   -1.7736177766e+07   -2.1095171619e+07    1.3239440875e+02   -3.7488927933e+02   -3.3534711709e+02    2.8738000000e+18    1.9523791731e-05    0.0000000000e+00    1.0000000000e+00    0.0000000000e+00
   -1.0380804686e+05    8.1183777096e+06    5.8015042228e+07   -1.2887114626e+01    2.0362342998e+02    1.6706559884e+03    2.8736860000e+18    1.9523017247e-05    0.0000000000e+00    1.0000000000e+00    0.0000000000e+00
    1.9790679056e+05   -8.2690625392e+06    2.7987777842e+07   -3.4020098926e+01   -2.1144614477e+02    4.6215640282e+02    2.8736860000e+18    1.9523017247e-05    0.0000000000e+00    1.0000000000e+00    0.0000000000e+00
   -5.0016900940e+04   -2.0423335566e+05    3.2402210129e+06   -2.1073957985e+01   -1.3151881264e+02   -2.0857046816e+03    2.8736860000e+18    1.9523017247e-05    0.0000000000e+00    1.0000000000e+00    0.0000000000e+00
    3.6559519108e+07   -3.3170248742e+07   -1.4752822974e+07    9.7704744328e+02   -9.4615286541e+02   -3.9096298073e+02    2.8736860000e+18    1.9523017247e-05    0.0000000000e+00    1.0000000000e+00    0.0000000000e+00
    1.2652175571e+07   -1.2637786515e+07   -1.9506375547e+07    1.3736624852e+02   -2.1619826473e+02   -2.7120067595e+02    2.8736860000e+18    1.9523017247e-05    0.0000000000e+00    1.0000000000e+00    0.0000000000e+00
    1.3295965752e+07   -2.3954794760e+07    1.3498508151e+07    1.8076419753e+02   -4.9576306466e+02    2.3260031837e+02    2.8720890000e+18    1.9512167677e-05    0.0000000000e+00    1.0000000000e+00    0.0000000000e+00
    8.3283181753e+06   -9.5588138332e+06    1.1169053730e+07   -1.4554346913e+02    2.5662122649e+01   -1.2301650892e+02    2.8719490000e+18    1.9511216556e-05    0.0000000000e+00    1.0000000000e+00    0.0000000000e+00
    9.5229306821e+06    1.7534902427e+06   -2.9040799934e+07    1.6180597608e+02    1.9044441396e+01   -5.3825695300e+02    2.8719490000e+18    1.9511216556e-05    0.0000000000e+00    1.0000000000e+00    0.0000000000e+00
    9.5842769736e+06   -1.5892909863e+07   -3.6312720041e+07    2.0801975954e+02   -4.4136145752e+02   -8.7549110765e+02    2.8719490000e+18    1.9511216556e-05    0.0000000000e+00    1.0000000000e+00    0.0000000000e+00
    2.4262653640e+06   -2.8628943108e+07    3.1806085314e+06   -8.8424721612e+01   -5.1724812994e+02    4.6448017621e+01    2.8712350000e+18    1.9506365840e-05    0.0000000000e+00    1.0000000000e+00    0.0000000000e+00
    4.5808895373e+06   -2.3501961932e+07   -3.3876712826e+07    5.7683100310e+01   -6.2724903492e+02   -8.2509216603e+02    2.8712350000e+18    1.9506365840e-05    0.0000000000e+00    1.0000000000e+00    0.0000000000e+00
   -1.0151082503e+06   -1.3114692103e+07    3.2881744674e+07   -6.7241535552e+01   -3.5018868440e+02    6.9984632658e+02    2.8710850000e+18    1.9505346782e-05    0.0000000000e+00    1.0000000000e+00    0.0000000000e+00
   -3.4761810659e+06   -1.1662557760e+06    2.1497314626e+07   -6.9395110429e+01   -7.0270417901e+01    1.1472036848e+02    2.8710850000e+18    1.9505346782e-05    0.0000000000e+00    1.0000000000e+00    0.0000000000e+00
    2.3471774033e+07   -2.9079973551e+07   -1.0336362370e+07    5.0772341734e+02   -7.3236095302e+02   -2.3283464551e+02    2.8710850000e+18    1.9505346782e-05    0.0000000000e+00    1.0000000000e+00    0.0000000000e+00
    2.1491180098e+07   -2.4590726807e+07   -2.0450749342e+07    4.7628372676e+02   -6.2722044220e+02   -4.5814616549e+02    2.8710850000e+18    1.9505346782e-05    0.0000000000e+00    1.0000000000e+00    0.0000000000e+00
   -2.4147289860e+06   -1.6518272433e+05    1.7668320227e+06    1.5617891737e+03   -3.1635685851e+02   -1.5612276429e+03    2.8703830000e+18    1.9500577591e-05    0.0000000000e+00    1.0000000000e+00    0.0000000000e+00
    1.6066614990e+07   -3.1957039348e+07    1.3540892262e+07    3.2868682040e+02   -7.9893142549e+02    2.8917811736e+02    2.8703830000e+18    1.9500577591e-05    0.0000000000e+00    1.0000000000e+00    0.0000000000e+00
    2.4374548873e+07   -4.1687081903e+07   -5.0374728289e+05    5.9572418886e+02   -1.1533454976e+03   -1.0677283797e+01    2.8703830000e+18    1.9500577591e-05    0.0000000000e+00    1.0000000000e+00    0.0000000000e+00
   -3.9975572061e+06    1.4766745281e+06    1.7537052940e+06    1.3239663622e+03   -8.1332901175e+02   -5.5557785690e+02    2.8703830000e+18    1.9500577591e-05    0.0000000000e+00    1.0000000000e+00    0.0000000000e+00
    1.9203623256e+07   -3.4319889724e+07   -3.1858915678e+07    4.8086933150e+02   -9.7991813282e+02   -8.5443516115e+02    2.8703830000e+18    1.9500577591e-05    0.0000000000e+00    1.0000000000e+00    0.0000000000e+00
    8.2970713962e+06   -3.7717390970e+06    5.4044890073e+07    2.2554977831e+02   -1.4439309914e+02    1.5077332207e+03    2.8686820000e+18    1.9489021473e-05    0.0000000000e+00    1.0000000000e+00    0.0000000000e+00
    1.3728629126e+07   -1.8056280377e+07    1.5161686067e+07    1.4279175054e+02   -3.2307561882e+02    2.2602851787e+02    2.8686820000e+18    1.9489021473e-05    0.0000000000e+00    1.0000000000e+00    0.0000000000e+00
    6.2865873242e+04   -2.7070267061e+07    3.8920510769e+06   -1.3368566464e+02   -4.3915272433e+02    5.8973748911e+01    2.8686820000e+18    1.9489021473e-05    0.0000000000e+00    1.0000000000e+00    0.0000000000e+00
   -4.2240150560e+06   -1.2762407672e+07    7.7587073203e+04   -1.4670523455e+02    4.3582100983e+02   -5.5231846123e+00    2.8686820000e+18    1.9489021473e-05    0.0000000000e+00    1.0000000000e+00    0.0000000000e+00
    1.3671237962e+07   -1.6642069569e+07   -5.0518927777e+06    2.8003619227e+01   -1.6681913237e+02   -2.0452913697e+01    2.8686820000e+18    1.9489021473e-05    0.0000000000e+00    1.0000000000e+00    0.0000000000e+00
    9.7829060959e+06   -3.6346022291e+07   -1.4113664618e+07    1.5838883072e+02   -9.2947882016e+02   -3.2087391757e+02    2.8686820000e+18    1.9489021473e-05    0.0000000000e+00    1.0000000000e+00    0.0000000000e+00
    4.1434004219e+06   -1.0020004550e+07   -2.7464648673e+07    3.0668597053e+01   -2.3447168352e+02   -4.6569958094e+02    2.8686820000e+18    1.9489021473e-05    0.0000000000e+00    1.0000000000e+00    0.0000000000e+00
    9.4917742106e+06   -8.4671409633e+06    1.4338062661e+07   -9.0113296945e+01   -2.4509359582e+01    1.1830672543e+01    2.8685050000e+18    1.9487818985e-05    0.0000000000e+00    1.0000000000e+00    0.0000000000e+00
    1.6338314495e+07   -3.1572780086e+07    2.3304957493e+07    3.5813489720e+02   -8.4595913522e+02    5.5841292627e+02    2.8685050000e+18    1.9487818985e-05    0.0000000000e+00    1.0000000000e+00    0.0000000000e+00
    8.4752810661e+06   -9.3070213542e+06    2.0566707043e+06   -4.0618436182e+02    2.5042624997e+02   -1.3034104295e+02    2.8685050000e+18    1.9487818985e-05    0.0000000000e+00    1.0000000000e+00    0.0000000000e+00
    2.6513208431e+07   -2.9312735659e+07    1.9111534122e+07    6.3917760492e+02   -7.8901247485e+02    4.8375348422e+02    2.8685050000e+18    1.9487818985e-05    0.0000000000e+00    1.0000000000e+00    0.0000000000e+00
   -2.3295719479e+06   -1.1428693690e+07    4.9387296598e+06   -1.2407899274e+02    3.6940915361e+02   -3.4942320032e+02    2.8669870000e+18    1.9477506119e-05    0.0000000000e+00    1.0000000000e+00    0.0000000000e+00
    3.6951071694e+06   -2.3272365981e+07    6.0702679060e+06   -7.9305298364e+01   -3.0509017076e+02    1.8296682879e+01    2.8669870000e+18    1.9477506119e-05    0.0000000000e+00    1.0000000000e+00    0.0000000000e+00
    5.3662858716e+05   -6.9616370411e+06    7.6827784038e+06   -1.5063074520e+02    3.0622315395e+02   -6.3186881929e+02    2.8667970000e+18    1.9476215312e-05    0.0000000000e+00    1.0000000000e+00    0.0000000000e+00
    1.4227219245e+07   -2.8559511908e+07   -2.4703059766e+06    2.0274320627e+02   -6.1278977808e+02   -2.9742230457e+01    2.8667970000e+18    1.9476215312e-05    0.0000000000e+00    1.0000000000e+00    0.0000000000e+00
    2.1906229636e+07   -3.6446478849e+05    3.9669947360e+07    5.7275138576e+02   -3.2947743822e+01    1.0276205070e+03    2.8659460000e+18    1.9470433856e-05    0.0000000000e+00    1.0000000000e+00    0.0000000000e+00
   -1.2717859408e+07    1.4148014677e+07    9.7981842855e+05   -6.8625065004e+00   -5.6306819654e+01   -2.4494095658e+01    2.8659460000e+18    1.9470433856e-05    0.0000000000e+00    1.0000000000e+00    0.0000000000e+00
   -9.1967336730e+06    6.7838309767e+04   -1.4931229495e+07    6.7268709597e+00   -1.0494284524e+02    1.3909014036e+02    2.8659460000e+18    1.9470433856e-05    0.0000000000e+00    1.0000000000e+00    0.0000000000e+00
    1.8020142821e+07   -1.7483595554e+07   -5.5482963427e+06    1.8428136018e+02   -2.8206408839e+02   -5.0122887412e+01    2.8659460000e+18    1.9470433856e-05    0.0000000000e+00    1.0000000000e+00    0.0000000000e+00
    1.8118574269e+07   -1.7497084269e+07   -3.4373903762e+07    4.2276277941e+02   -4.7237315023e+02   -8.6529341146e+02    2.8659460000e+18    1.9470433856e-05    0.0000000000e+00    1.0000000000e+00    0.0000000000e+00
   -3.8392507079e+05   -2.5172313470e+07    3.8020130402e+06   -1.3858807186e+02   -3.5920471423e+02   -2.7273170769e+01    2.8652960000e+18    1.9466017938e-05    0.0000000000e+00    1.0000000000e+00    0.0000000000e+00
   -2.1060782202e+07    1.7811586512e+07    3.7732189901e+07   -5.8134943256e+02    4.4576071913e+02    9.8533936221e+02    2.8652960000e+18    1.9466017938e-05    0.0000000000e+00    1.0000000000e+00    0.0000000000e+00
    4.2530832619e+07   -3.6693913235e+07    3.5212705726e+06    1.1720481619e+03   -1.0654520497e+03    9.6417942120e+01    2.8652960000e+18    1.9466017938e-05    0.0000000000e+00    1.0000000000e+00    0.0000000000e+00
   -1.1915831568e+07    6.8084760258e+06    1.4560179080e+06    2.8033103110e+02   -2.9445230323e+02   -5.1058448555e+01    2.8652960000e+18    1.9466017938e-05    0.0000000000e+00    1.0000000000e+00    0.0000000000e+00
    2.2416066660e+07   -3.2112546176e+07   -4.0159040196e+07    5.9704676609e+02   -9.5294688046e+02   -1.1273224819e+03    2.8652960000e+18    1.9466017938e-05    0.0000000000e+00    1.0000000000e+00    0.0000000000e+00
    3.3348082700e+06   -2.5035799387e+07    5.8338059785e+06   -8.0262645926e+01   -3.7636463833e+02    4.5844617597e+01    2.8636110000e+18    1.9454570521e-05    0.0000000000e+00    1.0000000000e+00    0.0000000000e+00
   -1.3226415061e+07    8.6998043418e+06    1.2326132018e+06    1.4174455163e+02   -2.1395063477e+02   -5.5495173708e+01    2.8634080000e+18    1.9453191396e-05    0.0000000000e+00    1.0000000000e+00    0.0000000000e+00
   -1.6902936485e+07    1.1485419615e+07    3.3776734579e+07   -4.4065139801e+02    2.4646081777e+02    8.0381643044e+02    2.8634080000e+18    1.9453191396e-05    0.0000000000e+00    1.0000000000e+00    0.0000000000e+00
    1.6716223526e+07   -2.1812748960e+07    1.4666187178e+07    2.5648536276e+02   -4.7013212683e+02    2.6274354638e+02    2.8634080000e+18    1.9453191396e-05    0.0000000000e+00    1.0000000000e+00    0.0000000000e+00
   -3.8747281661e+06    1.3755546325e+06   -8.8161890367e+06    2.3987301400e+02   -2.4837445361e+02    7.1324705155e+02    2.8634080000e+18    1.9453191396e-05    0.0000000000e+00    1.0000000000e+00    0.0000000000e+00
   -7.3791752366e+06    4.4046126729e+05   -1.3784262396e+07    5.3660741751e+01   -1.1272027372e+02    2.5438313464e+02    2.8634080000e+18    1.9453191396e-05    0.0000000000e+00    1.0000000000e+00    0.0000000000e+00
    4.0139367552e+07   -4.2460677051e+07   -6.6939081606e+06    1.1142179132e+03   -1.2496642064e+03   -1.9019490967e+02    2.8634080000e+18    1.9453191396e-05    0.0000000000e+00    1.0000000000e+00    0.0000000000e+00
    2.8329271174e+07   -3.2907993348e+07   -1.1491191232e+07    6.9198275892e+02   -8.8966404891e+02   -2.9506256682e+02    2.8634080000e+18    1.9453191396e-05    0.0000000000e+00    1.0000000000e+00    0.0000000000e+00
    1.3419284956e+07   -1.8131166016e+07   -2.3164639213e+07    2.3082382830e+02   -4.1503947894e+02   -4.4390743100e+02    2.8634080000e+18    1.9453191396e-05    0.0000000000e+00    1.0000000000e+00    0.0000000000e+00
    1.7188022754e+05    5.4404147394e+06   -2.1877682307e+07   -1.7825369735e+01    1.2537133672e+01   -1.6331478111e+02    2.8634080000e+18    1.9453191396e-05    0.0000000000e+00    1.0000000000e+00    0.0000000000e+00
    4.3172483082e+06   -1.3228756832e+07    1.9638880248e+07   -1.3348865147e+01   -2.1746313807e+02    1.7188222097e+02    2.8625660000e+18    1.9447471084e-05    0.0000000000e+00    1.0000000000e+00    0.0000000000e+00
    2.1192746174e+07   -3.4326423042e+07    1.4457899772e+06    4.5670052881e+02   -8.8074909475e+02    3.4829724371e+01    2.8625660000e+18    1.9447471084e-05    0.0000000000e+00    1.0000000000e+00    0.0000000000e+00
    1.4458234763e+07   -1.2150349273e+07   -4.2295307461e+07    3.4944296924e+02   -3.5706301570e+02   -1.1045021211e+03    2.8625660000e+18    1.9447471084e-05    0.0000000000e+00    1.0000000000e+00    0.0000000000e+00
   -1.7798338527e+07    1.0819494043e+07    2.6840469268e+07   -4.2098900983e+02    1.9543941766e+02    5.4607911650e+02    2.8619310000e+18    1.9443157072e-05    0.0000000000e+00    1.0000000000e+00    0.0000000000e+00
    2.9832275549e+07   -4.2390185475e+07    1.0964766061e+07    7.7855435807e+02   -1.2112079003e+03    3.1640049442e+02    2.8619310000e+18    1.9443157072e-05    0.0000000000e+00    1.0000000000e+00    0.0000000000e+00
   -1.1137495837e+06   -6.5323666720e+06   -4.0875946323e+05   -2.4006305410e+02    1.1638810979e+03    1.6635993492e+02    2.8619310000e+18    1.9443157072e-05    0.0000000000e+00    1.0000000000e+00    0.0000000000e+00
    8.2871780834e+06   -1.0608969100e+07   -7.2589259079e+06   -2.2129567385e+02    1.1036670527e+02    1.6897316673e+02    2.8619310000e+18    1.9443157072e-05    0.0000000000e+00    1.0000000000e+00    0.0000000000e+00
    7.2489223006e+06   -2.4608506748e+07   -1.1477735574e+07    4.8298663161e+01   -4.5017817421e+02   -1.3874257781e+02    2.8619310000e+18    1.9443157072e-05    0.0000000000e+00    1.0000000000e+00    0.0000000000e+00
    4.2341878855e+06   -1.3462263553e+07    2.6420422767e+07    2.4736749096e+01   -3.0271733011e+02    4.5257223363e+02    2.8617270000e+18    1.9441771153e-05    0.0000000000e+00    1.0000000000e+00    0.0000000000e+00
   -1.4799484850e+07    4.5615116530e+06   -2.6136536173e+07   -2.9902228108e+02    2.2226533111e+01   -4.6904900513e+02    2.8617270000e+18    1.9441771153e-05    0.0000000000e+00    1.0000000000e+00    0.0000000000e+00
    2.9876246099e+07   -2.2932637851e+07    1.1504916521e+06    6.6027529112e+02   -5.6386744317e+02    3.2881342561e+01    2.8617270000e+18    1.9441771153e-05    0.0000000000e+00    1.0000000000e+00    0.0000000000e+00
    2.1216535926e+07   -2.4653256454e+07   -1.8359696023e+07    4.4126421809e+02   -6.1341331094e+02   -4.1039858152e+02    2.8617270000e+18    1.9441771153e-05    0.0000000000e+00    1.0000000000e+00    0.0000000000e+00
    1.8994060742e+07   -2.0016370191e+07   -2.0210876915e+07    3.6060849443e+02   -4.7542615274e+02   -4.1246215624e+02    2.8617270000e+18    1.9441771153e-05    0.0000000000e+00    1.0000000000e+00    0.0000000000e+00
    2.9785575821e+06   -1.7933186072e+07    2.8939577206e+07    8.5685060518e+00   -4.3345447415e+02    5.8970421913e+02    2.8610930000e+18    1.9437463934e-05    0.0000000000e+00    1.0000000000e+00    0.0000000000e+00
   -1.0906811072e+07   -1.2406977225e+06    2.6955737185e+07   -2.3187849809e+02   -7.9342700877e+01    4.3815592385e+02    2.8610930000e+18    1.9437463934e-05    0.0000000000e+00    1.0000000000e+00    0.0000000000e+00
    4.7351686241e+07   -4.3263597080e+07    1.7201595262e+07    1.3666698801e+03   -1.3029433780e+03    4.9724637988e+02    2.8610930000e+18    1.9437463934e-05    0.0000000000e+00    1.0000000000e+00    0.0000000000e+00
   -2.6570952781e+06   -7.0844910607e+06   -1.9731289567e+06   -5.4845593024e+01    9.5204961787e+02    3.6806886314e+02    2.8610930000e+18    1.9437463934e-05    0.0000000000e+00    1.0000000000e+00    0.0000000000e+00
   -2.2226063207e+06   -3.6146144373e+07   -1.7728771590e+07   -1.5294004453e+02   -9.1713082933e+02   -4.0632886182e+02    2.8610930000e+18    1.9437463934e-05    0.0000000000e+00    1.0000000000e+00    0.0000000000e+00
    2.5743275100e+07   -2.1815327817e+07   -5.1390505824e+07    7.2268266188e+02   -6.6294470506e+02   -1.4794303938e+03    2.8610930000e+18    1.9437463934e-05    0.0000000000e+00    1.0000000000e+00    0.0000000000e+00
    4.7878980485e+06   -3.0108238553e+07    1.0361094478e+07    8.5578448295e+00   -6.5190400874e+02    1.4651941418e+02    2.8602560000e+18    1.9431777591e-05    0.0000000000e+00    1.0000000000e+00    0.0000000000e+00
    2.0831911623e+07   -3.0741489770e+07    9.3790629400e+06    4.3608139271e+02   -7.6928721065e+02    1.9976271098e+02    2.8602560000e+18    1.9431777591e-05    0.0000000000e+00    1.0000000000e+00    0.0000000000e+00
    1.3080720769e+06   -1.6804096128e+07   -7.2636369702e+05   -1.9788641016e+02    1.2718345662e+02    3.3988053773e+01    2.8602560000e+18    1.9431777591e-05    0.0000000000e+00    1.0000000000e+00    0.0000000000e+00
    4.0689359560e+06   -2.2858746811e+07   -1.6557796399e+07   -2.1973334396e+01   -4.2891219512e+02   -2.4228650966e+02    2.8602560000e+18    1.9431777591e-05    0.0000000000e+00    1.0000000000e+00    0.0000000000e+00
   -2.3354321124e+05   -9.2180038579e+06   -1.9783541819e+07   -6.3148247845e+01   -1.4734864986e+02   -7.3288823032e+01    2.8600550000e+18    1.9430412053e-05    0.0000000000e+00    1.0000000000e+00    0.0000000000e+00
    1.9496141626e+07   -2.7894620409e+07    2.0266072834e+07    4.2872598820e+02   -7.1284990619e+02    4.7352106836e+02    2.8594200000e+18    1.9426098041e-05    0.0000000000e+00    1.0000000000e+00    0.0000000000e+00
   -9.9691072647e+06    6.3060213479e+06    6.2414243493e+07   -3.1720218834e+02    1.5892175740e+02    1.8139223730e+03    2.8594200000e+18    1.9426098041e-05    0.0000000000e+00    1.0000000000e+00    0.0000000000e+00
    2.6039476185e+07   -4.1236284310e+07    1.1900818379e+07    6.5816431191e+02   -1.1619727873e+03    3.0478457266e+02    2.8594200000e+18    1.9426098041e-05    0.0000000000e+00    1.0000000000e+00    0.0000000000e+00
    1.1031942520e+07   -1.2516974685e+07   -3.3671912790e+07    2.2334553762e+02   -3.3304331529e+02   -7.7549754063e+02    2.8594200000e+18    1.9426098041e-05    0.0000000000e+00    1.0000000000e+00    0.0000000000e+00
   -2.9410728059e+06   -1.1797421772e+07   -5.2809982048e+06   -1.0341908983e+02    3.2894684338e+02    3.1778075642e+02    2.8594200000e+18    1.9426098041e-05    0.0000000000e+00    1.0000000000e+00    0.0000000000e+00
   -1.3406966100e+07    6.1517715580e+06   -6.8866193062e+06    1.2399408710e+02   -1.7405340786e+02    1.0642000343e+02    2.8594200000e+18    1.9426098041e-05    0.0000000000e+00    1.0000000000e+00    0.0000000000e+00
   -1.5032133367e+06   -9.5248840337e+06   -3.4420850565e+07   -6.9526838012e+01   -2.6327744821e+02   -7.4432405790e+02    2.8594200000e+18    1.9426098041e-05    0.0000000000e+00    1.0000000000e+00    0.0000000000e+00
   -2.1229212028e+06   -8.6195806185e+06    2.4897961695e+06   -4.4070334294e+01    7.0615666256e+02   -4.5608380750e+02    2.8585850000e+18    1.9420425285e-05    0.0000000000e+00    1.0000000000e+00    0.0000000000e+00
    4.1316032410e+06   -9.6401316123e+06    4.3700385455e+07    7.1378089211e+01   -2.8510851045e+02    1.1230175602e+03    2.8585850000e+18    1.9420425285e-05    0.0000000000e+00    1.0000000000e+00    0.0000000000e+00
    2.7399805458e+07   -2.8512941595e+07    3.5788548791e+07    7.3395493293e+02   -8.2922025232e+02    9.8147471352e+02    2.8585850000e+18    1.9420425285e-05    0.0000000000e+00    1.0000000000e+00    0.0000000000e+00
    1.2344173744e+07   -2.8631150588e+07    1.9661216427e+07    2.0861413335e+02   -6.9469944089e+02    4.4142423822e+02    2.8585850000e+18    1.9420425285e-05    0.0000000000e+00    1.0000000000e+00    0.0000000000e+00
    8.2050368664e+06   -1.5542290024e+07   -2.8181608978e+05   -1.7202888385e+02    3.8169418906e+01    1.0757066960e+01    2.8585850000e+18    1.9420425285e-05    0.0000000000e+00    1.0000000000e+00    0.0000000000e+00
   -2.6224553782e+06    3.4219286674e+05   -4.0992424916e+06    6.1881010963e+02   -2.6629569768e+02    1.4351818148e+03    2.8585850000e+18    1.9420425285e-05    0.0000000000e+00    1.0000000000e+00    0.0000000000e+00
   -8.8741590201e+04   -8.8620235402e+06   -1.9409005300e+07   -7.3927565668e+01   -1.1844364234e+02   -7.1193667217e+01    2.8585850000e+18    1.9420425285e-05    0.0000000000e+00    1.0000000000e+00    0.0000000000e+00
   -5.3071362824e+06    1.5876361167e+06    6.3689863628e+06    4.9747411907e+02   -3.5020501085e+02   -7.2488273761e+02    2.8583910000e+18    1.9419107304e-05    0.0000000000e+00    1.0000000000e+00    0.0000000000e+00
   -1.1918301627e+07    5.3860672641e+06    1.4423269726e+07   -4.4366147704e+01   -8.6862373438e+01   -1.3789191588e+01    2.8583910000e+18    1.9419107304e-05    0.0000000000e+00    1.0000000000e+00    0.0000000000e+00
   -1.2272206510e+07    1.0099286217e+07   -4.8310437037e+06    1.0060100814e+02   -1.7902469945e+02    3.9657816563e+01    2.8583910000e+18    1.9419107304e-05    0.0000000000e+00    1.0000000000e+00    0.0000000000e+00
   -1.2731109656e+07    6.5854499945e+06   -1.3049973335e+07   -2.5083276046e+01   -8.5542880299e+01    3.4610923903e+00    2.8583910000e+18    1.9419107304e-05    0.0000000000e+00    1.0000000000e+00    0.0000000000e+00
    1.9171612528e+06   -8.8954103313e+06   -2.9648856211e+07    5.4475423768e+00   -2.3371684289e+02   -5.4351875276e+02    2.8583910000e+18    1.9419107304e-05    0.0000000000e+00    1.0000000000e+00    0.0000000000e+00
    6.5759155511e+05   -2.6640440145e+05   -2.7171528490e+07   -9.9796675472e+00   -5.7798547263e+01   -4.0201277809e+02    2.8583910000e+18    1.9419107304e-05    0.0000000000e+00    1.0000000000e+00    0.0000000000e+00
    5.1448664447e+05   -7.7045116885e+06   -4.6914953242e+07   -1.7337172085e+01   -2.4535123657e+02   -1.2397816943e+03    2.8583910000e+18    1.9419107304e-05    0.0000000000e+00    1.0000000000e+00    0.0000000000e+00
   -1.0696619366e+07    5.4971379034e+06    3.3045663986e+07   -2.5461507198e+02    7.4324273070e+01    7.1350093273e+02    2.8569200000e+18    1.9409113742e-05    0.0000000000e+00    1.0000000000e+00    0.0000000000e+00
    4.1040538809e+07   -4.9871132368e+07    8.4882767579e+05    1.1627839246e+03   -1.4919876514e+03    1.1440745915e+01    2.8569200000e+18    1.9409113742e-05    0.0000000000e+00    1.0000000000e+00    0.0000000000e+00
    1.5420763768e+07   -3.6179838931e+07   -4.0441349620e+05    2.9336735286e+02   -9.0516069299e+02   -1.3560453337e+01    2.8569200000e+18    1.9409113742e-05    0.0000000000e+00    1.0000000000e+00    0.0000000000e+00
   -2.6448906797e+07    1.3157340602e+07    3.2102021536e+06   -4.9549448470e+02    1.6796340426e+02    5.2891243493e+01    2.8569200000e+18    1.9409113742e-05    0.0000000000e+00    1.0000000000e+00    0.0000000000e+00
   -3.4202354362e+07    3.1847726035e+07    4.5116068912e+06   -9.1848408885e+02    8.1088647667e+02    1.2301634969e+02    2.8569200000e+18    1.9409113742e-05    0.0000000000e+00    1.0000000000e+00    0.0000000000e+00
    2.0949943904e+07   -2.8498418063e+07   -4.4571530576e+07    5.6108702567e+02   -8.4317800694e+02   -1.2533461135e+03    2.8569200000e+18    1.9409113742e-05    0.0000000000e+00    1.0000000000e+00    0.0000000000e+00
    1.2312450796e+07   -3.0961982086e+07   -3.1826503461e+07    2.7231175637e+02   -8.5643349395e+02   -8.1833514594e+02    2.8569200000e+18    1.9409113742e-05    0.0000000000e+00    1.0000000000e+00    0.0000000000e+00
    5.0744098913e+06    8.4706514751e+06    1.3102520890e+07   -1.8217776984e+01   -1.0143782389e+02   -1.8626297757e+02    2.8567350000e+18    1.9407856904e-05    0.0000000000e+00    1.0000000000e+00    0.0000000000e+00
    3.1628541519e+06   -1.9028953838e+06    9.0668551134e+06   -2.7498147538e+02    3.4067839308e+01   -7.3101360333e+02    2.8567350000e+18    1.9407856904e-05    0.0000000000e+00    1.0000000000e+00    0.0000000000e+00
    3.5177857584e+07   -3.3274305858e+07    4.1408031101e+07    9.9770963970e+02   -1.0026507445e+03    1.2028523777e+03    2.8567350000e+18    1.9407856904e-05    0.0000000000e+00    1.0000000000e+00    0.0000000000e+00
    3.0169204494e+07   -3.1172744641e+07    1.3266659670e+07    7.4092621128e+02   -8.4827537319e+02    3.4233599483e+02    2.8567350000e+18    1.9407856904e-05    0.0000000000e+00    1.0000000000e+00    0.0000000000e+00
    2.2843483513e+07   -2.1335391835e+07   -8.9887368833e+06    4.1668509556e+02   -4.8126762887e+02   -1.5493465296e+02    2.8567350000e+18    1.9407856904e-05    0.0000000000e+00    1.0000000000e+00    0.0000000000e+00
    2.4400941089e+07   -2.1887384499e+07   -3.2162211343e+07    6.0895131228e+02   -6.1406661591e+02   -8.2909324715e+02    2.8567350000e+18    1.9407856904e-05    0.0000000000e+00    1.0000000000e+00    0.0000000000e+00
   -3.3499062299e+06   -3.7305655774e+06    5.9914070305e+06    3.8168002824e+02    2.1603557749e+02   -9.3124267211e+02    2.8560890000e+18    1.9403468161e-05    0.0000000000e+00    1.0000000000e+00    0.0000000000e+00
    8.3838383472e+06   -2.4977501556e+07    5.9680414798e+06    2.0058779989e+01   -4.2100540758e+02    6.4077431347e+01    2.8560890000e+18    1.9403468161e-05    0.0000000000e+00    1.0000000000e+00    0.0000000000e+00
   -2.6007924358e+07    1.2325567138e+07   -7.1565979191e+06   -4.8372053233e+02    1.4899660356e+02   -1.3392605068e+02    2.8560890000e+18    1.9403468161e-05    0.0000000000e+00    1.0000000000e+00    0.0000000000e+00
   -1.8376264466e+06   -1.8059539071e+07   -3.9972825696e+07   -1.0531721754e+02   -5.0045875815e+02   -1.0062451217e+03    2.8560890000e+18    1.9403468161e-05    0.0000000000e+00    1.0000000000e+00    0.0000000000e+00
    3.5688636199e+07   -4.3847506667e+07    3.0098985945e+07    1.0082183535e+03   -1.3182489561e+03    8.6185498500e+02    2.8559110000e+18    1.9402258879e-05    0.0000000000e+00    1.0000000000e+00    0.0000000000e+00
    4.1009937963e+07   -3.9677985803e+07    3.1145122798e+07    1.1662657437e+03   -1.1945967199e+03    9.1017054018e+02    2.8559110000e+18    1.9402258879e-05    0.0000000000e+00    1.0000000000e+00    0.0000000000e+00
   -9.3367823657e+06    3.6279574759e+05   -2.8675951695e+07   -1.9747959717e+02   -5.8071692587e+01   -5.0819874758e+02    2.8559110000e+18    1.9402258879e-05    0.0000000000e+00    1.0000000000e+00    0.0000000000e+00
   -1.5474592802e+07    9.7685552224e+06   -2.0858072880e+07   -2.8012651325e+02    1.0897522144e+02   -3.0684773155e+02    2.8552590000e+18    1.9397829374e-05    0.0000000000e+00    1.0000000000e+00    0.0000000000e+00
   -1.3591921857e+07    5.2709092581e+06   -2.2359266675e+07   -2.4232785317e+02    2.2332387894e+01   -2.9884918862e+02    2.8552590000e+18    1.9397829374e-05    0.0000000000e+00    1.0000000000e+00    0.0000000000e+00
    3.2402015731e+07   -3.2685823761e+07    4.6945352023e+07    9.2770574346e+02   -9.9870307045e+02    1.3652929771e+03    2.8550880000e+18    1.9396667648e-05    0.0000000000e+00    1.0000000000e+00    0.0000000000e+00
    3.0162022749e+07   -4.2016178610e+07    1.3564336639e+07    7.8884732965e+02   -1.2042951027e+03    3.7838098407e+02    2.8550880000e+18    1.9396667648e-05    0.0000000000e+00    1.0000000000e+00    0.0000000000e+00
    1.3395583885e+07   -1.8209261277e+07   -3.8310563734e+07    3.2124956371e+02   -5.2274055409e+02   -9.6667142725e+02    2.8542680000e+18    1.9391096797e-05    0.0000000000e+00    1.0000000000e+00    0.0000000000e+00
   -6.6903573133e+05   -2.6846477129e+07   -1.4295593864e+06   -1.5572681670e+02   -4.1520417108e+02   -3.1426259822e+01    2.8536030000e+18    1.9386578974e-05    0.0000000000e+00    1.0000000000e+00    0.0000000000e+00
   -1.2840183941e+07    6.2696081850e+06    8.2134114707e+06    1.0185341820e+02   -1.6107663037e+02   -1.1963771368e+02    2.8536030000e+18    1.9386578974e-05    0.0000000000e+00    1.0000000000e+00    0.0000000000e+00
    2.3650633465e+07   -2.9925529418e+07   -1.8385954107e+07    5.4245721835e+02   -7.8374552689e+02   -4.6329569370e+02    2.8536030000e+18    1.9386578974e-05    0.0000000000e+00    1.0000000000e+00    0.0000000000e+00
   -1.3806444440e+07    1.0088223877e+07    4.0834708522e+07   -3.7533735534e+02    2.1574047400e+02    1.0446869616e+03    2.8534500000e+18    1.9385539535e-05    0.0000000000e+00    1.0000000000e+00    0.0000000000e+00
   -6.0331152422e+06    8.1300638946e+06    9.5049360745e+06    1.5119850578e+02   -2.7377198742e+02   -2.4901999392e+02    2.8534500000e+18    1.9385539535e-05    0.0000000000e+00    1.0000000000e+00    0.0000000000e+00
    2.3066993602e+07   -2.2756018615e+07   -9.7081831919e+06    4.3601995731e+02   -5.1828518516e+02   -2.0552158785e+02    2.8534500000e+18    1.9385539535e-05    0.0000000000e+00    1.0000000000e+00    0.0000000000e+00
    1.6320288549e+07   -3.2723912898e+07   -6.4632517090e+07    4.6008733603e+02   -1.0225920564e+03   -1.9369888705e+03    2.8534500000e+18    1.9385539535e-05    0.0000000000e+00    1.0000000000e+00    0.0000000000e+00
   -4.1367631944e+05   -8.8887864650e+06    1.2498326862e+07   -9.4112125184e+01    5.3471891255e+01   -2.9049750121e+02    2.8519520000e+18    1.9375362543e-05    0.0000000000e+00    1.0000000000e+00    0.0000000000e+00
    2.2061562142e+06   -1.3416390677e+07    1.3817290548e+07   -9.1692235763e+01   -7.8296837210e+01   -6.2733680391e+01    2.8519520000e+18    1.9375362543e-05    0.0000000000e+00    1.0000000000e+00    0.0000000000e+00
   -2.2380689603e+07    1.6410224865e+07   -5.2741673448e+07   -6.5878761634e+02    4.3867526665e+02   -1.5099398409e+03    2.8519520000e+18    1.9375362543e-05    0.0000000000e+00    1.0000000000e+00    0.0000000000e+00
   -1.5582712452e+07    9.5352994723e+06   -5.9542423494e+07   -4.6980528038e+02    2.4297346763e+02   -1.7236614799e+03    2.8519520000e+18    1.9375362543e-05    0.0000000000e+00    1.0000000000e+00    0.0000000000e+00
   -3.7582030188e+07    3.5637114813e+07    1.5422294614e+07   -1.0629084434e+03    9.6585898257e+02    4.3102233849e+02    2.8518190000e+18    1.9374458978e-05    0.0000000000e+00    1.0000000000e+00    0.0000000000e+00
    1.0466761221e+07   -2.2107949407e+07    3.2298131925e+07    2.1206772661e+02   -5.9352202075e+02    7.6571112954e+02    2.8518190000e+18    1.9374458978e-05    0.0000000000e+00    1.0000000000e+00    0.0000000000e+00
   -1.3498570099e+07    4.5046666744e+05    2.2491493992e+07   -2.4364431153e+02   -6.4497451838e+01    2.8471832086e+02    2.8518190000e+18    1.9374458978e-05    0.0000000000e+00    1.0000000000e+00    0.0000000000e+00
   -5.5974771693e+06    1.6598523645e+07   -1.6035076666e+07   -7.3465171057e+01    1.7008561660e+02   -1.3522344151e+02    2.8518190000e+18    1.9374458978e-05    0.0000000000e+00    1.0000000000e+00    0.0000000000e+00
    4.9584754107e+07   -5.1004377699e+07    1.0486557081e+06    1.4429563072e+03   -1.5510547049e+03    3.0609824669e+01    2.8518190000e+18    1.9374458978e-05    0.0000000000e+00    1.0000000000e+00    0.0000000000e+00
   -3.1513043903e+05   -6.6811760200e+06    3.9307311233e+07   -4.5455993690e+01   -2.0207245785e+02    9.3740006616e+02    2.8511280000e+18    1.9369764517e-05    0.0000000000e+00    1.0000000000e+00    0.0000000000e+00
    2.5195160997e+07   -3.5561327231e+07    4.5080848209e+07    6.9621934697e+02   -1.0652553850e+03    1.3059395910e+03    2.8511280000e+18    1.9369764517e-05    0.0000000000e+00    1.0000000000e+00    0.0000000000e+00
   -2.9664628297e+07    2.9804198480e+07    3.9305991718e+07   -8.5834624084e+02    8.2072674725e+02    1.1133058535e+03    2.8511280000e+18    1.9369764517e-05    0.0000000000e+00    1.0000000000e+00    0.0000000000e+00
    4.2440535574e+07   -4.7344018196e+07   -8.6793364963e+06    1.2036131776e+03   -1.4139769500e+03   -2.4562546719e+02    2.8511280000e+18    1.9369764517e-05    0.0000000000e+00    1.0000000000e+00    0.0000000000e+00
   -3.1803912976e+07    3.3310860954e+07    1.7136524984e+07   -8.7294285456e+02    8.7237725727e+02    4.5407951481e+02    2.8511280000e+18    1.9369764517e-05    0.0000000000e+00    1.0000000000e+00    0.0000000000e+00
    4.0327997824e+07   -4.2834807687e+07   -2.6430726446e+07    1.1463580332e+03   -1.2855919793e+03   -7.6342732334e+02    2.8511280000e+18    1.9369764517e-05    0.0000000000e+00    1.0000000000e+00    0.0000000000e+00
   -4.5328480437e+07    4.3920222134e+07   -4.4480099360e+07   -1.3841551191e+03    1.3046525221e+03   -1.3366264704e+03    2.8511280000e+18    1.9369764517e-05    0.0000000000e+00    1.0000000000e+00    0.0000000000e+00
    1.3761806351e+07   -1.6679429861e+06   -7.9851889326e+07    4.0869804837e+02   -7.9273493239e+01   -2.4225095656e+03    2.8511280000e+18    1.9369764517e-05    0.0000000000e+00    1.0000000000e+00    0.0000000000e+00
   -1.1375251448e+07    9.1499955608e+06    3.3543761454e+07   -2.9627799805e+02    1.7168880459e+02    7.4165545522e+02    2.8510070000e+18    1.9368942477e-05    0.0000000000e+00    1.0000000000e+00    0.0000000000e+00
   -1.5038452192e+07    5.7561750982e+06   -6.8830528142e+06    6.5752476038e+01   -1.4424682947e+02    6.2754891428e+01    2.8510070000e+18    1.9368942477e-05    0.0000000000e+00    1.0000000000e+00    0.0000000000e+00
    2.4774079688e+06   -1.6323673063e+07    3.0546771831e+06   -1.5764460000e+02    9.4149939413e+01   -1.5473235261e+02    2.8510070000e+18    1.9368942477e-05    0.0000000000e+00    1.0000000000e+00    0.0000000000e+00
   -4.7993718367e+05   -4.2049992361e+05   -6.2122664769e+07   -2.8028250260e+01   -4.7732865759e+01   -1.7990413676e+03    2.8510070000e+18    1.9368942477e-05    0.0000000000e+00    1.0000000000e+00    0.0000000000e+00
    3.2228995671e+07   -3.4616019918e+07   -8.2965600962e+06    8.1843554280e+02   -9.6165839574e+02   -2.2227303979e+02    2.8510070000e+18    1.9368942477e-05    0.0000000000e+00    1.0000000000e+00    0.0000000000e+00
    2.2764157348e+07   -2.0246994033e+07   -4.1621836200e+07    6.1088173371e+02   -5.9812000571e+02   -1.1310596222e+03    2.8510070000e+18    1.9368942477e-05    0.0000000000e+00    1.0000000000e+00    0.0000000000e+00
   -3.9528025299e+06    5.7114463071e+05   -4.7402103451e+06    7.2531691556e+02   -3.4844619163e+02    1.0208585263e+03    2.8503050000e+18    1.9364173286e-05    0.0000000000e+00    1.0000000000e+00    0.0000000000e+00
   -5.5402679486e+06    3.4448798327e+06   -2.6076235768e+07   -1.0934871842e+02    1.3543172370e+00   -3.7229464371e+02    2.8503050000e+18    1.9364173286e-05    0.0000000000e+00    1.0000000000e+00    0.0000000000e+00
    3.0082606881e+07   -1.5414130373e+07   -1.5722397300e+07    6.7336043736e+02   -3.8208666904e+02   -3.4996646781e+02    2.8501960000e+18    1.9363432771e-05    0.0000000000e+00    1.0000000000e+00    0.0000000000e+00
    2.3325902283e+07   -2.5284961934e+07   -3.5795040289e+07    6.0490969051e+02   -7.2077256469e+02   -9.5359965370e+02    2.8501960000e+18    1.9363432771e-05    0.0000000000e+00    1.0000000000e+00    0.0000000000e+00
   -8.5624877692e+06    2.1624378934e+06    2.5167580197e+07   -1.6891219431e+02   -2.1001264784e+01    3.4453415089e+02    2.8486630000e+18    1.9353017998e-05    0.0000000000e+00    1.0000000000e+00    0.0000000000e+00
    2.1502298388e+07   -1.8160179083e+07    3.8874129534e+07    5.5341243411e+02   -5.1811368426e+02    1.0341777547e+03    2.8486630000e+18    1.9353017998e-05    0.0000000000e+00    1.0000000000e+00    0.0000000000e+00
    2.9762662274e+07   -3.4931424426e+07    2.4460621603e+07    7.7791362676e+02   -9.9375753515e+02    6.7431078193e+02    2.8486630000e+18    1.9353017998e-05    0.0000000000e+00    1.0000000000e+00    0.0000000000e+00
    5.1281602736e+06   -1.1451256357e+07    1.7689311042e+07   -3.6177178497e+01   -1.3845108406e+02    7.5402666628e+01    2.8486630000e+18    1.9353017998e-05    0.0000000000e+00    1.0000000000e+00    0.0000000000e+00
    2.1474265238e+07   -2.7278182519e+07    3.3934688275e+07    5.4874028023e+02   -7.7825617563e+02    8.9318691699e+02    2.8486630000e+18    1.9353017998e-05    0.0000000000e+00    1.0000000000e+00    0.0000000000e+00
    7.8886492931e+06   -1.6465751998e+07   -4.8492852083e+06   -1.2878428002e+02   -3.2534916577e+01    2.9874966314e+01    2.8486630000e+18    1.9353017998e-05    0.0000000000e+00    1.0000000000e+00    0.0000000000e+00
    1.6051772426e+07   -2.2067423013e+07   -1.6769045246e+07    2.5863491566e+02   -4.7686768328e+02   -3.2666385858e+02    2.8486630000e+18    1.9353017998e-05    0.0000000000e+00    1.0000000000e+00    0.0000000000e+00
   -4.0042764923e+07    3.5843517515e+07   -1.3253729266e+07   -1.1394898679e+03    9.7855212373e+02   -3.6916601176e+02    2.8486630000e+18    1.9353017998e-05    0.0000000000e+00    1.0000000000e+00    0.0000000000e+00
   -9.8947981773e+05    3.1895381862e+06   -1.1184026458e+07    4.1712743349e+01   -2.2757165565e+02    5.4399885775e+02    2.8486630000e+18    1.9353017998e-05    0.0000000000e+00    1.0000000000e+00    0.0000000000e+00
    9.7122712053e+06   -1.6460308185e+07   -5.6265863025e+07    2.4897791615e+02   -5.0604274381e+02   -1.6047241440e+03    2.8486630000e+18    1.9353017998e-05    0.0000000000e+00    1.0000000000e+00    0.0000000000e+00
   -1.3300553584e+07    9.6777461613e+06    2.3551909625e+07   -2.3678889875e+02    9.3039810201e+01    4.1037105345e+02    2.8485810000e+18    1.9352460913e-05    0.0000000000e+00    1.0000000000e+00    0.0000000000e+00
   -3.5418693772e+06    6.5727423742e+05    4.6089407882e+06    6.9904011100e+02   -3.6786048369e+02   -1.1106695434e+03    2.8485810000e+18    1.9352460913e-05    0.0000000000e+00    1.0000000000e+00    0.0000000000e+00
   -2.5596781585e+07    2.3556588360e+07   -1.5280316785e+06   -5.7297593380e+02    4.7478547619e+02   -2.3984471602e+01    2.8485810000e+18    1.9352460913e-05    0.0000000000e+00    1.0000000000e+00    0.0000000000e+00
   -2.2024967796e+07    1.5058183917e+07   -1.2103822999e+07   -4.1507756518e+02    2.0706256626e+02   -2.0567218959e+02    2.8485810000e+18    1.9352460913e-05    0.0000000000e+00    1.0000000000e+00    0.0000000000e+00
    2.4948200744e+07   -2.5669125394e+07    2.5421767680e+07    6.0740789553e+02   -6.9742975039e+02    6.3976967290e+02    2.8485810000e+18    1.9352460913e-05    0.0000000000e+00    1.0000000000e+00    0.0000000000e+00
    2.0157612033e+07   -3.3493337523e+07   -3.1571759931e+06    4.1219111245e+02   -8.4424833694e+02   -7.2218478175e+01    2.8485810000e+18    1.9352460913e-05    0.0000000000e+00    1.0000000000e+00    0.0000000000e+00
   -5.1103820039e+06   -7.3193838640e+06   -6.0792179709e+07   -1.6970265598e+02   -2.5305429156e+02   -1.7493784455e+03    2.8485810000e+18    1.9352460913e-05    0.0000000000e+00    1.0000000000e+00    0.0000000000e+00
