x1	x2	x3	v1	v2	v3	mass	rel_mass	water_fraction
-7468.565976404604 232.54458213950235 -87.42244022160887 -0.36582643823669997 0.017363385277118736 0.05529076590954444 1.8710546478799994e+21 0.9998135815023478 0.18634746433902646 
6460789.2434 -2409992.3187 12101232.747 166.86572448 -84.156092869 335.72282354 4.36198e+16 2.330860219e-05 1.0 
4765808.0447 -3494360.7335 8701015.917 105.55659005 -109.78192396 214.84613421 4.361783e+16 2.3307549504e-05 1.0 
8626131.584 -6836880.3008 -2404166.6048 205.82845352 -197.32305771 -61.357547742 4.360935e+16 2.3303018145e-05 1.0 
19984339.408 -9842500.4464 8184350.1677 590.98535522 -310.9322282 244.34712453 4.360871e+16 2.3302676156e-05 1.0 
5567360.0742 -6528544.7866 -5488633.2551 116.16871313 -183.09755925 -131.79052582 4.360421e+16 2.3300271544e-05 1.0 
2291454.0403 -4209171.9257 -7420911.1871 30.433831103 -119.86012873 -160.0842256 4.360229e+16 2.3299245576e-05 1.0 
7334362.17 -7065014.2605 2171595.4349 163.17104495 -198.2132945 50.678185101 4.360102e+16 2.3298566941e-05 1.0 
9358667.6428 -7374516.4928 -8062092.3114 248.26686394 -225.93494303 -222.47385058 4.360102e+16 2.3298566941e-05 1.0 
