x1	x2	x3	v1	v2	v3	mass	rel_mass	water_fraction
-9085.102235150209 -142663.28179464708 -23721.649269138856 0.005783845009647486 -5.076551378235395 -0.9794589656692779 1.4610450101200002e+23 0.9931323246580536 0.19176971814089866 
-23574590.087 -3966822.4095 40987285.395 -471.46743449 -174.62917824 827.07039101 6.681229e+18 4.5415058689e-05 1.0 
17452434.945 -154793.32711 39847927.658 341.64725833 -86.878216064 760.81485014 3.44188e+18 2.3395872556e-05 1.0 
39085488.084 -4995540.3362 -14006839.885 715.58608805 -194.40454334 -267.43807635 3.410728e+18 2.3184119612e-05 1.0 
35388289.312 -6648256.2373 -27650074.27 693.21605505 -225.54416841 -535.41930214 3.409678e+18 2.3176982331e-05 1.0 
32687564.306 -37483.984303 -36495270.152 670.29450418 -81.743582682 -759.07651734 3.400298e+18 2.3113222617e-05 1.0 
-33140589.907 2513121.456 39332506.652 -711.22723457 -21.132774369 835.82669407 3.380879e+18 2.2981223695e-05 1.0 
-6557378.8786 -6918479.9189 49053532.107 -130.09175045 -236.21841907 1019.6641176 3.375851e+18 2.2947046313e-05 1.0 
21446012.055 -3309086.2758 -41577037.312 428.42278715 -154.34978131 -836.35539927 3.364904e+18 2.2872635056e-05 1.0 
17062323.914 -10537718.593 35079012.451 294.30918124 -301.4958444 612.02006005 3.360961e+18 2.2845832865e-05 1.0 
23778063.426 -5190372.1861 38851977.605 455.77677204 -198.83223689 774.24947121 3.360961e+18 2.2845832865e-05 1.0 
45205129.047 4354525.031 -13787963.63 923.24308646 15.309533136 -279.77267381 3.360961e+18 2.2845832865e-05 1.0 
-1695861.9742 -10286275.054 50356192.261 -31.86137066 -312.05131918 1054.5292323 3.358996e+18 2.2832475953e-05 1.0 
48513243.753 628001.85759 35928115.277 1101.383089 -63.641306863 806.94028641 3.355082e+18 2.2805870886e-05 1.0 
-32029287.732 -7197252.9167 38244473.338 -665.12321927 -244.09656384 794.38469557 3.355082e+18 2.2805870886e-05 1.0 
42249464.479 658189.25484 35619146.815 925.92179515 -65.673866405 780.67880943 3.355082e+18 2.2805870886e-05 1.0 
-33577598.036 -9671270.1809 -24389742.099 -619.21145092 -289.89885036 -445.65111288 3.355082e+18 2.2805870886e-05 1.0 
21414687.688 -4344355.4736 58615759.691 488.63875321 -178.25384998 1337.8866928 3.353132e+18 2.2792615935e-05 1.0 
31602193.585 -6595968.2027 40410591.182 667.64062375 -232.16949679 851.81306172 3.353132e+18 2.2792615935e-05 1.0 
42366131.325 -7855319.2492 10825457.811 809.180651 -253.71809773 207.6485346 3.352159e+18 2.2786002054e-05 1.0 
43104700.041 -4853131.9085 -7860901.5846 823.7892262 -192.91762186 -156.94191502 3.351187e+18 2.2779394971e-05 1.0 
-1759675.285 -3542610.4403 47942759.292 -36.489973599 -166.59572811 977.35475131 3.349246e+18 2.2766201197e-05 1.0 
25511291.408 3516125.3043 59821152.504 588.58011772 10.146700174 1386.5441897 3.345379e+18 2.2739915609e-05 1.0 
25182554.718 -5862867.3595 -47013508.27 533.9140475 -212.58491971 -1013.0121122 3.345379e+18 2.2739915609e-05 1.0 
9861293.7445 2587680.0293 73943247.171 246.26466831 -6.5833024674 1772.6672398 3.343452e+18 2.2726816998e-05 1.0 
51592937.222 -7825950.8722 26693627.784 1151.9025496 -260.39609688 590.67949942 3.343452e+18 2.2726816998e-05 1.0 
64080910.055 8508156.6974 -46494433.721 1555.3913509 144.36007994 -1125.9410263 3.343452e+18 2.2726816998e-05 1.0 
-36027626.854 -2084498.0501 -40487112.342 -777.31123571 -128.76273963 -879.07502101 3.343452e+18 2.2726816998e-05 1.0 
-95062267.404 8826670.0624 -3948342.0247 -2369.0083 161.07628785 -96.962335359 3.341529e+18 2.2713745577e-05 1.0 
50608421.361 -3905644.1148 -37971614.913 1165.267452 -166.03415872 -860.57745088 3.341529e+18 2.2713745577e-05 1.0 
35502086.12002012 -7014613.8548684325 46542611.019330345 789.2133842420963 -242.16144575345393 1038.8047813415799 6.625361e+18 4.5035300938e-05 1.0 
-36768593.109 -6069404.18 25682787.948 -717.31120068 -219.23184256 497.50926039 3.339611e+18 2.2700708143e-05 1.0 
-40935593.982 -5284873.3068 26638112.234 -838.34361908 -202.69528952 549.45946075 3.339611e+18 2.2700708143e-05 1.0 
-88695599.745 9257018.62 -10015054.276 -2195.3742113 169.10968742 -245.62591927 3.338654e+18 2.2694203021e-05 1.0 
-79483961.302 -3275185.927 -1708483.4476 -1925.7526621 -149.27495251 -41.154226079 3.338654e+18 2.2694203021e-05 1.0 
62761383.596 2969360.7955 -61111903.413 1548.2387044 10.26690097 -1504.1821153 3.338654e+18 2.2694203021e-05 1.0 
10385739.729 1242539.2183 -52595569.914 229.99813463 -52.945937022 -1135.9368969 3.338654e+18 2.2694203021e-05 1.0 
-17724449.076 520746.81688 69519523.707 -417.20004804 -58.071274403 1650.6111043 3.337698e+18 2.2687704696e-05 1.0 
-30744735.325 1639158.8874 49273945.454 -690.47346285 -41.192060449 1097.9075222 3.337698e+18 2.2687704696e-05 1.0 
-5273142.0455 -8919253.4699 -44392899.415 -88.92886298 -280.13798714 -863.71062492 3.337698e+18 2.2687704696e-05 1.0 
42509857.627 -1904119.5298 28084553.1 891.54108548 -122.71958344 590.88318966 3.336742e+18 2.2681206371e-05 1.0 
74738109.833 23175199.522 -2177755.3308 1810.4193592 509.34495014 -53.224582479 3.336742e+18 2.2681206371e-05 1.0 
34174404.175 2834623.924 -56747727.575 796.0882274 -4.3572350439 -1320.2191698 3.336742e+18 2.2681206371e-05 1.0 
-1153448.6938 -4727286.4762 47352959.765 -27.378950747 -183.17100067 953.96968628 3.335788e+18 2.2674721641e-05 1.0 
2921722.9945 4526605.5573 81118192.742 70.632834741 45.565647353 1974.2706601 3.335788e+18 2.2674721641e-05 1.0 
45144234.957 -8968554.5352 39805121.823 1015.343043 -287.6150745 899.28725884 3.335788e+18 2.2674721641e-05 1.0 
-6550199.0106 8508707.7749 39079985.103 -117.01476339 83.705757565 714.63644278 3.335788e+18 2.2674721641e-05 1.0 
37327785.796 -6269530.8021 19180405.39 685.99856433 -222.59110562 362.26402964 3.335788e+18 2.2674721641e-05 1.0 
44052323.288 -5405470.4474 515412.65859 846.46104924 -203.07262668 12.725399182 3.335788e+18 2.2674721641e-05 1.0 
-23759944.391 -7150799.3837 33403633.14 -426.86521289 -237.34332407 606.86262295 3.334835e+18 2.2668243708e-05 1.0 
12909952.489 -5450249.2588 54308742.662 285.34855215 -205.66209596 1189.8015854 3.333883e+18 2.2661772573e-05 1.0 
-44096449.585 -4042228.979 29277912.165 -949.8041413 -175.38272003 618.13373954 3.333883e+18 2.2661772573e-05 1.0 
84421895.85 14456313.071 59045577.036 2121.7912485 307.22988439 1486.3796377 3.331983e+18 2.2648857493e-05 1.0 
44677765.203 -2588782.6819 9982884.4275 884.5033012 -142.27401434 202.54145019 3.331983e+18 2.2648857493e-05 1.0 
73609709.899 7528220.2945 20867962.208 1778.035869 116.28188161 497.734249 3.331983e+18 2.2648857493e-05 1.0 
56152144.471 -10797068.905 -18925064.343 1261.2633428 -331.31316217 -420.04847167 3.331983e+18 2.2648857493e-05 1.0 
-66405590.267 8574648.017 9509486.6002 -1559.7606254 133.35027374 218.29824636 3.331983e+18 2.2648857493e-05 1.0 
-77039483.358 11366443.65 18182480.84 -1870.7641646 215.0119248 441.60255184 3.331983e+18 2.2648857493e-05 1.0 
45716128.696 -5821766.042 -26601077.004 976.43980781 -214.27606175 -570.79994738 3.331983e+18 2.2648857493e-05 1.0 
63527889.567 6979039.2525 -43486367.649 1537.3037971 105.83036543 -1049.9278089 3.331983e+18 2.2648857493e-05 1.0 
6471774.1417 7771643.9192 -87671570.828 164.97538322 129.18392504 -2162.8769446 3.331983e+18 2.2648857493e-05 1.0 
-40913435.844 852866.15612 -47581346.779 -936.46502981 -56.482667306 -1088.945322 3.331983e+18 2.2648857493e-05 1.0 
2069774.4092 -2136874.8519 -62059850.804 43.505280164 -126.55477827 -1413.2988207 3.331983e+18 2.2648857493e-05 1.0 
17747040.682 -1055220.5744 55642136.993 394.58987581 -102.48902067 1241.8758041 3.330086e+18 2.2635962804e-05 1.0 
32571545.79 -3071102.9526 57976515.274 753.81401888 -146.03674116 1349.0212962 3.330086e+18 2.2635962804e-05 1.0 
-76904125.264 2948081.1223 -14288285.996 -1861.2498639 5.6771230691 -348.54538894 3.330086e+18 2.2635962804e-05 1.0 
78552917.468 24104659.169 -76909330.807 1991.5613504 559.04723813 -1947.350058 3.330086e+18 2.2635962804e-05 1.0 
-80211594.433 12975542.6 -30648910.548 -1977.0285668 261.78850429 -753.42332661 3.330086e+18 2.2635962804e-05 1.0 
-52653656.024 -9306908.6829 -16524471.527 -1148.5487619 -294.64556547 -360.37121912 3.330086e+18 2.2635962804e-05 1.0 
47809531.786 10966009.425 -71173652.207 1177.3091998 212.32971369 -1747.0016756 3.330086e+18 2.2635962804e-05 1.0 
32230904.453910045 1481942.4252526774 -47769382.933460936 711.2208543962896 -40.35290360696603 -1063.6310467646126 6.61945e+18 4.4995121442e-05 1.0 
85827737.655 9155373.8102 -40988069.127 2136.989501 169.37066094 -1023.2973372 3.32914e+18 2.2629532453e-05 1.0 
-109846361.66 27106312.411 4913215.8945 -2783.1367465 636.09182903 123.15218804 3.32914e+18 2.2629532453e-05 1.0 
-24777199.358 3165283.5935 -88935362.337 -616.01426456 15.216667147 -2207.0812964 3.32914e+18 2.2629532453e-05 1.0 
-119799522.71 34480240.019 -25426853.288 -3060.671223 832.51639261 -648.4471855 3.328194e+18 2.2623102103e-05 1.0 
-97538134.988 17464060.807 -25311682.659 -2447.9234373 385.19341055 -638.47998533 3.328194e+18 2.2623102103e-05 1.0 
-59892444.59 2828247.9107 58202483.043 -1463.7704119 3.0412555768 1423.9662993 3.327249e+18 2.2616678549e-05 1.0 
43861379.346 -3329550.4614 -4643500.7214 841.86576485 -156.158431 -94.207611372 3.327249e+18 2.2616678549e-05 1.0 
-75047948.758 3765245.6823 15922971.81 -1810.0791094 25.250963456 386.07749503 3.326306e+18 2.2610268591e-05 1.0 
-42492436.754 -7066569.1761 14030147.038 -822.00024143 -239.37354473 278.81011678 3.326306e+18 2.2610268591e-05 1.0 
105874041.18 29148279.83 -60658189.043 2702.5260386 694.18413684 -1548.7950932 3.326306e+18 2.2610268591e-05 1.0 
-136685726.53 36498291.639 -9857052.625 -3513.3535163 890.00276949 -256.59703372 3.326306e+18 2.2610268591e-05 1.0 
-75581408.534 5042968.8573 8420360.137 -1817.5949074 55.585689773 205.49654314 3.326306e+18 2.2610268591e-05 1.0 
-53190102.881 5720673.2147 -64559515.203 -1304.2703475 75.53347654 -1579.5190972 3.326306e+18 2.2610268591e-05 1.0 
14569404.386 -5581283.186 -36439811.253 250.30798972 -204.86792713 -631.70277609 3.326306e+18 2.2610268591e-05 1.0 
-32950536.428 -2227105.2722 -72653354.291 -795.0956031 -123.66704868 -1761.4941355 3.326306e+18 2.2610268591e-05 1.0 
-26277429.545 -6580516.9423 48224095.395 -578.32714399 -230.55226591 1043.4565261 3.324422e+18 2.2597462269e-05 1.0 
-72840142.842 6737715.017 61049655.534 -1817.4067332 104.44799966 1516.4874673 3.324422e+18 2.2597462269e-05 1.0 
-45796433.264 -896018.44391 36702734.185 -1023.7753607 -96.976832239 818.36792125 3.324422e+18 2.2597462269e-05 1.0 
73252982.947 -2016424.7678 -6937529.5471 1745.6709664 -119.56958572 -169.54991895 3.324422e+18 2.2597462269e-05 1.0 
-85757872.862 22484872.613 -41193311.306 -2147.6422816 509.32061036 -1026.1382412 3.324422e+18 2.2597462269e-05 1.0 
47974746.42 5131372.108 -97302761.643 1209.8154645 69.6464941 -2455.3551603 3.324422e+18 2.2597462269e-05 1.0 
-26229687.024 16840755.421 90847361.343 -647.60130413 362.32018403 2268.1856933 3.323481e+18 2.2591065905e-05 1.0 
39369020.306 19876959.405 52348019.632 931.82443157 413.3815121 1229.9946308 3.323481e+18 2.2591065905e-05 1.0 
46239542.405 -2366567.3994 9560020.5637 926.06055432 -141.11914677 193.10873944 3.323481e+18 2.2591065905e-05 1.0 
-26066321.925 24868616.97 -98228463.911 -655.24458649 572.82220323 -2473.1783775 3.323481e+18 2.2591065905e-05 1.0 
-6516328.7021 -9883398.6134 62512736.575 -144.04551421 -309.97872353 1429.9590758 3.322542e+18 2.2584683136e-05 1.0 
-52155502.693 22300980.53 56334041.458 -1266.1373172 493.58842374 1373.27234 3.322542e+18 2.2584683136e-05 1.0 
-104078479.21 19328235.91 -28674572.709 -2631.9658937 433.49897343 -725.0748914 3.322542e+18 2.2584683136e-05 1.0 
-67306216.501 -232733.73193 -17502098.596 -1582.1486197 -74.904675335 -417.70281142 3.322542e+18 2.2584683136e-05 1.0 
30753456.774 2825269.2995 -49750803.669 694.92905468 -11.72182872 -1111.0263604 3.322542e+18 2.2584683136e-05 1.0 
-14877207.207 6392658.1166 88783341.654 -369.95174288 94.736740485 2196.8173177 3.320666e+18 2.2571931194e-05 1.0 
58374917.635 32893437.887 94822879.319 1480.5298033 784.45627484 2409.3971427 3.320666e+18 2.2571931194e-05 1.0 
-36944146.585 17754259.744 68294525.411 -905.47869789 376.97660029 1655.7065949 3.320666e+18 2.2571931194e-05 1.0 
42787540.417 25791848.277 47248116.847 1009.074973 562.21075055 1115.3838724 3.320666e+18 2.2571931194e-05 1.0 
106252173.76 18107999.046 -35825846.233 2694.0303235 404.68398891 -907.12385279 3.320666e+18 2.2571931194e-05 1.0 
27773469.874 -4246222.5956 -58419760.76 647.26617861 -176.4907045 -1344.2106813 3.320666e+18 2.2571931194e-05 1.0 
34435364.122 36035197.453 94580094.395 870.16043433 861.05337766 2385.4097375 3.31786e+18 2.2552857659e-05 1.0 
-75179324.209 14180610.727 4288449.8909 -1815.4136322 285.11595218 109.52294837 3.31786e+18 2.2552857659e-05 1.0 
-34335871.77 -1591234.0086 -27840767.38 -658.04409008 -118.25341895 -536.89562183 3.31786e+18 2.2552857659e-05 1.0 
61995319.76 -3056735.3932 38778511.492 1477.330066 -144.55188789 917.23115432 3.316927e+18 2.2546515674e-05 1.0 
67378142.474 6239469.8221 59290.064839 1579.1395942 80.551715994 -2.3489950612 3.316927e+18 2.2546515674e-05 1.0 
2836989.039 4682515.6714 -45674637.605 61.367238899 17.448307302 -916.03018743 3.316927e+18 2.2546515674e-05 1.0 
-17562395.355659254 7815778.863466826 69871562.48541299 -417.3705141269742 120.37167860461228 1662.4663288360623 6.618117e+18 4.4986060494e-05 1.0 
32839601.885 21924441.14 68031890.105 795.37450702 472.45478501 1649.7307531 3.315994e+18 2.254017369e-05 1.0 
-31403702.918 1831059.9375 71013605.822 -747.24807637 -26.730977386 1718.719394 3.315994e+18 2.254017369e-05 1.0 
100819049.58 20314754.773 2701764.0917 2532.7043808 455.58189079 67.821015889 3.315994e+18 2.254017369e-05 1.0 
38294615.825 7328813.0998 -48674552.232 871.2424297 102.99678369 -1121.3332684 3.315994e+18 2.254017369e-05 1.0 
1628915.6885 15209950.802 50414530.102 25.159119018 267.404546 1088.6841242 3.315063e+18 2.2533845301e-05 1.0 
74013665.333 15146266.241 53535614.449 1843.3831716 318.38729457 1327.0217268 3.315063e+18 2.2533845301e-05 1.0 
-58225236.34 15510329.879 20030043.131 -1343.7465601 302.90998299 471.90390847 3.315063e+18 2.2533845301e-05 1.0 
82797210.441 23193805.309 -51953010.941 2076.8859966 530.11936858 -1304.083399 3.315063e+18 2.2533845301e-05 1.0 
-53471065.935 31391806.653 -82830136.197 -1345.3544812 739.16113997 -2082.7846619 3.315063e+18 2.2533845301e-05 1.0 
-7653414.0898 24971838.851 -91720078.88 -193.66257787 569.30647118 -2285.5582709 3.315063e+18 2.2533845301e-05 1.0 
-34351440.722 -482602.44158 -32461072.892 -690.52129781 -95.660683098 -653.98805056 3.315063e+18 2.2533845301e-05 1.0 
-1252248.0902 -4441309.5882 -53272479.359 -27.021127685 -181.7408987 -1141.3470535 3.315063e+18 2.2533845301e-05 1.0 
-10732766.4 463175.0437 -39590514.596 -182.68576819 -82.490180821 -729.14043881 3.314132e+18 2.2527516911e-05 1.0 
11030977.974 -1228794.778 57249597.177 252.17973396 -106.75185613 1275.1764891 3.313203e+18 2.2521202116e-05 1.0 
29341178.332 -5852578.1677 32635971.659 557.5173441 -211.97534885 626.52327657 3.313203e+18 2.2521202116e-05 1.0 
-84291262.556 13173192.222 -63523533.501 -2124.6212418 275.24853991 -1606.8211055 3.313203e+18 2.2521202116e-05 1.0 
-18657399.981 12846142.105 -49306026.518 -405.85296146 216.65740874 -1079.49317 3.313203e+18 2.2521202116e-05 1.0 
-9001925.9777 13043262.036 -65203716.623 -216.1212367 244.02808758 -1528.9476046 3.313203e+18 2.2521202116e-05 1.0 
43137259.128 18296873.788 -107676847.49 1095.4494867 410.03014651 -2736.2657561 3.313203e+18 2.2521202116e-05 1.0 
3811934.0373 6295486.4346 40543696.976 68.739566863 37.79852965 752.04109909 3.312764e+18 2.2518218053e-05 1.0 
-41942594.769 6448656.3798 -23598342.843 -860.8914921 58.460106686 -493.46182645 3.311347e+18 2.2508586122e-05 1.0 
-30356178.142 11004198.584 93856300.876 -757.65434219 214.42632888 2348.2194127 3.309494e+18 2.2495990519e-05 1.0 
77187458.254 14296039.472 19393151.974 1878.9214851 286.14529301 468.15733509 3.309494e+18 2.2495990519e-05 1.0 
71747141.183 -8417781.2122 6641745.3854 1701.2422699 -276.30792416 160.51641393 3.309494e+18 2.2495990519e-05 1.0 
-84554754.279 18958171.915 46143785.766 -2112.0078279 417.63803166 1159.1656921 3.309494e+18 2.2495990519e-05 1.0 
-89660801.059 6987975.3783 28964146.883 -2230.4341309 111.65704741 718.92839803 3.309494e+18 2.2495990519e-05 1.0 
-64580669.895 3144716.4271 -33894740.181 -1538.4004336 5.8499319344 -808.33205909 3.309494e+18 2.2495990519e-05 1.0 
20132301.508 21280459.905 -91242488.498 500.21866884 475.87790732 -2275.5086981 3.309494e+18 2.2495990519e-05 1.0 
60165803.053 14576841.472 -3804340.8518 1384.2340204 279.19544403 -85.195087026 3.308601e+18 2.2489920431e-05 1.0 
8581344.5916 18325419.091 80738420.385 205.37054122 388.14080573 1975.4410343 3.307646e+18 2.2483428904e-05 1.0 
69367565.97 23012831.944 82786042.1 1754.1402321 528.03333796 2095.1536844 3.307646e+18 2.2483428904e-05 1.0 
40373078.277 13456196.667 28120111.467 856.43871561 225.54851369 600.48198345 3.307646e+18 2.2483428904e-05 1.0 
-24760437.973 14325887.129 41607228.671 -527.25390435 241.65424369 883.32991279 3.30758e+18 2.2482980275e-05 1.0 
94843189.627 22718989.397 52348028.599 2402.0249818 519.72574922 1318.4267529 3.306723e+18 2.2477154894e-05 1.0 
56005252.53362319 14019490.219930623 27732339.170655385 1294.4393768622497 262.5084479359839 647.2010979396348 6.609312e+18 4.4926209291e-05 1.0 
66471120.357 4924660.2729 -21943860.811 1571.8605831 48.59888624 -519.79256415 3.306723e+18 2.2477154894e-05 1.0 
-60881043.528 27297671.054 -46283602.435 -1480.4764123 613.23474469 -1132.1092932 3.306723e+18 2.2477154894e-05 1.0 
-44902104.901 -9968876.718 -20338460.185 -926.20671708 -305.59126731 -422.10409754 3.306723e+18 2.2477154894e-05 1.0 
-13183646.029 12169177.253 -67052797.271 -313.07616423 227.77043649 -1580.6112549 3.306723e+18 2.2477154894e-05 1.0 
-45595196.232 6742705.1004 -49348832.577 -1067.5485486 89.996122649 -1152.9235123 3.306723e+18 2.2477154894e-05 1.0 
-8082878.4184 12975964.401 54341338.012 -165.59236126 226.55521148 1211.775945 3.306567e+18 2.2476094498e-05 1.0 
-3025457.5324 -9157836.8083 54093520.163 -64.840417889 -290.81627743 1167.3980898 3.305801e+18 2.2470887681e-05 1.0 
32212963.378 13734515.246 74207839.539 778.15397046 273.75335997 1815.376831 3.305801e+18 2.2470887681e-05 1.0 
-39169315.311 22740358.271 53776121.247 -927.32743345 490.26337252 1281.0788113 3.305801e+18 2.2470887681e-05 1.0 
-15623998.053 8592270.2505 44204083.43 -311.27285754 102.45036828 910.91590401 3.305562e+18 2.24692631e-05 1.0 
-36427721.166 4981216.9919 -15912720.462 -658.08365387 7.4705991881 -285.39276367 3.305562e+18 2.24692631e-05 1.0 
-30144456.398 3312648.0423 -31090609.021 -581.18552427 -25.922847944 -595.54640034 3.305562e+18 2.24692631e-05 1.0 
-67287817.592 4957806.2771 43885251.476 -1632.356585 52.963071994 1067.7529442 3.30488e+18 2.2464627266e-05 1.0 
57032120.157 -3979195.0454 -3763231.1171 1261.9206277 -172.13616611 -68.838062304 3.30488e+18 2.2464627266e-05 1.0 
-18269542.833 1982189.7259 58779657.744 -410.70976486 -30.822547836 1346.3631103 3.304564e+18 2.2462479284e-05 1.0 
28103742.647 5832749.3645 28542387.212 514.42268655 27.951381524 515.59557415 3.304564e+18 2.2462479284e-05 1.0 
40624390.545 -4762535.4006 13221105.228 758.32987914 -189.00559402 249.38938084 3.30396e+18 2.2458373648e-05 1.0 
68464744.829 121507.4235 14054384.269 1611.4166838 -68.26385275 337.18717753 3.30396e+18 2.2458373648e-05 1.0 
-84381044.988 13328251.435 37037958.881 -2098.4106809 274.21506469 923.58525211 3.30396e+18 2.2458373648e-05 1.0 
-50609142.823 -11410987.291 13611571.603 -1080.242739 -341.93258805 284.16629801 3.30396e+18 2.2458373648e-05 1.0 
-32613840.111 19149388.099 -66074166.433 -781.72376395 405.89074782 -1593.0521589 3.30396e+18 2.2458373648e-05 1.0 
-26741930.006 7285261.3019 -92457593.871 -664.5838627 119.11865487 -2307.221464 3.30396e+18 2.2458373648e-05 1.0 
33651680.087 18074710.465 42369651.339 762.32410067 345.34523741 938.92186202 3.303573e+18 2.245574305e-05 1.0 
38532875.185 4854770.0699 77907915.938 953.2225749 54.205468486 1912.3856496 3.303041e+18 2.2452126827e-05 1.0 
24762320.017 19308886.354 -59695512.923 586.96359322 400.04405231 -1401.5785461 3.303041e+18 2.2452126827e-05 1.0 
-41543782.032 11635670.885 37413481.087 -938.5094386 197.35236586 827.59612601 3.302589e+18 2.2449054397e-05 1.0 
-36849344.918 3298086.4613 32957854.662 -769.0992872 -9.9217940292 690.74730943 3.302589e+18 2.2449054397e-05 1.0 
51554140.631 15108099.644 10702993.002 1138.2218461 273.55540317 227.57301857 3.302589e+18 2.2449054397e-05 1.0 
52748704.565 -5941579.135 35064578.405 1203.8013317 -216.37664916 807.72940166 3.302123e+18 2.2445886804e-05 1.0 
-50947339.429 38094156.314 102561273.24 -1295.0700872 922.10769397 2613.7018896 3.302123e+18 2.2445886804e-05 1.0 
105870863.24 21582645.68 16988348.103 2675.0232316 489.86213762 430.16674422 3.302123e+18 2.2445886804e-05 1.0 
-109009610.71 17435161.24 66976465.082 -2789.6909321 389.62097969 1710.4507119 3.302123e+18 2.2445886804e-05 1.0 
-48590660.074 -445190.02486 32499735.54 -1079.1419804 -90.341345644 732.34708785 3.302123e+18 2.2445886804e-05 1.0 
67939443.789 8703116.1753 -7497816.3313 1599.9724828 136.60746032 -168.85475356 3.302123e+18 2.2445886804e-05 1.0 
-17347826.116 -6543031.587 -39743960.373 -327.1404611 -226.4976619 -750.48537862 3.302123e+18 2.2445886804e-05 1.0 
-17699924.439 -8123834.6396 -57307957.559 -403.87625322 -267.21722815 -1286.2470294 3.302123e+18 2.2445886804e-05 1.0 
34516842.534 19237832.288 -38691194.433 766.99720951 376.07004215 -851.60706039 3.301612e+18 2.2442413327e-05 1.0 
-11837001.646 -1067452.6113 -58069060.487 -257.70470104 -105.11449923 -1310.0077515 3.301612e+18 2.2442413327e-05 1.0 
-47591288.653 -11313508.556 -30214802.831 -1046.5326783 -341.33065496 -664.22367957 3.301206e+18 2.2439653578e-05 1.0 
33360396.717 11136851.952 76739835.39 820.01976276 210.5580043 1881.8202515 3.300642e+18 2.2435819838e-05 1.0 
65608586.915 35349965.548 384516.6976 1577.0246597 812.37868508 4.6154295646 3.300642e+18 2.2435819838e-05 1.0 
54852511.977 7289337.4233 10156178.859 1217.6837536 94.004873578 226.16619021 3.300642e+18 2.2435819838e-05 1.0 
-42683181.255 15868509.649 -30772300.763 -941.76373808 287.65082654 -675.51179143 3.300642e+18 2.2435819838e-05 1.0 
52513692.92 17317291.555 -15284798.023 1173.5919447 326.45559059 -345.55663046 3.298721e+18 2.2422762012e-05 1.0 
36955614.888 11101162.788 -10657028.719 670.96854259 131.10877316 -186.26935623 3.298721e+18 2.2422762012e-05 1.0 
-15814501.226 3948210.4287 -36939998.745 -277.64529345 -21.666395172 -673.45788392 3.298721e+18 2.2422762012e-05 1.0 
15832451.533 11325243.414 -44592100.7 334.93712841 168.15286072 -924.23033589 3.298721e+18 2.2422762012e-05 1.0 
-11934185.268 16944297.171 113587841.35 -305.87667726 373.34385388 2882.21349 3.29846e+18 2.2420987888e-05 1.0 
-14500146.402 7717780.5191 65839692.732 -345.40139494 115.74000429 1547.000038 3.29846e+18 2.2420987888e-05 1.0 
47781208.252 6593170.9765 -21484352.232 1029.091503 68.079991017 -463.44993648 3.29846e+18 2.2420987888e-05 1.0 
-57319007.418 17557869.742 -51185777.971 -1386.9939798 363.43946078 -1244.3023608 3.29846e+18 2.2420987888e-05 1.0 
-38834800.293 1241931.6451 -39146574.623 -840.02607126 -54.028128629 -861.70199595 3.29846e+18 2.2420987888e-05 1.0 
21748084.852 -2755665.8382 -75433013.657 525.45153866 -136.82779464 -1821.3903068 3.29846e+18 2.2420987888e-05 1.0 
-6003459.6702 3823121.9819 -90169132.975 -144.81301249 30.180760064 -2230.0881848 3.29846e+18 2.2420987888e-05 1.0 
-5841879.2411 24583386.886 43327586.785 -114.86186749 473.20099801 916.36671671 3.296826e+18 2.2409880918e-05 1.0 
-52938461.844 33567391.879 44742715.888 -1276.5510314 769.12691814 1089.4604227 3.296826e+18 2.2409880918e-05 1.0 
15611356.707 9514558.4871 46254863.266 317.06646185 127.52136146 974.13375448 3.296826e+18 2.2409880918e-05 1.0 
-58119765.1 20273830.455 22572709.112 -1363.5128194 419.53606472 516.20678706 3.296826e+18 2.2409880918e-05 1.0 
65288605.08 12031685.433 13114587.097 1535.0204765 217.34096121 308.13513163 3.296826e+18 2.2409880918e-05 1.0 
-42778595.047 4088765.6847 -5367351.3949 -826.32633894 -6.6897432537 -78.211724656 3.296826e+18 2.2409880918e-05 1.0 
-39963396.796 16688522.317 -39477777.572 -899.74266558 312.44972464 -888.40333226 3.296826e+18 2.2409880918e-05 1.0 
28437913.312 14705443.066 -51112146.908 638.71072265 276.13769267 -1169.0130645 3.296633e+18 2.2408569018e-05 1.0 
12995350.421 6751504.3504 -53584741.747 284.83994314 76.91380862 -1177.5874602 3.296633e+18 2.2408569018e-05 1.0 
-13746908.819 28448715.488 64302695.304 -328.13001821 629.71020309 1531.695963 3.295888e+18 2.2403504947e-05 1.0 
-43209442.814 22641681.522 39811570.878 -994.49683436 471.77185131 923.94887526 3.295888e+18 2.2403504947e-05 1.0 
-45298097.004 13161527.228 23014962.939 -981.26880139 223.89866411 495.13479867 3.295888e+18 2.2403504947e-05 1.0 
-5443333.9474 20890857.018 68288079.596 -132.78047254 444.97329418 1628.3316314 3.294955e+18 2.2397162963e-05 1.0 
-53919550.237 5019181.2206 20086897.93 -1207.9370549 36.275526535 442.7477555 3.294955e+18 2.2397162963e-05 1.0 
46592742.102 -3148570.9854 -5689998.9396 931.7958617 -159.88394554 -111.61672787 3.294811e+18 2.2396184135e-05 1.0 
-35271740.165 13259538.907 -17200003.422 -660.81171645 180.90930978 -314.53053544 3.294811e+18 2.2396184135e-05 1.0 
25810712.097 1771090.1336 50302591.279 568.87718354 -39.585963899 1109.5302716 3.293901e+18 2.2389998491e-05 1.0 
-92193779.555 37151293.35 77516809.763 -2354.1743033 901.80132674 1981.8271554 3.293901e+18 2.2389998491e-05 1.0 
89801759.227 22594951.041 -13400930.283 2233.4825543 504.80855981 -332.01778051 3.293901e+18 2.2389998491e-05 1.0 
-38525053.45 23319634.26 58897670.023 -934.10406251 507.81573791 1411.8292515 3.293109e+18 2.2384614942e-05 1.0 
-25263980.012 15572274.244 45460412.766 -551.08222152 278.64404681 998.06079284 3.293109e+18 2.2384614942e-05 1.0 
-2641864.1199451103 20745512.901800267 77365186.85971971 -67.23665839777651 449.81051370577757 1883.34433126577 6.576442e+18 4.4702778395e-05 1.0 
14412214.174 13041448.255 43268698.38 295.88806819 203.62784556 886.70232275 3.293109e+18 2.2384614942e-05 1.0 
-65437605.534 30848854.65 10979229.492 -1565.0176137 694.26613754 268.72568329 3.293109e+18 2.2384614942e-05 1.0 
23519872.316 5268982.1804 43436337.402 489.29496307 34.375044202 910.7503261 3.293109e+18 2.2384614942e-05 1.0 
-72522201.322 30651873.419 -7296390.5445 -1760.9285659 696.93875059 -181.93277305 3.293109e+18 2.2384614942e-05 1.0 
-67387014.201 20685914.789 4502388.4901 -1602.9475724 441.46959085 105.67423461 3.293109e+18 2.2384614942e-05 1.0 
-85259154.129 30291218.677 -18141819.216 -2119.9435584 705.81818732 -448.97764684 3.293109e+18 2.2384614942e-05 1.0 
63158683.804 7543609.1824 2875890.4874 1459.6810195 102.19966296 82.19311181 3.293109e+18 2.2384614942e-05 1.0 
-35457341.068 16146977.731 -46925741.836 -810.83879735 309.38073772 -1069.5190878 3.293109e+18 2.2384614942e-05 1.0 
70063302.811 34371176.393 -29506241.564 1717.3213603 799.16091293 -722.5770312 3.293109e+18 2.2384614942e-05 1.0 
50515340.496 14452784.673 -32629685.979 1157.5846321 270.72457394 -754.03452826 3.293109e+18 2.2384614942e-05 1.0 
-33365518.368 17201915.582 -55674657.433 -792.78126593 346.2388281 -1300.2406741 3.293109e+18 2.2384614942e-05 1.0 
-2521619.7715 12882369.93 -60052187.396 -59.517659998 234.73893328 -1376.7032633 3.293109e+18 2.2384614942e-05 1.0 
66451434.847 12549278.416 -39791898.117 1616.7044221 239.41149439 -957.24411721 3.293109e+18 2.2384614942e-05 1.0 
53842294.037 17960730.439 -43607946.517 1286.4739155 367.97691654 -1035.6463804 3.293109e+18 2.2384614942e-05 1.0 
66298977.913 -1203175.7931 20830340.609 1560.17411 -100.78380374 485.17768303 3.292991e+18 2.2383812848e-05 1.0 
69853978.482 1560165.1624 20661024.714 1660.5632935 -35.823437659 495.57237897 3.292991e+18 2.2383812848e-05 1.0 
-41692830.454 8640513.8421 11806945.024 -819.18894612 93.227688649 220.41380825 3.292991e+18 2.2383812848e-05 1.0 
1096693.6093 21748945.742 -128697783.03 23.596867047 503.32986042 -3293.3479855 3.292991e+18 2.2383812848e-05 1.0 
-46477408.693 15243047.145 -103058377.12 -1177.8935048 328.74962612 -2611.8815945 3.292991e+18 2.2383812848e-05 1.0 
-22147577.992 18644548.342 -101880963.91 -560.74362212 412.65411124 -2565.2802313 3.292991e+18 2.2383812848e-05 1.0 
-51989123.078 11644098.638 -63817368.776 -1276.1644426 222.07435978 -1555.4442263 3.292991e+18 2.2383812848e-05 1.0 
19174081.684 24077631.272 76047522.576 467.01415168 536.23238604 1859.11448 3.292194e+18 2.2378395311e-05 1.0 
66568239.892 17783907.414 17017363.313 1581.1188581 363.6704438 414.26442418 3.292194e+18 2.2378395311e-05 1.0 
-58577090.094 16887453.744 -36505427.104 -1392.2133174 344.22216415 -869.43052225 3.292194e+18 2.2378395311e-05 1.0 
52526508.067 -3861703.5344 58101744.166 1264.0578973 -166.67530611 1404.3353617 3.292083e+18 2.2377640799e-05 1.0 
54905306.407 30184184.198 9049646.5785 1270.08922 658.23864185 204.61394472 3.292083e+18 2.2377640799e-05 1.0 
26779829.967 -3077718.7399 -37066806.795 539.96104605 -159.01736569 -725.83428205 3.291284e+18 2.2372209667e-05 1.0 
-23735017.905 21498429.204 104292334.02 -600.76268112 486.19831549 2633.6757251 3.290269e+18 2.2365310295e-05 1.0 
112616046.74 16473227.928 53764147.87 2876.4243069 362.81976764 1372.7696421 3.290269e+18 2.2365310295e-05 1.0 
-61637181.182 10027365.781 -43993820.993 -1488.8513241 175.91019128 -1053.8828948 3.290269e+18 2.2365310295e-05 1.0 
13958060.036 4613578.7035 -76965817.704 336.16857291 43.750112427 -1859.7996044 3.290269e+18 2.2365310295e-05 1.0 
85104148.277 10048576.689 -6928213.7708 2090.3686744 183.35062838 -170.97547557 3.289364e+18 2.2359158638e-05 1.0 
40772537.662 14024014.855 -58784228.835 968.09596796 271.68762835 -1404.4272373 3.289364e+18 2.2359158638e-05 1.0 
-28366163.227 12523345.29 60645654.326 -678.23315258 231.79978889 1425.7870626 3.2877e+18 2.2347847747e-05 1.0 
-17237210.494 16613227.792 34078578.775 -300.28294315 250.47113192 654.14257554 3.2877e+18 2.2347847747e-05 1.0 
59082897.953 28444230.096 71027337.315 1469.1035726 659.79629363 1781.4506273 3.2877e+18 2.2347847747e-05 1.0 
48835581.335 27630639.047 64215817.479 1199.1019738 628.61073967 1579.0801687 3.2877e+18 2.2347847747e-05 1.0 
-70841324.467 25520395.403 21514015.317 -1718.6498922 570.47762416 520.72978226 3.2877e+18 2.2347847747e-05 1.0 
84340785.146 27528825.015 43085593.182 2109.2959879 637.07097626 1079.339631 3.2877e+18 2.2347847747e-05 1.0 
62167521.125 23450262.654 31675505.15 1493.2282816 509.48684496 750.6667272 3.2877e+18 2.2347847747e-05 1.0 
-52892622.639 8587266.783 -8022129.7911 -1152.4515042 116.58398044 -180.99448635 3.2877e+18 2.2347847747e-05 1.0 
85022088.124 14485395.827 -22414353.629 2104.4830186 296.15861153 -548.12018373 3.2877e+18 2.2347847747e-05 1.0 
37481308.973 18100022.027 -33286545.48 811.35266895 337.30939537 -728.85008273 3.2877e+18 2.2347847747e-05 1.0 
-17007731.623 15325924.892 -66533984.072 -396.63300587 304.53904602 -1577.1970614 3.2877e+18 2.2347847747e-05 1.0 
-2015990.7715 16043302.163 -38942016.541 -32.694385968 245.1438721 -737.04059138 3.2877e+18 2.2347847747e-05 1.0 
53451887.615 23448705.345 -40025758.16 1268.3750545 504.94293066 -959.33892754 3.2877e+18 2.2347847747e-05 1.0 
37023010.586 29015291.287 -62772808.461 890.38563689 657.05593986 -1529.1285434 3.2877e+18 2.2347847747e-05 1.0 
-4023869.5946 38023211.852 -80556399.94 -98.322039011 899.42298832 -1993.5728193 3.2877e+18 2.2347847747e-05 1.0 
-20388500.951 -7293503.5919 36807665.601 -373.89360889 -239.10519315 681.21082777 3.287555e+18 2.2346862122e-05 1.0 
-58518137.225 -1726324.2381 67520688.93 -1442.8696355 -110.66120653 1664.4662483 3.287555e+18 2.2346862122e-05 1.0 
56110916.248 12283312.765 -50309302.078 1347.1452606 235.00951819 -1213.7758933 3.287555e+18 2.2346862122e-05 1.0 
16293675.346 24687900.213 58184770.74 375.80882999 526.59086637 1357.1124791 3.285939e+18 2.2335877506e-05 1.0 
-85171537.732 7475721.4337 9930337.6734 -2093.5249659 116.10393804 242.34023328 3.285939e+18 2.2335877506e-05 1.0 
-296828.80626 12539235.966 49559170.247 5.2005925432 205.83521348 1055.6903767 3.285939e+18 2.2335877506e-05 1.0 
-80647681.717 32168962.906 22199605.616 -1995.9711223 745.85834306 548.11159033 3.285939e+18 2.2335877506e-05 1.0 
64132159.177 10400965.22 14714079.362 1501.9119607 176.7662924 340.53034065 3.285939e+18 2.2335877506e-05 1.0 
-117273430.84 31162111.033 -48324815.349 -3002.0883475 746.92069364 -1237.8001292 3.285939e+18 2.2335877506e-05 1.0 
-50187158.677 5600251.6775 -7531792.5131 -1066.5658074 40.796616894 -148.9689597 3.285939e+18 2.2335877506e-05 1.0 
40404232.649 3804631.9841 -66449641.124 973.70780331 23.183987416 -1607.5153621 3.285939e+18 2.2335877506e-05 1.0 
1069632.6793 14896120.705 -64447978.855 22.296728785 287.02944633 -1506.9136917 3.285939e+18 2.2335877506e-05 1.0 
30518746.417 23654102.253 -63642734.971 738.94344143 514.23160097 -1525.6937732 3.285939e+18 2.2335877506e-05 1.0 
11346337.681 -5517209.6643 58897469.782 252.9003523 -206.89866601 1323.522349 3.28575e+18 2.2334592795e-05 1.0 
-28118155.83 -4881107.4568 59316234.939 -649.0349446 -192.3548314 1371.9196437 3.284848e+18 2.2328461531e-05 1.0 
-60645587.136 26720448.053 84344192.746 -1529.2546414 620.30047441 2127.2218636 3.284848e+18 2.2328461531e-05 1.0 
-28788823.764 -8672590.2013 33251288.209 -545.17145748 -270.42199556 641.90959361 3.284848e+18 2.2328461531e-05 1.0 
56544069.887 15086809.787 -48792411.733 1358.8586647 297.62936366 -1178.0761229 3.284848e+18 2.2328461531e-05 1.0 
48257464.117 -3415663.3833 -36476895.716 1086.749114 -155.77491844 -826.10413301 3.284848e+18 2.2328461531e-05 1.0 
-60469834.79 18114799.35 -70923344.676 -1503.3198483 390.05893271 -1768.5010258 3.284848e+18 2.2328461531e-05 1.0 
-42926508.796 18721083.002 49659082.882 -1011.0401924 381.07047547 1167.6105654 3.284197e+18 2.2324036416e-05 1.0 
12770019.761 1296298.6502 58199203.038 295.0784649 -52.94849433 1307.4087811 3.283948e+18 2.2322343861e-05 1.0 
54450401.54 12107998.584 -82427254.229 1360.8422935 241.68941536 -2063.4386344 3.283948e+18 2.2322343861e-05 1.0 
-57043169.359 10306577.848 38486375.089 -1345.4788253 175.68995222 916.14793406 3.283333e+18 2.2318163453e-05 1.0 
36745041.925 19291975.588 -37014994.586 812.91034054 366.76641834 -816.84966397 3.283333e+18 2.2318163453e-05 1.0 
48998084.512 27643725.575 -89012334.207 1234.7141244 644.91991679 -2241.7980158 3.283333e+18 2.2318163453e-05 1.0 
6239757.8746 18528362.294 -69542019.637 144.77937314 384.85380616 -1659.1599879 3.283333e+18 2.2318163453e-05 1.0 
