x1	x2	x3	v1	v2	v3	mass	rel_mass	water_fraction
7251920.222862723 56877262.66609436 -40873.327608331616 229.85671417476885 1436.6819769719402 -0.4768276842873919 7.150021135400001e+22 0.4885479418616609 0.0982275311499634 
-7251224.069281285 -57178064.43948249 -42747.0784258812 -232.46537131310717 -1442.358851578029 -0.693606795174287 7.0994371609e+22 0.48509163087605206 0.17350680972168162 
1350271.9044884753 -22378365.234221134 -1588335.7254655748 17.10910813873841 -737.9558949571378 -40.90305099413142 3.33238366e+20 0.0022769571554599995 0.18028553770995362 
209578.15028870385 -3613828.4150211797 2559293.2662898484 -3.3883465573145064 -113.24568572614069 67.20494060851307 3.05200836e+20 0.0020853818116219995 0.16547239077637957 
-1173082.3482023247 21107234.213188898 4936784.5326875495 -20.308462356643233 703.1703712914825 131.0262919504546 1.03154515e+20 0.000704836042339 0.09237938833758164 
8685.139080422623 309282.4907996011 5742313.569273657 2.7934233514864806 -24.043752693139783 148.2680081557024 5.9479733e+19 0.00040641419919100003 0.053108005713659236 
1012681.8149739105 -15639582.737612026 -2658754.458819798 23.059104497136325 -513.1408348343879 -70.39092838974011 5.0249604e+19 0.00034334640624199996 0.06308525336836485 
-792426.93401 23953625.73 9944591.9052 24.398342453 776.4815067 255.73117274 3.7259932e+19 0.00025459033963 0.0 
607341.13012 -3327278.7567 -2103841.4284 35.615401351 -121.03359153 -48.525484692 2.7918139e+19 0.00019075956687 0.0 
474932.14951262024 -12754108.823526014 -1869478.0664123585 -0.046715051505474295 -424.78534125733154 -73.57133784811029 5.3628437e+19 0.00036643335768800003 0.11744185272716523 
625928.7641105724 -8464584.414818099 871110.2737207372 14.846457452571899 -255.0238852153661 17.63620581225432 3.1626601e+19 0.00021609881333600002 0.09873618729852836 
-3861219.3087 17599038.662 -1779241.9553 -69.181165644 567.89582966 -33.658875411 1.8836267e+19 0.00012870478703 0.0 
2069963.2297 -24937108.323 -6099981.4308 8.6693395209 -792.47487385 -255.02287232 1.8680851e+19 0.00012764285777 0.0 
-1284359.497 26653162.611 3370858.1325 -16.158260203 909.46049711 81.691188005 1.8658578e+19 0.00012749067041 0.0 
-449846.5224208193 10303665.949395552 8607491.346759211 -8.52332030105909 334.7971423823455 268.6126197615773 2.1826577e+19 0.000149137031473 0.14607430198514407 
1607493.5105 -1478549.441 -2641029.4457 53.801779836 -68.694294289 -31.789100957 1.2515875e+19 8.5518697862e-05 0.25145561137 
314429.4588 9556692.3578 -801111.0781 17.3539818 293.61144948 -18.190280519 9.499905e+18 6.4911123306e-05 0.0 
-1391327.6154 2951031.6633 2482760.8591 -48.240152381 67.568925136 74.655586117 9.499905e+18 6.4911123306e-05 0.0 
4091884.7393 19268585.186 -2202428.5558 128.23124537 636.86815648 -43.817784829 9.479724e+18 6.4773230203e-05 0.0 
2697111.9898 17532276.199 -4509246.3794 91.089192411 581.45899303 -101.88828194 9.460897e+18 6.4644588736e-05 0.0 
-1185858.8432582542 4611171.961411432 -2015436.1339360634 -23.92008605620701 130.91452494621004 -51.459663228106436 3.1301054e+19 0.00021387440988200002 0.10071434016247505 
-6190526.2117 19199088.665 -1934115.9874 -181.43307952 601.99820864 -30.627914085 9.443493e+18 6.4525670369e-05 0.0 
1395049.4987 -27138957.541 -1355770.0614 18.464384535 -895.80157561 -39.245098352 9.437178e+18 6.4482521122e-05 0.0 
1921708.2636 23097523.73 8609926.2672 72.03487069 761.97530079 275.3236155 9.381529e+18 6.4102281625e-05 0.0 
-6296327.4061 19407686.658 -3516131.4557 -95.903141385 605.23345528 66.897954505 9.359031e+18 6.3948556882e-05 0.0 
-1108187.8611 25457174.707 6013593.4034 11.289724012 843.31930092 147.80073777 9.357427e+18 6.3937597042e-05 0.0 
4434411.4948 -28922902.916 -6821543.8875 107.36719329 -925.38663978 -164.42539435 9.336409e+18 6.379398487e-05 0.0 
783477.6874 -5468267.233 5071960.3227 68.007662379 -110.63532476 245.07006754 9.333166e+18 6.3771826041e-05 0.0 
-1263487.9377 6143602.1279 -7945960.02 0.86627271585 179.46894125 -315.11004383 9.32184e+18 6.3694437543e-05 0.0 
697788.76821 5930711.0084 -7715532.1064 43.499211584 188.95473613 -278.50625833 9.320172e+18 6.3683040402e-05 0.0 
3837193.353 336634.26164 -2910112.7135 94.196237457 12.469840698 -44.441003065 9.320172e+18 6.3683040402e-05 0.0 
-1208721.275 9718101.4347 2598706.9939 -32.995421246 299.0563375 77.635064152 9.313658e+18 6.3638531424e-05 0.0 
1594720.0728 -27277136.722 3400821.3541 -53.718426331 -883.63287506 231.66490197 9.305559e+18 6.358319243e-05 0.0 
-10626844.921052586 27295162.201758213 2730947.7775925854 -146.1849539438504 832.6397017738286 -91.29764763641828 2.1652953e+19 0.000147950690257 0.1444461639943522 
8569043.562 -19734656.93 38353788.786 193.03853113 -535.84887251 825.33929074 9.282654e+18 6.3426686731e-05 0.0 
-8693840.6137 21752498.318 -373198.06159 -200.42504 680.65800474 23.131696998 9.279371e+18 6.3404254589e-05 0.0 
1714335.3912 -11888990.703 -3786939.7354 6.6571538133 -404.13289205 -128.19363765 9.279371e+18 6.3404254589e-05 0.0 
5561596.0705 15238525.024 4396783.3271 95.814360828 471.12073848 -32.443125387 9.276085e+18 6.3381801948e-05 0.0 
-2324968.9689 15543866.424 -4154391.9934 -41.548248301 508.84807734 -53.588001737 9.267766e+18 6.3324959734e-05 0.0 
-123740.61581 -23999758.983 38986119.225 -10.391466405 -655.86671662 832.22316096 9.262915e+18 6.3291813733e-05 0.0 
-1584122.7114 13932483.539 -5155552.8998 -1.7442699531 421.32418879 -126.93550394 9.256313e+18 6.3246703468e-05 0.0 
-327578.18126 -26426416.01 1983829.8031 2.4362864206 -850.33583157 214.35179949 9.256313e+18 6.3246703468e-05 0.0 
-453250.8469 3765219.2974 -3216456.6822 -3.7268661 111.3393005 -123.59417613 9.254555e+18 6.3234691373e-05 0.0 
-6922372.6434 3820545.9947 -20683156.899 -151.68353758 111.40877192 -368.04062024 9.247933e+18 6.3189444452e-05 0.0 
1215836.8998 10475756.674 -7645904.4699 70.025905834 330.71778616 -284.4179116 9.234655e+18 6.3098718292e-05 0.0 
-7602683.156848247 22820430.8698331 5078720.523133572 -113.03283963723369 700.1931689636077 -47.98209090768839 2.1584921e+19 0.000147485839974 0.14619752372501155 
-9982894.57 18535589.659 20205368.474 -207.1375141 526.28507478 339.57316289 9.227999e+18 6.3053239055e-05 0.0 
1371957.7723 17440911.613 5304127.1979 51.477547132 592.85389707 148.88890463 9.221332e+18 6.3007684656e-05 0.0 
-144546.17281 25616952.7 11729080.194 80.475938764 815.33110738 350.39812185 9.211309e+18 6.293919932e-05 0.0 
3028895.7791 -26648623.086 8962579.7452 101.91557496 -849.86614214 314.44554374 9.20126e+18 6.287053633e-05 0.0 
-7503273.753 -1940635.175 14785669.422 -161.44540623 -51.708079855 218.29038619 9.18782e+18 6.2778703254e-05 0.0 
2719168.4091 -25969396.225 -6316912.1306 18.696815704 -813.44497253 -203.33827794 9.18782e+18 6.2778703254e-05 0.0 
8431151.0756 -37748971.451 -38336712.688 184.86294396 -994.35277192 -793.50169295 9.181083e+18 6.2732670558e-05 0.0 
18758190.521 -11751533.834 61433715.252 458.11110658 -311.58175455 1449.9027164 6.336507e+18 4.3296200037e-05 1.0 
17174281.596 -33838903.448 51436697.508 404.44108181 -874.17404476 1165.2998446 6.322479e+18 4.3200349264e-05 1.0 
17107148.732 -30921441.054 44413175.839 398.53448354 -812.92018177 978.54989392 6.321818e+18 4.3195832771e-05 1.0 
18942796.122 -61282469.111 -70415626.792 459.07817043 -1544.6972686 -1683.8083371 6.275792e+18 4.2881345483e-05 1.0 
10364902.916 -93119864.371 19685540.559 197.18900535 -2214.962379 397.29197992 6.252573e+18 4.2722694278e-05 1.0 
2946060.6208 -8254812.8975 -3856645.3444 -9.522531319 -281.17371373 -168.13179499 3.216872e+18 2.1980301388e-05 1.0 
-1296327.7889 4318409.2251 -4116405.1354 -5.8179004586 143.92691524 -142.8549754 3.215814e+18 2.1973072266e-05 1.0 
3674640.2613 -17715446.636 -7500856.8141 -12.957108571 -575.12475882 -264.51541839 3.21476e+18 2.1965870476e-05 1.0 
4982417.9156 -46181906.316 -38437164.036 95.980938577 -1189.3387333 -768.47180371 3.21476e+18 2.1965870476e-05 1.0 
13778967.232 -26601090.514 17377632.853 268.95236816 -766.42850413 263.88835612 3.21266e+18 2.1951521557e-05 1.0 
5279785.9353 -21865411.807 -10390350.5 16.868060068 -692.63997244 -314.88085252 3.210571e+18 2.19372478e-05 1.0 
-1852967.6289 -18941456.069 48830080.232 -44.174922777 -506.21271862 1102.4774619 3.210571e+18 2.19372478e-05 1.0 
382605.96638 -7422836.0839 51812523.694 8.3900335056 -203.50348297 1193.1079642 3.210571e+18 2.19372478e-05 1.0 
1731705.3181 -13455180.579 -6837461.8467 -49.003844462 -445.89315256 -239.88537828 3.208494e+18 2.1923056037e-05 1.0 
-286368.46194 18654284.347 7761875.4775 -68.785343814 592.71444164 300.58163312 3.208494e+18 2.1923056037e-05 1.0 
24483387.293 -27867904.939 -2107568.7818 493.75849908 -807.28269232 59.882498689 3.206427e+18 2.1908932602e-05 1.0 
14827743.616335073 -15470593.992920592 62949701.71603386 364.0811191703126 -402.86499276885866 1486.200520916483 6.344492e+18 4.3350760089e-05 1.0 
21570683.367 6029189.502 11137945.942 471.51310852 172.42035409 149.78961223 3.204372e+18 2.1894891161e-05 1.0 
8811351.7082 14237260.479 11699081.212 179.74902907 413.38217982 138.27064923 3.204372e+18 2.1894891161e-05 1.0 
9726561.6707 -19401648.599 -1650963.8167 219.24804467 -534.14183383 -0.45126649662 3.203348e+18 2.1887894355e-05 1.0 
-1783262.4804 12225530.048 4459452.9644 -54.60918194 387.23456475 117.18692326 3.202327e+18 2.1880918048e-05 1.0 
4962746.2657 -25235092.947 -22841945.812 88.897661545 -725.46830954 -385.83985556 3.202327e+18 2.1880918048e-05 1.0 
-11817022.309 339639.04052 -58510049.286 -288.63941222 -3.0602189158 -1375.7771765 3.200293e+18 2.1867020095e-05 1.0 
-663111.32543 -23939016.998 -35743628.644 -16.185517551 -661.32075662 -735.63614772 3.200293e+18 2.1867020095e-05 1.0 
-3372088.5265 71373239.818 -39239379.752 -61.783134266 1757.7943322 -819.15619083 3.198269e+18 2.1853190471e-05 1.0 
-265364.41039 -18186426.653 -1962941.2747 -14.34816281 -613.93858885 -61.069009926 3.196256e+18 2.1839436009e-05 1.0 
8859904.9799 -31326588.744 -2810960.0002 127.29631875 -1012.3220616 -78.468590086 3.196256e+18 2.1839436009e-05 1.0 
15870882.497 -14244404.646 35881536.117 366.58462137 -393.98467004 767.92556575 3.196256e+18 2.1839436009e-05 1.0 
10686017.999 34740376.235 34825103.612 249.57033712 919.83878983 688.02672094 3.196256e+18 2.1839436009e-05 1.0 
12545591.745 -6343785.5871 58512723.109 306.42545414 -173.39961232 1370.9558379 3.194253e+18 2.1825749874e-05 1.0 
-24410946.459 18889415.794 -78169524.569 -613.82208378 477.50826974 -1908.7773417 3.194253e+18 2.1825749874e-05 1.0 
2099041.5349 -3633483.2314 -49350009.942 49.564886914 -108.50567908 -1126.7144315 3.194253e+18 2.1825749874e-05 1.0 
-4121599.1098 16479091.271 -63375685.656 -98.089353237 413.14449561 -1502.7640548 3.193255e+18 2.1818930721e-05 1.0 
4551392.1914 98045.061188 -15944836.551 40.453044087 -12.88580987 -428.16610177 3.19226e+18 2.1812132067e-05 1.0 
19936001.527 -32180965.506 34305826.424 448.35264266 -866.04116511 710.91552251 3.19226e+18 2.1812132067e-05 1.0 
328754.53173 18770427.305 7321934.3696 -10.106471384 627.96191059 193.20558756 3.19226e+18 2.1812132067e-05 1.0 
5789720.0361 -30799597.003 -5363411.6932 107.98169063 -974.40497793 -144.32512837 3.19226e+18 2.1812132067e-05 1.0 
25264740.086 -11800487.569 -54616190.61 618.42529509 -314.30902003 -1275.5067639 3.19226e+18 2.1812132067e-05 1.0 
307654.615243371 7815342.043499029 3829690.5487700347 -1.7085399183631191 233.5309022415268 121.86027050424036 6.32604e+18 4.3224680929e-05 1.0 
-16075319.952 37109691.182 -35011124.014 -351.07566856 957.90889377 -710.60576429 3.190276e+18 2.1798575756e-05 1.0 
-292051.87087 27972874.311 -65712110.694 -8.0026852199 712.51006052 -1569.4308478 3.190276e+18 2.1798575756e-05 1.0 
117751.03418 14381643.841 4076472.7126 5.9740901243 472.33535613 118.79613583 3.186338e+18 2.1771668118e-05 1.0 
-4964557.8119 21047731.032 4130432.3645 -172.66238843 663.10934746 167.96347939 3.184383e+18 2.1758309959e-05 1.0 
-3056184.3208 -15039906.468 -5158054.8392 -93.176725837 -503.59216872 -180.09688996 3.184383e+18 2.1758309959e-05 1.0 
2994305.8335 18065838.787 -46095677.261 69.193402479 468.65833355 -1029.3511002 3.184383e+18 2.1758309959e-05 1.0 
3569075.3152 -9915224.1293 -7713923.5362 1.0305450165 -325.35839844 -287.29042176 3.18341e+18 2.1751661627e-05 1.0 
-4386110.2123 -15062066.231 87366736.188 -112.55606144 -388.45138886 2145.2282499 3.18341e+18 2.1751661627e-05 1.0 
8251740.1724 34293024.574 61229241.05 209.19099125 870.43740484 1437.0929669 3.182438e+18 2.1745020127e-05 1.0 
18724546.111 34420324.512 -76193525.937 475.5213261 872.79038145 -1847.9317371 3.182438e+18 2.1745020127e-05 1.0 
-10595212.882 -29171830.799 -34111423.732 -247.25880832 -794.57935808 -681.72246549 3.182438e+18 2.1745020127e-05 1.0 
14449981.351 53204932.801 -55810811.356 361.27507821 1338.1267885 -1284.4145701 3.181469e+18 2.1738399127e-05 1.0 
7006439.6734 24258550.919 -32263237.778 163.57525398 651.97759995 -646.03367343 3.181469e+18 2.1738399127e-05 1.0 
21778710.104 -25327958.806 237492.15545 424.59080765 -740.62478201 -110.11646627 3.180502e+18 2.1731791791e-05 1.0 
16352834.851 -8075108.352 5113774.6074 328.1159556 -253.74729487 14.096893017 3.180502e+18 2.1731791791e-05 1.0 
24664001.615 10036170.889 50149532.527 601.75312047 251.14312613 1159.6456653 3.180502e+18 2.1731791791e-05 1.0 
-5190037.605 6570670.838 41243591.23 -121.55084205 160.29689246 907.05534223 3.180502e+18 2.1731791791e-05 1.0 
-2903954.6584 43265433.47 36320842.77 -43.70917871 1117.9459907 710.0227548 3.180502e+18 2.1731791791e-05 1.0 
-19728133.866 -18577588.262 41051682.455 -473.53676432 -492.69629684 898.75975457 3.180502e+18 2.1731791791e-05 1.0 
11640759.004 -39985641.104 -23664390.418 204.13525155 -1076.9763322 -366.30159786 3.180502e+18 2.1731791791e-05 1.0 
16867310.847 -37386463.041 -47755965.113 389.60087685 -959.68287744 -1061.6021911 3.180502e+18 2.1731791791e-05 1.0 
21644598.155 45135447.835 46384743.235 518.70346147 1145.0536927 1024.3497372 3.178574e+18 2.1718618118e-05 1.0 
5569687.4436 27926106.902 73411766.156 144.54206787 710.50227031 1768.4401884 3.178574e+18 2.1718618118e-05 1.0 
12230253.945 -27655747.91 64157290.612 298.26699311 -711.71312815 1514.5396721 3.178574e+18 2.1718618118e-05 1.0 
9782881.2008 870524.92291 -7314578.3518 189.05959553 11.728299019 -39.946483817 3.176656e+18 2.1705512773e-05 1.0 
27134023.097 -35693101.506 22990688.204 595.6947995 -967.1436009 425.81104787 3.174746e+18 2.169246209e-05 1.0 
-199678.52137 3111792.9871 6749499.0519 -0.74374527356 53.604608183 190.07612701 3.174746e+18 2.169246209e-05 1.0 
4905474.1344 -32548027.251 33702675.909 100.32624178 -882.8026589 664.82098498 3.174746e+18 2.169246209e-05 1.0 
13931868.888 -41387507.876 -33584651.026 289.58378238 -1087.2893333 -654.35319253 3.174746e+18 2.169246209e-05 1.0 
15309618.958 -57768626.638 -43317593.956 341.26991271 -1452.43029 -926.48745418 3.174746e+18 2.169246209e-05 1.0 
18325648.507 3219500.8344 48732778.517 444.97587967 74.428208976 1112.6544489 3.171898e+18 2.1673002224e-05 1.0 
18623529.686 -3419302.7922 -55373386.532 456.58975128 -99.632206967 -1292.1510587 3.171898e+18 2.1673002224e-05 1.0 
9373262.8713 -39947588.173 -43526910.689 204.97127836 -1026.9701711 -928.28933715 3.171898e+18 2.1673002224e-05 1.0 
13108846.569 -17340379.702 64289267.651 324.68680819 -446.57334344 1518.8968496 3.170952e+18 2.1666538378e-05 1.0 
18299918.583 -9797525.9604 -28048.061977 366.70355208 -303.99728656 102.34572844 3.170952e+18 2.1666538378e-05 1.0 
1337588.6115 -9489863.0455 985466.68243 -36.52368522 -304.6855354 20.503654124 3.170009e+18 2.1660095031e-05 1.0 
18309819.4 26377343.798 63947985.339 457.65599496 666.53266999 1516.2985392 3.170009e+18 2.1660095031e-05 1.0 
21079624.933 -60225172.417 42322024.368 473.30525439 -1504.7579982 913.60471955 3.170009e+18 2.1660095031e-05 1.0 
-9798330.7962 -34402442.898 -77774161.982 -246.39406401 -891.0715894 -1884.3202395 3.170009e+18 2.1660095031e-05 1.0 
-2706946.9742 27785487.018 3767422.6112 -32.340288434 954.67062907 107.32067412 3.169068e+18 2.1653665349e-05 1.0 
8486117.1992 -25571060.538 -80411897.712 211.9255005 -658.23098745 -1952.4735203 3.169068e+18 2.1653665349e-05 1.0 
-569900.38054 -23980895.901 -64384549.418 -18.552636428 -616.69087777 -1515.88743 3.169068e+18 2.1653665349e-05 1.0 
10889258.631 -39088473.594 -45838058.409 244.67405029 -1009.7470822 -995.90174177 3.169068e+18 2.1653665349e-05 1.0 
19772485.796 -54689526.48 -65977127.767 475.83665651 -1382.7806133 -1563.5021009 3.169068e+18 2.1653665349e-05 1.0 
5117561.0925 16592337.75 76446517.691 132.87229012 414.75672935 1849.9569525 3.168129e+18 2.1647249332e-05 1.0 
694861.00747 55145620.864 -57564151.938 31.082531923 1389.7938532 -1326.741768 3.167192e+18 2.1640846982e-05 1.0 
2747805.688 -11035509.194 -79256069.891 70.855039354 -292.90740653 -1923.1856395 3.167192e+18 2.1640846982e-05 1.0 
1625479.318 -35119495.435 -26707105.546 11.798365653 -970.1638584 -444.02019008 3.167192e+18 2.1640846982e-05 1.0 
20408568.111 40227992.721 -63712759.144 511.79628718 1018.8899871 -1506.4382795 3.165325e+18 2.162809011e-05 1.0 
-22850562.697 -45133432.979 -35008757.061 -520.68747906 -1165.1142495 -702.54298373 3.165325e+18 2.162809011e-05 1.0 
18952013.516 -23400453.8 37929905.047 436.75554363 -631.10719139 817.53595252 3.163465e+18 2.1615381069e-05 1.0 
17816323.706 2185817.7334 873010.02601 347.16754788 39.746625625 23.603078076 3.163465e+18 2.1615381069e-05 1.0 
-8854554.6356 -86168687.264 13651628.062 -215.38294338 -1968.7757458 216.64059613 3.163465e+18 2.1615381069e-05 1.0 
-9369325.3838 54985779.579 -27953235.922 -155.20704387 1379.0105458 -454.39388972 3.163465e+18 2.1615381069e-05 1.0 
12856219.758 -20500088.08 -86080946.143 324.97128001 -532.57651719 -2105.1984368 3.163465e+18 2.1615381069e-05 1.0 
-5373438.9889 -32614819.213 -78869952.524 -138.73498105 -830.93075887 -1908.2114528 3.163465e+18 2.1615381069e-05 1.0 
17189769.737 -20034052.065 -34461600.947 394.38685865 -542.36039306 -719.22470402 3.163465e+18 2.1615381069e-05 1.0 
14485417.305 -57325006.736 -71876944.817 349.75059796 -1445.3633283 -1723.2725752 3.163465e+18 2.1615381069e-05 1.0 
-3790883.0675 -23574147.626 -71019928.51 -93.417076195 -617.64305005 -1704.3444054 3.163217e+18 2.161368653e-05 1.0 
-654231.69295 -250345.81738 18143329.718 -13.057446531 3.6245865981 300.05949854 3.162129e+18 2.1606252424e-05 1.0 
-15215129.735 33739089.269 -15617841.949 -270.07820319 945.96001062 -190.53149794 3.162129e+18 2.1606252424e-05 1.0 
3733150.0268 20430437.749 3146660.9824 56.917271554 637.59204829 -90.177044464 3.161613e+18 2.1602726689e-05 1.0 
20748348.574 -25359871.868 -4968152.4932 408.04525357 -743.31805304 6.5597477254 3.161613e+18 2.1602726689e-05 1.0 
41298001.354 28550576.448 -58875897.276 1031.3694302 725.18310634 -1400.259896 3.161613e+18 2.1602726689e-05 1.0 
10623188.663 -78512362.982 -43412265.562 234.49518893 -1941.7661855 -957.03771454 3.161613e+18 2.1602726689e-05 1.0 
-8595849.9276 -26295222.04 -2513577.082 -99.605770177 -823.40203632 -153.13922815 3.161045e+18 2.1598845649e-05 1.0 
13017095.313 12301767.164 3360602.8729 218.78101646 353.82929142 89.833237605 3.16069e+18 2.1596419998e-05 1.0 
-227761.24 -63218170.001 41249484.095 -22.648451988 -1576.4382533 849.11273367 3.16069e+18 2.1596419998e-05 1.0 
2213671.3683 -14343518.339 -1693468.3677 22.733656706 -472.28663727 -12.831645224 3.16069e+18 2.1596419998e-05 1.0 
-3271982.8324 68209331.676 -28586768.6 -24.673023263 1643.7026336 -478.034487 3.16069e+18 2.1596419998e-05 1.0 
5696819.1518 52119367.116 -46705927.374 144.98388008 1316.9263471 -1015.6173179 3.16069e+18 2.1596419998e-05 1.0 
15560458.972 -42412310.946 -57654313.393 371.89487657 -1091.0586761 -1331.0153243 3.16069e+18 2.1596419998e-05 1.0 
-37511454.468 -43934410.533 -40365229.213 -904.62820675 -1116.0373618 -894.97908305 3.159963e+18 2.1591452539e-05 1.0 
-2409118.5985 4106232.5122 8649514.1316 20.77592113 139.31938391 295.36513567 3.159963e+18 2.1591452539e-05 1.0 
14672824.33 12714113.809 -67551064.831 368.61665239 319.01810975 -1610.3635568 3.15885e+18 2.1583847613e-05 1.0 
1181751.6569 -45108070.444 -56626188.231 23.41622044 -1158.4408082 -1297.2209833 3.15885e+18 2.1583847613e-05 1.0 
24654816.07 7676451.104 31045431.762 579.92448406 193.43462572 655.69922714 3.157933e+18 2.1577581919e-05 1.0 
-15192717.577 15440311.792 65523836.851 -372.11880261 392.27484988 1558.253834 3.157933e+18 2.1577581919e-05 1.0 
18762436.353 60153615.141 -30105251.932 404.63414909 1481.130373 -527.63093554 3.157933e+18 2.1577581919e-05 1.0 
10061039.964 -67777837.409 -31030956.159 175.50718459 -1630.9637321 -577.70295481 3.157933e+18 2.1577581919e-05 1.0 
15443173.574 -49100715.411 48005668.403 355.12591517 -1250.1133226 1056.4874623 3.157018e+18 2.157132989e-05 1.0 
15702298.325 24466630.099 85293331.476 402.34323611 616.90497263 2087.8803345 3.156104e+18 2.1565084694e-05 1.0 
15704890.884 -25032366.459 53680256.374 377.6940854 -652.96507357 1229.3101947 3.156104e+18 2.1565084694e-05 1.0 
-5574178.7524 -3471745.8539 115943837.63 -137.69828435 -97.487750115 2904.3759724 3.156104e+18 2.1565084694e-05 1.0 
-19470684.508 34220727.007 36565789.816 -435.34106723 892.52791405 762.18654899 3.155662e+18 2.1562064589e-05 1.0 
-9110170.0871 -23881557.412 68346468.978 -224.45663164 -622.72420262 1633.3079402 3.155662e+18 2.1562064589e-05 1.0 
-7711361.5304 -9389904.9813 63493074.349 -189.48790002 -255.97853725 1507.7837102 3.155662e+18 2.1562064589e-05 1.0 
17967664.607 30971575.466 16509682.335 354.85166453 878.53593311 219.86363849 3.155193e+18 2.1558859997e-05 1.0 
19082378.007 9587332.0125 46088045.097 461.28986803 243.23056283 1043.6064609 3.155193e+18 2.1558859997e-05 1.0 
-2885426.117 9063965.0087 70048043.922 -66.755299116 223.33569323 1684.418515 3.155193e+18 2.1558859997e-05 1.0 
37598761.926 -17193525.812 -39611227.787 912.62428913 -461.72911308 -891.70253286 3.155193e+18 2.1558859997e-05 1.0 
12111677.703 -68032569.191 -29600625.825 211.11775735 -1632.5952979 -548.59804485 3.155193e+18 2.1558859997e-05 1.0 
230895.08048 71706698.595 36705432.648 29.754920914 1746.0691992 738.94948873 3.154283e+18 2.1552642132e-05 1.0 
-14191005.538 4773343.6355 -40629832.818 -340.6504742 112.77778215 -897.94696886 3.153528e+18 2.1547483355e-05 1.0 
-34106182.653 2615113.0736 -19911372.113 -806.86082058 76.87803883 -386.57858157 3.153528e+18 2.1547483355e-05 1.0 
4264714.5963 -5425376.5843 -5056520.5303 9.2578971638 -191.65038868 -194.03705967 3.15247e+18 2.1540254233e-05 1.0 
26662695.728 40466548.417 51757585.318 651.43434007 1022.8439356 1184.4740211 3.15247e+18 2.1540254233e-05 1.0 
5838956.3699 -39880834.921 81542905.013 143.80386853 -1016.1241937 1981.445555 3.15247e+18 2.1540254233e-05 1.0 
-10885409.138 78499149.281 -38545675.047 -230.11882538 1925.0049986 -825.7651881 3.15247e+18 2.1540254233e-05 1.0 
13507032.586 1335405.8729 -86261170.079 344.75294723 25.521523638 -2112.1202398 3.15247e+18 2.1540254233e-05 1.0 
5675540.1199 -55700340.613 -65552063.402 132.40152448 -1407.8619897 -1544.8208044 3.15247e+18 2.1540254233e-05 1.0 
17028486.247 -83317711.833 -20703780.833 328.69539534 -1977.320547 -397.4821331 3.15247e+18 2.1540254233e-05 1.0 
362467.0789 -5616591.9912 -5364621.1619 22.140423496 -167.82688724 -157.84453489 3.152465e+18 2.1540220069e-05 1.0 
-15892091.498 51387840.897 80201485.852 -388.33915118 1301.325045 1957.7021214 3.152465e+18 2.1540220069e-05 1.0 
-13566441.768 -12109117.094 -4440233.1176 -266.85793712 -358.78493158 26.024637766 3.151404e+18 2.1532970449e-05 1.0 
-4908335.246 -29906939.264 -8835361.1435 3.9694583124 -945.75804062 -205.21512759 3.150346e+18 2.1525741327e-05 1.0 
-25735380.434 123770365.58 -3834858.3136 -610.27442442 3070.1955601 -95.521761149 3.150346e+18 2.1525741327e-05 1.0 
-7831390.6109 7157509.8439 10705484.823 -100.00236016 238.17858306 328.80778515 3.150346e+18 2.1525741327e-05 1.0 
1579157.1113 -12957974.756 -2520378.6309 30.340455391 -393.60598176 -151.05480825 3.14929e+18 2.1518525871e-05 1.0 
-24376596.813 42778646.748 48683793.91 -566.37829686 1087.8264961 1097.1642809 3.14929e+18 2.1518525871e-05 1.0 
-11811299.724 -53188183.895 44780114.738 -282.30440504 -1351.3481656 954.49013775 3.14929e+18 2.1518525871e-05 1.0 
-3028151.7764 43470554.198 62422964.024 -62.493182011 1105.3212101 1461.5522932 3.14929e+18 2.1518525871e-05 1.0 
-17577040.282 -5451545.9792 75432972.755 -439.95061836 -147.59801636 1829.2893794 3.14929e+18 2.1518525871e-05 1.0 
-23399751.218 48053477.976 -81747214.847 -576.23360461 1216.3469493 -1996.1907299 3.14929e+18 2.1518525871e-05 1.0 
-27180584.533 22519621.96 -52382124.299 -656.70129364 578.92035427 -1211.2279175 3.14929e+18 2.1518525871e-05 1.0 
-45990768.27 73034107.295 -42598791.771 -1102.2904641 1816.6826022 -992.50550203 3.14929e+18 2.1518525871e-05 1.0 
-13189055.461 47590573.274 -23597348.418 -213.95343267 1239.0625029 -348.98161381 3.14929e+18 2.1518525871e-05 1.0 
-15160573.129 59459842.568 49586738.48 -342.90116404 1482.5650337 1113.9403504 3.148864e+18 2.1515615091e-05 1.0 
-3125321.3895 23916781.253 96517277.444 -73.051571442 604.88940464 2384.893308 3.148864e+18 2.1515615091e-05 1.0 
-3243017.9549 30228148.559 3310212.0183 -172.40805974 1014.3633364 29.707563107 3.148864e+18 2.1515615091e-05 1.0 
-20723.26695 -84012647.713 32258273.755 -26.255997321 -2027.7924009 660.39808326 3.148864e+18 2.1515615091e-05 1.0 
-9469654.7386 26894314.081 -42408945.175 -210.81893234 697.63853893 -917.25419468 3.148864e+18 2.1515615091e-05 1.0 
-12915430.475 62312424.602 87022437.401 -313.04934698 1575.7236594 2143.5903731 3.147967e+18 2.1509486053e-05 1.0 
18321724.915 -26172444.394 99181671.609 462.6851332 -663.90659008 2455.8939387 3.147967e+18 2.1509486053e-05 1.0 
15437013.293 53837895.09 -71098412.938 394.58266615 1352.1856124 -1710.1645146 3.147967e+18 2.1509486053e-05 1.0 
18017020.683 -76035186.124 -38862444.45 392.4046165 -1865.0057453 -837.58627959 3.147967e+18 2.1509486053e-05 1.0 
-20568741.575 31811607.165 22355967.108 -436.79020617 870.50822048 390.48619279 3.147187e+18 2.1504156455e-05 1.0 
-12827176.523 -3247229.4022 1589886.2555 -247.48842173 -87.247074222 -84.876573668 3.147187e+18 2.1504156455e-05 1.0 
5881069.0735 -3016411.6233 -15210190.578 65.443060787 -108.21963026 -417.2470948 3.147072e+18 2.1503370681e-05 1.0 
17937048.139 -623714.74649 50966022.221 435.92610266 -25.461521105 1172.2089872 3.147072e+18 2.1503370681e-05 1.0 
21007221.015 31064983.993 65874082.302 528.03868084 780.67396533 1565.3747541 3.147072e+18 2.1503370681e-05 1.0 
-19374195.029 66554707.498 39666476.237 -424.51861693 1637.86812 852.9521646 3.147072e+18 2.1503370681e-05 1.0 
16213525.271 -43952782.363 66199328.824 395.0260288 -1120.1490234 1568.6040333 3.147072e+18 2.1503370681e-05 1.0 
-2043577.5171 51517875.684 38768807.239 -39.18100599 1313.0082344 775.15408223 3.147072e+18 2.1503370681e-05 1.0 
71850.246024 75531164.689 -28517061.631 40.087656573 1786.9525511 -524.31114724 3.147072e+18 2.1503370681e-05 1.0 
23350477.985 -2260827.9771 -63653685.763 580.75766166 -73.232080187 -1517.260749 3.147072e+18 2.1503370681e-05 1.0 
15736012.111 -10507339.083 -48273571.154 378.6388048 -285.26258196 -1095.351414 3.147072e+18 2.1503370681e-05 1.0 
19782922.497 -83984137.478 -62475876.4 476.44265522 -2103.1697872 -1494.0656829 3.147072e+18 2.1503370681e-05 1.0 
13643386.999 -88086706.949 -10712759.961 244.56693728 -2052.9343081 -182.01175732 3.147072e+18 2.1503370681e-05 1.0 
25409707.75 -27867358.378 -63090993.283 625.9020892 -721.57775794 -1492.2584972 3.147072e+18 2.1503370681e-05 1.0 
18168030.333 -78699373.967 -65868890.155 436.885604 -1973.8648095 -1573.6603862 3.147072e+18 2.1503370681e-05 1.0 
16421548.65 35898955.156 -23046655.087 338.78474066 977.68047861 -357.46350927 3.146179e+18 2.1497268974e-05 1.0 
7285124.2221 40191452.295 -76497083.422 187.46471729 1014.898922 -1851.0755572 3.146179e+18 2.1497268974e-05 1.0 
-7456041.5754 37856863.464 -100198375.01 -180.49505888 962.77780375 -2488.8812591 3.146179e+18 2.1497268974e-05 1.0 
15037967.273 64401026.61 40573971.339 357.37149469 1587.0110277 844.06046471 3.145287e+18 2.14911741e-05 1.0 
-16822769.613 -53662488.13 45281641.321 -399.48283438 -1353.3077996 978.79464406 3.145287e+18 2.14911741e-05 1.0 
12395103.735 -24962057.845 -2225653.9841 191.40107828 -765.99973311 82.104839384 3.145287e+18 2.14911741e-05 1.0 
14801291.007 22591639.389 -77565913.056 375.54204653 565.01507276 -1879.6565664 3.145287e+18 2.14911741e-05 1.0 
-23995993.677 -26170176.284 -76940150.288 -603.16503682 -667.34198729 -1866.6078886 3.145287e+18 2.14911741e-05 1.0 
18095142.252 -28631691.285 77953954.936 449.1891331 -730.99472873 1884.4204668 3.14351e+18 2.1479032182e-05 1.0 
20165580.723 45482041.193 -51260654.838 491.49141334 1146.6999755 -1158.2368674 3.14351e+18 2.1479032182e-05 1.0 
-12575974.629 18964.808671 -26294026.7 -290.45573213 9.0260500011 -522.55106886 3.14351e+18 2.1479032182e-05 1.0 
-7366338.7508 28923340.65 -1448766.8603 -45.391373071 910.66209449 -175.30919185 3.14301e+18 2.1475615773e-05 1.0 
-5145006.7245 -2407206.7322 4562349.8673 -82.950704762 -69.961856331 -38.303685947 3.14301e+18 2.1475615773e-05 1.0 
-15743672.993 28440804.138 92623320.534 -387.82847219 714.12804443 2287.6569439 3.14301e+18 2.1475615773e-05 1.0 
-4464633.931 -49220655.13 72141469.535 -114.659971 -1255.7834271 1731.3359147 3.14301e+18 2.1475615773e-05 1.0 
-15470195.918 -12773299.694 72402.538812 -271.80611902 -358.7081012 6.377770117 3.14301e+18 2.1475615773e-05 1.0 
-27881202.293 57754865.979 50867916.618 -652.73002945 1444.2868337 1165.8186107 3.14301e+18 2.1475615773e-05 1.0 
-38686672.46 129891608.18 18016797.206 -941.41925795 3247.1793476 435.4722345 3.14301e+18 2.1475615773e-05 1.0 
6485714.3373 -27764710.007 9947309.7818 201.08871903 -865.62468473 223.24905537 3.14301e+18 2.1475615773e-05 1.0 
-35623956.118 93884063.812 -28158152.643 -826.46519437 2298.175192 -658.06195965 3.14301e+18 2.1475615773e-05 1.0 
-18173800.73 71801172.656 -55400886.57 -423.83890585 1785.623254 -1293.8418733 3.14301e+18 2.1475615773e-05 1.0 
-26706567.097 22595635.418 -88094243.403 -669.21893402 577.89181419 -2167.0318823 3.14301e+18 2.1475615773e-05 1.0 
-20381214.296 71330457.076 -12759454.565 -324.7902077 1651.1375958 -202.74181321 3.14301e+18 2.1475615773e-05 1.0 
-23637502.095 1787073.3406 -53576584.41 -577.94094369 51.477526957 -1246.6103906 3.14301e+18 2.1475615773e-05 1.0 
19401062.253 -6622934.115 23659244.954 438.40731428 -197.52283484 458.97113366 3.141738e+18 2.1466924429e-05 1.0 
33673358.546 -44978278.304 21652480.412 751.62931825 -1180.7875372 397.2024936 3.141738e+18 2.1466924429e-05 1.0 
13290208.677 -71480251.534 37049470.587 274.68802988 -1748.6778833 763.5088626 3.141738e+18 2.1466924429e-05 1.0 
-13975859.666 -34498404.809 63706013.321 -347.24118487 -886.43005777 1501.8900427 3.141738e+18 2.1466924429e-05 1.0 
10085610.69 -91546568.187 11499948.545 177.71079632 -2139.0261714 218.46224603 3.141738e+18 2.1466924429e-05 1.0 
5745264.5398 -98805267.884 -26506659.506 106.08642536 -2392.554513 -575.28244127 3.141738e+18 2.1466924429e-05 1.0 
-25832569.112 19494362.461 46484337.237 -616.33128449 510.68041904 1052.2091685 3.140937e+18 2.1461451341e-05 1.0 
14082096.342 61657576.528 65604909.976 358.13629904 1546.3821514 1555.7884166 3.139974e+18 2.1454871337e-05 1.0 
15694005.391 -50544973.985 45870726.814 354.51658683 -1281.8661911 997.72001533 3.139974e+18 2.1454871337e-05 1.0 
-3134574.7399 90967000.881 -16980137.077 -27.027741872 2132.7383853 -335.34588699 3.139974e+18 2.1454871337e-05 1.0 
-10253898.645 55212605.792 -78181682.395 -238.36542833 1384.8986204 -1899.6330119 3.139974e+18 2.1454871337e-05 1.0 
-6042469.4312 65351456.098 -63788586.693 -133.17018728 1637.9212631 -1509.4902293 3.139974e+18 2.1454871337e-05 1.0 
835258.45969 4402038.0845 -3645018.1311 21.079474329 137.90730296 -131.54811713 3.139903e+18 2.1454386207e-05 1.0 
-23741840.415 -6580923.9218 -90176224.46 -597.6127016 -173.36261623 -2224.3930463 3.139903e+18 2.1454386207e-05 1.0 
-10329110.899 30489066.501 1302902.0677 -99.042376934 935.32880108 186.22528316 3.139903e+18 2.1454386207e-05 1.0 
18199200.026 -5582973.9615 18616795.55 401.83680882 -172.58241182 335.26760026 3.139094e+18 2.1448858457e-05 1.0 
23029248.229 1689531.5639 32032922.644 542.42971658 39.5499662 681.59753298 3.139094e+18 2.1448858457e-05 1.0 
23157470.431 -93961106.089 75379720.3 569.42271817 -2368.7059716 1842.2513129 3.139094e+18 2.1448858457e-05 1.0 
21181786.557 84467878.021 -38266648.202 518.22254608 2071.4752951 -838.67610749 3.139094e+18 2.1448858457e-05 1.0 
-16904190.251 -72212061.724 62394089.492 -424.33212236 -1808.4011504 1479.2977848 3.138873e+18 2.1447348405e-05 1.0 
-35439192.089 87504335.192 59642242.461 -853.78551506 2178.9390209 1446.9259467 3.138873e+18 2.1447348405e-05 1.0 
-39168159.649 43375036.359 72742546.184 -969.72226509 1091.5812364 1767.0801363 3.138216e+18 2.1442859243e-05 1.0 
-1574322.0525 48581177.378 -97183088.244 -28.760017193 1223.9331997 -2407.9258347 3.138216e+18 2.1442859243e-05 1.0 
-12529227.137 32308160.332 -91264979.316 -312.81158432 821.45132346 -2253.2966828 3.138216e+18 2.1442859243e-05 1.0 
17910457.454 -71393891.006 -42627671.894 393.51846524 -1764.9037327 -929.54577751 3.138216e+18 2.1442859243e-05 1.0 
-8822001.4282 16243739.379 5978518.585 -150.83297729 502.84533758 -9.4295831585 3.137844e+18 2.1440317435e-05 1.0 
-33745792.716 29558102.684 49785587.011 -814.60363001 756.5458151 1144.7646413 3.137844e+18 2.1440317435e-05 1.0 
-29947712.16 -5784427.5271 62580975.398 -743.50155172 -146.66244324 1487.9344992 3.137844e+18 2.1440317435e-05 1.0 
-2680912.4519 5465323.2803 34050165.452 -65.459287704 142.11203376 714.39999048 3.137844e+18 2.1440317435e-05 1.0 
-23144213.352 -28755129.748 -26970635.257 -517.73551953 -768.23261545 -513.61535539 3.137844e+18 2.1440317435e-05 1.0 
15115218.213 5964677.622 98653919.67 386.37509479 145.6439716 2439.9613517 3.13734e+18 2.1436873694e-05 1.0 
-36321260.256 49531296.599 40050162.823 -844.87471285 1244.3894971 886.1344673 3.136818e+18 2.1433306963e-05 1.0 
2102598.0426 -77705530.097 55386141.75 37.114873173 -1941.825915 1282.6894967 3.136818e+18 2.1433306963e-05 1.0 
-23383042.194 15064735.829 -18967233.614 -521.14669892 425.50935752 -338.44775326 3.136818e+18 2.1433306963e-05 1.0 
-22035528.812 -9943089.0969 -17738064.804 -489.40464203 -271.94201987 -307.13082207 3.136818e+18 2.1433306963e-05 1.0 
-35457288.458 67095456.565 -54353491.471 -847.27712667 1676.7695095 -1275.5915674 3.136818e+18 2.1433306963e-05 1.0 
-34267798.919 10451990.221 -31633234.643 -810.00359671 278.02718869 -677.28524187 3.136818e+18 2.1433306963e-05 1.0 
20113508.3 24522791.872 84625149.115 511.04777241 616.98096829 2070.1975739 3.136465e+18 2.1430894979e-05 1.0 
23124093.246 -89935515.937 32392804.119 520.07840029 -2196.7417202 713.01428186 3.136465e+18 2.1430894979e-05 1.0 
30867477.37 -114442623.02 77769833.632 765.67148343 -2888.7663454 1926.3088724 3.136465e+18 2.1430894979e-05 1.0 
13005060.426 2815971.2839 -92628270.254 335.38899349 60.010224647 -2282.5025363 3.136465e+18 2.1430894979e-05 1.0 
-883084.97441 -54822805.941 -88268637.972 -29.348693548 -1385.811252 -2162.8487792 3.136465e+18 2.1430894979e-05 1.0 
-24995907.799 11038652.563 55639497.024 -608.8794 288.38690653 1294.4330249 3.135794e+18 2.1426310158e-05 1.0 
-18980845.906 -72269041.747 28759044.785 -419.24749576 -1732.3998981 533.08141419 3.135794e+18 2.1426310158e-05 1.0 
-19771783.977 37958010.38 61228187.028 -478.92802763 956.71841456 1444.5515496 3.134773e+18 2.141933385e-05 1.0 
-9403242.5936 -3427559.5428 2778387.524 -194.55188491 -108.25222083 -70.621887951 3.134773e+18 2.141933385e-05 1.0 
-21167892.031 126253238.18 66000005.299 -510.0682724 3181.2873809 1640.0956788 3.134773e+18 2.141933385e-05 1.0 
-25554984.326 -95187469.384 -4387468.3781 -600.59917891 -2261.8187164 -79.540464776 3.134773e+18 2.141933385e-05 1.0 
-21853892.691 90351682.886 -1908214.6443 -438.69455771 2131.5260628 -51.706049436 3.134773e+18 2.141933385e-05 1.0 
-26032252.445 -69346739.594 -47543019.854 -634.05289548 -1724.0498605 -1071.2020243 3.134773e+18 2.141933385e-05 1.0 
-13936591.252 87650423.326 -10438824.827 -243.19890923 2040.2431768 -189.69046749 3.134773e+18 2.141933385e-05 1.0 
-29913862.344 -48811461.842 -46778508.878 -716.55596064 -1235.3957894 -1043.7905007 3.134773e+18 2.141933385e-05 1.0 
-1856775.6172 -3791222.8589 7685029.4093 41.20095701 -100.0324809 281.62052423 3.134773e+18 2.141933385e-05 1.0 
-6293356.9642 9312671.8053 4629778.8506 -201.38954349 289.82850883 99.732076621 3.134721e+18 2.1418978544e-05 1.0 
7946480.8319 -96523695.796 24703676.796 155.16082707 -2328.9663959 523.54024013 3.134721e+18 2.1418978544e-05 1.0 
-12289652.585 82064302.57 -87609514.798 -294.36268871 2072.8876354 -2169.5764695 3.134721e+18 2.1418978544e-05 1.0 
-2138673.6536 34199754.254 -73479189.585 -42.111444525 858.86721531 -1771.2927783 3.134721e+18 2.1418978544e-05 1.0 
7209934.4938 -95188711.925 -992855.97737 114.56765228 -2218.1303389 -24.46688286 3.134721e+18 2.1418978544e-05 1.0 
23015991.402 27990920.297 -54348242.837 565.54243086 707.62478938 -1255.8943494 3.134721e+18 2.1418978544e-05 1.0 
9657449.8376 -84067498.496 -56485569.952 220.43525089 -2097.6551685 -1327.6680493 3.134721e+18 2.1418978544e-05 1.0 
16014927.776 -10502835.165 61602726.224 395.21125338 -283.99674689 1449.4702162 3.133851e+18 2.1413033992e-05 1.0 
23897206.112 -88867147.924 57191759.629 571.42615607 -2215.9358471 1360.2592224 3.133851e+18 2.1413033992e-05 1.0 
20326492.386 -32757413.206 -81093506.714 508.56470363 -838.29049302 -1970.5245986 3.133851e+18 2.1413033992e-05 1.0 
39879805.547 27393240.334 -31305795.278 950.59069938 703.36464304 -677.21241573 3.132983e+18 2.1407103106e-05 1.0 
-35213534.914 5717075.9347 57459404.609 -860.95255177 142.48286153 1351.9271978 3.132737e+18 2.1405422232e-05 1.0 
-36144245.316 -18616661.48 65329226.417 -899.41649167 -476.85000269 1562.1078021 3.132737e+18 2.1405422232e-05 1.0 
157983.97422 27179494.66 2911670.5464 1.1224399067 857.62748927 -133.63146463 3.132737e+18 2.1405422232e-05 1.0 
-10346903.228 27309663.812 11661199.699 -189.14679395 802.28020462 101.11378948 3.132737e+18 2.1405422232e-05 1.0 
-19829566.143 -66046367.592 -78327256.006 -505.62895138 -1669.6047666 -1910.3868269 3.132737e+18 2.1405422232e-05 1.0 
12996786.366 11878841.034 16417923.473 273.12634889 329.99828492 265.64387169 3.131251e+18 2.1395268665e-05 1.0 
29587936.806 -19824038.028 48163435.489 718.03525336 -529.22098488 1104.8601075 3.131251e+18 2.1395268665e-05 1.0 
22338064.647 29381727.651 64979093.044 557.2350453 739.05110264 1547.997554 3.131251e+18 2.1395268665e-05 1.0 
-31569740.264 34406321.923 88673490.899 -789.07013815 873.3265646 2180.4546825 3.131251e+18 2.1395268665e-05 1.0 
4331132.268 -83397829.047 105865225.08 101.25632118 -2116.4838851 2638.2151646 3.131251e+18 2.1395268665e-05 1.0 
13569941.111 -5941104.3251 3785181.8555 238.84918673 -206.61269909 92.607723583 3.131251e+18 2.1395268665e-05 1.0 
8815142.8327 -86519620.784 83258488.902 209.36275802 -2177.2115831 2043.0824903 3.131251e+18 2.1395268665e-05 1.0 
598662.4416 -94811223.025 61699413.252 0.65345443686 -2365.3637315 1474.9185747 3.131251e+18 2.1395268665e-05 1.0 
16057408.105 20062646.94 -1457748.4627 287.18891867 591.73184165 66.829688317 3.131251e+18 2.1395268665e-05 1.0 
-2310468.4893 -89818724.063 2906234.0836 -93.889977999 -2034.9042772 21.401383517 3.131251e+18 2.1395268665e-05 1.0 
18245430.576 -18456477.101 -70325735.057 452.39959692 -476.35594345 -1680.752689 3.131251e+18 2.1395268665e-05 1.0 
18777610.148 -37218331.232 -121684333.86 477.92846293 -950.99077764 -3046.7609187 3.131251e+18 2.1395268665e-05 1.0 
22228626.683 -32863478.106 -26001539.725 482.56903482 -895.18181456 -490.50343832 3.131251e+18 2.1395268665e-05 1.0 
15019214.22 -106989695.28 -41999541.69 349.77605975 -2647.759268 -988.17059862 3.131251e+18 2.1395268665e-05 1.0 
-15594666.311 21924401.46 5529422.5834 -277.50643083 644.22922474 -14.202023942 3.13071e+18 2.139157211e-05 1.0 
-41226691.252 64946707.381 72870156.808 -1017.0443974 1633.7555984 1774.9886669 3.13071e+18 2.139157211e-05 1.0 
-8195737.7645 -77387385.341 63963200.728 -215.49835933 -1935.1104157 1526.9519555 3.13071e+18 2.139157211e-05 1.0 
-125707.98529 -19812086.644 -368619.56562 130.53097495 -620.36554249 13.718183835 3.13071e+18 2.139157211e-05 1.0 
14287918.612 76882925.879 26663185.335 329.25373597 1807.2409982 490.17302807 3.13071e+18 2.139157211e-05 1.0 
-41947423.112 -58345384.283 -13225429.606 -916.40395656 -1441.6151795 -234.88581329 3.13071e+18 2.139157211e-05 1.0 
-248897.21069 16739099.374 3090560.3047 21.835397041 547.50899289 114.86302103 3.13071e+18 2.139157211e-05 1.0 
-4397213.3934 109149622.95 10660182.485 -66.257346266 2639.6231346 238.90966063 3.13071e+18 2.139157211e-05 1.0 
-41184562.424 -8537493.2541 -60739388.932 -1022.6218172 -210.13948412 -1447.0365796 3.13071e+18 2.139157211e-05 1.0 
-24693603.195 -2218929.2907 -17332264.215 -557.63948784 -51.743300953 -308.25321084 3.13071e+18 2.139157211e-05 1.0 
-37096254.648 59421125.136 -76673940.479 -915.24315608 1494.1076206 -1873.0245169 3.13071e+18 2.139157211e-05 1.0 
-23702772.227 -15174713.149 -63106892.875 -584.18266952 -391.46498412 -1494.2858382 3.13071e+18 2.139157211e-05 1.0 
10334435.787 41315215.732 68469695.543 267.22218286 1034.8953232 1625.9768172 3.129526e+18 2.1383482053e-05 1.0 
11977547.457 -22429970.164 88410918.4 299.50728598 -570.77388479 2161.9024311 3.129526e+18 2.1383482053e-05 1.0 
-3732607.2974 12888244.719 -1340213.9892 -91.450188114 404.90233289 -10.822581665 3.129526e+18 2.1383482053e-05 1.0 
5958461.4873 115678907.59 39426208.141 169.82607832 2877.6281661 943.63335923 3.129526e+18 2.1383482053e-05 1.0 
2726328.7544 78821526.081 39252145.393 93.051615308 1909.2917404 841.93336855 3.129526e+18 2.1383482053e-05 1.0 
6059986.7075 26269305.934 88310069.297 164.41982354 658.151159 2161.8919949 3.129526e+18 2.1383482053e-05 1.0 
-12313790.255 -17556094.37 112610024.2 -310.52790452 -456.26850983 2808.4701775 3.129526e+18 2.1383482053e-05 1.0 
14915790.464 -73273498.925 35012030.606 305.85946714 -1789.002125 714.13813119 3.129526e+18 2.1383482053e-05 1.0 
22424534.304 -89178520.291 73854855.253 548.81952401 -2248.4515345 1795.2489466 3.129526e+18 2.1383482053e-05 1.0 
18749915.404 -35660376.249 -19233638.768 364.8186489 -976.58810059 -291.7904303 3.129526e+18 2.1383482053e-05 1.0 
18197730.392 -46704191.602 -56078070.026 429.22749027 -1185.3981505 -1286.1270409 3.129526e+18 2.1383482053e-05 1.0 
21516196.542 -50479078.387 -72626576.007 525.33559686 -1276.867545 -1741.5346367 3.129526e+18 2.1383482053e-05 1.0 
18769844.205 -83155181.188 -48597713.518 432.49905608 -2055.3434428 -1116.9268289 3.129526e+18 2.1383482053e-05 1.0 
12391373.046 -76009696.411 -17079892.646 182.92704542 -1752.3763583 -255.04179199 3.129526e+18 2.1383482053e-05 1.0 
-39660644.919 42794200.594 80054917.641 -982.20396986 1081.9781901 1952.7556149 3.128692e+18 2.1377783483e-05 1.0 
-4584819.1566 -56998447.704 51371137.47 -115.82328197 -1435.9767255 1142.4596474 3.128692e+18 2.1377783483e-05 1.0 
1082827.2148 9167518.8752 -3865139.027 95.465518622 302.31614908 -94.35822046 3.128692e+18 2.1377783483e-05 1.0 
1760203.8496 8680292.7104 -2583691.7813 77.692648116 273.64887043 -63.31196007 3.128692e+18 2.1377783483e-05 1.0 
-20360781.296 -42014702.104 -62785799.812 -505.20646 -1085.2413255 -1478.7525199 3.128692e+18 2.1377783483e-05 1.0 
-14641153.456 -49790872.128 -77873231.498 -368.31430188 -1265.3438344 -1884.8720099 3.128692e+18 2.1377783483e-05 1.0 
-38867802.989 79374262.364 -45345722.799 -926.21904633 1971.8350573 -1056.2236079 3.128692e+18 2.1377783483e-05 1.0 
-18842995.108 72732020.678 77553428.45 -458.03926416 1833.8308914 1895.8974588 3.128665e+18 2.1377598997e-05 1.0 
12490403.026 -115372733.63 32766348.424 282.5976118 -2849.2341579 778.72356341 3.128665e+18 2.1377598997e-05 1.0 
14195287.223 -89714495.525 1906976.5928 251.78047823 -2077.4112125 21.493140055 3.128665e+18 2.1377598997e-05 1.0 
18752689.528 -20416217.48 -57517300.308 455.99856223 -537.57248553 -1338.4066471 3.128665e+18 2.1377598997e-05 1.0 
-4899700.0865 -88121792.2 -77279159.476 -133.34443666 -2211.8854992 -1885.5742388 3.128665e+18 2.1377598997e-05 1.0 
-4196545.6571 21123162.785 -1737784.7771 -183.42438823 655.66274827 -29.741129526 3.127806e+18 2.1371729606e-05 1.0 
21485607.87 -54864355.157 50348489.586 497.85779538 -1376.6794943 1132.5780013 3.127806e+18 2.1371729606e-05 1.0 
-38778899.827 87017417.704 104435154.42 -971.34522364 2205.0084397 2614.3064915 3.127686e+18 2.1370909668e-05 1.0 
-24038197.673 71460699.038 10256371.468 -419.75151329 1668.6921842 159.23965177 3.127686e+18 2.1370909668e-05 1.0 
-15501055.286 54053390.245 -70123689.791 -373.716098 1362.8381468 -1680.6172214 3.127686e+18 2.1370909668e-05 1.0 
-38951278.55 19059580.459 -44900395.019 -939.48449014 493.84116598 -1022.2486262 3.127686e+18 2.1370909668e-05 1.0 
-13486424.286 -34732515.443 25933838.838 -293.87419632 -951.64243728 436.26574754 3.126949e+18 2.1365873881e-05 1.0 
34072460.417 15071417.743 -38419352.826 823.30726932 379.7013112 -857.08671872 3.126949e+18 2.1365873881e-05 1.0 
19032476.587 44084536.77 -85888260.979 487.62681764 1111.7460483 -2104.432007 3.126949e+18 2.1365873881e-05 1.0 
-19258948.271 -50340181.944 -52011686.699 -467.2377999 -1282.0374993 -1172.654511 3.126949e+18 2.1365873881e-05 1.0 
-6472369.5844 47344131.532 35874181.991 -117.02793478 1202.5793882 696.53121301 3.126683e+18 2.1364056351e-05 1.0 
1798619.673 6568349.7027 -7022858.1363 -33.228175817 185.34452107 -247.9267844 3.126093e+18 2.1360024989e-05 1.0 
21956627.03 20087481.561 68642456.44 550.91487885 502.39242832 1642.3210739 3.126093e+18 2.1360024989e-05 1.0 
16237362.419 -35997701.731 53911005.259 385.49128109 -928.27947768 1226.7334495 3.126093e+18 2.1360024989e-05 1.0 
18822118.38686201 -42677663.49234099 51863486.76658377 441.7483680327502 -1094.1377846433365 1171.75726150683 6.227174e+18 4.2549147530000005e-05 1.0 
-22139064.713 81750246.759 17972787.422 -441.03974914 1938.3589338 351.53782746 3.126093e+18 2.1360024989e-05 1.0 
-3721236.7645 51343271.236 61091285.157 -76.560329183 1288.9466467 1427.364817 3.126093e+18 2.1360024989e-05 1.0 
-368620.61071 -8361499.7224 90092486.678 -6.5268794697 -217.04665772 2215.7317785 3.126093e+18 2.1360024989e-05 1.0 
2266310.798 -104315619.96 16699749.506 23.507687031 -2511.2271278 359.97960531 3.126093e+18 2.1360024989e-05 1.0 
7604649.7567 -119700255.43 1857286.458 159.05941926 -2934.1584939 33.113344482 3.126093e+18 2.1360024989e-05 1.0 
22885750.904 -14559989.371 -40377574.518 544.12486826 -401.81576883 -893.0880872 3.126093e+18 2.1360024989e-05 1.0 
19305523.99 -13174223.335 -54005216.552 470.53157453 -357.95937488 -1248.4942495 3.126093e+18 2.1360024989e-05 1.0 
3414080.5746 -99505938.529 -54642172.225 71.127733883 -2481.7693618 -1294.5353972 3.126093e+18 2.1360024989e-05 1.0 
11725570.58 -110213289.31 -37049645.976 268.11012642 -2725.0207777 -867.18710674 3.126093e+18 2.1360024989e-05 1.0 
11523720.818 -29526715.6 -151838597.98 293.5785536 -755.43559628 -3840.8707494 3.126093e+18 2.1360024989e-05 1.0 
-4428278.3164 -48524287.815 -132879946.94 -115.3062299 -1240.0755049 -3339.1294993 3.126093e+18 2.1360024989e-05 1.0 
-34247207.549 79997871.554 75286190.469 -844.50756391 2013.1591055 1844.5559505 3.125681e+18 2.1357209868e-05 1.0 
-52582941.867 142741307.19 -19444425.398 -1304.8579271 3597.5779568 -480.62193031 3.125681e+18 2.1357209868e-05 1.0 
-1409500.8562 58092410.602 -47220915.687 -15.135102097 1449.207223 -1030.6885673 3.125681e+18 2.1357209868e-05 1.0 
-21551383.053 -45824239.901 -59662385.257 -530.56549303 -1153.9579157 -1387.2244869 3.125681e+18 2.1357209868e-05 1.0 
-3869657.7178 -3694659.1658 5276643.3049 -8.901520512 -98.609931741 245.49608632 3.125681e+18 2.1357209868e-05 1.0 
-1230495.1086 12366208.41 117120650.23 -25.983783261 312.39805349 2926.4151706 3.125239e+18 2.1354189762e-05 1.0 
13526920.347 74394526.972 -85589027.955 354.5558899 1881.6523999 -2103.2746809 3.125239e+18 2.1354189762e-05 1.0 
-4388470.9764 8387527.0117 -65413682.277 -104.74302541 207.87475092 -1552.9720427 3.125239e+18 2.1354189762e-05 1.0 
-15652474.408 35073596.307 -1897095.3304 -203.14352797 1032.9025425 -185.48701564 3.124682e+18 2.1350383882e-05 1.0 
1942610.3145 18299543.602 -11433381.136 98.498355001 595.32740652 -341.04180033 3.124682e+18 2.1350383882e-05 1.0 
412329.18377 8557816.7643 -4558302.8499 55.993824569 275.35218012 -112.36967862 3.124682e+18 2.1350383882e-05 1.0 
-46952173.44 36571427.424 -61876061.505 -1159.4986382 925.47015157 -1478.0625877 3.124682e+18 2.1350383882e-05 1.0 
-29820709.273 72289136.596 45932021.437 -694.81590584 1783.2110921 1058.8836859 3.124386e+18 2.1348361368e-05 1.0 
17544219.385 -76234297.371 114279497.91 439.0530362 -1935.7100714 2856.9829285 3.124386e+18 2.1348361368e-05 1.0 
-6464888.9949 108678786.05 -43119425.005 -132.60187015 2689.3636652 -1036.9916423 3.124386e+18 2.1348361368e-05 1.0 
15288628.943 19908349.675 -127050.79216 276.58740073 596.98049345 99.612036968 3.124386e+18 2.1348361368e-05 1.0 
13972095.454 50706172.675 -40524813.577 331.20515183 1267.9870558 -830.0953906 3.124386e+18 2.1348361368e-05 1.0 
11524742.748 75141659.746 -65723078.73 302.90281957 1876.4397128 -1566.3432819 3.124386e+18 2.1348361368e-05 1.0 
2837817.2354 41210525.474 -49126519.643 74.605788237 1053.7745708 -1088.9881517 3.124386e+18 2.1348361368e-05 1.0 
17144693.111 -42980209.553 -51824470.403 400.57437303 -1100.9419086 -1168.5886606 3.124386e+18 2.1348361368e-05 1.0 
22613769.01 -59538450.159 -69443572.773 546.51503808 -1500.5219093 -1658.7017463 3.124386e+18 2.1348361368e-05 1.0 
-50177130.23 32703811.889 54660239.845 -1234.5617994 826.41412146 1292.5497555 3.123685e+18 2.1343571563e-05 1.0 
-16669203.47 -77940820.425 82927622.769 -427.34748772 -1979.9230783 2033.3419931 3.123685e+18 2.1343571563e-05 1.0 
-27240742.522 59446036.601 -21690473.182 -537.91249321 1457.9174422 -385.2209793 3.123685e+18 2.1343571563e-05 1.0 
-29280672.206 94378742.371 9098389.8764 -650.45619297 2278.0507653 197.89498262 3.123535e+18 2.134254664e-05 1.0 
-13996710.35 75771805.99 25379870.429 -245.82175943 1791.6625647 484.64043685 3.123535e+18 2.134254664e-05 1.0 
-1299386.5928 -101444587.77 127927486.86 -41.102530149 -2582.8680529 3222.1398055 3.123535e+18 2.134254664e-05 1.0 
20267145.882 -14899142.215 -75001460.55 506.57198606 -390.00658036 -1807.4999987 3.123535e+18 2.134254664e-05 1.0 
-9151884.0429 -51518852.274 -151700028.47 -236.15347018 -1315.4457581 -3834.19084 3.123535e+18 2.134254664e-05 1.0 
-36547460.022 -27651839.224 54643389.614 -900.60527067 -694.64214109 1281.2832394 3.12269e+18 2.1336772909e-05 1.0 
-12881506.637 -87102857.455 36420603.298 -319.81294604 -2120.1800378 792.06853222 3.12269e+18 2.1336772909e-05 1.0 
1187459.0264 15756652.32 7960724.4147 30.550005157 531.52173299 249.0148132 3.12269e+18 2.1336772909e-05 1.0 
-3355515.5588 -74498217.831 -42012279.63 -98.514032915 -1839.4525577 -897.64781568 3.12269e+18 2.1336772909e-05 1.0 
-54068241.598 28005322.167 -114989546.92 -1368.6823821 704.10722763 -2883.3578375 3.12269e+18 2.1336772909e-05 1.0 
-22528989.598 68867259.624 106564542.36 -558.63826449 1744.6660556 2658.8356894 3.122685e+18 2.1336738744e-05 1.0 
27876010.34 -67918784.579 98822336.878 698.78760302 -1726.5873726 2449.064568 3.122685e+18 2.1336738744e-05 1.0 
14652435.022 -78414037.485 -43438534.019 321.62886506 -1927.2592878 -960.6180843 3.122685e+18 2.1336738744e-05 1.0 
-11576932.339 33071689.257 7413556.2876 -154.39777653 983.32165731 -13.867512585 3.121698e+18 2.1329994753e-05 1.0 
1010038.7134 21866201.598 -9210916.808 102.34537016 699.63061832 -270.82182101 3.121698e+18 2.1329994753e-05 1.0 
-21465536.78 142347951.6 16044732.629 -513.53847054 3568.5634669 386.23711759 3.121698e+18 2.1329994753e-05 1.0 
-856090.31519 -88243881.881 -25086887.185 -48.63030782 -2096.6031492 -500.84990321 3.121698e+18 2.1329994753e-05 1.0 
-1040253.2943 8965795.0306 -120384338.63 -18.23170726 222.30251807 -3011.7528102 3.121698e+18 2.1329994753e-05 1.0 
19236697.126 14623952.889 44638612.243 463.53955569 365.55419263 1001.4363798 3.12099e+18 2.1325157118e-05 1.0 
21829190.557 15626253.282 50361776.883 530.73052802 390.31906505 1152.7696071 3.12099e+18 2.1325157118e-05 1.0 
3292509.1079 71256861.056 53058194.303 99.18246978 1767.1614581 1209.3919479 3.12099e+18 2.1325157118e-05 1.0 
14326565.527 12865948.91 89512822.645 366.37949628 319.261315 2194.3314885 3.12099e+18 2.1325157118e-05 1.0 
-29749783.743 108376376.58 28338272.931 -700.27625318 2677.8735821 673.43804972 3.12099e+18 2.1325157118e-05 1.0 
-28417201.208 106869883.09 44072874.735 -676.12740741 2656.3141359 1061.5007829 3.12099e+18 2.1325157118e-05 1.0 
-43942256.903 122260699.06 12693119.268 -1070.9686655 3049.8751888 307.41127513 3.12099e+18 2.1325157118e-05 1.0 
-11598079.507 -75188583.013 111696493.49 -306.12819844 -1911.4830226 2796.2292955 3.12099e+18 2.1325157118e-05 1.0 
15109062.878 75861856.8 -65179415.251 389.19480019 1889.9730768 -1559.9426937 3.12099e+18 2.1325157118e-05 1.0 
13207886.259 -31300744.589 -8636012.51 208.80433838 -936.48919575 -41.959090268 3.12099e+18 2.1325157118e-05 1.0 
-8655625.3941 16544337.754 -149097849.86 -216.41038842 418.52111929 -3765.6453569 3.12099e+18 2.1325157118e-05 1.0 
15516789.605 -27948772.579 -89258878.741 389.76147896 -717.70737022 -2182.38693 3.12099e+18 2.1325157118e-05 1.0 
-5202569.0018 -69942742.347 -140454027.95 -138.88928969 -1785.2276938 -3539.0743459 3.12099e+18 2.1325157118e-05 1.0 
21949484.441 -27800082.696 1854898.8378 420.03312641 -806.52345119 -78.779063387 3.1193e+18 2.1313609655e-05 1.0 
29956877.665 -25058605.101 16220852.913 666.53578348 -694.74486234 278.11927749 3.1193e+18 2.1313609655e-05 1.0 
16790108.906 -96893650.018 54420497.298 393.10646127 -2403.7334206 1298.7301855 3.1193e+18 2.1313609655e-05 1.0 
19922866.701 -116288294.2 74445802.636 487.63393966 -2927.9074284 1839.7259731 3.1193e+18 2.1313609655e-05 1.0 
8912477.3488 50559739.437 -91841926.315 233.69945144 1279.874973 -2258.9444397 3.1193e+18 2.1313609655e-05 1.0 
-21427087.958 25165058.385 -115263542.25 -538.92662725 634.1789929 -2882.1824031 3.1193e+18 2.1313609655e-05 1.0 
-34943504.018 36653295.976 24382179.462 -785.72356265 953.27150693 475.05255949 3.118732e+18 2.1309728614e-05 1.0 
-26998314.624 -23808578.749 53213550.753 -658.31141693 -599.27944571 1228.6601702 3.118732e+18 2.1309728614e-05 1.0 
-9910282.6534 -2847553.7816 -8878256.7146 -149.81241333 -65.086485003 -276.4462291 3.118732e+18 2.1309728614e-05 1.0 
-12452640.925 17263265.353 -3362977.6486 -202.34932599 549.210629 -162.42032301 3.118732e+18 2.1309728614e-05 1.0 
-52975233.807 61525691.684 83404162.205 -1321.2187774 1551.0002354 2058.5418425 3.118732e+18 2.1309728614e-05 1.0 
-878934.57295 -91752669.613 49267261.762 -35.66088303 -2273.9669781 1143.0239788 3.118732e+18 2.1309728614e-05 1.0 
-7241065.0545 -93720781.479 -37314650.57 -189.55192033 -2296.4697319 -828.15685051 3.118732e+18 2.1309728614e-05 1.0 
-25946212.25 -44319494.688 -109701970.9 -663.91187082 -1127.5329105 -2740.3241807 3.118732e+18 2.1309728614e-05 1.0 
-29724799.436 15869143.038 -8624699.8123 -661.01890125 457.91260612 -103.27037943 3.118732e+18 2.1309728614e-05 1.0 
-45918868.473 67363741.72 -99985112.54 -1151.8087413 1706.3177412 -2487.2207892 3.118732e+18 2.1309728614e-05 1.0 
3282887.7597 12986710.37 -3217388.923 12.294512819 391.50822713 -197.05089543 3.118458e+18 2.1307856422e-05 1.0 
20517550.212 -30492620.097 43470985.556 475.9301341 -806.38499459 955.79281039 3.118458e+18 2.1307856422e-05 1.0 
12892862.597 64154285.242 50176035.709 324.78781223 1586.5897089 1125.2052086 3.118458e+18 2.1307856422e-05 1.0 
1100902.7774 61706412.887 71601989.485 40.929511666 1548.0632661 1716.6169788 3.118458e+18 2.1307856422e-05 1.0 
-13289312.971 -36115811.023 115769921.18 -342.58300087 -919.34609841 2894.6369727 3.118458e+18 2.1307856422e-05 1.0 
-18142415.03 106849162.08 12827730.281 -398.95504596 2595.7499024 302.52597894 3.118458e+18 2.1307856422e-05 1.0 
-31708240.695 122978007.0 22229375.043 -762.90172371 3064.3998794 539.94641174 3.118458e+18 2.1307856422e-05 1.0 
-3322023.1382 24303435.69 39658768.031 -64.164723768 637.39245942 841.12208038 3.118458e+18 2.1307856422e-05 1.0 
-3420072.5207 -93247210.594 17125374.499 -112.41062543 -2192.4680138 330.87954311 3.118458e+18 2.1307856422e-05 1.0 
5202178.3757 2026867.1337 9849638.1276 34.14462608 38.361282214 300.8228514 3.118458e+18 2.1307856422e-05 1.0 
-7478341.0612 -97060469.091 7045289.7378 -202.66309785 -2268.3174946 134.91865074 3.118458e+18 2.1307856422e-05 1.0 
19201101.272 11349502.61 -52836026.958 470.35003983 279.74287144 -1220.4528378 3.118458e+18 2.1307856422e-05 1.0 
-20050811.223 28872911.312 -126957548.23 -506.31879306 733.38210517 -3184.4042528 3.118458e+18 2.1307856422e-05 1.0 
-10587311.492 -4642690.6823 -140893162.33 -265.57550484 -122.03444351 -3547.586222 3.118458e+18 2.1307856422e-05 1.0 
-8473429.809 -87996966.651 -30663723.424 -217.86866821 -2109.8709381 -636.5831752 3.118458e+18 2.1307856422e-05 1.0 
14134565.792 -88785434.49 -16087586.574 268.77787142 -2087.6750165 -307.50442669 3.118458e+18 2.1307856422e-05 1.0 
19251417.605 43650310.573 -61151174.797 481.98983151 1092.4438684 -1433.1286534 3.117617e+18 2.1302110022e-05 1.0 
-13008540.774 -44038934.005 -33880627.064 -294.32193317 -1135.4232779 -645.21258405 3.117617e+18 2.1302110022e-05 1.0 
11823350.154 28178913.92 13713419.776 225.60026252 819.89033125 136.94354144 3.115939e+18 2.1290644553e-05 1.0 
17459205.32 -1548811.4544 53089864.106 427.34669554 -55.718544993 1222.8787899 3.115939e+18 2.1290644553e-05 1.0 
13794944.731 19629568.7 88096578.758 353.35125901 490.80528876 2159.5164063 3.115939e+18 2.1290644553e-05 1.0 
15157956.859 -13195076.326 60625023.081 372.92608234 -347.93189135 1421.2734837 3.115939e+18 2.1290644553e-05 1.0 
23161770.233 -14830045.696 80300422.874 579.70110423 -382.03003255 1948.477714 3.115939e+18 2.1290644553e-05 1.0 
-12372926.685 84501083.151 -45845694.007 -269.63029485 2078.9747995 -1049.3624776 3.115939e+18 2.1290644553e-05 1.0 
11659215.508 14594308.39 -75544990.622 297.45755123 358.18684757 -1822.6191896 3.115939e+18 2.1290644553e-05 1.0 
-3398500.463 -81308676.605 -85107510.999 -97.980542947 -2055.1471053 -2093.9636345 3.115939e+18 2.1290644553e-05 1.0 
-16974307.764 89039035.03 70313538.151 -400.2668657 2222.9032961 1717.7449704 3.115102e+18 2.1284925484e-05 1.0 
9208895.2031 -96025902.465 18412675.771 180.78503195 -2286.9039662 373.8246668 3.115102e+18 2.1284925484e-05 1.0 
-9335164.9779 -107360871.81 70832641.425 -249.84444943 -2705.4839463 1741.3790494 3.114807e+18 2.1282909803e-05 1.0 
-46289170.678 89407159.231 86244871.609 -1154.9851003 2257.7901141 2144.4421408 3.114807e+18 2.1282909803e-05 1.0 
-33718318.851 -98824128.316 -19517809.596 -822.16954293 -2409.263342 -444.61120714 3.114807e+18 2.1282909803e-05 1.0 
-38534755.774 142291198.91 -5317189.9898 -942.10226678 3573.7124053 -132.94329935 3.114807e+18 2.1282909803e-05 1.0 
-29511735.962 -55017478.242 -40455282.262 -693.78984193 -1377.8630246 -868.56872886 3.114807e+18 2.1282909803e-05 1.0 
-46347602.69 60823534.58 -57297516.671 -1131.4574922 1533.021196 -1359.4865617 3.114807e+18 2.1282909803e-05 1.0 
27705752.793 -36065259.515 19892895.035 596.09538515 -979.25591873 349.30402955 3.114266e+18 2.1279213248e-05 1.0 
-461912.19354 57665658.197 129925625.88 -2.6066481776 1466.6799523 3269.8469196 3.114266e+18 2.1279213248e-05 1.0 
5139059.5012 15329985.863 128875210.18 134.6768026 389.44541312 3232.5985719 3.114266e+18 2.1279213248e-05 1.0 
877544.00493 112229241.18 18713223.339 51.432165909 2747.8090543 424.87271109 3.114266e+18 2.1279213248e-05 1.0 
-10707840.051 65086266.206 57369035.525 -236.09940585 1614.6675445 1334.0727963 3.114266e+18 2.1279213248e-05 1.0 
2528057.7567 -37199874.264 149135046.62 62.629870581 -947.65547201 3764.7447313 3.114266e+18 2.1279213248e-05 1.0 
-7800660.78 -125838807.7 72443799.854 -212.34865022 -3178.2400934 1790.7951062 3.114266e+18 2.1279213248e-05 1.0 
17981496.558 -22610653.047 -2111804.3859 334.59752731 -682.49796725 62.746599946 3.114266e+18 2.1279213248e-05 1.0 
-3823817.8816 63422859.595 -107555226.27 -84.965847211 1606.1335814 -2680.4046019 3.114266e+18 2.1279213248e-05 1.0 
-29786114.042 22174805.184 -75549768.717 -736.17494497 557.73489556 -1831.6703898 3.114266e+18 2.1279213248e-05 1.0 
16779899.851 -85111362.295 -2903850.1087 292.86022334 -1955.9213761 -46.222806717 3.114266e+18 2.1279213248e-05 1.0 
26898196.491 -29717497.293 -60229260.702 656.78724687 -766.07153544 -1414.1003453 3.114266e+18 2.1279213248e-05 1.0 
17385681.018 -92985088.126 -66828161.345 422.59988818 -2334.6817434 -1609.3456874 3.114266e+18 2.1279213248e-05 1.0 
14578252.102 -72121578.334 -20756154.311 235.81154453 -1703.7098426 -325.68143033 3.114266e+18 2.1279213248e-05 1.0 
-54653326.085 45892722.156 68691985.837 -1355.3921954 1155.5499056 1666.7588389 3.113831e+18 2.1276240973e-05 1.0 
158248.92552 -85055811.12 64352658.254 -10.398417023 -2132.8028064 1539.4072238 3.113831e+18 2.1276240973e-05 1.0 
-4662375.3395 -83332524.738 17756767.312 -132.82660359 -1905.9043922 289.04011535 3.113831e+18 2.1276240973e-05 1.0 
567628.69363 3476251.5362 -3481129.0667 65.617805132 109.09372999 -126.52348422 3.113831e+18 2.1276240973e-05 1.0 
-28381105.228 114017888.23 26983479.666 -672.01302202 2823.1616553 632.43823579 3.113831e+18 2.1276240973e-05 1.0 
-15591943.89 -110849635.28 -15534252.028 -402.20163766 -2700.9269035 -359.06371931 3.113831e+18 2.1276240973e-05 1.0 
-32991024.122 114527472.86 280440.16777 -776.60065995 2822.0606302 -3.8063022437 3.113831e+18 2.1276240973e-05 1.0 
-20185240.247 -65037018.084 -62492164.532 -504.9370206 -1638.0917047 -1479.4844883 3.113831e+18 2.1276240973e-05 1.0 
-14179341.794 -80081379.607 -53693312.695 -357.81139794 -1993.510069 -1242.2276671 3.113831e+18 2.1276240973e-05 1.0 
6275699.7531 6269314.6943 13250216.158 203.80294545 214.00971107 360.80296558 3.113831e+18 2.1276240973e-05 1.0 
-22200436.365 92423440.303 -92762959.921 -544.91811161 2342.8156194 -2300.8167437 3.113831e+18 2.1276240973e-05 1.0 
-34702298.234 19995187.778 -62086582.204 -849.62119125 507.85741808 -1471.4455288 3.113831e+18 2.1276240973e-05 1.0 
-25833276.159 4148788.2517 15481002.194 -583.49735241 126.99346715 260.49035808 3.112857e+18 2.1269585808e-05 1.0 
-18998615.225 -17674741.5 12897001.772 -397.24476432 -494.53644065 176.6229199 3.112857e+18 2.1269585808e-05 1.0 
-10132542.0 -20568658.733 -7258438.9434 -132.76190172 -622.0152083 -220.23366019 3.112857e+18 2.1269585808e-05 1.0 
-13347165.208 75178688.492 103336449.21 -321.25758112 1896.8195269 2573.5931072 3.112857e+18 2.1269585808e-05 1.0 
-25152121.484 118194127.64 35940000.879 -597.62222372 2937.4536953 865.89986732 3.112857e+18 2.1269585808e-05 1.0 
-35687732.183 140090048.97 23673038.847 -872.36561928 3516.0905079 585.03694229 3.112857e+18 2.1269585808e-05 1.0 
-21326563.623 -14480698.865 -120207901.8 -542.44766518 -369.30062758 -3012.7232628 3.112857e+18 2.1269585808e-05 1.0 
-27982330.205 53518771.307 -96048822.15 -694.31665608 1356.6928181 -2376.9823298 3.112857e+18 2.1269585808e-05 1.0 
-30689782.649 -28350713.992 -109282139.83 -776.91997331 -723.50473695 -2720.1444137 3.112857e+18 2.1269585808e-05 1.0 
-36732127.53 16589919.094 -71619039.242 -910.19391732 426.0368833 -1725.7512152 3.112857e+18 2.1269585808e-05 1.0 
-43894464.086 77853415.649 37835520.498 -1044.2467888 1918.0593104 882.63181494 3.112599e+18 2.1267822941e-05 1.0 
-29693848.416 90018795.645 66552329.778 -719.22053452 2250.4306653 1621.5756638 3.112599e+18 2.1267822941e-05 1.0 
2548313.2983 -17267994.808 111185588.6 63.659179656 -438.78034335 2765.2585587 3.112599e+18 2.1267822941e-05 1.0 
-121962.09385 -1643888.0017 10732954.48 -6.36991506 -45.039695958 111.66489931 3.112599e+18 2.1267822941e-05 1.0 
3914270.4868 -114436120.93 41526065.742 76.507116011 -2841.1948302 985.21395754 3.112599e+18 2.1267822941e-05 1.0 
15233366.405 27914762.728 -29892090.994 343.88228785 739.36581733 -572.80753557 3.112599e+18 2.1267822941e-05 1.0 
11658495.782 -86128936.853 956611.6132 179.55550696 -1954.9125334 19.72193309 3.112599e+18 2.1267822941e-05 1.0 
12878327.496 -52187446.849 -52940154.695 295.89154245 -1321.7198996 -1189.8725623 3.112599e+18 2.1267822941e-05 1.0 
17491419.884 -66742270.105 -70112112.01 422.29403982 -1679.1060147 -1674.3100108 3.112599e+18 2.1267822941e-05 1.0 
-51276925.003 107135872.32 43528755.973 -1257.0594163 2680.4497215 1056.7620331 3.111885e+18 2.1262944308e-05 1.0 
3805781.8083 -50574735.677 -54746342.039 81.533979939 -1276.1493009 -1245.2181986 3.111885e+18 2.1262944308e-05 1.0 
-29299109.171 -51980397.755 -42936545.258 -694.59507691 -1304.1310986 -934.88543415 3.111885e+18 2.1262944308e-05 1.0 
6211775.4196 58724823.226 93599706.779 170.06679602 1481.1533272 2309.852081 3.110938e+18 2.125647363e-05 1.0 
4294596.417 100035056.82 9777091.7813 137.50340076 2368.791228 201.35768851 3.110938e+18 2.125647363e-05 1.0 
-19776120.095 108190126.33 56973101.435 -466.6969677 2706.7845699 1389.4626368 3.110938e+18 2.125647363e-05 1.0 
-7044914.706 90747399.861 8757938.4863 -98.577293506 2098.4203418 176.24878175 3.110938e+18 2.125647363e-05 1.0 
-7997717.1161 61660971.494 28410547.978 -110.35252039 1484.8234788 479.74303153 3.110938e+18 2.125647363e-05 1.0 
-5479950.1789 -39526316.296 124388291.02 -146.91146745 -1001.9879878 3121.967547 3.110938e+18 2.125647363e-05 1.0 
-36401104.888 118158365.49 -1090997.4268 -870.07201074 2924.857727 -25.099885122 3.110938e+18 2.125647363e-05 1.0 
-15958819.638 99683584.516 14493237.024 -336.00062736 2400.0078788 313.14450801 3.110938e+18 2.125647363e-05 1.0 
-26994394.164 94217960.127 -33829597.291 -618.46789022 2309.8264448 -783.35904795 3.110938e+18 2.125647363e-05 1.0 
-3794443.8921 102098347.57 -70574264.581 -72.276763226 2561.8670745 -1729.9573625 3.110938e+18 2.125647363e-05 1.0 
-20756552.64 88589134.621 -72344777.002 -502.6776181 2227.9080986 -1768.1117902 3.110938e+18 2.125647363e-05 1.0 
-21573494.272 20107348.853 -123735207.96 -542.96471602 505.34096521 -3100.7710577 3.110938e+18 2.125647363e-05 1.0 
-15653264.968 3976559.5057 -119290889.76 -396.04255455 103.01004282 -2981.6060721 3.110938e+18 2.125647363e-05 1.0 
19100787.526 -1088238.9699 -80064074.642 481.75658945 -37.942897384 -1943.7967842 3.110938e+18 2.125647363e-05 1.0 
7209900.4589 -57696476.544 -112659827.33 179.46379713 -1469.1732548 -2810.0986685 3.110938e+18 2.125647363e-05 1.0 
20097508.962 -108109241.08 -22685573.806 457.92159149 -2643.249112 -519.32385312 3.110938e+18 2.125647363e-05 1.0 
9067456.2295 -17395900.799 -86037990.293 229.95354381 -451.75485427 -2097.877574 3.110938e+18 2.125647363e-05 1.0 
-7324176.9735 -69408278.307 -139325779.28 -188.22370651 -1767.0372634 -3511.2013687 3.110938e+18 2.125647363e-05 1.0 
-44048981.743 11431942.334 67638216.35 -1094.1658718 294.9046473 1626.3171026 3.110914e+18 2.1256309642e-05 1.0 
-48661654.488 -17726870.708 83070340.45 -1230.1840209 -450.38346623 2039.7861646 3.110914e+18 2.1256309642e-05 1.0 
-19780334.256 -20402883.057 8089999.38 -389.91237013 -574.10106019 83.389160893 3.110914e+18 2.1256309642e-05 1.0 
-53468356.316 83542182.497 98096935.862 -1339.5976346 2109.2320633 2453.7767768 3.110914e+18 2.1256309642e-05 1.0 
-25943709.192 104724989.92 -8225862.6088 -584.94188167 2545.0358996 -188.26407515 3.110914e+18 2.1256309642e-05 1.0 
-11782923.646 -3160167.0214 -79810539.604 -293.09096443 -87.908482946 -1943.2959622 3.110914e+18 2.1256309642e-05 1.0 
-5010863.036 -82182035.083 -94874789.239 -133.96017271 -2085.5437089 -2349.2133284 3.110914e+18 2.1256309642e-05 1.0 
-3095475.58 9984896.4192 9327336.3705 12.443131913 327.82280462 322.30123755 3.110914e+18 2.1256309642e-05 1.0 
-3129468.9374 -3001294.4829 -3426283.551 -82.818799414 -131.564697 -65.649051747 3.109282e+18 2.1245158483e-05 1.0 
-21033494.742 111196301.48 83815907.7 -514.31253175 2811.8760543 2088.8044656 3.109282e+18 2.1245158483e-05 1.0 
19895354.341 -66826704.598 58399715.651 471.09767476 -1678.1112445 1357.151654 3.109282e+18 2.1245158483e-05 1.0 
-12887136.215 117501381.14 -32905811.081 -289.80236199 2912.8554093 -790.07091926 3.109282e+18 2.1245158483e-05 1.0 
6039035.4325 78335406.583 -82157284.052 169.10127247 1965.4776045 -2014.2163818 3.109282e+18 2.1245158483e-05 1.0 
-935672.65753 32538774.44 -39993970.016 -13.91710881 846.37726405 -842.79224516 3.109282e+18 2.1245158483e-05 1.0 
16568542.806 -57492290.127 -30228361.256 319.13878506 -1436.8419404 -549.00518714 3.109282e+18 2.1245158483e-05 1.0 
-46472050.904 44958908.729 57346845.228 -1135.7875082 1132.5949149 1358.3978763 3.10898e+18 2.1243094972e-05 1.0 
22748987.328 -71552728.759 83762810.395 563.30489979 -1802.2465836 2059.546158 3.10898e+18 2.1243094972e-05 1.0 
-14563865.204 -91951996.872 7741333.8613 -343.71285764 -2123.1217463 162.9780785 3.10898e+18 2.1243094972e-05 1.0 
-7775905.0915 -26571973.382 4298865.5938 -57.666368503 -826.24438506 86.397355123 3.10898e+18 2.1243094972e-05 1.0 
-17627083.377 -84583296.774 -86891328.193 -456.02489521 -2147.5016768 -2147.1181583 3.10898e+18 2.1243094972e-05 1.0 
-53827939.736 56536897.963 -75057750.893 -1337.8473121 1420.8696059 -1838.5020634 3.10898e+18 2.1243094972e-05 1.0 
62167.400291 100962561.29 -21954785.944 34.906253989 2427.9705807 -485.92681088 3.107631e+18 2.12338775e-05 1.0 
-2688209.8562 54099903.086 -80291411.511 -54.610524833 1355.6068884 -1950.6498195 3.107631e+18 2.12338775e-05 1.0 
-16597782.969 -26754810.289 112566290.4 -420.42579242 -686.43026273 2806.1069899 3.107053e+18 2.1229928131e-05 1.0 
-63221512.992 117421940.68 84444649.977 -1591.0785148 2980.1919245 2111.116793 3.107053e+18 2.1229928131e-05 1.0 
-1314239.9589 -86822675.806 -28487583.338 -61.396881179 -2069.367866 -578.03079962 3.107053e+18 2.1229928131e-05 1.0 
-22881835.928 -4624981.9769 -101055277.69 -577.13467608 -121.88203159 -2506.6676085 3.107053e+18 2.1229928131e-05 1.0 
-44223188.569 116567649.73 -83986701.135 -1101.2465183 2943.1398561 -2105.1504581 3.107053e+18 2.1229928131e-05 1.0 
23417960.792 -671492.85465 37089802.344 555.55661707 -30.104285094 809.76664743 3.106808e+18 2.1228254091e-05 1.0 
-11261123.306 92500975.037 65037546.522 -258.98517341 2309.0030847 1579.5268168 3.106808e+18 2.1228254091e-05 1.0 
-9355005.1995 92086033.492 77268488.388 -216.15198553 2311.4954226 1895.5142854 3.106808e+18 2.1228254091e-05 1.0 
21202297.377 -64460345.87 94424252.306 528.89353783 -1638.1871449 2327.579164 3.106808e+18 2.1228254091e-05 1.0 
-6370323.9549 35979962.216 126370245.44 -154.14436493 910.5963255 3167.3279557 3.106808e+18 2.1228254091e-05 1.0 
18483592.177 -26909111.809 -39709923.75 425.52112402 -719.86419001 -853.41443905 3.106808e+18 2.1228254091e-05 1.0 
15612583.081 -104336260.74 -42298178.095 362.33984448 -2581.9874541 -987.89113911 3.106808e+18 2.1228254091e-05 1.0 
14961328.256 -52580248.361 -26356997.495 264.10335658 -1338.5152247 -427.72097884 3.106808e+18 2.1228254091e-05 1.0 
13531426.086 -66089551.405 -26275766.15 233.76260258 -1608.7186429 -435.43049142 3.106808e+18 2.1228254091e-05 1.0 
5099619.4661 -21674841.147 -8946559.6493 4.327736416 -702.58487389 -270.73931054 3.105986e+18 2.1222637514e-05 1.0 
10141663.358 -5997770.9315 57565837.844 250.49401813 -168.42942262 1340.6966651 3.105986e+18 2.1222637514e-05 1.0 
-23627850.64 63890047.36 92800060.529 -583.44088653 1619.2211186 2296.3307708 3.105986e+18 2.1222637514e-05 1.0 
-10739167.52 -51782214.252 103916611.35 -275.71635382 -1317.9523926 2583.2268456 3.105986e+18 2.1222637514e-05 1.0 
7372345.5678 122791999.07 -44152816.47 211.45926978 3064.4650337 -1074.2520885 3.105986e+18 2.1222637514e-05 1.0 
-7722356.552 92859141.289 -18761751.223 -135.41651211 2203.0344526 -381.86273017 3.105986e+18 2.1222637514e-05 1.0 
-18156325.771 92618388.339 -89144477.685 -436.49583242 2327.9020942 -2217.4478972 3.105986e+18 2.1222637514e-05 1.0 
28377324.759 -6996174.4076 -34929401.557 678.29480471 -208.35904504 -764.97823815 3.105986e+18 2.1222637514e-05 1.0 
-10403127.351 -94085482.53 -13661730.316 -259.23082156 -2202.0814913 -259.02609731 3.105986e+18 2.1222637514e-05 1.0 
18945222.888 -18500213.149 -50481230.88 456.36392997 -495.25553745 -1150.437322 3.105986e+18 2.1222637514e-05 1.0 
5730275.3433 -106380527.47 -96050028.538 133.24759752 -2687.2053282 -2393.5395135 3.105986e+18 2.1222637514e-05 1.0 
-3332496.1342 82089958.776 22594585.15 -17.959485909 1907.7379194 416.80168107 3.105165e+18 2.121702777e-05 1.0 
-37886424.722 110909769.1 79098392.082 -939.50423202 2802.4938718 1964.6707663 3.105165e+18 2.121702777e-05 1.0 
-4271918.1862 -114796738.05 57892980.753 -121.92032724 -2883.8307453 1403.3502343 3.105165e+18 2.121702777e-05 1.0 
-21748327.151 -136572758.85 5989584.5029 -568.81981979 -3405.4793043 156.55698765 3.105165e+18 2.121702777e-05 1.0 
13361768.956 -48343176.75 -47604621.255 302.49959861 -1234.968823 -1040.8652174 3.105165e+18 2.121702777e-05 1.0 
18591534.901 -85167743.404 -66077553.663 449.48118549 -2137.8948204 -1579.7680996 3.105165e+18 2.121702777e-05 1.0 
-37922938.406 20595159.59 59558969.69 -927.70863467 526.01908111 1406.7438375 3.105134e+18 2.1216815953e-05 1.0 
-31037316.706 -50027097.752 86145598.944 -786.71243385 -1266.3043623 2111.1279515 3.105134e+18 2.1216815953e-05 1.0 
-2844161.4353 -29968374.498 -5498596.0691 53.120721408 -955.71868727 -158.2766256 3.105134e+18 2.1216815953e-05 1.0 
-4024599.5275 27541339.477 19000595.327 -67.020028925 777.42530481 270.97153826 3.105134e+18 2.1216815953e-05 1.0 
678942.33293 -15638150.949 -12564635.973 43.187058236 -496.87675497 -351.25985252 3.105134e+18 2.1216815953e-05 1.0 
-12728593.936 -84466204.708 -15175815.254 -290.32962513 -1926.4148962 -252.7385043 3.105134e+18 2.1216815953e-05 1.0 
23673523.6 1369085.6965 33552534.323 555.85561315 18.18829909 718.10405558 3.104346e+18 2.1211431692e-05 1.0 
29982597.772 -8281342.7372 44942897.422 726.81987691 -229.63036689 1024.3312931 3.104346e+18 2.1211431692e-05 1.0 
-31792681.531974133 103422358.49348864 -8879251.034095472 -731.9890317151588 2523.8765750746015 -203.8817964178876 6.202992e+18 4.2383916321e-05 1.0 
12655236.169 23784802.885 52005949.956 309.64699618 614.85142157 1195.3228523 3.104346e+18 2.1211431692e-05 1.0 
-16773390.099 -81636341.252 70773510.505 -434.37100055 -2040.7420653 1713.1510764 3.104346e+18 2.1211431692e-05 1.0 
32228352.821 12760818.697 -14969622.635 736.36762487 337.72519895 -261.13047057 3.104346e+18 2.1211431692e-05 1.0 
17887746.373 29937459.983 -41949460.358 425.360774 767.41763179 -904.72257905 3.104346e+18 2.1211431692e-05 1.0 
16643214.228 41107598.094 -74587998.702 422.91204284 1032.1981494 -1797.4433072 3.104346e+18 2.1211431692e-05 1.0 
-9193870.5014 58817942.58 -113375747.77 -221.65638934 1486.9008021 -2833.5991757 3.104346e+18 2.1211431692e-05 1.0 
-17467143.515 22335370.819 -93976601.965 -436.03856594 567.98185291 -2315.9452148 3.104346e+18 2.1211431692e-05 1.0 
-11429526.082 -55589015.197 -62053063.486 -287.11319799 -1406.4797673 -1451.0912774 3.104346e+18 2.1211431692e-05 1.0 
-7467774.7711 -113963544.46 -12918129.966 -206.87002671 -2774.1431401 -295.31716712 3.104346e+18 2.1211431692e-05 1.0 
-28532522.893 -40714853.324 48736824.992 -688.92223533 -1025.9126751 1098.3852111 3.104177e+18 2.1210276946e-05 1.0 
-37891005.335 23830029.337 141630567.29 -961.94813147 606.08953333 3569.8013156 3.104177e+18 2.1210276946e-05 1.0 
9908732.5397 -49206028.726 87761014.619 243.51348606 -1242.6067485 2148.5693922 3.104177e+18 2.1210276946e-05 1.0 
-805930.10082 -88991698.394 -40038587.598 -44.510727533 -2173.463359 -890.59207698 3.104177e+18 2.1210276946e-05 1.0 
-51359478.438 103435005.05 -29996162.612 -1246.2089964 2572.1464852 -714.04237698 3.104177e+18 2.1210276946e-05 1.0 
-35097848.58 127528383.26 -97193714.425 -876.15830287 3237.6277869 -2440.1092752 3.104177e+18 2.1210276946e-05 1.0 
15222568.41 -7945056.6585 7502340.1084 301.51757185 -262.06710942 88.201935201 3.103528e+18 2.1205842447e-05 1.0 
4133208.4629 52978845.068 56426153.126 115.22015932 1322.2945795 1290.6685574 3.103528e+18 2.1205842447e-05 1.0 
-17627758.88 -87568645.184 27357243.13 -419.25903447 -2099.7307044 563.51194094 3.103222e+18 2.1203751605e-05 1.0 
-794998.09974 -17966064.877 -4693545.7092 94.17046763 -550.1961986 -121.09555151 3.103222e+18 2.1203751605e-05 1.0 
10307321.672 -121821857.99 -1839758.9745 227.48758377 -3002.6653875 -34.131480503 3.103222e+18 2.1203751605e-05 1.0 
-22903029.962 -78722253.456 -71369873.531 -579.32134211 -1978.3454531 -1724.0324857 3.103222e+18 2.1203751605e-05 1.0 
-35860465.312 -66844891.735 -20202555.821 -781.80781258 -1639.1363323 -363.65077994 3.103222e+18 2.1203751605e-05 1.0 
-36865651.069 18881488.865 -43120662.097 -882.56915683 481.42100969 -974.90560243 3.103222e+18 2.1203751605e-05 1.0 
-37468495.601 60175365.126 147647161.4 -947.23427427 1530.0718107 3732.7528329 3.102711e+18 2.1200260035e-05 1.0 
20797595.037 -89980446.294 -41472133.524 476.9460567 -2213.4718252 -943.02310876 3.102711e+18 2.1200260035e-05 1.0 
-42708833.555 -82223013.062 57965080.771 -1078.4728304 -2066.3776616 1388.7632621 3.102269e+18 2.1197239929e-05 1.0 
-34376005.072 -56279487.039 35852205.595 -803.31090876 -1402.6978748 757.47875369 3.101318e+18 2.1190741919e-05 1.0 
-22402816.322 4657189.6806 102654135.36 -567.88812212 111.36811215 2556.4682875 3.101318e+18 2.1190741919e-05 1.0 
-23600170.668 -45393959.143 81494398.637 -597.40081664 -1161.9877282 1989.3160465 3.101318e+18 2.1190741919e-05 1.0 
-32992403.016 113427205.89 -49339549.469 -797.49586294 2834.6674875 -1207.5664124 3.101318e+18 2.1190741919e-05 1.0 
-21650696.272 90695822.897 -53877861.377 -508.23015406 2248.9499969 -1285.3031737 3.101318e+18 2.1190741919e-05 1.0 
-40029346.217 -41193740.606 -118183459.98 -1022.614633 -1046.8693689 -2959.998734 3.101318e+18 2.1190741919e-05 1.0 
4388689.9902 23494219.499 -927468.42918 28.90280548 735.22190208 -154.87882437 3.101081e+18 2.1189122541e-05 1.0 
18463428.546 -30155528.738 47023601.249 432.11389175 -792.32667108 1043.0463146 3.101081e+18 2.1189122541e-05 1.0 
1375615.8854 61709710.883 46532457.758 51.101350023 1527.0079794 1009.8105856 3.101081e+18 2.1189122541e-05 1.0 
-3684439.8622 66398362.181 81941132.367 -81.432588205 1673.1788693 1999.7102717 3.101081e+18 2.1189122541e-05 1.0 
16882275.41 9346552.0569 91725837.902 428.42252241 230.76045556 2252.5925067 3.101081e+18 2.1189122541e-05 1.0 
8146063.1466 11621905.235 114837811.04 211.41687781 291.09064971 2862.5352979 3.101081e+18 2.1189122541e-05 1.0 
-25606419.979 1136925.7625 114188633.09 -647.90181418 28.15750665 2846.40709 3.101081e+18 2.1189122541e-05 1.0 
-12900694.574 49574961.833 99489821.538 -315.66737613 1255.083013 2470.0821789 3.101081e+18 2.1189122541e-05 1.0 
28551644.677 18007389.547 -79702840.224 720.75616785 450.59341345 -1943.3698019 3.101081e+18 2.1189122541e-05 1.0 
-7766534.3428 -101351467.8 -49816493.459 -206.39784685 -2513.1840925 -1173.5060595 3.101081e+18 2.1189122541e-05 1.0 
20719141.26 -17061684.913 -32881164.843 476.28862375 -472.76909697 -690.23534128 3.101081e+18 2.1189122541e-05 1.0 
3224998.0771 -97582565.153 -41841948.871 56.810245398 -2390.3192438 -963.48028439 3.101081e+18 2.1189122541e-05 1.0 
-12423213.596 78297166.216 38930205.35 -257.59447547 1899.5157998 851.164026 3.099456e+18 2.1178019212e-05 1.0 
-10934159.504 100408688.59 82577344.528 -259.22311178 2533.3619273 2038.6603663 3.099456e+18 2.1178019212e-05 1.0 
6208471.9027 -21638218.524 107113702.63 154.63148389 -550.33142748 2654.3232007 3.099456e+18 2.1178019212e-05 1.0 
1187319.8961 78959463.642 85978793.654 50.050163538 1985.8287948 2115.8713858 3.099456e+18 2.1178019212e-05 1.0 
7783336.6291 11919137.227 161233832.58 201.96605086 304.27667322 4079.2974834 3.099456e+18 2.1178019212e-05 1.0 
16385827.191 -25037601.22 -56124663.72 394.4000022 -654.07144219 -1294.6006873 3.099456e+18 2.1178019212e-05 1.0 
-3589373.8948 -94188526.556 -62811033.995 -99.723201358 -2350.5175688 -1504.2012565 3.099456e+18 2.1178019212e-05 1.0 
17820111.687 -85058280.771 -21619044.879 355.92687624 -2017.1151544 -427.841084 3.099456e+18 2.1178019212e-05 1.0 
18014885.384 -74293341.792 -44948354.83 404.55691924 -1838.1347603 -994.40632194 3.099456e+18 2.1178019212e-05 1.0 
-12445029.54 -103989226.13 5183017.4631 -317.67250119 -2487.1709016 105.12915436 3.099421e+18 2.1177780063e-05 1.0 
4287144.5917 58541780.018 32623930.688 116.35243323 1442.1837813 573.49237469 3.099421e+18 2.1177780063e-05 1.0 
-1368851.4099 -96042733.915 -21239706.404 -66.304056053 -2285.8579324 -452.28894866 3.099421e+18 2.1177780063e-05 1.0 
-8668459.6312 -87549908.708 -48426183.537 -225.50385861 -2165.4069499 -1109.1057999 3.099421e+18 2.1177780063e-05 1.0 
-32885837.87 -18957130.677 -82700455.298 -827.78673988 -479.33873655 -2018.9169686 3.099421e+18 2.1177780063e-05 1.0 
13166141.933 31237918.532 52684701.748 323.61615318 790.74814134 1198.5583226 3.098646e+18 2.1172484629e-05 1.0 
-829682.61428 -14015693.837 -264572.47925 -71.771457008 -446.92992478 -25.883046387 3.098646e+18 2.1172484629e-05 1.0 
-25830511.438 50689550.91 119608718.44 -649.21597472 1285.8618858 2998.3603139 3.098646e+18 2.1172484629e-05 1.0 
3406143.8522 87686147.407 -21796777.955 111.80360061 2056.292263 -414.86412787 3.098646e+18 2.1172484629e-05 1.0 
6358423.713 62573961.881 -40193549.817 169.09282483 1525.8455882 -820.79991463 3.098646e+18 2.1172484629e-05 1.0 
-6988406.0071 36911343.704 -104218443.38 -167.8930415 928.40101901 -2584.9807205 3.098646e+18 2.1172484629e-05 1.0 
-13118160.109 -27825529.374 -105870301.64 -335.31968162 -707.45598286 -2628.0922624 3.098646e+18 2.1172484629e-05 1.0 
-25987053.328 -55482755.727 27392632.295 -552.0442124 -1394.2790686 478.01684414 3.098475e+18 2.1171316217e-05 1.0 
-9492936.4437 -23454599.996 92837718.203 -240.8162602 -602.66908082 2283.7813162 3.098475e+18 2.1171316217e-05 1.0 
-28067893.563 127810530.13 -47229546.503 -680.56578215 3210.7549428 -1153.3567797 3.098475e+18 2.1171316217e-05 1.0 
-28037985.077 -24208282.619 -35390519.234 -654.44904347 -629.700664 -749.01088747 3.098475e+18 2.1171316217e-05 1.0 
-25725157.192 4804956.2466 167855511.93 -654.836668 119.6139785 4251.473034 3.097837e+18 2.1166956879e-05 1.0 
-35459653.019 142399063.52 -27758931.079 -870.08827219 3585.7772893 -689.80821339 3.097837e+18 2.1166956879e-05 1.0 
-12980144.975 118651161.64 -11130810.774 -284.87586605 2921.2977584 -255.17903034 3.097837e+18 2.1166956879e-05 1.0 
-34841968.737 90104113.127 -83923577.722 -863.17478353 2272.6262991 -2072.6803597 3.097837e+18 2.1166956879e-05 1.0 
-27218343.664 62728941.056 -96946255.467 -673.82783646 1582.8506513 -2403.8904467 3.097837e+18 2.1166956879e-05 1.0 
-29320533.507 123768337.38 69533698.066 -719.3031367 3119.4943328 1722.9982267 3.097532e+18 2.116487287e-05 1.0 
-21068205.515 107230139.84 5928028.1065 -466.84352913 2605.2371614 134.8157618 3.097532e+18 2.116487287e-05 1.0 
-2817537.3127 22986394.033 -18769800.634 -51.925707425 670.42008116 -282.82683212 3.097532e+18 2.116487287e-05 1.0 
11506417.756 -8185119.9188 11523936.899 232.15020631 -257.99032113 143.52469338 3.097029e+18 2.1161435962e-05 1.0 
19346359.369 -23584897.571 40645950.181 450.19856167 -636.8673043 884.12789478 3.097029e+18 2.1161435962e-05 1.0 
10423116.468 49902802.165 -35303841.931 248.13404992 1252.191559 -662.52766379 3.097029e+18 2.1161435962e-05 1.0 
16468690.552 39130010.346 38888206.07 392.39084824 1001.3397787 802.43744599 3.096222e+18 2.1155921878e-05 1.0 
16907192.707 20746355.213 66013900.794 424.0957358 517.85068262 1567.8317216 3.096222e+18 2.1155921878e-05 1.0 
18164910.213 -42959910.633 55022391.13 430.92177508 -1093.2017232 1251.7766446 3.096222e+18 2.1155921878e-05 1.0 
3082174.0351 21200010.183 -1275639.8589 -32.88831048 654.78956822 2.1933796178 3.096222e+18 2.1155921878e-05 1.0 
-31178651.045 78035829.884 68993406.529 -759.10841812 1951.5077233 1677.6875561 3.096222e+18 2.1155921878e-05 1.0 
20829043.153 -76247993.068 49001364.022 479.20470389 -1886.4003824 1116.4724244 3.096222e+18 2.1155921878e-05 1.0 
2749297.3595 -94330056.71 82309786.398 60.790874495 -2376.3098687 2022.4168076 3.096222e+18 2.1155921878e-05 1.0 
-37365566.873 145338566.36 -57671842.297 -926.92883855 3676.752411 -1442.1505769 3.096222e+18 2.1155921878e-05 1.0 
1848113.818 -17423435.205 12040123.719 -48.897085027 -565.93231663 313.48059628 3.096222e+18 2.1155921878e-05 1.0 
-11816579.251 112524841.3 -41599317.316 -263.54927721 2795.8603024 -994.07478487 3.096222e+18 2.1155921878e-05 1.0 
19597191.338 -111291129.15 12769150.48 444.91062824 -2716.0491323 287.74091399 3.096222e+18 2.1155921878e-05 1.0 
-42980434.657 119852492.12 -87455138.794 -1077.6070574 3037.7351492 -2190.5268766 3.096222e+18 2.1155921878e-05 1.0 
11435523.728 -13293088.832 -76118162.032 287.26761731 -351.09402871 -1834.1396239 3.096222e+18 2.1155921878e-05 1.0 
13024246.282 -94240381.175 -98159800.58 322.39931155 -2384.8788351 -2438.2054395 3.096222e+18 2.1155921878e-05 1.0 
-32527202.801 12292654.592 33961071.78 -767.88082452 327.79323456 731.85654936 3.095649e+18 2.1152006673e-05 1.0 
-20779361.889 -25514631.902 23037680.382 -451.71929499 -701.16417333 404.56675967 3.095649e+18 2.1152006673e-05 1.0 
-20038254.831 -23006967.075 2133356.7782 -372.85035461 -664.10505438 -58.172861326 3.095649e+18 2.1152006673e-05 1.0 
-11916368.465 4132368.0636 -4641564.5634 -204.26284968 147.8534853 -197.8266455 3.095649e+18 2.1152006673e-05 1.0 
-33237750.711 7163385.4028 52507539.678 -808.05562885 188.67401768 1217.7706422 3.095649e+18 2.1152006673e-05 1.0 
-27387947.071 -22088698.45 53314898.375 -667.41412665 -567.48689788 1227.2977219 3.095649e+18 2.1152006673e-05 1.0 
-38405867.268 59780975.591 48281985.628 -907.27460779 1487.7916337 1114.739947 3.095649e+18 2.1152006673e-05 1.0 
-29691192.0 39623164.286 158676436.08 -750.0408077 1007.0689114 4015.1194785 3.095649e+18 2.1152006673e-05 1.0 
-11873317.266 -95252525.601 86516445.999 -312.94331305 -2409.2825046 2135.6468218 3.095649e+18 2.1152006673e-05 1.0 
-4382459.4462 -94520777.491 61097370.182 -128.30750735 -2355.5452897 1474.6767714 3.095649e+18 2.1152006673e-05 1.0 
-15969437.834 23947900.687 127756444.56 -398.88546301 605.42425278 3211.0279887 3.095649e+18 2.1152006673e-05 1.0 
-16859491.189 -54964928.067 96090491.501 -432.70431163 -1400.5750763 2381.3816667 3.095649e+18 2.1152006673e-05 1.0 
-8899695.9662 32844263.441 117700613.99 -215.99421399 826.64867443 2946.557171 3.095649e+18 2.1152006673e-05 1.0 
-7427251.4356 -69307916.997 75954180.902 -196.27009094 -1745.1689361 1838.0807861 3.095649e+18 2.1152006673e-05 1.0 
-35495648.47 113448574.35 23281105.212 -844.34334744 2808.4042939 553.5690583 3.095649e+18 2.1152006673e-05 1.0 
1076219.4957 116997232.72 33739725.298 57.61415162 2890.3660569 808.40827697 3.095649e+18 2.1152006673e-05 1.0 
-15450316.944 -96409148.378 -20279793.278 -379.65397491 -2311.6630013 -417.56110229 3.095649e+18 2.1152006673e-05 1.0 
-13931760.435 -97784189.915 -18955120.526 -347.94374299 -2335.9584861 -397.0992164 3.095649e+18 2.1152006673e-05 1.0 
-8655295.6863 16762381.389 -3769649.1669 -181.1219889 536.1860019 -82.034802454 3.095649e+18 2.1152006673e-05 1.0 
-44776249.942 139886969.27 -36281529.675 -1105.4921972 3518.981009 -901.46360921 3.095649e+18 2.1152006673e-05 1.0 
-20862076.84 93558976.125 -95208899.363 -513.02117784 2366.7789199 -2375.4597137 3.095649e+18 2.1152006673e-05 1.0 
-30610033.603 117843144.72 -30300628.749 -730.27347156 2927.0023145 -725.22709685 3.095649e+18 2.1152006673e-05 1.0 
-18894843.407 100973033.79 -112971934.58 -462.13969961 2556.2439209 -2840.524471 3.095649e+18 2.1152006673e-05 1.0 
-40813632.467 -15633702.934 -57905902.702 -1006.607037 -390.9805231 -1366.6284165 3.095649e+18 2.1152006673e-05 1.0 
-21749006.219 -4815217.7351 -22791064.565 -491.74056192 -121.01708812 -433.64091962 3.095649e+18 2.1152006673e-05 1.0 
-35052665.564 100213742.39 -131335123.46 -879.68562484 2547.4269163 -3315.0273555 3.095649e+18 2.1152006673e-05 1.0 
-35047243.828 54081693.088 -146675061.58 -888.09182427 1378.7628001 -3702.8341189 3.095649e+18 2.1152006673e-05 1.0 
-4130383.0772 32926893.449 166132372.43 -97.607774061 834.83959215 4212.7153814 3.094612e+18 2.1144921041e-05 1.0 
17448245.074 43878255.539 82366636.729 447.19339654 1103.6841829 2003.8377745 3.093809e+18 2.1139434288e-05 1.0 
16568840.768 -26972983.94 74342552.189 409.89881031 -694.53319413 1784.0449714 3.093809e+18 2.1139434288e-05 1.0 
-7090142.0262 88061997.469 45154742.034 -146.01481518 2173.0366813 1028.2271383 3.093809e+18 2.1139434288e-05 1.0 
-30199870.397 2248697.2521 101747007.27 -763.61314086 54.568606583 2527.2898367 3.093809e+18 2.1139434288e-05 1.0 
-13117329.266 110943993.43 -52491945.421 -300.11161014 2768.050528 -1271.9764178 3.093809e+18 2.1139434288e-05 1.0 
-18291182.759 98021579.657 -46262084.374 -425.19767012 2429.3157001 -1094.9142457 3.093809e+18 2.1139434288e-05 1.0 
-11356710.348 -108523785.92 20134553.269 -297.35366131 -2632.6948043 460.23389317 3.093809e+18 2.1139434288e-05 1.0 
32952018.895 -3893491.683 -51219120.089 811.03671347 -119.66778133 -1192.9862224 3.093809e+18 2.1139434288e-05 1.0 
18719460.015 4053516.0323 -77060106.371 473.20424967 90.207544331 -1863.9486464 3.093809e+18 2.1139434288e-05 1.0 
-19411238.434 -90266252.346 -126940848.8 -504.24648027 -2300.2821051 -3198.2555301 3.093809e+18 2.1139434288e-05 1.0 
-2846624.4406 -100806858.13 -20976862.064 -92.202552221 -2420.173161 -443.30595648 3.093809e+18 2.1139434288e-05 1.0 
-32870444.956 26861776.116 49957082.227 -784.01570313 685.55724309 1143.8833904 3.093774e+18 2.1139195139e-05 1.0 
-32755197.251 -52786842.402 90291614.378 -831.32769473 -1328.3859739 2223.7424051 3.093774e+18 2.1139195139e-05 1.0 
-26845616.641 -95489693.833 34903533.704 -660.51869816 -2349.7899181 788.45392365 3.093774e+18 2.1139195139e-05 1.0 
-1502963.4546 -25287872.537 -6111155.5503 79.706427162 -785.49513749 -137.17850414 3.093774e+18 2.1139195139e-05 1.0 
-42607977.977 50996344.261 59647612.614 -1034.0584816 1279.5244961 1416.8911251 3.093774e+18 2.1139195139e-05 1.0 
-29709835.061 -14222749.473 148530576.02 -757.53476757 -365.65449065 3752.3970081 3.093774e+18 2.1139195139e-05 1.0 
-24030172.673 -47723584.279 117429205.72 -614.11636764 -1216.0169603 2935.9001566 3.093774e+18 2.1139195139e-05 1.0 
-2245002.7777 -117404258.84 48382807.504 -73.790637372 -2934.17135 1162.2173648 3.093774e+18 2.1139195139e-05 1.0 
-4829994.3159 -96592681.003 32056706.984 -137.73694835 -2342.8198987 705.95125219 3.093774e+18 2.1139195139e-05 1.0 
-22770463.677 -88402265.352 4241014.8986 -503.1829717 -2046.93108 56.743628072 3.093774e+18 2.1139195139e-05 1.0 
-41449639.368 -93513114.089 4202595.4179 -994.86653765 -2273.0486721 79.393408162 3.093774e+18 2.1139195139e-05 1.0 
-33627626.56 -14665422.66 4716351.364 -741.4030866 -374.94199654 87.147785118 3.093774e+18 2.1139195139e-05 1.0 
-43926226.432 91660363.089 -24191187.749 -1032.7863528 2255.2158694 -548.72742074 3.093774e+18 2.1139195139e-05 1.0 
-31102176.066 97605989.074 -53207682.541 -745.69909121 2429.1456441 -1277.6309056 3.093774e+18 2.1139195139e-05 1.0 
-24336986.991 62249565.585 -112200963.42 -604.19507918 1576.0397301 -2801.7399964 3.093774e+18 2.1139195139e-05 1.0 
-39927083.779 29292348.015 -95797910.829 -999.2726714 743.95788074 -2365.2235643 3.093774e+18 2.1139195139e-05 1.0 
-31186561.768 15929536.387 -36540913.333 -735.78821708 423.44439347 -795.42235259 3.093774e+18 2.1139195139e-05 1.0 
-12849080.368 30429654.454 -3484364.6515 -173.84003324 910.80378892 84.680726554 3.093774e+18 2.1139195139e-05 1.0 
-29203999.928 58329870.708 -15429429.833 -562.78683487 1434.2952728 -236.20108623 3.093774e+18 2.1139195139e-05 1.0 
-15007073.397 106375181.51 138373630.49 -369.06284554 2705.9267831 3502.1438174 3.093007e+18 2.1133954367e-05 1.0 
-15599109.893 143440456.69 -35920131.414 -366.79820662 3603.0469893 -891.92904446 3.093007e+18 2.1133954367e-05 1.0 
2617.5453069 114360694.09 -16168732.534 30.510244307 2797.4597785 -383.06648329 3.093007e+18 2.1133954367e-05 1.0 
16096218.027 29933203.043 -16998779.094 320.0378746 843.83864991 -227.17293509 3.093007e+18 2.1133954367e-05 1.0 
-29236134.716 83995932.412 -127302634.81 -730.35857829 2128.8478777 -3210.7876435 3.093007e+18 2.1133954367e-05 1.0 
-29847387.297 56988910.823 -66874786.675 -728.42994869 1433.7973526 -1599.3499509 3.093007e+18 2.1133954367e-05 1.0 
-7806053.1313 -119056590.94 -9746599.892 -216.72874031 -2917.819779 -230.41115745 3.093007e+18 2.1133954367e-05 1.0 
22528335.284 -44693521.685 -42808256.976 517.60287381 -1151.8253857 -924.53004323 3.093007e+18 2.1133954367e-05 1.0 
16059666.91 -85803101.704 -54430279.428 376.9142264 -2132.6607475 -1270.3495518 3.093007e+18 2.1133954367e-05 1.0 
-12287393.157 -90867572.539 9434230.4567 -293.21244829 -2093.3914411 156.19056128 3.092839e+18 2.1132806454e-05 1.0 
-33212178.1 -13726716.12 -164977364.77 -849.38552031 -355.51079536 -4181.7743193 3.092839e+18 2.1132806454e-05 1.0 
-16567059.489 -30745902.022 124063698.64 -418.45191938 -786.37052057 3104.552508 3.091906e+18 2.1126431435e-05 1.0 
-3232535.7354 -67724963.778 131576631.66 -85.731382816 -1726.3147896 3307.0965862 3.091906e+18 2.1126431435e-05 1.0 
