#   x1                  x2                  x3                  v1                  v2                  v3                  mass                rel_mass            mat0_frac           mat1_frac           mat2_frac
   -1.1665596519e+05   -1.5460829250e+05    1.5044559029e+04   -7.3762401314e+00   -2.6160402263e+00    5.3842194042e+00    1.1921516736e+25    9.9375170811e-01    8.0829548345e-01    1.9170451655e-01    0.0000000000e+00
    7.2300121879e+06    1.7877917073e+07   -2.4080088761e+06   -1.0731884548e+03   -7.0154910089e+03    8.8588294113e+02    4.1984980000e+20    3.4997766234e-05    0.0000000000e+00    1.0000000000e+00    0.0000000000e+00
   -6.2928260063e+06   -7.2153568303e+06    4.9024547091e+07    2.3605797407e+02    2.4944004357e+02   -2.6180733211e+03    3.1302670000e+20    2.6093224938e-05    0.0000000000e+00    1.0000000000e+00    0.0000000000e+00
    8.1266146578e+06   -9.7698876683e+06    1.1109076093e+08    5.9572785281e+01   -9.3781322770e+01    1.3242590237e+03    3.0638420000e+20    2.5539520584e-05    0.0000000000e+00    1.0000000000e+00    0.0000000000e+00
   -6.0331010256e+07   -4.9600913296e+07    8.7221912369e+06   -6.1127907197e+02   -4.6997414957e+02    5.0971352615e+01    2.9887390000e+20    2.4913478310e-05    0.0000000000e+00    1.0000000000e+00    0.0000000000e+00
   -6.4877613581e+07   -2.9596648770e+07    2.9965130149e+06   -3.4825447068e+02    2.0180034865e+02    4.0710571810e+01    2.9329120000e+20    2.4448116579e-05    0.0000000000e+00    1.0000000000e+00    0.0000000000e+00
   -3.5333956731e+07   -2.0183539617e+07    7.1663103206e+05    2.2411750432e+03    1.7824007865e+03   -2.1681753785e+00    2.8959060000e+20    2.4139642611e-05    0.0000000000e+00    1.0000000000e+00    0.0000000000e+00
    3.6009088051e+07    1.7788169916e+07    3.8980776600e+06   -2.5206902534e+03   -1.4216054533e+03    3.1598230080e+01    2.8959060000e+20    2.4139642611e-05    0.0000000000e+00    1.0000000000e+00    0.0000000000e+00
    4.1328933840e+07    3.7459024075e+07   -1.0245784493e+07   -7.6912568212e+02   -7.7699757236e+02   -9.1368441071e+01    2.7674860000e+20    2.3069161420e-05    0.0000000000e+00    1.0000000000e+00    0.0000000000e+00
    3.3963855721e+07    2.8572001908e+07    8.9794344644e+06   -1.6459413760e+03   -1.5286990917e+03   -3.3518331331e+02    2.7583680000e+20    2.2993155755e-05    0.0000000000e+00    1.0000000000e+00    0.0000000000e+00
   -2.5928886958e+07   -1.6907643292e+07   -8.7567001044e+06    3.1723018451e+03    2.4230604626e+03    1.0173733556e+03    2.7310500000e+20    2.2765438848e-05    0.0000000000e+00    1.0000000000e+00    0.0000000000e+00
    4.5340699491e+07    3.5924185702e+07    1.1853736976e+07   -6.2005797492e+02   -5.5779379611e+02   -1.8183138516e+02    2.6946990000e+20    2.2462424818e-05    0.0000000000e+00    1.0000000000e+00    0.0000000000e+00
   -3.8993269237e+07   -2.7095110608e+07   -8.2626294036e+06    1.4864854552e+03    1.2765713191e+03    2.5711242586e+02    2.6765520000e+20    2.2311155373e-05    0.0000000000e+00    1.0000000000e+00    0.0000000000e+00
   -7.8727560313e+07   -2.9323009302e+07    1.4988765831e+07   -1.3099373906e+03   -1.5622683466e+02    3.0500559057e+02    2.6584200000e+20    2.2160010964e-05    0.0000000000e+00    1.0000000000e+00    0.0000000000e+00
   -5.8267401912e+06    2.3617881370e+07   -1.5174571667e+07    1.3980479027e+03   -4.0009960251e+03    3.1702239340e+03    2.6584200000e+20    2.2160010964e-05    0.0000000000e+00    1.0000000000e+00    0.0000000000e+00
    5.7308701714e+07    3.3247203098e+07   -1.1408201428e+06    1.8147777464e+01   -3.6802165473e+02    3.9035227264e+01    2.5860090000e+20    2.1556408616e-05    0.0000000000e+00    1.0000000000e+00    0.0000000000e+00
   -8.4075907961e+06    3.6656052867e+07   -5.3872922487e+06    1.5429919617e+03   -3.5560204241e+03    8.2098801873e+02    2.5679250000e+20    2.1405664325e-05    0.0000000000e+00    1.0000000000e+00    0.0000000000e+00
   -1.7592389752e+07    8.4444693877e+07    9.2898535232e+07   -1.9219267678e+02    1.5088448769e+03    1.3727616207e+03    2.5679250000e+20    2.1405664325e-05    0.0000000000e+00    1.0000000000e+00    0.0000000000e+00
    1.3852359529e+07   -2.9646031512e+07    8.4566529954e+07    1.9520227563e+00   -2.2377566903e+02    1.4734560349e+02    2.5679250000e+20    2.1405664325e-05    0.0000000000e+00    1.0000000000e+00    0.0000000000e+00
    3.8495098787e+07    2.1840270610e+07    2.4345816546e+05   -1.9472345033e+03   -1.4165923901e+03   -1.9283841002e+02    2.5498440000e+20    2.1254945041e-05    0.0000000000e+00    1.0000000000e+00    0.0000000000e+00
   -1.8363464555e+07    7.0212962410e+07    8.4106490933e+06    6.2562720635e+02   -7.0470180753e+02   -1.5999146513e+02    2.5317650000e+20    2.1104242429e-05    0.0000000000e+00    1.0000000000e+00    0.0000000000e+00
   -1.1662890754e+07    2.4992191376e+07    3.1650695883e+07    9.2668782652e+02   -1.6183616225e+03   -2.9189666406e+03    2.5136840000e+20    2.0953523145e-05    0.0000000000e+00    1.0000000000e+00    0.0000000000e+00
    5.4295779536e+06   -2.3565443257e+07   -3.1544225717e+07   -4.7087706069e+02    1.7190417733e+03    3.2993426300e+03    2.5136840000e+20    2.0953523145e-05    0.0000000000e+00    1.0000000000e+00    0.0000000000e+00
    4.5807954924e+04   -3.0051934635e+06    4.2025821663e+07    1.0192318718e+02   -5.7782107826e+01   -3.4257035580e+03    2.5136840000e+20    2.0953523145e-05    0.0000000000e+00    1.0000000000e+00    0.0000000000e+00
   -1.8745732267e+06   -2.6116838794e+07    1.5831717861e+06   -9.7311360735e+02    5.7551976143e+03   -1.5474005189e+02    2.5136840000e+20    2.0953523145e-05    0.0000000000e+00    1.0000000000e+00    0.0000000000e+00
   -9.1592760284e+05   -2.2275470652e+07    4.0334900165e+07   -1.9675846799e+02    1.2198082515e+03   -2.7702591418e+03    2.4955990000e+20    2.0802770518e-05    0.0000000000e+00    1.0000000000e+00    0.0000000000e+00
    8.6331931305e+07    5.8529407301e+07   -9.0689191398e+06    2.1655649510e+03    1.3851434446e+03   -2.3089537463e+02    2.4955990000e+20    2.0802770518e-05    0.0000000000e+00    1.0000000000e+00    0.0000000000e+00
    1.8507293495e+07   -1.4990487520e+06    6.0411298710e+07   -2.7348333928e+02   -2.9257961118e+00   -1.5312061956e+03    2.4955990000e+20    2.0802770518e-05    0.0000000000e+00    1.0000000000e+00    0.0000000000e+00
   -1.8377469874e+07    8.0021672182e+07   -1.5831800040e+06    4.1332851642e+02   -2.0456844753e+02    5.8321517595e+01    2.4865550000e+20    2.0727381701e-05    0.0000000000e+00    1.0000000000e+00    0.0000000000e+00
   -5.9670009276e+07   -4.5478867124e+07   -1.1989950135e+06   -4.2676921189e+02   -2.4202315130e+02   -3.6569567418e+01    2.4865550000e+20    2.0727381701e-05    0.0000000000e+00    1.0000000000e+00    0.0000000000e+00
    4.1235175617e+06   -5.6173209101e+07    1.2653245736e+07   -8.2156553344e+02    1.8286104304e+03   -4.8962185126e+02    2.4775090000e+20    2.0651976213e-05    0.0000000000e+00    1.0000000000e+00    0.0000000000e+00
    7.5301324703e+06   -3.8976034057e+07   -5.7030003199e+07   -3.1137508257e+02    4.2162148492e+02    1.0170908055e+03    2.4775090000e+20    2.0651976213e-05    0.0000000000e+00    1.0000000000e+00    0.0000000000e+00
   -6.5608747082e+07   -6.6947621368e+07    1.6653222535e+07   -1.3061652342e+03   -1.3798650569e+03    4.7566878857e+02    2.4684610000e+20    2.0576554052e-05    0.0000000000e+00    1.0000000000e+00    0.0000000000e+00
   -1.4299456688e+07    3.5337603884e+07   -2.1890958521e+07    1.2625811208e+03   -2.2027394617e+03    2.0623840604e+03    2.4684610000e+20    2.0576554052e-05    0.0000000000e+00    1.0000000000e+00    0.0000000000e+00
    1.6566875678e+07    2.3012694281e+07    8.1799409023e+07    1.2364964815e+02    1.1977415789e+02   -7.5269801853e+01    2.4684610000e+20    2.0576554052e-05    0.0000000000e+00    1.0000000000e+00    0.0000000000e+00
   -3.0998178859e+07    7.0572075370e+07   -2.5058905482e+07    3.2482846661e+02   -1.4903136881e+02    3.2275730096e+02    2.4594110000e+20    2.0501115221e-05    0.0000000000e+00    1.0000000000e+00    0.0000000000e+00
   -6.5001997840e+06    4.0362897004e+07   -4.2908150196e+07    3.1404854307e+02   -9.3193132650e+02    1.5916945480e+03    2.4594110000e+20    2.0501115221e-05    0.0000000000e+00    1.0000000000e+00    0.0000000000e+00
    7.4327584440e+06    1.5752305854e+07   -2.9989054013e+07   -5.6445460452e+02   -1.5985388582e+03    4.0074469347e+03    2.4594110000e+20    2.0501115221e-05    0.0000000000e+00    1.0000000000e+00    0.0000000000e+00
   -1.9696387616e+06   -2.4496739766e+07   -9.1525119091e+07   -1.3903510397e+02   -2.1147649551e+02   -3.9520151711e+02    2.4503580000e+20    2.0425651381e-05    0.0000000000e+00    1.0000000000e+00    0.0000000000e+00
    1.1515916940e+07   -2.7977101804e+07   -1.2635314039e+07   -2.0905375792e+03    3.5231347240e+03    2.2602104568e+03    2.4503580000e+20    2.0425651381e-05    0.0000000000e+00    1.0000000000e+00    0.0000000000e+00
   -3.0754657951e+07    8.3700859758e+07    5.2424558046e+07   -1.2026123871e+02    8.9503747699e+02    2.4916531478e+02    2.4231790000e+20    2.0199093148e-05    0.0000000000e+00    1.0000000000e+00    0.0000000000e+00
    9.7986365900e+06    3.0755187550e+07   -1.6208101351e+06   -1.6183675899e+02   -4.7398176479e+03   -2.0819831329e+02    2.4231790000e+20    2.0199093148e-05    0.0000000000e+00    1.0000000000e+00    0.0000000000e+00
   -1.7816284392e+07    5.1641540081e+07   -4.7439529168e+07    4.0250457292e+02   -4.4480747367e+02    7.4753969025e+02    2.4231790000e+20    2.0199093148e-05    0.0000000000e+00    1.0000000000e+00    0.0000000000e+00
   -8.1611350532e+06    4.1798145563e+07   -1.2535004742e+08    1.2560284610e+01    7.1482321200e+02   -2.1555796365e+03    2.4231790000e+20    2.0199093148e-05    0.0000000000e+00    1.0000000000e+00    0.0000000000e+00
    5.5843920343e+07   -1.4275298435e+08   -6.7248048599e+07    1.0986134648e+03   -3.2636319981e+03   -1.4336943537e+03    2.4231790000e+20    2.0199093148e-05    0.0000000000e+00    1.0000000000e+00    0.0000000000e+00
    6.0447286078e+07   -1.1709800544e+08   -7.9502021626e+07    1.1762284991e+03   -2.5266942252e+03   -1.5272359015e+03    2.4231790000e+20    2.0199093148e-05    0.0000000000e+00    1.0000000000e+00    0.0000000000e+00
   -2.2356511757e+07    6.8003468387e+07    2.9948769214e+07    4.1338020431e+02   -3.2611727787e+02   -4.0939297997e+02    2.4050400000e+20    2.0047890389e-05    0.0000000000e+00    1.0000000000e+00    0.0000000000e+00
    1.4260656339e+07   -6.6689948956e+07    1.9768605106e+07   -6.2910268605e+02    7.9079457107e+02   -4.2866880577e+02    2.4050400000e+20    2.0047890389e-05    0.0000000000e+00    1.0000000000e+00    0.0000000000e+00
    5.5220571978e+06    3.9206523614e+07   -6.9940145148e+07    1.6751090836e+02   -4.9730301468e+01    4.2269552332e+02    2.4050400000e+20    2.0047890389e-05    0.0000000000e+00    1.0000000000e+00    0.0000000000e+00
    4.4297295029e+06   -8.0760110095e+07   -9.6916405538e+06   -5.1890488201e+02    2.7604306667e+02    1.2333620873e+02    2.4050400000e+20    2.0047890389e-05    0.0000000000e+00    1.0000000000e+00    0.0000000000e+00
   -1.1096103936e+07    4.0385699975e+07    2.4710247784e+07    8.2867075662e+02   -1.8847770890e+03   -1.9191157408e+03    2.3868820000e+20    1.9896529250e-05    0.0000000000e+00    1.0000000000e+00    0.0000000000e+00
   -2.2186851633e+07    5.4482304515e+07    9.1669291528e+07   -1.8769951582e+02    7.1516643062e+02    9.1655993208e+02    2.3868820000e+20    1.9896529250e-05    0.0000000000e+00    1.0000000000e+00    0.0000000000e+00
   -2.0568817391e+07    6.0942618120e+07   -2.6569389622e+07    5.6917023667e+02   -7.0123692284e+02    7.6011304123e+02    2.3868820000e+20    1.9896529250e-05    0.0000000000e+00    1.0000000000e+00    0.0000000000e+00
   -1.7424610700e+07    1.4529640607e+07   -6.5050031639e+07    1.9470332723e+02   -1.5640287244e+02    1.1172519721e+03    2.3868820000e+20    1.9896529250e-05    0.0000000000e+00    1.0000000000e+00    0.0000000000e+00
    1.2796320785e+07   -6.7340904413e+07    7.4290873199e+06   -7.0393373559e+02    1.0174015891e+03   -1.2786907321e+02    2.3868820000e+20    1.9896529250e-05    0.0000000000e+00    1.0000000000e+00    0.0000000000e+00
    1.5958716182e+07   -2.3813182505e+07   -3.5763786054e+07   -1.1840279452e+03    1.4998070707e+03    2.4003987815e+03    2.3868820000e+20    1.9896529250e-05    0.0000000000e+00    1.0000000000e+00    0.0000000000e+00
   -2.1398136532e+07    1.0298351201e+07    8.3127969105e+07   -4.3486747258e+01    4.6755534363e+01   -4.8003004590e+01    2.3777950000e+20    1.9820781995e-05    0.0000000000e+00    1.0000000000e+00    0.0000000000e+00
    5.8978797989e+07   -8.3705382633e+07    1.2010162828e+08    1.2357932657e+03   -1.8591853637e+03    2.4881384682e+03    2.3777950000e+20    1.9820781995e-05    0.0000000000e+00    1.0000000000e+00    0.0000000000e+00
    1.0280074084e+07   -3.4974883641e+07    1.5937791051e+07   -1.4841036134e+03    2.9684263262e+03   -1.7662289468e+03    2.3777950000e+20    1.9820781995e-05    0.0000000000e+00    1.0000000000e+00    0.0000000000e+00
    9.5128355439e+06    3.0384307106e+07   -6.2839599579e+06   -1.3042739841e+02   -4.4045162301e+03    1.6947363302e+03    2.3777950000e+20    1.9820781995e-05    0.0000000000e+00    1.0000000000e+00    0.0000000000e+00
    3.7574963065e+07   -1.1962843891e+08    3.8995416032e+07    4.0730626193e+02   -2.1047338058e+03    5.7881467561e+02    2.3777950000e+20    1.9820781995e-05    0.0000000000e+00    1.0000000000e+00    0.0000000000e+00
    4.0310935820e+06    2.0954540218e+07   -1.0240822111e+08    1.2092693068e+02    2.4045030521e+02   -9.2095173624e+02    2.3777950000e+20    1.9820781995e-05    0.0000000000e+00    1.0000000000e+00    0.0000000000e+00
   -3.4987848083e+07    3.6116150915e+07    1.0654883579e+08   -4.9647815550e+02    5.7463329271e+02    1.3977226927e+03    2.3504980000e+20    1.9593240139e-05    0.0000000000e+00    1.0000000000e+00    0.0000000000e+00
   -2.2544243983e+07    9.5183008357e+07    8.7926432923e+06    1.6255780221e+02    6.9738887074e+02   -1.9144143989e+02    2.3504980000e+20    1.9593240139e-05    0.0000000000e+00    1.0000000000e+00    0.0000000000e+00
   -5.9789720960e+06    4.4036111740e+07   -1.0542759884e+07    1.0271837501e+03   -2.8053070967e+03    8.5267688257e+02    2.3504980000e+20    1.9593240139e-05    0.0000000000e+00    1.0000000000e+00    0.0000000000e+00
   -6.2013446146e+06   -4.0057017958e+07   -1.1696989616e+08   -1.6667014940e+02   -7.3351086187e+02   -1.7304630789e+03    2.3504980000e+20    1.9593240139e-05    0.0000000000e+00    1.0000000000e+00    0.0000000000e+00
    2.5421769380e+07    1.9716762240e+06    5.0877565621e+06   -4.9534881945e+03   -1.3412690933e+03   -1.0110372753e+03    2.3504980000e+20    1.9593240139e-05    0.0000000000e+00    1.0000000000e+00    0.0000000000e+00
   -1.4873259107e+07    5.1118629475e+07    3.2711972896e+07    5.6702916588e+02   -1.0112649786e+03   -1.1797651269e+03    2.3504980000e+20    1.9593240139e-05    0.0000000000e+00    1.0000000000e+00    0.0000000000e+00
   -2.2755088170e+07    2.8969215270e+07   -6.2020036270e+07    2.5871647589e+02   -1.5081157896e+02    9.0240320592e+02    2.3413860000e+20    1.9517284489e-05    0.0000000000e+00    1.0000000000e+00    0.0000000000e+00
    4.7944041754e+07   -9.6833936459e+07   -2.9665616332e+07    3.7231128591e+02   -1.2536651804e+03   -2.2856927881e+02    2.3413860000e+20    1.9517284489e-05    0.0000000000e+00    1.0000000000e+00    0.0000000000e+00
    3.6845391735e+07   -7.0325443056e+07   -6.5045254181e+07    2.1519418251e+02   -7.2520179325e+02   -4.1074295422e+02    2.3413860000e+20    1.9517284489e-05    0.0000000000e+00    1.0000000000e+00    0.0000000000e+00
   -1.5399948874e+07    1.3765862188e+07    7.9067133564e+07    7.6945862453e+01   -1.2902731580e+01   -3.1026749415e+02    2.3322670000e+20    1.9441270488e-05    0.0000000000e+00    1.0000000000e+00    0.0000000000e+00
   -2.4449309004e+06    1.0067441185e+07    7.5864764699e+06    2.8107350616e+03   -6.7875405773e+03   -6.2778162331e+03    2.3322670000e+20    1.9441270488e-05    0.0000000000e+00    1.0000000000e+00    0.0000000000e+00
    5.0102617874e+06   -3.3437366279e+07   -1.4626352893e+07   -1.1175995526e+03    3.3259587748e+03    2.1474791834e+03    2.3322670000e+20    1.9441270488e-05    0.0000000000e+00    1.0000000000e+00    0.0000000000e+00
   -1.2031344512e+07    1.3279154244e+08   -4.9432492204e+07    6.1424527337e+01    2.5727638995e+03   -8.8125423696e+02    2.3322670000e+20    1.9441270488e-05    0.0000000000e+00    1.0000000000e+00    0.0000000000e+00
   -1.9315119517e+07   -1.6930686854e+07   -8.9301985212e+07   -1.7823847637e+02   -1.3990861162e+02   -2.8197175140e+02    2.3322670000e+20    1.9441270488e-05    0.0000000000e+00    1.0000000000e+00    0.0000000000e+00
    1.9530195551e+07   -3.6544263151e+07   -1.0946527203e+08    2.4142980469e+02   -5.7816273676e+02   -1.4206130280e+03    2.3322670000e+20    1.9441270488e-05    0.0000000000e+00    1.0000000000e+00    0.0000000000e+00
    6.6865817866e+06   -1.1497382851e+07   -1.2589915256e+07   -2.8333980847e+03    3.9384877177e+03    5.8635790448e+03    2.3322670000e+20    1.9441270488e-05    0.0000000000e+00    1.0000000000e+00    0.0000000000e+00
    1.3230589646e+07   -8.8247561340e+07    2.0677032318e+07   -2.8409795216e+02   -3.3029653853e+02   -7.9332213457e+01    2.3231400000e+20    1.9365189801e-05    0.0000000000e+00    1.0000000000e+00    0.0000000000e+00
   -2.3434060331e+05   -3.2175434319e+07   -6.1667673335e+07   -1.0231340899e+02    2.8042400492e+02    1.0772841854e+03    2.3231400000e+20    1.9365189801e-05    0.0000000000e+00    1.0000000000e+00    0.0000000000e+00
   -6.8182425638e+04   -7.0979540913e+06   -6.8412985154e+07   -5.4509175465e+01    1.1311662055e+02    1.1312848932e+03    2.3231400000e+20    1.9365189801e-05    0.0000000000e+00    1.0000000000e+00    0.0000000000e+00
   -1.2983071918e+07   -5.7689150915e+06    7.1203843428e+07    1.0571391594e+02   -5.3301960542e+01   -8.9464423911e+02    2.2957080000e+20    1.9136522615e-05    0.0000000000e+00    1.0000000000e+00    0.0000000000e+00
   -9.9977466764e+06    2.8780890809e+07    4.9719943917e+06    2.2422092085e+03   -4.2532483013e+03   -1.2138400638e+03    2.2957080000e+20    1.9136522615e-05    0.0000000000e+00    1.0000000000e+00    0.0000000000e+00
   -3.5753539847e+07    8.9743030243e+07    1.8481594945e+06    1.0001356574e+02    5.9404671094e+02    1.6934294187e+01    2.2957080000e+20    1.9136522615e-05    0.0000000000e+00    1.0000000000e+00    0.0000000000e+00
    1.0888291881e+07    4.7193227853e+07    5.1333527854e+07    1.9495282228e+02   -4.6082120346e+02   -9.7247772551e+02    2.2957080000e+20    1.9136522615e-05    0.0000000000e+00    1.0000000000e+00    0.0000000000e+00
   -1.5390849870e+07    3.3763734379e+07   -5.3039578201e+07    3.5195050698e+02   -4.9992688561e+02    1.3101268819e+03    2.2957080000e+20    1.9136522615e-05    0.0000000000e+00    1.0000000000e+00    0.0000000000e+00
    1.4769224891e+07   -4.6412441227e+07   -5.2183484720e+06   -1.3622774972e+03    2.4153096054e+03    4.1447369026e+02    2.2957080000e+20    1.9136522615e-05    0.0000000000e+00    1.0000000000e+00    0.0000000000e+00
   -4.9744038764e+07   -3.8823520182e+07   -4.7031616290e+06    3.0119006444e+02    4.0185727256e+02   -2.6392364814e+01    2.2957080000e+20    1.9136522615e-05    0.0000000000e+00    1.0000000000e+00    0.0000000000e+00
   -1.0832630338e+07    4.1620787565e+07   -1.5591610868e+07    1.1922662415e+03   -2.5777131556e+03    1.2269948466e+03    2.2589990000e+20    1.8830524374e-05    0.0000000000e+00    1.0000000000e+00    0.0000000000e+00
    6.6601709958e+06   -7.4037162848e+06   -1.1123106504e+08    1.5296832713e+02   -1.3229127480e+02   -1.2886588153e+03    2.2589990000e+20    1.8830524374e-05    0.0000000000e+00    1.0000000000e+00    0.0000000000e+00
    3.7406094738e+07   -1.0233358433e+08    1.2046705011e+08    7.2122993271e+02   -2.3075480264e+03    2.5804220626e+03    2.2589990000e+20    1.8830524374e-05    0.0000000000e+00    1.0000000000e+00    0.0000000000e+00
    1.7341114487e+07    6.1881696288e+06   -1.1759941126e+08    2.7572708733e+02    1.1211795507e+02   -1.6187311957e+03    2.2589990000e+20    1.8830524374e-05    0.0000000000e+00    1.0000000000e+00    0.0000000000e+00
    1.2178218801e+07   -6.3986452059e+07   -1.4284225565e+08    2.0099101295e+02   -1.4389562030e+03   -2.9720711890e+03    2.2589990000e+20    1.8830524374e-05    0.0000000000e+00    1.0000000000e+00    0.0000000000e+00
   -2.7405100612e+07   -5.6922018292e+06    1.3488069648e+08   -5.7544404519e+02   -1.0611624624e+02    2.4343068185e+03    2.2497940000e+20    1.8753793496e-05    0.0000000000e+00    1.0000000000e+00    0.0000000000e+00
   -2.5322770009e+06    6.6458135426e+07   -2.0404204612e+07    4.5240084746e+02   -8.9633004660e+02    6.5627150858e+02    2.2497940000e+20    1.8753793496e-05    0.0000000000e+00    1.0000000000e+00    0.0000000000e+00
   -1.7035278250e+07   -8.0507097524e+06   -1.2246861545e+08   -2.8748116689e+02   -1.9510900282e+02   -1.8499546551e+03    2.2497940000e+20    1.8753793496e-05    0.0000000000e+00    1.0000000000e+00    0.0000000000e+00
   -4.1684432373e+06    6.7736909789e+07    2.6090915783e+07    3.6241052265e+02   -6.1451814806e+02   -6.8680418893e+02    2.2497940000e+20    1.8753793496e-05    0.0000000000e+00    1.0000000000e+00    0.0000000000e+00
    1.7761952103e+07   -1.6037565317e+07   -1.5192857004e+08    3.6365461102e+02   -3.6145381922e+02   -3.1435637270e+03    2.2497940000e+20    1.8753793496e-05    0.0000000000e+00    1.0000000000e+00    0.0000000000e+00
   -1.4390145989e+07    1.6532355182e+07    8.6066243505e+07   -8.6879004249e+01    7.7251313558e+01    6.6625743104e+01    2.2405790000e+20    1.8676979260e-05    0.0000000000e+00    1.0000000000e+00    0.0000000000e+00
   -1.7509241664e+06   -4.2123921719e+07    8.8740409669e+06   -5.2756343876e+02    3.0965298181e+03   -1.2907581860e+03    2.2405790000e+20    1.8676979260e-05    0.0000000000e+00    1.0000000000e+00    0.0000000000e+00
   -3.4658674815e+05    3.7813112153e+07    4.1850643722e+07    2.0758489902e+02   -1.0796572970e+03   -1.8018621996e+03    2.2405790000e+20    1.8676979260e-05    0.0000000000e+00    1.0000000000e+00    0.0000000000e+00
   -4.0044668116e+06   -3.6869369026e+07    3.3177226179e+06   -5.9335354057e+02    3.9965470668e+03   -6.1555217494e+02    2.2405790000e+20    1.8676979260e-05    0.0000000000e+00    1.0000000000e+00    0.0000000000e+00
    4.1490699182e+05   -2.6381404062e+07   -3.7028471653e+07   -2.7734204735e+02    1.4966217817e+03    2.7009439564e+03    2.2405790000e+20    1.8676979260e-05    0.0000000000e+00    1.0000000000e+00    0.0000000000e+00
   -8.6406725734e+06    5.6867553808e+07   -6.9081729683e+06    7.6524315338e+02   -1.7899713396e+03    4.9314507197e+02    2.2405790000e+20    1.8676979260e-05    0.0000000000e+00    1.0000000000e+00    0.0000000000e+00
    2.5630578736e+07   -3.4128974058e+07   -9.7273984317e+07    3.2019600504e+02   -4.8103392515e+02   -8.9011195389e+02    2.2405790000e+20    1.8676979260e-05    0.0000000000e+00    1.0000000000e+00    0.0000000000e+00
   -7.2035676031e+06   -2.9736113212e+07   -4.4633395537e+07    4.4476170594e+01    1.0021291894e+03    2.0652031058e+03    2.2405790000e+20    1.8676979260e-05    0.0000000000e+00    1.0000000000e+00    0.0000000000e+00
   -9.5445771533e+06   -2.1342879038e+07   -6.9839792628e+07   -6.4628962710e+01    1.8977757355e+02    8.0962059396e+02    2.2405790000e+20    1.8676979260e-05    0.0000000000e+00    1.0000000000e+00    0.0000000000e+00
    1.3737127805e+06    4.2649954907e+05   -1.6526694891e+07   -2.8983747883e+02   -5.3831673672e+02    8.0823496995e+03    2.2405790000e+20    1.8676979260e-05    0.0000000000e+00    1.0000000000e+00    0.0000000000e+00
    1.7573979337e+07    2.7536710162e+07   -1.2511146209e+08    3.7337349244e+02    5.3814464457e+02   -2.0315864629e+03    2.2405790000e+20    1.8676979260e-05    0.0000000000e+00    1.0000000000e+00    0.0000000000e+00
    5.1101823866e+07    3.6502867014e+07    3.6229322863e+06   -2.0386969032e+02   -5.2645762989e+02   -2.1274061177e+01    2.2313510000e+20    1.8600056659e-05    0.0000000000e+00    1.0000000000e+00    0.0000000000e+00
    4.9680644334e+07   -8.8550958120e+07    5.0788785650e+07    5.1920256351e+02   -1.2281172851e+03    4.3244989151e+02    2.2313510000e+20    1.8600056659e-05    0.0000000000e+00    1.0000000000e+00    0.0000000000e+00
    9.6472121832e+06    3.0426928466e+07   -1.5813952245e+07   -2.4098409414e+02   -3.3897315529e+03    2.5736085755e+03    2.2313510000e+20    1.8600056659e-05    0.0000000000e+00    1.0000000000e+00    0.0000000000e+00
   -2.1796875454e+07    9.7599586056e+07   -6.9738683509e+07   -1.5476062354e+02    1.5777594547e+03   -8.8853133609e+02    2.2313510000e+20    1.8600056659e-05    0.0000000000e+00    1.0000000000e+00    0.0000000000e+00
   -1.9349559361e+07    3.3595847472e+07    2.1548660438e+07    1.5188744069e+03   -2.0660401952e+03   -1.9733327999e+03    2.2221100000e+20    1.8523025693e-05    0.0000000000e+00    1.0000000000e+00    0.0000000000e+00
   -5.5228502279e+06    1.7559423218e+07    2.9057504744e+07    5.8426804102e+02   -1.6300799204e+03   -4.0347485275e+03    2.2221100000e+20    1.8523025693e-05    0.0000000000e+00    1.0000000000e+00    0.0000000000e+00
   -2.7488047715e+06   -5.8449863451e+07    1.2485400942e+07   -5.4134952172e+02    1.6767505810e+03   -6.7935904492e+02    2.2221100000e+20    1.8523025693e-05    0.0000000000e+00    1.0000000000e+00    0.0000000000e+00
   -3.9711653108e+06   -1.5425285689e+07   -4.5420175841e+06    5.3499102179e+02    7.2777366054e+03    4.2164324665e+03    2.2221100000e+20    1.8523025693e-05    0.0000000000e+00    1.0000000000e+00    0.0000000000e+00
   -3.7859373522e+07    1.1884965072e+08   -1.1560194035e+08   -7.6960912716e+02    2.7850034177e+03   -2.5368539906e+03    2.2221100000e+20    1.8523025693e-05    0.0000000000e+00    1.0000000000e+00    0.0000000000e+00
    2.3771239825e+06    8.5425576341e+07   -9.5625705255e+07    2.0820205222e+02    1.5086512188e+03   -1.4307351419e+03    2.2221100000e+20    1.8523025693e-05    0.0000000000e+00    1.0000000000e+00    0.0000000000e+00
    6.1508215847e+06   -7.1157069238e+07    5.5611067687e+07   -1.8770466805e+02   -3.5089336555e+02   -1.0915871860e+02    2.2221100000e+20    1.8523025693e-05    0.0000000000e+00    1.0000000000e+00    0.0000000000e+00
    4.3176551385e+07   -8.1652969213e+07   -3.7348071190e+07    1.6793025529e+02   -6.9029089957e+02   -8.0805016696e+01    2.2221100000e+20    1.8523025693e-05    0.0000000000e+00    1.0000000000e+00    0.0000000000e+00
    1.1209334008e+07   -4.0828173120e+07   -1.9111498734e+07   -1.0901754572e+03    2.3543557662e+03    1.5806516943e+03    2.2221100000e+20    1.8523025693e-05    0.0000000000e+00    1.0000000000e+00    0.0000000000e+00
   -2.2891302774e+07    1.7062841412e+08    1.2077362532e+07   -2.7273741321e+02    3.9358311362e+03    2.1913503970e+02    2.2035890000e+20    1.8368638665e-05    0.0000000000e+00    1.0000000000e+00    0.0000000000e+00
    1.0656338084e+07   -1.2088562437e+08   -9.7986781810e+07    8.0058612024e-01   -2.6412969071e+03   -1.9727539430e+03    2.2035890000e+20    1.8368638665e-05    0.0000000000e+00    1.0000000000e+00    0.0000000000e+00
   -4.2065558174e+07    1.4111355871e+08   -6.5330316514e+07   -7.5102620289e+02    3.1383409419e+03   -1.2909619881e+03    2.2035890000e+20    1.8368638665e-05    0.0000000000e+00    1.0000000000e+00    0.0000000000e+00
   -4.5137463037e+06    6.4311681128e+07    1.0385845874e+08    2.2619250958e+01    1.0945701573e+03    1.4917204852e+03    2.2035890000e+20    1.8368638665e-05    0.0000000000e+00    1.0000000000e+00    0.0000000000e+00
    5.7308259952e+07   -1.0149553914e+08   -1.1085684643e+08    1.2240977662e+03   -2.3313921007e+03   -2.2751634574e+03    2.2035890000e+20    1.8368638665e-05    0.0000000000e+00    1.0000000000e+00    0.0000000000e+00
   -1.3977792039e+07   -6.2620803737e+07    6.4463087800e+07   -3.0419151614e+02   -3.8261947232e+02   -8.1874144658e+01    2.1850100000e+20    1.8213768162e-05    0.0000000000e+00    1.0000000000e+00    0.0000000000e+00
   -6.5558770357e+06    4.9589590094e+07    1.6362034901e+08   -8.7296101855e+01    1.1945381823e+03    3.7127234527e+03    2.1850100000e+20    1.8213768162e-05    0.0000000000e+00    1.0000000000e+00    0.0000000000e+00
    4.9292815458e+06   -2.3062077638e+07   -2.9878826640e+07   -7.3232343830e+02    1.8393239201e+03    3.3658902070e+03    2.1850100000e+20    1.8213768162e-05    0.0000000000e+00    1.0000000000e+00    0.0000000000e+00
   -1.0162543699e+07    6.2103101792e+07   -6.0688615015e+07    1.5546239185e+02    2.9519848445e+02    2.0429055034e+02    2.1850100000e+20    1.8213768162e-05    0.0000000000e+00    1.0000000000e+00    0.0000000000e+00
    1.3301709310e+07   -2.9824474359e+06    5.8399015556e+07   -2.1527250938e+02    4.5248251861e+01   -1.7938936962e+03    2.1850100000e+20    1.8213768162e-05    0.0000000000e+00    1.0000000000e+00    0.0000000000e+00
   -9.0311889528e+06    5.6824750779e+07   -1.1352369065e+07    7.9331420472e+02   -1.6569490796e+03    7.1997148006e+02    2.1850100000e+20    1.8213768162e-05    0.0000000000e+00    1.0000000000e+00    0.0000000000e+00
    1.9363022128e+07   -8.3605207199e+07   -1.6504405553e+07   -3.3004479453e+02   -1.5950816498e+02    2.7933397398e+02    2.1850100000e+20    1.8213768162e-05    0.0000000000e+00    1.0000000000e+00    0.0000000000e+00
   -1.0463555161e+07   -2.1167356645e+07    5.6447898058e+07    1.1619320297e+02    4.4199902722e+02   -1.6540607231e+03    2.1663710000e+20    1.8058397511e-05    0.0000000000e+00    1.0000000000e+00    0.0000000000e+00
    9.8051971995e+05    3.2726359176e+07   -1.0066180447e+07    4.5657433651e+02   -3.8378463233e+03    2.2154916148e+03    2.1663710000e+20    1.8058397511e-05    0.0000000000e+00    1.0000000000e+00    0.0000000000e+00
   -1.4772931924e+06    6.0490928886e+07   -8.5710153168e+07    1.3526985457e+02    7.1551561730e+02   -6.6535741685e+02    2.1663710000e+20    1.8058397511e-05    0.0000000000e+00    1.0000000000e+00    0.0000000000e+00
    2.2341623308e+07   -1.0851554773e+08    1.1379618813e+08    3.6263671526e+02   -2.4510362538e+03    2.3703942468e+03    2.1663710000e+20    1.8058397511e-05    0.0000000000e+00    1.0000000000e+00    0.0000000000e+00
   -1.0573145197e+07    1.0102821416e+08   -5.6692541800e+07    1.1089095274e+02    1.4881442072e+03   -5.6498290737e+02    2.1663710000e+20    1.8058397511e-05    0.0000000000e+00    1.0000000000e+00    0.0000000000e+00
    5.2162499418e+06    5.5686068105e+07   -1.5290270423e+07    2.8489140412e+02   -1.7044950882e+03    1.0412135892e+03    2.1663710000e+20    1.8058397511e-05    0.0000000000e+00    1.0000000000e+00    0.0000000000e+00
    6.4293662792e+06    1.3847246125e+06   -1.2875991776e+07   -3.2816140091e+03   -4.7875981547e+02    8.2449077890e+03    2.1663710000e+20    1.8058397511e-05    0.0000000000e+00    1.0000000000e+00    0.0000000000e+00
   -8.1275925540e+06   -7.0158059123e+07    6.8978120812e+07   -3.4775118421e+02   -6.3364217461e+02    2.7526818508e+02    2.1570260000e+20    1.7980499624e-05    0.0000000000e+00    1.0000000000e+00    0.0000000000e+00
   -1.9212000937e+06    7.5291766683e+07    4.0297870587e+07    4.0084457815e+02    2.2042317328e+01   -1.6723454661e+02    2.1570260000e+20    1.7980499624e-05    0.0000000000e+00    1.0000000000e+00    0.0000000000e+00
   -4.2013744560e+06   -4.5871497457e+07   -8.7642403685e+06   -5.2375996815e+02    2.8372565978e+03    8.5239122226e+02    2.1570260000e+20    1.7980499624e-05    0.0000000000e+00    1.0000000000e+00    0.0000000000e+00
   -3.0903943890e+07    7.3708568566e+07   -8.7116760016e+07   -3.3072640484e+02    1.1124343019e+03   -1.1343246536e+03    2.1570260000e+20    1.7980499624e-05    0.0000000000e+00    1.0000000000e+00    0.0000000000e+00
   -3.0716345055e+07    3.3391629974e+07   -1.9882106899e+08   -7.4573039997e+02    8.3521307827e+02   -5.0495887866e+03    2.1570260000e+20    1.7980499624e-05    0.0000000000e+00    1.0000000000e+00    0.0000000000e+00
    2.1448324186e+06    2.4788778754e+07    1.1165234271e+08    5.0054594255e+01    4.0338193799e+02    1.3720074766e+03    2.1570260000e+20    1.7980499624e-05    0.0000000000e+00    1.0000000000e+00    0.0000000000e+00
    2.2170993505e+07   -6.1577887010e+07   -2.0702109618e+07   -6.4178647458e+02    8.2525981408e+02    6.7866726152e+02    2.1570260000e+20    1.7980499624e-05    0.0000000000e+00    1.0000000000e+00    0.0000000000e+00
    5.5091569545e+07   -4.7395592987e+07   -8.0343691014e+07    6.4811681390e+02   -5.8594862648e+02   -7.2269371056e+02    2.1570260000e+20    1.7980499624e-05    0.0000000000e+00    1.0000000000e+00    0.0000000000e+00
    2.8084517906e+07   -1.6918212424e+06   -1.1574064445e+08    4.7103329056e+02   -1.0606292344e+01   -1.5740445170e+03    2.1476640000e+20    1.7902460028e-05    0.0000000000e+00    1.0000000000e+00    0.0000000000e+00
   -1.7571035957e+07    2.7778383644e+07    2.7120967914e+07    1.4242657652e+03   -1.8859859405e+03   -2.4660145544e+03    2.1288870000e+20    1.7745939039e-05    0.0000000000e+00    1.0000000000e+00    0.0000000000e+00
    1.8665157644e+07   -5.4723376764e+07    6.1665541432e+07   -4.0287568532e+01   -1.8748249849e+02   -3.1525867760e+02    2.1288870000e+20    1.7745939039e-05    0.0000000000e+00    1.0000000000e+00    0.0000000000e+00
   -9.0238705804e+05   -4.3294881122e+07   -3.6416268073e+07   -2.1310057567e+02    1.2696982924e+03    1.6778434683e+03    2.1288870000e+20    1.7745939039e-05    0.0000000000e+00    1.0000000000e+00    0.0000000000e+00
    2.5598150393e+07   -3.8583563917e+07    1.1913381589e+08    4.2688184242e+02   -6.8507304262e+02    1.8856943811e+03    2.1288870000e+20    1.7745939039e-05    0.0000000000e+00    1.0000000000e+00    0.0000000000e+00
   -5.5067131734e+06   -8.3913499116e+06    6.8441352372e+07   -4.2345568104e+01    1.0018318773e+02   -1.1214195655e+03    2.1288870000e+20    1.7745939039e-05    0.0000000000e+00    1.0000000000e+00    0.0000000000e+00
   -1.9359104631e+07    5.8392640464e+07   -1.5851636713e+08   -3.9038309982e+02    1.3910402188e+03   -3.5838755371e+03    2.1288870000e+20    1.7745939039e-05    0.0000000000e+00    1.0000000000e+00    0.0000000000e+00
    4.7907384036e+07   -1.1919604417e+08   -1.9443018480e+07    6.2756214817e+02   -2.0393273553e+03   -2.5709437375e+02    2.1288870000e+20    1.7745939039e-05    0.0000000000e+00    1.0000000000e+00    0.0000000000e+00
    4.0398406953e+07   -1.5416185617e+07   -8.4081049271e+07    2.4996031836e+02   -7.2767288297e+01   -3.2662017250e+02    2.1288870000e+20    1.7745939039e-05    0.0000000000e+00    1.0000000000e+00    0.0000000000e+00
   -3.2750430153e+07    8.6298343362e+07    1.2692574006e+08   -6.2568843213e+02    1.9036563708e+03    2.6295506021e+03    2.1100330000e+20    1.7588776196e-05    0.0000000000e+00    1.0000000000e+00    0.0000000000e+00
    1.9105860317e+07   -1.2593436335e+08    5.6577038093e+06   -7.7695623162e+00   -2.0814017273e+03   -6.9209947470e+00    2.1100330000e+20    1.7588776196e-05    0.0000000000e+00    1.0000000000e+00    0.0000000000e+00
    2.2983114539e+07   -6.4300079742e+07   -5.6421948452e+07   -1.0215470997e+02   -2.9988229313e+02    1.4664397746e+02    2.1100330000e+20    1.7588776196e-05    0.0000000000e+00    1.0000000000e+00    0.0000000000e+00
   -5.3270392278e+06    4.2537758026e+07    1.2947939952e+07    7.7681806729e+02   -2.7638063836e+03   -1.4194650982e+03    2.1100330000e+20    1.7588776196e-05    0.0000000000e+00    1.0000000000e+00    0.0000000000e+00
    3.1783631018e+07   -1.1159243509e+08    6.9233058063e+07    4.4782073522e+02   -2.1442955546e+03    1.0141512957e+03    2.1100330000e+20    1.7588776196e-05    0.0000000000e+00    1.0000000000e+00    0.0000000000e+00
   -1.1715430831e+07    6.7592406014e+07   -2.9782397710e+07    4.1621908615e+02   -4.8933175856e+02    5.5990800878e+02    2.1100330000e+20    1.7588776196e-05    0.0000000000e+00    1.0000000000e+00    0.0000000000e+00
   -3.6888195315e+07    1.1359628612e+08   -4.4661571509e+07   -4.2866042545e+02    1.9587285883e+03   -5.4284798889e+02    2.1100330000e+20    1.7588776196e-05    0.0000000000e+00    1.0000000000e+00    0.0000000000e+00
    1.3739807435e+07   -3.0343489214e+07    4.0796864567e+07   -6.4634536832e+02    1.1487218034e+03   -2.0277734699e+03    2.1005760000e+20    1.7509944700e-05    0.0000000000e+00    1.0000000000e+00    0.0000000000e+00
   -1.0163760785e+07    1.0427335475e+08    1.0636087809e+07    2.6455430220e+02    1.0402939058e+03   -1.2840154809e+01    2.1005760000e+20    1.7509944700e-05    0.0000000000e+00    1.0000000000e+00    0.0000000000e+00
    3.1887937246e+07   -1.8412428342e+07    2.1958405684e+08    8.5238978170e+02   -4.9293446967e+02    5.7565394415e+03    2.1005760000e+20    1.7509944700e-05    0.0000000000e+00    1.0000000000e+00    0.0000000000e+00
   -7.2303842599e+06    4.3078300518e+07   -7.5968267897e+07    9.9969751688e+01    8.9422739490e+01    2.2254181799e+01    2.1005760000e+20    1.7509944700e-05    0.0000000000e+00    1.0000000000e+00    0.0000000000e+00
    8.9971613464e+06   -8.9587519582e+07    3.5353538504e+07   -1.9182834173e+02   -6.7151811035e+02   -1.5149800781e+02    2.0910970000e+20    1.7430929818e-05    0.0000000000e+00    1.0000000000e+00    0.0000000000e+00
    1.6621759395e+07   -1.5237247987e+08    2.5469375462e+07    8.3631029343e+01   -3.2148743983e+03    5.1223242140e+02    2.0910970000e+20    1.7430929818e-05    0.0000000000e+00    1.0000000000e+00    0.0000000000e+00
   -2.6290158134e+07    3.1796064064e+07    1.0402638640e+08   -3.7032448196e+02    4.7421634230e+02    1.1546033348e+03    2.0720730000e+20    1.7272349891e-05    0.0000000000e+00    1.0000000000e+00    0.0000000000e+00
    2.3815493232e+07    5.0177075681e+06    5.8940049109e+07   -3.1882686567e+02    3.1810680645e+01   -1.4898764891e+03    2.0720730000e+20    1.7272349891e-05    0.0000000000e+00    1.0000000000e+00    0.0000000000e+00
    5.1109905557e+06   -8.9198227585e+07    6.1561792236e+07   -1.9556328629e+02   -1.1345578004e+03    4.4665492492e+02    2.0720730000e+20    1.7272349891e-05    0.0000000000e+00    1.0000000000e+00    0.0000000000e+00
    8.1438016360e+06   -7.4677679095e+07    1.1709477017e+07   -4.3930403997e+02    5.3506022798e+02   -4.7106741701e+02    2.0720730000e+20    1.7272349891e-05    0.0000000000e+00    1.0000000000e+00    0.0000000000e+00
    3.9035590932e+06   -4.4644121266e+07    1.0878347871e+08   -4.2439227099e+01   -6.9546866619e+02    1.4375561484e+03    2.0720730000e+20    1.7272349891e-05    0.0000000000e+00    1.0000000000e+00    0.0000000000e+00
    3.8254362851e+07   -7.9981862863e+07    7.6951891105e+07    4.7377170921e+02   -1.2144211031e+03    9.0517324980e+02    2.0720730000e+20    1.7272349891e-05    0.0000000000e+00    1.0000000000e+00    0.0000000000e+00
    3.4220081638e+06   -1.9652022739e+07    7.3366667723e+07   -8.9856338828e+01    9.2020193057e+01   -6.5787792707e+02    2.0720730000e+20    1.7272349891e-05    0.0000000000e+00    1.0000000000e+00    0.0000000000e+00
   -4.5573967360e+06    9.5532592039e+07    6.1377060213e+07    2.0093616130e+02    1.2879629105e+03    6.0240369804e+02    2.0720730000e+20    1.7272349891e-05    0.0000000000e+00    1.0000000000e+00    0.0000000000e+00
    1.3680383797e+07   -8.3671935376e+07   -2.3420093415e+07   -3.5775999752e+02   -1.1849905092e+02    3.8901529885e+01    2.0720730000e+20    1.7272349891e-05    0.0000000000e+00    1.0000000000e+00    0.0000000000e+00
   -3.0860831909e+07    8.4988682996e+07    2.2083424790e+07    6.6593202113e+01    4.3065429445e+02   -1.8057280542e+02    2.0720730000e+20    1.7272349891e-05    0.0000000000e+00    1.0000000000e+00    0.0000000000e+00
    1.2604332510e+07   -7.9510793515e+07   -1.5998237427e+07   -3.6215123627e+02    1.6600703578e+02    3.0753718860e+02    2.0720730000e+20    1.7272349891e-05    0.0000000000e+00    1.0000000000e+00    0.0000000000e+00
   -5.2285012202e+07   -2.7582170287e+07   -7.0233913302e+06    1.4323220038e+03    2.7644231314e+02    1.8141329929e+02    2.0720730000e+20    1.7272349891e-05    0.0000000000e+00    1.0000000000e+00    0.0000000000e+00
   -2.8615744160e+07    7.2986698289e+07    2.5756611884e+07    3.6421241141e+02   -9.1548317430e+01   -1.9907689585e+02    2.0720730000e+20    1.7272349891e-05    0.0000000000e+00    1.0000000000e+00    0.0000000000e+00
    1.3984518222e+07   -8.5103831231e+07   -4.9174298539e+07   -2.4703560032e+02   -6.7096444809e+02   -2.8867843390e+02    2.0720730000e+20    1.7272349891e-05    0.0000000000e+00    1.0000000000e+00    0.0000000000e+00
    1.7774889843e+06    1.3003899195e+08   -3.6140772473e+07    3.4732240885e+02    2.3197550496e+03   -5.7003460527e+02    2.0720730000e+20    1.7272349891e-05    0.0000000000e+00    1.0000000000e+00    0.0000000000e+00
    1.0135787712e+07   -5.7028286620e+07   -1.2255699804e+08    1.6845673668e+02   -1.1662218555e+03   -2.0963942157e+03    2.0720730000e+20    1.7272349891e-05    0.0000000000e+00    1.0000000000e+00    0.0000000000e+00
    2.3308869753e+07   -2.6524790349e+07    6.9373318113e+07   -1.4691240305e+02    7.8004578279e+01   -5.5855836856e+02    2.0720730000e+20    1.7272349891e-05    0.0000000000e+00    1.0000000000e+00    0.0000000000e+00
   -4.6690538165e+06    3.2993562565e+07    6.3562832787e+07    7.2738673484e+01   -2.0038342771e+02   -9.4822552162e+02    2.0720730000e+20    1.7272349891e-05    0.0000000000e+00    1.0000000000e+00    0.0000000000e+00
    5.1631511188e+06    4.1917962799e+07    9.8341409203e+05    4.3051095896e+02   -3.4302973014e+03   -2.7258567735e+02    2.0720730000e+20    1.7272349891e-05    0.0000000000e+00    1.0000000000e+00    0.0000000000e+00
    1.2031070684e+07   -7.9248586969e+07    1.5866840407e+08    2.2955568191e+02   -1.9721081390e+03    3.6433802585e+03    2.0720730000e+20    1.7272349891e-05    0.0000000000e+00    1.0000000000e+00    0.0000000000e+00
    3.8548807315e+06   -4.4716513920e+06    5.6707483567e+07   -6.5698341230e+01   -4.6029095599e+00   -2.0349921965e+03    2.0720730000e+20    1.7272349891e-05    0.0000000000e+00    1.0000000000e+00    0.0000000000e+00
   -3.5308377177e+06   -7.7444656919e+07    3.1777369118e+07   -4.6975976427e+02    1.0097512683e+02   -2.4937250942e+02    2.0720730000e+20    1.7272349891e-05    0.0000000000e+00    1.0000000000e+00    0.0000000000e+00
    5.4745915554e+06   -1.9911746066e+07   -2.8095198640e+06   -2.9081558176e+03    6.3136170369e+03    8.8931889888e+02    2.0720730000e+20    1.7272349891e-05    0.0000000000e+00    1.0000000000e+00    0.0000000000e+00
    7.1471603222e+06    1.7592688689e+07   -1.6045045820e+07   -9.2175267664e+02   -3.7815545345e+03    4.5694321666e+03    2.0720730000e+20    1.7272349891e-05    0.0000000000e+00    1.0000000000e+00    0.0000000000e+00
    2.4065156389e+07   -1.3706788387e+08   -4.3536307475e+07    2.0431811183e+02   -2.7271994806e+03   -8.4680722375e+02    2.0720730000e+20    1.7272349891e-05    0.0000000000e+00    1.0000000000e+00    0.0000000000e+00
    1.7703400389e+07   -2.4151225867e+07   -4.1134202844e+07   -7.7373733413e+02    8.3992792303e+02    2.3199489378e+03    2.0720730000e+20    1.7272349891e-05    0.0000000000e+00    1.0000000000e+00    0.0000000000e+00
    1.1561826424e+07   -2.7725423246e+07   -2.1580961008e+07   -1.5252448241e+03    2.6736194417e+03    2.6858633119e+03    2.0720730000e+20    1.7272349891e-05    0.0000000000e+00    1.0000000000e+00    0.0000000000e+00
   -1.7246678685e+07   -2.5030351900e+06    4.8608611862e+07    6.3103811205e+02   -1.1225809284e+01   -2.4292053301e+03    2.0529540000e+20    1.7112978065e-05    0.0000000000e+00    1.0000000000e+00    0.0000000000e+00
    2.4746207052e+05   -4.3419552958e+07    5.4131537480e+07   -1.6641417767e+02    4.2167374725e+02   -1.0735780805e+03    2.0529540000e+20    1.7112978065e-05    0.0000000000e+00    1.0000000000e+00    0.0000000000e+00
    4.5630820840e+06   -7.6669964495e+07    9.2381425783e+07   -6.7531176363e+01   -1.2473479618e+03    1.1895391341e+03    2.0529540000e+20    1.7112978065e-05    0.0000000000e+00    1.0000000000e+00    0.0000000000e+00
   -3.2688455492e+06    7.2440226506e+07   -7.8974418693e+07    1.5096579236e+02    8.6516017645e+02   -6.9291217570e+02    2.0529540000e+20    1.7112978065e-05    0.0000000000e+00    1.0000000000e+00    0.0000000000e+00
   -2.1957507225e+07    3.3542561809e+07   -6.1107715589e+07    2.3710018284e+02   -2.6012482787e+02    8.0248075186e+02    2.0529540000e+20    1.7112978065e-05    0.0000000000e+00    1.0000000000e+00    0.0000000000e+00
   -1.3476497633e+07   -1.7817073177e+07   -1.3593707392e+08   -2.8763185706e+02   -3.6356137642e+02   -2.4424520330e+03    2.0529540000e+20    1.7112978065e-05    0.0000000000e+00    1.0000000000e+00    0.0000000000e+00
   -2.7173195192e+07   -3.8149776686e+07   -9.0366384421e+07   -3.9951407855e+02   -4.2376924472e+02   -6.0279086411e+02    2.0529540000e+20    1.7112978065e-05    0.0000000000e+00    1.0000000000e+00    0.0000000000e+00
   -2.5599090883e+07    7.2146562882e+07   -1.7310950401e+08   -6.1667248745e+02    1.8373268575e+03   -4.1532743405e+03    2.0529540000e+20    1.7112978065e-05    0.0000000000e+00    1.0000000000e+00    0.0000000000e+00
    3.5605451960e+06    3.1210782867e+07    1.2927870692e+07    2.4255843032e+02   -3.7735401319e+03   -2.4131936985e+03    2.0529540000e+20    1.7112978065e-05    0.0000000000e+00    1.0000000000e+00    0.0000000000e+00
   -5.2963915318e+06    9.0058447550e+07    9.0432633526e+07    3.3889803805e+01    1.6183741412e+03    1.3080333018e+03    2.0529540000e+20    1.7112978065e-05    0.0000000000e+00    1.0000000000e+00    0.0000000000e+00
    2.3558735229e+07    1.2868707538e+07    7.1089028388e+07   -7.1969849049e+01    1.1538736938e+01   -7.0074274123e+02    2.0529540000e+20    1.7112978065e-05    0.0000000000e+00    1.0000000000e+00    0.0000000000e+00
   -1.6876643576e+07    1.5886314942e+07    2.2959935436e+08   -4.8355991413e+02    4.4337134381e+02    6.0966961274e+03    2.0529540000e+20    1.7112978065e-05    0.0000000000e+00    1.0000000000e+00    0.0000000000e+00
    1.7933073472e+07    2.8732456995e+07   -7.1273890518e+07    8.2540526561e+01   -2.2937677184e+01    5.3802893810e+02    2.0529540000e+20    1.7112978065e-05    0.0000000000e+00    1.0000000000e+00    0.0000000000e+00
    1.7166649888e+06   -2.3112642437e+07   -1.7256559464e+08   -5.6783263487e+00   -5.5327654458e+02   -3.9580844859e+03    2.0529540000e+20    1.7112978065e-05    0.0000000000e+00    1.0000000000e+00    0.0000000000e+00
    1.9217412843e+07   -3.1601085206e+07   -8.2194564560e+07   -3.1275914519e+01   -1.3910450049e+02   -1.3799856015e+02    2.0529540000e+20    1.7112978065e-05    0.0000000000e+00    1.0000000000e+00    0.0000000000e+00
    1.1932004353e+07   -9.2613318951e+07   -3.9467397275e+07   -2.0915620901e+02   -8.4379500799e+02   -9.8295662156e+01    2.0529540000e+20    1.7112978065e-05    0.0000000000e+00    1.0000000000e+00    0.0000000000e+00
    1.9792395698e+07   -1.0708256727e+07   -5.8413923173e+07   -4.0156269606e+02    2.1260742390e+02    1.5446470443e+03    2.0529540000e+20    1.7112978065e-05    0.0000000000e+00    1.0000000000e+00    0.0000000000e+00
    9.2911567924e+06   -1.1986841924e+08   -9.8265404534e+07    8.8904060730e+01   -2.6538733320e+03   -1.8886526055e+03    2.0529540000e+20    1.7112978065e-05    0.0000000000e+00    1.0000000000e+00    0.0000000000e+00
   -3.6077010173e+07    3.7341664695e+07    6.2666531626e+07    8.3759283398e+01   -7.6892168472e-01   -3.9716248557e+02    2.0433580000e+20    1.7032987896e-05    0.0000000000e+00    1.0000000000e+00    0.0000000000e+00
   -1.2663244968e+07   -3.1383661235e+07   -4.7702658365e+07    1.3963260914e+02    7.5195882987e+02    1.8045346911e+03    2.0433580000e+20    1.7032987896e-05    0.0000000000e+00    1.0000000000e+00    0.0000000000e+00
   -1.7369355273e+07    1.3235715851e+08    8.6583946530e+07   -1.5503921264e+02    2.9187599231e+03    1.7863615078e+03    2.0433580000e+20    1.7032987896e-05    0.0000000000e+00    1.0000000000e+00    0.0000000000e+00
   -1.1321784495e+07   -2.0175559710e+07    2.6369819551e+07    7.9628638273e+02    2.1350600625e+03   -3.7022309099e+03    2.0337350000e+20    1.6952772661e-05    0.0000000000e+00    1.0000000000e+00    0.0000000000e+00
   -7.6442046758e+06   -6.1956168034e+07    5.0197948454e+07   -2.1331002404e+02    1.0549091132e+02   -5.3565586563e+02    2.0337350000e+20    1.6952772661e-05    0.0000000000e+00    1.0000000000e+00    0.0000000000e+00
   -3.1313785933e+07    7.0437912281e+07   -1.0772426826e+08   -4.9623137675e+02    1.3273042258e+03   -1.7608790093e+03    2.0337350000e+20    1.6952772661e-05    0.0000000000e+00    1.0000000000e+00    0.0000000000e+00
    1.0001377941e+07    3.9531968403e+07    8.4210575199e+07    1.0341128582e+02    3.6612240638e+02    2.2590423080e+02    2.0337350000e+20    1.6952772661e-05    0.0000000000e+00    1.0000000000e+00    0.0000000000e+00
   -6.6733682972e+06   -6.3379736576e+07   -2.4488090757e+07   -3.8810003557e+02    9.6957644742e+02    8.0276301971e+02    2.0337350000e+20    1.6952772661e-05    0.0000000000e+00    1.0000000000e+00    0.0000000000e+00
   -3.1141409354e+06    7.8949473413e+07    3.9667788100e+07    2.1181745366e+02    2.5506893727e+02   -3.2533995569e+02    2.0240850000e+20    1.6872332360e-05    0.0000000000e+00    1.0000000000e+00    0.0000000000e+00
    3.4578431725e+06    8.3860011998e+07   -1.4629558260e+06    5.2263296881e+02   -1.8063957689e+02   -8.4990221690e+01    2.0240850000e+20    1.6872332360e-05    0.0000000000e+00    1.0000000000e+00    0.0000000000e+00
    6.0969468852e+06   -5.2815077961e+07   -6.3082371408e+07   -2.0226658729e+02   -4.1268660496e+01    3.4278649670e+02    2.0240850000e+20    1.6872332360e-05    0.0000000000e+00    1.0000000000e+00    0.0000000000e+00
   -9.0637459590e+06   -4.7013274338e+07   -3.0813443160e+07   -1.7894266904e+02    1.4603818254e+03    1.5155557654e+03    2.0240850000e+20    1.6872332360e-05    0.0000000000e+00    1.0000000000e+00    0.0000000000e+00
   -5.3725743406e+06    6.4317087867e+07    1.0606101957e+08    6.9193204079e+01    1.0725869237e+03    1.5264408049e+03    2.0144070000e+20    1.6791658657e-05    0.0000000000e+00    1.0000000000e+00    0.0000000000e+00
   -2.7029526227e+07    6.5184074940e+07    1.7208936312e+08   -6.4088788570e+02    1.6199652835e+03    4.0913988200e+03    2.0144070000e+20    1.6791658657e-05    0.0000000000e+00    1.0000000000e+00    0.0000000000e+00
    4.6902842390e+06    2.2809437959e+07    1.3730950282e+07    5.1677350618e+01   -4.3501313834e+03   -3.5093526782e+03    2.0144070000e+20    1.6791658657e-05    0.0000000000e+00    1.0000000000e+00    0.0000000000e+00
    1.0665236542e+07   -6.9936241867e+07   -1.5405351705e+07   -6.3298379410e+02    7.5919076257e+02    2.3529714740e+02    2.0144070000e+20    1.6791658657e-05    0.0000000000e+00    1.0000000000e+00    0.0000000000e+00
   -2.2981048266e+06    7.2651959528e+07   -6.7972355320e+06    5.4235121111e+02   -8.1899865773e+02    1.6879943217e+02    2.0144070000e+20    1.6791658657e-05    0.0000000000e+00    1.0000000000e+00    0.0000000000e+00
   -1.1698111153e+07    6.7575915063e+07   -4.8004548969e+06    6.3109842747e+02   -1.0368338205e+03    2.6207541324e+02    2.0144070000e+20    1.6791658657e-05    0.0000000000e+00    1.0000000000e+00    0.0000000000e+00
   -2.3729686975e+06   -2.8688947833e+07   -3.8071522291e+07   -9.7600234052e+01    1.3184462550e+03    2.5721467461e+03    2.0144070000e+20    1.6791658657e-05    0.0000000000e+00    1.0000000000e+00    0.0000000000e+00
    2.6594038131e+06   -9.4478663956e+07   -1.5911674030e+08   -4.0660464613e+01   -2.3573311115e+03   -3.7634669136e+03    2.0144070000e+20    1.6791658657e-05    0.0000000000e+00    1.0000000000e+00    0.0000000000e+00
    3.5914523511e+07   -1.0277361723e+08    9.6483538353e+07    5.9158616720e+02   -2.1156547290e+03    1.8274949424e+03    2.0144070000e+20    1.6791658657e-05    0.0000000000e+00    1.0000000000e+00    0.0000000000e+00
    2.5776209715e+07    3.9777134989e+07   -1.2567795830e+08    5.7041458736e+02    8.0760883480e+02   -2.1683482101e+03    2.0144070000e+20    1.6791658657e-05    0.0000000000e+00    1.0000000000e+00    0.0000000000e+00
    8.4560163541e+06   -2.9003412996e+07   -9.9725635951e+07    3.9584201514e+01   -4.1201892640e+02   -8.7152999168e+02    2.0144070000e+20    1.6791658657e-05    0.0000000000e+00    1.0000000000e+00    0.0000000000e+00
   -8.2140423154e+06    4.1342904599e+07   -7.3761559961e+07    7.7422970165e+01    1.4111569055e+02    1.9540808547e+02    2.0144070000e+20    1.6791658657e-05    0.0000000000e+00    1.0000000000e+00    0.0000000000e+00
    1.1436627350e+07    3.9754963495e+07   -4.9839977107e+07   -1.1194142720e+01   -6.0815125698e+02    1.3496021511e+03    2.0144070000e+20    1.6791658657e-05    0.0000000000e+00    1.0000000000e+00    0.0000000000e+00
    4.7265865445e+07   -1.0087563586e+08   -7.9675325313e+07    7.7237980985e+02   -1.9403621390e+03   -1.3053696577e+03    2.0144070000e+20    1.6791658657e-05    0.0000000000e+00    1.0000000000e+00    0.0000000000e+00
   -1.1274727720e+07   -4.6753306649e+07   -1.1763683010e+07    2.3359092144e+01    2.4346079804e+03    1.3239614365e+03    2.0047000000e+20    1.6710743216e-05    0.0000000000e+00    1.0000000000e+00    0.0000000000e+00
    1.2283054474e+07   -1.9240604938e+07   -2.0321565820e+08    3.3347203432e+02   -5.3671709771e+02   -5.1093677015e+03    2.0047000000e+20    1.6710743216e-05    0.0000000000e+00    1.0000000000e+00    0.0000000000e+00
    9.4079948335e+06    2.1588368608e+07    1.2646496261e+07   -9.7607485442e+02   -4.2249222149e+03   -3.6357632742e+03    2.0047000000e+20    1.6710743216e-05    0.0000000000e+00    1.0000000000e+00    0.0000000000e+00
    2.7358119855e+07    1.6082179040e+07    1.5307257724e+06   -4.2256225175e+03   -1.6556561721e+03   -3.3349582688e+02    2.0047000000e+20    1.6710743216e-05    0.0000000000e+00    1.0000000000e+00    0.0000000000e+00
   -5.0499691971e+06    6.5833606807e+07   -4.1440706049e+07    3.3362930643e+02   -1.9864733396e+02    5.9998661933e+02    2.0047000000e+20    1.6710743216e-05    0.0000000000e+00    1.0000000000e+00    0.0000000000e+00
    2.0010352161e+07   -9.3915501118e+07   -1.6673130555e+08    4.3762339566e+02   -2.3928916581e+03   -4.0197290179e+03    2.0047000000e+20    1.6710743216e-05    0.0000000000e+00    1.0000000000e+00    0.0000000000e+00
   -8.4139337148e+06    2.4008122922e+07    9.5179378359e+06    2.1520129536e+03   -4.5070231618e+03   -2.4885622180e+03    1.9949640000e+20    1.6629586037e-05    0.0000000000e+00    1.0000000000e+00    0.0000000000e+00
   -3.2565867201e+07    1.5810944230e+08    9.2989579819e+07   -6.4853654703e+02    3.8985699306e+03    2.1042504837e+03    1.9949640000e+20    1.6629586037e-05    0.0000000000e+00    1.0000000000e+00    0.0000000000e+00
   -3.9960556400e+06    1.7757801014e+07    1.1306892680e+07    1.6881896001e+03   -4.8111497515e+03   -4.4788913203e+03    1.9949640000e+20    1.6629586037e-05    0.0000000000e+00    1.0000000000e+00    0.0000000000e+00
    1.1254351356e+07    7.0170994441e+07    1.5429841123e+07    4.1814136463e+02   -8.6586772823e+02   -3.4593275692e+02    1.9949640000e+20    1.6629586037e-05    0.0000000000e+00    1.0000000000e+00    0.0000000000e+00
    4.6674383139e+06   -6.3830877356e+07   -3.8469325804e+07   -3.8572323428e+02    5.2376279219e+02    5.4949547530e+02    1.9949640000e+20    1.6629586037e-05    0.0000000000e+00    1.0000000000e+00    0.0000000000e+00
   -2.0563158807e+07    7.9172886957e+07   -3.2061109843e+07    1.8559131594e+02    2.6884269290e+02    3.5788399929e+02    1.9949640000e+20    1.6629586037e-05    0.0000000000e+00    1.0000000000e+00    0.0000000000e+00
   -2.2459599595e+06    2.6432920287e+07   -1.5932577121e+08    4.6620912009e+00    5.6996895923e+02   -3.4614659339e+03    1.9949640000e+20    1.6629586037e-05    0.0000000000e+00    1.0000000000e+00    0.0000000000e+00
    5.2619061197e+07   -3.3547845588e+07    1.6453499731e+08    1.2851882285e+03   -8.1354953258e+02    3.7760775276e+03    1.9949640000e+20    1.6629586037e-05    0.0000000000e+00    1.0000000000e+00    0.0000000000e+00
    9.0273690925e+06    3.2408447387e+07    9.6385486591e+07    2.2952769149e+02    3.8318619166e+02    7.1514419649e+02    1.9949640000e+20    1.6629586037e-05    0.0000000000e+00    1.0000000000e+00    0.0000000000e+00
    6.4898274512e+07    3.5885524395e+07   -7.9395950185e+06   -3.9411602563e+02    2.1736575092e+02   -6.6401601673e+01    1.9949640000e+20    1.6629586037e-05    0.0000000000e+00    1.0000000000e+00    0.0000000000e+00
    1.2621525012e+07   -4.3422217239e+07    2.2134308990e+07   -9.9539641467e+02    2.0288842390e+03   -1.3921998840e+03    1.9949640000e+20    1.6629586037e-05    0.0000000000e+00    1.0000000000e+00    0.0000000000e+00
    2.3088311705e+07   -4.6134502289e+07    3.3969554377e+07   -7.3283631937e+02    1.0312817122e+03   -1.1454087631e+03    1.9949640000e+20    1.6629586037e-05    0.0000000000e+00    1.0000000000e+00    0.0000000000e+00
    2.8048144994e+07   -8.6676674580e+07    2.1573768399e+07   -1.9419151102e+02   -4.3780879386e+02    2.3976133275e+01    1.9949640000e+20    1.6629586037e-05    0.0000000000e+00    1.0000000000e+00    0.0000000000e+00
   -9.5966202676e+06   -5.1541642881e+07    6.8386128175e+06   -3.0850875272e+02    2.3761166654e+03   -6.0650844885e+02    1.9949640000e+20    1.6629586037e-05    0.0000000000e+00    1.0000000000e+00    0.0000000000e+00
    1.1624716717e+07    5.0422293968e+07   -1.4669038763e+08    2.8729557976e+02    1.1741417139e+03   -3.0216390085e+03    1.9949640000e+20    1.6629586037e-05    0.0000000000e+00    1.0000000000e+00    0.0000000000e+00
   -1.2750200136e+05   -3.1598356986e+07   -2.0230245355e+07   -6.6922180740e+02    3.0407417907e+03    2.5678998284e+03    1.9949640000e+20    1.6629586037e-05    0.0000000000e+00    1.0000000000e+00    0.0000000000e+00
   -8.7084919648e+06   -3.7336333352e+07    1.6044738503e+08   -2.5212907001e+02   -9.1340916341e+02    3.5293630381e+03    1.9851960000e+20    1.6548162113e-05    0.0000000000e+00    1.0000000000e+00    0.0000000000e+00
   -1.4567763552e+07    2.9580149194e+05   -9.4089835304e+07   -1.8301692957e+02    1.2195613289e+00   -4.4186938549e+02    1.9851960000e+20    1.6548162113e-05    0.0000000000e+00    1.0000000000e+00    0.0000000000e+00
    1.0817655965e+07   -9.4712798489e+06    3.1409851215e+06   -4.9858567387e+03   -4.5575197728e+03    1.3033888137e+03    1.9851960000e+20    1.6548162113e-05    0.0000000000e+00    1.0000000000e+00    0.0000000000e+00
   -8.8956355557e+05    6.9554177783e+07    1.5628904686e+07    5.5946328702e+02   -8.5497295911e+02   -4.1045296492e+02    1.9851960000e+20    1.6548162113e-05    0.0000000000e+00    1.0000000000e+00    0.0000000000e+00
   -3.9915454821e+06   -8.6403346263e+07    1.5720353287e+08   -2.0556688316e+02   -2.1015464929e+03    3.6481639930e+03    1.9851960000e+20    1.6548162113e-05    0.0000000000e+00    1.0000000000e+00    0.0000000000e+00
    8.6819958932e+06    1.1646625439e+07    2.5921018783e+07   -9.0977356824e+02   -1.5822154459e+03   -4.7634755225e+03    1.9851960000e+20    1.6548162113e-05    0.0000000000e+00    1.0000000000e+00    0.0000000000e+00
    1.4006482037e+07    3.1869084730e+07   -5.7216969201e+07    5.5183467783e-01   -4.2794370921e+02    1.2249973173e+03    1.9851960000e+20    1.6548162113e-05    0.0000000000e+00    1.0000000000e+00    0.0000000000e+00
    6.7691472222e+06   -4.0820562138e+07   -3.5633653427e+07   -6.0402901145e+02    1.4899146339e+03    1.5946488294e+03    1.9851960000e+20    1.6548162113e-05    0.0000000000e+00    1.0000000000e+00    0.0000000000e+00
   -1.3253886492e+07   -3.2359057753e+07    6.6928768593e+07   -9.0323247448e+01    1.5213554028e+02   -7.3415383873e+02    1.9753960000e+20    1.6466471445e-05    0.0000000000e+00    1.0000000000e+00    0.0000000000e+00
   -5.0732399536e+07    1.1822196309e+08   -8.2427746083e+07   -9.6279458455e+02    2.5315703875e+03   -1.5731150727e+03    1.9753960000e+20    1.6466471445e-05    0.0000000000e+00    1.0000000000e+00    0.0000000000e+00
   -3.1617009447e+07    3.1523176616e+07   -6.3663645090e+07    1.6056447716e+02   -5.4853980202e+01    5.9056401082e+02    1.9753960000e+20    1.6466471445e-05    0.0000000000e+00    1.0000000000e+00    0.0000000000e+00
    1.6029074494e+07    1.0046632001e+08    5.3036072658e+07    5.0545554151e+02    1.3875760314e+03    4.2199415221e+02    1.9753960000e+20    1.6466471445e-05    0.0000000000e+00    1.0000000000e+00    0.0000000000e+00
    2.5635218297e+07    4.0976197217e+07    5.7527876114e+07    4.8281209931e+01   -1.5761239198e+02   -8.1315034072e+02    1.9753960000e+20    1.6466471445e-05    0.0000000000e+00    1.0000000000e+00    0.0000000000e+00
    9.9475442934e+06   -3.7486930395e+07   -1.4111806908e+08    1.8453974661e+02   -8.0358667053e+02   -2.7177162150e+03    1.9753960000e+20    1.6466471445e-05    0.0000000000e+00    1.0000000000e+00    0.0000000000e+00
    2.4899250840e+07   -1.0997035873e+08   -6.8983152921e+07    2.5911674537e+02   -2.0195374396e+03   -9.9897637585e+02    1.9753960000e+20    1.6466471445e-05    0.0000000000e+00    1.0000000000e+00    0.0000000000e+00
   -1.4395675354e+07   -6.9972847646e+06    1.2335563248e+08   -3.1956957489e+02   -1.1681098731e+02    1.8782457832e+03    1.9556950000e+20    1.6302248193e-05    0.0000000000e+00    1.0000000000e+00    0.0000000000e+00
   -5.5371404501e+06    8.3452752351e+07    1.8671450043e+07    3.8387713973e+02   -1.9829545788e+01   -1.4132135392e+02    1.9556950000e+20    1.6302248193e-05    0.0000000000e+00    1.0000000000e+00    0.0000000000e+00
   -1.9587947393e+06   -4.7098154039e+07   -2.4907846066e+07   -5.0272980280e+02    1.9795879634e+03    1.2651370729e+03    1.9556950000e+20    1.6302248193e-05    0.0000000000e+00    1.0000000000e+00    0.0000000000e+00
   -2.0039258467e+07    1.7758622805e+07    1.2427828801e+08   -3.2183284279e+02    2.4825946387e+02    1.9945947423e+03    1.9556950000e+20    1.6302248193e-05    0.0000000000e+00    1.0000000000e+00    0.0000000000e+00
    8.3781068318e+06    1.2621800462e+07   -7.0629252170e+06   -2.8909268252e+03   -5.5902750709e+03    5.3119704080e+03    1.9556950000e+20    1.6302248193e-05    0.0000000000e+00    1.0000000000e+00    0.0000000000e+00
    1.2058212059e+06    7.3632466768e+07   -1.5644572063e+08    1.0601646402e+02    1.7970639599e+03   -3.5324254998e+03    1.9556950000e+20    1.6302248193e-05    0.0000000000e+00    1.0000000000e+00    0.0000000000e+00
    4.5664749831e+07   -4.6601946376e+07   -9.9928769025e+07    6.6899616034e+02   -7.1751933736e+02   -1.3313970327e+03    1.9556950000e+20    1.6302248193e-05    0.0000000000e+00    1.0000000000e+00    0.0000000000e+00
   -1.8652158491e+07   -7.8817070352e+06    2.0928233539e+06    5.7762374829e+03    3.1395639103e+03   -9.1529019691e+02    1.9358510000e+20    1.6136832925e-05    0.0000000000e+00    1.0000000000e+00    0.0000000000e+00
   -6.9921344908e+06   -1.3682467060e+07   -3.9142724756e+06   -3.9176051412e+03    1.7973272000e+03   -1.3425452432e+03    1.9358510000e+20    1.6136832925e-05    0.0000000000e+00    1.0000000000e+00    0.0000000000e+00
    5.1277040385e+06    7.5894821860e+07    1.6495667931e+05    5.1604997055e+02   -6.5499687745e+02    9.1535633652e+01    1.9358510000e+20    1.6136832925e-05    0.0000000000e+00    1.0000000000e+00    0.0000000000e+00
    2.1655282830e+07   -4.2368620060e+07    8.5897303332e+07    1.3263190393e+02   -3.9438498997e+02    4.7025179088e+02    1.9358510000e+20    1.6136832925e-05    0.0000000000e+00    1.0000000000e+00    0.0000000000e+00
    1.1860473122e+07   -3.3464773606e+07    1.5774927131e+08    2.3874147815e+02   -7.8616892635e+02    3.4260573733e+03    1.9358510000e+20    1.6136832925e-05    0.0000000000e+00    1.0000000000e+00    0.0000000000e+00
    8.0792916298e+06    1.1020883116e+08   -9.7790570707e+07    3.9438294570e+02    2.2742442380e+03   -1.8341809375e+03    1.9358510000e+20    1.6136832925e-05    0.0000000000e+00    1.0000000000e+00    0.0000000000e+00
   -3.5594315919e+07    9.9435863515e+07   -9.2494847402e+07   -5.9663819290e+02    1.9645110384e+03   -1.6316234297e+03    1.9358510000e+20    1.6136832925e-05    0.0000000000e+00    1.0000000000e+00    0.0000000000e+00
   -2.5575206385e+07   -1.7756727705e+07    2.0644312135e+08   -6.9088749869e+02   -4.8028312203e+02    5.2410474547e+03    1.9258730000e+20    1.6053658487e-05    0.0000000000e+00    1.0000000000e+00    0.0000000000e+00
   -3.8162187155e+07    7.6315438118e+07    1.7233499426e+08   -8.9624673694e+02    1.9318946307e+03    4.1852943964e+03    1.9258730000e+20    1.6053658487e-05    0.0000000000e+00    1.0000000000e+00    0.0000000000e+00
   -6.1360135979e+06   -5.0083740200e+07    4.6474758092e+06   -4.6273688167e+02    2.5631715712e+03   -5.4829135385e+02    1.9258730000e+20    1.6053658487e-05    0.0000000000e+00    1.0000000000e+00    0.0000000000e+00
   -9.0525552238e+06   -1.3779856548e+07   -1.5810817794e+06   -3.3788271987e+03    1.2449155171e+03   -6.4731047812e+02    1.9258730000e+20    1.6053658487e-05    0.0000000000e+00    1.0000000000e+00    0.0000000000e+00
    4.6705039790e+06   -7.4204992421e+07   -9.7523879065e+07   -4.7428788292e+01   -1.2769195788e+03   -1.3302837091e+03    1.9258730000e+20    1.6053658487e-05    0.0000000000e+00    1.0000000000e+00    0.0000000000e+00
   -3.8149171442e+07    1.2695729783e+08   -5.5171167494e+07   -5.5059401977e+02    2.5326081167e+03   -9.4778041847e+02    1.9258730000e+20    1.6053658487e-05    0.0000000000e+00    1.0000000000e+00    0.0000000000e+00
    1.6982838654e+07   -2.1292777710e+07   -1.4002668249e+08    3.9803538692e+02   -4.6625829445e+02   -2.6557416515e+03    1.9258730000e+20    1.6053658487e-05    0.0000000000e+00    1.0000000000e+00    0.0000000000e+00
   -1.1438596474e+07    7.6350908680e+07    1.8798397168e+08   -2.1434425773e+02    1.9787546492e+03    4.7307497437e+03    1.9258730000e+20    1.6053658487e-05    0.0000000000e+00    1.0000000000e+00    0.0000000000e+00
    2.6821431412e+05    8.9194453300e+07    8.6164546996e+06    4.5825452286e+02    1.7686155215e+02   -6.6161444640e+01    1.9258730000e+20    1.6053658487e-05    0.0000000000e+00    1.0000000000e+00    0.0000000000e+00
   -6.2542465772e+06    3.5826033896e+07    2.0779613624e+07    9.1672369078e+02   -2.6345222633e+03   -2.0855611376e+03    1.9258730000e+20    1.6053658487e-05    0.0000000000e+00    1.0000000000e+00    0.0000000000e+00
   -1.2629000326e+06   -5.4861244802e+07    3.4442388196e+07   -4.3307665182e+02    1.0678185765e+03   -9.7173605314e+02    1.9258730000e+20    1.6053658487e-05    0.0000000000e+00    1.0000000000e+00    0.0000000000e+00
   -6.8339834136e+06    6.8608924609e+07   -8.5147524904e+07    7.0227240255e+01    9.1903176294e+02   -8.0887825837e+02    1.9258730000e+20    1.6053658487e-05    0.0000000000e+00    1.0000000000e+00    0.0000000000e+00
   -6.9173876912e+06   -9.5310413322e+07   -1.0284289851e+08   -3.7405328038e+02   -1.9450548627e+03   -1.7904331573e+03    1.9258730000e+20    1.6053658487e-05    0.0000000000e+00    1.0000000000e+00    0.0000000000e+00
   -1.5668865051e+07    1.0354118937e+08    9.4613096880e+07   -1.5587419173e+02    2.0779301810e+03    1.6558897727e+03    1.9158550000e+20    1.5970150618e-05    0.0000000000e+00    1.0000000000e+00    0.0000000000e+00
   -5.2089356116e+07    1.1931831233e+08    8.1782474250e+06   -7.0628307424e+02    2.0454242505e+03    5.1497399159e+01    1.9158550000e+20    1.5970150618e-05    0.0000000000e+00    1.0000000000e+00    0.0000000000e+00
   -1.1047399253e+06    8.4283514474e+07    7.6442474531e+07    1.5134948924e+02    1.1898334422e+03    7.7907333105e+02    1.8956950000e+20    1.5802101242e-05    0.0000000000e+00    1.0000000000e+00    0.0000000000e+00
   -8.3767457320e+06   -6.1232770508e+07   -4.3611747432e+07   -2.1292920832e+02    3.2400716368e+02    7.5055309176e+02    1.8956950000e+20    1.5802101242e-05    0.0000000000e+00    1.0000000000e+00    0.0000000000e+00
   -4.0894708344e+06    4.4064997856e+07    1.3287156774e+07    8.8547749016e+02   -2.6184637449e+03   -1.2327371535e+03    1.8956950000e+20    1.5802101242e-05    0.0000000000e+00    1.0000000000e+00    0.0000000000e+00
    2.3373019786e+07   -8.8321243930e+07    1.6304617438e+07   -1.5508181381e+02   -4.1844336498e+02   -2.4808753912e+02    1.8956950000e+20    1.5802101242e-05    0.0000000000e+00    1.0000000000e+00    0.0000000000e+00
    3.1377075925e+07   -8.6240748316e+07    1.3215650053e+08    6.5643689171e+02   -1.9861869994e+03    2.8010513224e+03    1.8855490000e+20    1.5717526393e-05    0.0000000000e+00    1.0000000000e+00    0.0000000000e+00
   -4.7866784247e+07    9.1432415395e+07   -5.9829982820e+07   -5.6188357478e+02    1.3731875328e+03   -7.2788330695e+02    1.8753580000e+20    1.5632576433e-05    0.0000000000e+00    1.0000000000e+00    0.0000000000e+00
   -6.2327276265e+06    6.8728312184e+06   -1.6550193716e+08   -1.2686723753e+02    1.2841844670e+02   -3.6598739871e+03    1.8753580000e+20    1.5632576433e-05    0.0000000000e+00    1.0000000000e+00    0.0000000000e+00
    7.0092688930e+06    4.7626208900e+07    1.2862954754e+08    2.2813302010e+02    9.2179291093e+02    2.2836810697e+03    1.8753580000e+20    1.5632576433e-05    0.0000000000e+00    1.0000000000e+00    0.0000000000e+00
   -6.4090247805e+07    1.3981341913e+08    5.6554126028e+06   -1.1963488052e+03    2.9528490678e+03    9.6293046196e+01    1.8753580000e+20    1.5632576433e-05    0.0000000000e+00    1.0000000000e+00    0.0000000000e+00
    1.5415776316e+07   -8.9487491343e+07    1.5793332116e+08    2.7255128530e+02   -2.1866721930e+03    3.7081540257e+03    1.8753580000e+20    1.5632576433e-05    0.0000000000e+00    1.0000000000e+00    0.0000000000e+00
    8.5539296606e+06   -3.0015467374e+06    4.2921772333e+07   -4.4283906879e+02    9.3708085926e+01   -3.2082241285e+03    1.8753580000e+20    1.5632576433e-05    0.0000000000e+00    1.0000000000e+00    0.0000000000e+00
    1.5185321102e+07    6.3441467429e+07   -3.7160029875e+07    2.6908517232e+02   -4.2063280926e+02    7.4035938203e+02    1.8753580000e+20    1.5632576433e-05    0.0000000000e+00    1.0000000000e+00    0.0000000000e+00
    3.2681853606e+06   -2.1924695172e+07    2.6137795869e+06   -2.2741910243e+03    6.2512632020e+03   -3.8251598388e+02    1.8753580000e+20    1.5632576433e-05    0.0000000000e+00    1.0000000000e+00    0.0000000000e+00
    5.5457616441e+06    3.3642899976e+06   -6.2183434006e+07   -9.1176298337e+01   -9.6604419736e+01    1.6006717594e+03    1.8753580000e+20    1.5632576433e-05    0.0000000000e+00    1.0000000000e+00    0.0000000000e+00
    4.6960497092e+07   -1.3147467866e+08   -1.3052730703e+08    1.0794301429e+03   -3.3246042451e+03   -3.1033280685e+03    1.8753580000e+20    1.5632576433e-05    0.0000000000e+00    1.0000000000e+00    0.0000000000e+00
    1.4453498924e+07   -2.9049107410e+07   -1.1580887505e+08    1.7515841540e+02   -4.3001277327e+02   -1.6205161522e+03    1.8753580000e+20    1.5632576433e-05    0.0000000000e+00    1.0000000000e+00    0.0000000000e+00
    1.2115756785e+07   -3.6936732350e+07   -4.5870370765e+07   -4.5343673401e+02    8.6998856838e+02    1.5356179977e+03    1.8753580000e+20    1.5632576433e-05    0.0000000000e+00    1.0000000000e+00    0.0000000000e+00
    3.8982122242e+06   -1.4284141889e+07    1.8533952222e+07   -8.6865275213e+02    2.7879139154e+03   -5.5374207042e+03    1.8548320000e+20    1.5461476161e-05    0.0000000000e+00    1.0000000000e+00    0.0000000000e+00
   -1.6495548313e+07    3.8011393683e+07    5.6403273782e+07    3.4749225707e+02   -4.0351089501e+02   -9.4350751971e+02    1.8548320000e+20    1.5461476161e-05    0.0000000000e+00    1.0000000000e+00    0.0000000000e+00
   -1.4686490712e+07    6.2529195898e+07   -4.6392694028e+05    7.9257056727e+02   -1.3089715587e+03   -9.6605941890e+01    1.8548320000e+20    1.5461476161e-05    0.0000000000e+00    1.0000000000e+00    0.0000000000e+00
   -2.2602172876e+07    1.2297160498e+08   -7.2664146526e+07   -2.3189645312e+02    2.4810474995e+03   -1.2953283143e+03    1.8548320000e+20    1.5461476161e-05    0.0000000000e+00    1.0000000000e+00    0.0000000000e+00
   -4.3860509362e+07    1.8891531422e+07   -1.4162365670e+08   -9.4192758142e+02    3.9211602785e+02   -2.8017946860e+03    1.8548320000e+20    1.5461476161e-05    0.0000000000e+00    1.0000000000e+00    0.0000000000e+00
    4.7443672702e+06    2.7430537816e+07    2.7232892248e+07   -7.4445839695e+01   -2.2078389237e+03   -3.1244533251e+03    1.8548320000e+20    1.5461476161e-05    0.0000000000e+00    1.0000000000e+00    0.0000000000e+00
    2.2053207209e+07   -7.3689772630e+07    1.0997201544e+08    2.7804170302e+02   -1.3762677447e+03    1.8800132591e+03    1.8548320000e+20    1.5461476161e-05    0.0000000000e+00    1.0000000000e+00    0.0000000000e+00
    1.7598574796e+07    1.3781693655e+07   -2.7174446745e+07   -1.5256785450e+03   -1.3465127211e+03    3.7965457064e+03    1.8548320000e+20    1.5461476161e-05    0.0000000000e+00    1.0000000000e+00    0.0000000000e+00
    5.9047440526e+07   -8.4636784859e+07   -1.0308700072e+08    1.1244570562e+03   -1.7368017115e+03   -1.9271823344e+03    1.8548320000e+20    1.5461476161e-05    0.0000000000e+00    1.0000000000e+00    0.0000000000e+00
    2.4334608089e+07    8.1226880419e+06    1.6951835385e+08    6.1769256378e+02    2.0238225573e+02    3.8405720037e+03    1.8341010000e+20    1.5288667054e-05    0.0000000000e+00    1.0000000000e+00    0.0000000000e+00
    4.5183036364e+07   -1.2372713931e+08    6.2730374239e+07    7.4701012717e+02   -2.5055697671e+03    1.1413705936e+03    1.8341010000e+20    1.5288667054e-05    0.0000000000e+00    1.0000000000e+00    0.0000000000e+00
   -2.3810583327e+07   -1.8636207047e+07   -1.0405460399e+08   -4.5332032447e+02   -2.3598144652e+02   -1.0534089336e+03    1.8341010000e+20    1.5288667054e-05    0.0000000000e+00    1.0000000000e+00    0.0000000000e+00
   -7.0827340329e+06   -2.5510634600e+07   -2.1635052847e+07    3.6583376578e+02    2.8968941411e+03    3.3953393967e+03    1.8341010000e+20    1.5288667054e-05    0.0000000000e+00    1.0000000000e+00    0.0000000000e+00
    9.1851735000e+06    9.5557038180e+07    3.3431550140e+07    4.9522426380e+02    8.0952180741e+02    8.1189906786e+01    1.8341010000e+20    1.5288667054e-05    0.0000000000e+00    1.0000000000e+00    0.0000000000e+00
   -9.6754443930e+06    7.9871788834e+07    1.8609228144e+07    4.0557292289e+02   -1.3054491693e+02   -3.0567636577e+02    1.8341010000e+20    1.5288667054e-05    0.0000000000e+00    1.0000000000e+00    0.0000000000e+00
    3.6814736985e+07   -5.2885778877e+07    7.5150686118e+07    2.6399065838e+02   -4.7912492309e+02    3.7428181418e+02    1.8341010000e+20    1.5288667054e-05    0.0000000000e+00    1.0000000000e+00    0.0000000000e+00
    6.8822366832e+06    6.0239274071e+07    1.1802287224e+08    2.2247500253e+02    1.1483079233e+03    1.9774002427e+03    1.8341010000e+20    1.5288667054e-05    0.0000000000e+00    1.0000000000e+00    0.0000000000e+00
    1.5936925055e+07    6.1316683900e+07   -1.5183893084e+06    3.4405109442e+02   -1.5762939186e+03    4.1640301153e+02    1.8341010000e+20    1.5288667054e-05    0.0000000000e+00    1.0000000000e+00    0.0000000000e+00
   -2.3046200971e+06    4.5419548415e+07   -3.3025010373e+07    3.0246535449e+02   -1.3145441198e+03    1.6488940042e+03    1.8341010000e+20    1.5288667054e-05    0.0000000000e+00    1.0000000000e+00    0.0000000000e+00
    4.0934434305e+06    1.7578311574e+07   -2.8053477364e+07   -1.4852651394e+02   -1.9174056470e+03    4.1138791098e+03    1.8341010000e+20    1.5288667054e-05    0.0000000000e+00    1.0000000000e+00    0.0000000000e+00
   -1.5670925747e+06    2.4066249604e+07   -2.0337137746e+08    2.0051776810e+01    5.8708860672e+02   -5.1471007364e+03    1.8341010000e+20    1.5288667054e-05    0.0000000000e+00    1.0000000000e+00    0.0000000000e+00
   -2.2204428248e+07    6.5227862975e+07   -5.0663735502e+07    5.7824082960e+01    1.6894359012e+02    3.4504428665e+02    1.8131500000e+20    1.5114024074e-05    0.0000000000e+00    1.0000000000e+00    0.0000000000e+00
    8.4502504918e+06    3.1467238179e+07   -3.8223032540e+06    1.4533808637e+02   -4.6479846527e+03    3.8900411969e+02    1.8131500000e+20    1.5114024074e-05    0.0000000000e+00    1.0000000000e+00    0.0000000000e+00
    3.0011398425e+06   -4.9473887467e+07    7.1420742857e+06   -8.1103679642e+02    2.4965355379e+03   -6.3528036751e+02    1.8131500000e+20    1.5114024074e-05    0.0000000000e+00    1.0000000000e+00    0.0000000000e+00
