#   x1                  x2                  x3                  v1                  v2                  v3                  mass                rel_mass            mat0_frac           mat1_frac           mat2_frac
    4.6364079255e+03   -1.0460118014e+04    2.5813467040e+03    1.6542006611e-01   -4.5634663069e-01    2.3083022329e-01    1.8799751725e+21    9.9877877333e-01    8.0101648919e-01    1.9898351081e-01    0.0000000000e+00
   -2.7680350132e+06    2.5516071470e+05    2.8376068271e+05    1.2432649219e+02   -3.0937091991e+01   -1.2164782272e+01    4.4238640000e+16    2.3502764951e-05    0.0000000000e+00    1.0000000000e+00    0.0000000000e+00
   -8.0851756818e+06    2.4779113815e+05    2.9310281597e+06   -1.8938808694e+02   -5.2786091226e+00    6.9551042785e+01    4.4225880000e+16    2.3495985917e-05    0.0000000000e+00    1.0000000000e+00    0.0000000000e+00
   -9.6439911778e+05   -1.1231998885e+05    1.5534666242e+05    4.0056697649e+02   -1.9641613951e+01   -8.9459114492e+01    4.4224480000e+16    2.3495242135e-05    0.0000000000e+00    1.0000000000e+00    0.0000000000e+00
   -8.0137275730e+06    1.0658391969e+06   -5.5203437891e+06   -2.0488647835e+02    1.8998038472e+01   -1.4355582021e+02    4.4223100000e+16    2.3494508980e-05    0.0000000000e+00    1.0000000000e+00    0.0000000000e+00
   -2.3263814219e+06    1.4207526290e+05    1.1112700750e+06    1.3276886858e+02   -2.8816465204e+01   -6.1265728500e+01    4.4222410000e+16    2.3494142402e-05    0.0000000000e+00    1.0000000000e+00    0.0000000000e+00
    1.1730214969e+07    2.4131850703e+06   -3.7060686568e+06    3.3554887062e+02    6.3578137635e+01   -1.0623032680e+02    4.4222410000e+16    2.3494142402e-05    0.0000000000e+00    1.0000000000e+00    0.0000000000e+00
   -5.0611735720e+06    1.2760193958e+06    3.5432251393e+05   -4.0410611182e+01    3.5631829852e+00   -2.2930193315e+00    4.4221710000e+16    2.3493770511e-05    0.0000000000e+00    1.0000000000e+00    0.0000000000e+00
    3.6831882677e+06   -1.2466041012e+06   -9.1524883030e+06    9.3207983636e+01   -4.5367169720e+01   -2.3681231436e+02    4.4220340000e+16    2.3493042668e-05    0.0000000000e+00    1.0000000000e+00    0.0000000000e+00
    8.3088093620e+06    4.3819639856e+05   -3.3045319300e+06    2.0083833094e+02    5.9848279207e-01   -8.1407266438e+01    4.4216230000e+16    2.3490859139e-05    0.0000000000e+00    1.0000000000e+00    0.0000000000e+00
    8.5065003840e+06    1.9451561523e+06    4.3077112279e+06    2.1822224183e+02    4.3109479598e+01    1.0992489636e+02    4.4213520000e+16    2.3489419391e-05    0.0000000000e+00    1.0000000000e+00    0.0000000000e+00
   -8.4930681107e+06    1.3017359249e+06   -1.0501263799e+07   -2.4752209751e+02    3.1201472443e+01   -3.0847036771e+02    4.4212170000e+16    2.3488702173e-05    0.0000000000e+00    1.0000000000e+00    0.0000000000e+00
    3.1660275230e+06    8.3962029168e+05   -8.4836484686e+06    7.9942100387e+01    1.1336757269e+01   -2.0690775686e+02    4.4212170000e+16    2.3488702173e-05    0.0000000000e+00    1.0000000000e+00    0.0000000000e+00
    1.8862089026e+06    2.0071554562e+06    1.0826494464e+07    5.3843649045e+01    4.8537208964e+01    2.9642838180e+02    4.4208140000e+16    2.3486561146e-05    0.0000000000e+00    1.0000000000e+00    0.0000000000e+00
   -2.9562877998e+06    1.0163296991e+06    4.8898015575e+06   -3.7262248000e+01    3.1746426772e+00    6.0902646701e+01    4.4207480000e+16    2.3486210506e-05    0.0000000000e+00    1.0000000000e+00    0.0000000000e+00
   -6.0490356404e+05   -1.5271209599e+05   -5.7215474647e+05    3.4523721939e+02    8.9306479739e+00    2.9717913996e+02    4.4207480000e+16    2.3486210506e-05    0.0000000000e+00    1.0000000000e+00    0.0000000000e+00
    9.6399250760e+05    1.6799569269e+06    6.9351470480e+06    1.7941210266e+01    2.6405361355e+01    1.3490491611e+02    4.4206810000e+16    2.3485854553e-05    0.0000000000e+00    1.0000000000e+00    0.0000000000e+00
    8.6613588707e+06    1.1111296886e+06    1.6425146730e+06    2.0847356235e+02    1.8092891698e+01    4.1946170348e+01    4.4206810000e+16    2.3485854553e-05    0.0000000000e+00    1.0000000000e+00    0.0000000000e+00
   -2.7698744325e+06   -3.0920483150e+05   -9.0612378445e+06   -7.0661543164e+01   -1.9874822303e+01   -2.2745567183e+02    4.4206150000e+16    2.3485503914e-05    0.0000000000e+00    1.0000000000e+00    0.0000000000e+00
    8.9102602345e+06    2.8562779313e+06    5.7398495061e+06    2.4205798062e+02    7.2161845930e+01    1.5644025557e+02    4.4205480000e+16    2.3485147961e-05    0.0000000000e+00    1.0000000000e+00    0.0000000000e+00
    1.2332216360e+07    2.9820661972e+06    7.9790413412e+06    3.6864891540e+02    8.3749729105e+01    2.4175772502e+02    4.4205480000e+16    2.3485147961e-05    0.0000000000e+00    1.0000000000e+00    0.0000000000e+00
   -4.4970622202e+06    1.1738604154e+06   -2.9721852055e+06   -4.8039191758e+01    4.1869558645e+00   -2.8590644595e+01    4.4205480000e+16    2.3485147961e-05    0.0000000000e+00    1.0000000000e+00    0.0000000000e+00
   -1.1298417535e+07    7.1597049577e+05    9.8191080950e+06   -3.3779067617e+02    1.3959765972e+01    2.9555125093e+02    4.4204820000e+16    2.3484797322e-05    0.0000000000e+00    1.0000000000e+00    0.0000000000e+00
   -1.0013442414e+07    6.0623764679e+05    8.4051013071e+06   -2.9043715322e+02    9.0630146009e+00    2.4387076919e+02    4.4202840000e+16    2.3483745402e-05    0.0000000000e+00    1.0000000000e+00    0.0000000000e+00
   -7.3835537502e+06    9.4150112596e+05    3.9289926054e+06   -1.7053579382e+02    1.3199449363e+01    8.9624405819e+01    4.4202840000e+16    2.3483745402e-05    0.0000000000e+00    1.0000000000e+00    0.0000000000e+00
    4.4381882821e+06   -3.9426519851e+05   -9.2948451508e+06    1.1520059388e+02   -2.0740765755e+01   -2.4544300046e+02    4.4202840000e+16    2.3483745402e-05    0.0000000000e+00    1.0000000000e+00    0.0000000000e+00
   -3.5303069162e+06    1.0883990833e+06    4.2959611093e+06   -4.2179259235e+01    4.1294561461e+00    4.7718953155e+01    4.4201520000e+16    2.3483044123e-05    0.0000000000e+00    1.0000000000e+00    0.0000000000e+00
   -2.2673170424e+06    6.7829644526e+05   -5.2637817893e+06   -2.7054586873e+01   -2.2748025426e+00   -6.4325723476e+01    4.4201520000e+16    2.3483044123e-05    0.0000000000e+00    1.0000000000e+00    0.0000000000e+00
    2.6020206991e+06   -1.7705247781e+06   -6.0871521051e+06    4.6134424741e+01   -5.2384530914e+01   -1.0609895523e+02    4.4201280000e+16    2.3482916617e-05    0.0000000000e+00    1.0000000000e+00    0.0000000000e+00
   -1.2931275713e+07    1.5745131541e+05   -3.8295862404e+06   -3.7756777949e+02   -4.6667758092e+00   -1.1345310686e+02    4.4200210000e+16    2.3482348156e-05    0.0000000000e+00    1.0000000000e+00    0.0000000000e+00
   -3.2519875914e+06    7.7759617955e+05   -5.7469079726e+04    7.6523342624e+01   -3.0620787486e+01    5.7472263382e+00    4.4200210000e+16    2.3482348156e-05    0.0000000000e+00    1.0000000000e+00    0.0000000000e+00
   -4.5157760480e+06   -8.0413924247e+05   -8.4486173827e+06   -1.1302611151e+02   -3.3140106551e+01   -2.1451246579e+02    4.4200210000e+16    2.3482348156e-05    0.0000000000e+00    1.0000000000e+00    0.0000000000e+00
   -1.7741999343e+06    9.5941019949e+04   -1.7628813581e+07   -5.6523775893e+01   -5.4162678931e+00   -5.4457480014e+02    4.4200210000e+16    2.3482348156e-05    0.0000000000e+00    1.0000000000e+00    0.0000000000e+00
    7.4842299142e+06    2.4082534967e+06    1.2211406183e+07    2.2237591402e+02    6.5117410180e+01    3.6411694142e+02    4.4199560000e+16    2.3482002829e-05    0.0000000000e+00    1.0000000000e+00    0.0000000000e+00
    1.1105854496e+07   -4.9190538619e+05    1.0574645629e+07    3.3491002960e+02   -2.4600371004e+01    3.1857410579e+02    4.4199560000e+16    2.3482002829e-05    0.0000000000e+00    1.0000000000e+00    0.0000000000e+00
    7.7738429431e+06   -9.6496973649e+05   -9.0142943967e+06    2.1744066924e+02   -3.9389190400e+01   -2.5388105419e+02    4.4199560000e+16    2.3482002829e-05    0.0000000000e+00    1.0000000000e+00    0.0000000000e+00
   -7.1901895861e+06    2.1568423841e+06   -9.3851068803e+06   -2.0131568927e+02    5.4317735312e+01   -2.6544115186e+02    4.4199560000e+16    2.3482002829e-05    0.0000000000e+00    1.0000000000e+00    0.0000000000e+00
    5.6951440986e+06    1.6328358402e+06   -1.2372815818e+07    1.6635442912e+02    4.0151647080e+01   -3.6345302618e+02    4.4198900000e+16    2.3481652189e-05    0.0000000000e+00    1.0000000000e+00    0.0000000000e+00
   -6.7663912725e+05    5.3406536999e+05    6.7947996219e+06   -1.0509677811e+01   -1.5693832439e+00    1.2270257134e+02    4.4197600000e+16    2.3480961535e-05    0.0000000000e+00    1.0000000000e+00    0.0000000000e+00
    5.1410522446e+06    7.8498349519e+05    1.5308029516e+07    1.5690264630e+02    1.5780064139e+01    4.6566090256e+02    4.4197600000e+16    2.3480961535e-05    0.0000000000e+00    1.0000000000e+00    0.0000000000e+00
   -8.5927622102e+06    3.6237640336e+06    1.3294930073e+07   -2.6268770247e+02    1.0518641104e+02    4.0424278420e+02    4.4197600000e+16    2.3480961535e-05    0.0000000000e+00    1.0000000000e+00    0.0000000000e+00
    6.7436120980e+06    2.0180109055e+06   -4.3865730240e+06    1.5211734820e+02    3.8983121633e+01   -1.0232315989e+02    4.4197600000e+16    2.3480961535e-05    0.0000000000e+00    1.0000000000e+00    0.0000000000e+00
   -1.3071933970e+07    9.9912129901e+05    7.6013618596e+04   -3.7898964192e+02    2.0271075170e+01    2.7624819441e-01    4.4197600000e+16    2.3480961535e-05    0.0000000000e+00    1.0000000000e+00    0.0000000000e+00
    1.0144748123e+07    9.7108066485e+05   -4.9914372516e+06    2.8067264954e+02    1.8689831559e+01   -1.3597479634e+02    4.4197600000e+16    2.3480961535e-05    0.0000000000e+00    1.0000000000e+00    0.0000000000e+00
   -3.3881664108e+06    8.2131230715e+05   -1.3928991926e+07   -9.9270526888e+01    1.6017137133e+01   -4.1399899160e+02    4.4197600000e+16    2.3480961535e-05    0.0000000000e+00    1.0000000000e+00    0.0000000000e+00
    5.0391084799e+06    5.1944493939e+05    2.7209584637e+06    5.9110246934e+01   -6.8812594766e+00    3.6741325450e+01    4.4197340000e+16    2.3480823405e-05    0.0000000000e+00    1.0000000000e+00    0.0000000000e+00
    8.7077108060e+06   -2.8592821983e+05   -4.4679326256e+04    2.0623386423e+02   -1.9106392879e+01    5.0350868427e-01    4.4196690000e+16    2.3480478078e-05    0.0000000000e+00    1.0000000000e+00    0.0000000000e+00
    5.7931806187e+06    4.7641247039e+04    1.1866368254e+07    1.6798075545e+02   -8.0719944158e+00    3.4460559714e+02    4.4196300000e+16    2.3480270881e-05    0.0000000000e+00    1.0000000000e+00    0.0000000000e+00
   -1.5322865201e+07    3.6594761148e+06    1.5031556618e+07   -4.8495438781e+02    1.0996277177e+02    4.7546679513e+02    4.4196300000e+16    2.3480270881e-05    0.0000000000e+00    1.0000000000e+00    0.0000000000e+00
   -1.0829344719e+07    2.1915747846e+06    9.3780763541e+06   -3.2175572094e+02    5.9200149885e+01    2.7922043423e+02    4.4196300000e+16    2.3480270881e-05    0.0000000000e+00    1.0000000000e+00    0.0000000000e+00
    9.1662038452e+06    3.3195949750e+05    8.3879493836e+05    2.2571884077e+02   -9.7508781528e-01    2.3231572989e+01    4.4196300000e+16    2.3480270881e-05    0.0000000000e+00    1.0000000000e+00    0.0000000000e+00
   -1.8988077234e+07   -5.6161212805e+04   -5.9964561284e+06   -5.9537521381e+02   -1.0103378496e+01   -1.8798278695e+02    4.4196300000e+16    2.3480270881e-05    0.0000000000e+00    1.0000000000e+00    0.0000000000e+00
    7.4148441257e+06   -5.9273297664e+05   -1.3653331603e+07    2.2230010035e+02   -2.7496387560e+01   -4.1338299395e+02    4.4196300000e+16    2.3480270881e-05    0.0000000000e+00    1.0000000000e+00    0.0000000000e+00
