#   x1                  x2                  x3                  v1                  v2                  v3                  mass                rel_mass            mat0_frac           mat1_frac           mat2_frac
    1.5238140198e+06    8.6373156381e+05    2.4502252018e+03    2.4258842874e+01   -1.2189931411e+01    1.5977643591e-01    1.2818537930e+21    6.8169874618e-01    8.9790212248e-01    1.0209787752e-01    0.0000000000e+00
   -3.3008754077e+06   -1.7450201442e+06    3.1967057521e+04   -5.2565227097e+01    2.9669683425e+01    6.6942403550e-01    5.9431989620e+20    3.1606344678e-01    8.1472849049e-01    1.8527150951e-01    0.0000000000e+00
    1.6678920252e+06    3.3724859275e+05   -2.5424056921e+05    1.1940900373e+01    8.4533758240e+01    2.0534527300e+01    4.0111640000e+16    2.1331648621e-05    0.0000000000e+00    1.0000000000e+00    0.0000000000e+00
    8.2467100473e+05    2.7508426322e+05   -1.3549402019e+05   -1.1692802933e+02    2.0263285816e+02   -1.9513027045e+01    4.0096530000e+16    2.1323613018e-05    0.0000000000e+00    1.0000000000e+00    0.0000000000e+00
   -1.5612261969e+05    7.5766844610e+05    8.2243952066e+05   -2.5924904407e+00    5.4698955710e+01    1.0093534807e+02    4.0094190000e+16    2.1322368590e-05    0.0000000000e+00    1.0000000000e+00    0.0000000000e+00
   -2.4625798592e+06   -4.0079787103e+06   -1.0623612348e+06   -1.2714876018e+02    5.3885485230e+01   -5.4864155566e+01    4.0091110000e+16    2.1320730625e-05    0.0000000000e+00    1.0000000000e+00    0.0000000000e+00
   -1.4663883979e+06   -5.7423775039e+06    5.6737010950e+05   -8.9061571737e+01   -3.3454472209e+01    3.3766203784e+01    4.0088680000e+16    2.1319438334e-05    0.0000000000e+00    1.0000000000e+00    0.0000000000e+00
   -2.5078605704e+06   -2.3342864133e+06    9.1648522525e+05    4.3254878694e+00   -2.5228571157e+01   -1.0451688148e+02    4.0087480000e+16    2.1318800166e-05    0.0000000000e+00    1.0000000000e+00    0.0000000000e+00
   -2.9869749081e+06   -2.0441153126e+06   -6.4360405858e+05   -2.9546655261e+02   -5.7338054963e+01   -1.0889535518e+02    4.0085080000e+16    2.1317523829e-05    0.0000000000e+00    1.0000000000e+00    0.0000000000e+00
   -8.4296378881e+05   -5.2984835101e+06   -1.4238311412e+06   -5.8141749586e+01   -5.6832244130e+01    4.4208510131e+01    4.0085080000e+16    2.1317523829e-05    0.0000000000e+00    1.0000000000e+00    0.0000000000e+00
   -7.8229229217e+05   -7.5349182563e+06   -1.7433614753e+06   -4.8531898547e+01   -1.2719866460e+02    8.2559693039e+00    4.0085080000e+16    2.1317523829e-05    0.0000000000e+00    1.0000000000e+00    0.0000000000e+00
   -2.1645830986e+06   -4.0228266675e+06    7.1029732831e+05   -1.2822245553e+02    5.3084133786e+01    2.5631185590e+01    4.0084200000e+16    2.1317055839e-05    0.0000000000e+00    1.0000000000e+00    0.0000000000e+00
    8.1980536627e+05   -9.0507191798e+06   -2.5754177471e+06   -8.8718086416e+00   -1.8079473153e+02   -3.1370641123e+01    4.0084200000e+16    2.1317055839e-05    0.0000000000e+00    1.0000000000e+00    0.0000000000e+00
   -1.9657456938e+06   -4.5102797102e+06    4.5356630447e+05   -1.0631327275e+02    1.7809599569e+01    6.7788609622e+01    4.0084200000e+16    2.1317055839e-05    0.0000000000e+00    1.0000000000e+00    0.0000000000e+00
   -3.8722807574e+06   -1.6976409230e+06    5.8464357284e+05   -2.8046063634e+02    9.1638011017e+01   -1.3481425996e+02    4.0083310000e+16    2.1316582531e-05    0.0000000000e+00    1.0000000000e+00    0.0000000000e+00
    1.7580128671e+06    1.3399824910e+06   -1.3751412706e+06    1.7711905323e+02    1.2200693814e+02    1.4114710193e+02    4.0082860000e+16    2.1316343218e-05    0.0000000000e+00    1.0000000000e+00    0.0000000000e+00
    2.4670845695e+06   -1.4240438257e+07   -7.2141377031e+06    4.8962511413e+01   -3.5277129276e+02   -1.6742582108e+02    4.0082720000e+16    2.1316268765e-05    0.0000000000e+00    1.0000000000e+00    0.0000000000e+00
   -3.1466649119e+06   -4.3524266818e+06    8.0482943199e+06   -7.4767247657e+01   -1.0419998878e+02    1.4512418856e+02    4.0082130000e+16    2.1315954998e-05    0.0000000000e+00    1.0000000000e+00    0.0000000000e+00
   -1.0413373867e+05   -8.0069887983e+06   -9.7621150088e+05   -3.8187536343e+01   -1.3926450908e+02    1.5526909458e+01    4.0082130000e+16    2.1315954998e-05    0.0000000000e+00    1.0000000000e+00    0.0000000000e+00
   -1.9109149572e+06   -2.6447431280e+06    5.9492142521e+06   -4.3714012777e+01   -5.3424560874e+01    6.3458192275e+01    4.0081540000e+16    2.1315641232e-05    0.0000000000e+00    1.0000000000e+00    0.0000000000e+00
    2.9236761552e+06   -1.4550802101e+07   -7.4102022041e+06    5.8854181423e+01   -3.6202527626e+02   -1.7321849872e+02    4.0081540000e+16    2.1315641232e-05    0.0000000000e+00    1.0000000000e+00    0.0000000000e+00
    4.7782715689e+05   -7.8589335089e+06    1.7959821900e+07    5.1143253504e+00   -2.0392494576e+02    4.5026800688e+02    4.0080370000e+16    2.1315019018e-05    0.0000000000e+00    1.0000000000e+00    0.0000000000e+00
    5.4719300150e+06   -2.5439805293e+07   -1.0551418736e+07    1.3389607376e+02   -6.6876956279e+02   -2.7433188256e+02    4.0080370000e+16    2.1315019018e-05    0.0000000000e+00    1.0000000000e+00    0.0000000000e+00
   -9.0755083438e+05   -5.8276207825e+06    1.0434699901e+06   -6.1445644465e+01   -6.0741351836e+01   -3.6786641709e+01    4.0080190000e+16    2.1314923293e-05    0.0000000000e+00    1.0000000000e+00    0.0000000000e+00
    6.2653931987e+03   -6.6972769452e+06    1.0482908158e+07   -8.1450268699e+00   -1.6286997080e+02    2.2882463084e+02    4.0079790000e+16    2.1314710570e-05    0.0000000000e+00    1.0000000000e+00    0.0000000000e+00
   -4.9484085217e+06    2.1144983071e+06   -2.3787794178e+06   -5.7663136873e+01   -2.4146896484e+00   -5.7296090899e+00    4.0079790000e+16    2.1314710570e-05    0.0000000000e+00    1.0000000000e+00    0.0000000000e+00
    3.7008035292e+06   -1.7562933105e+07    3.2059851093e+06    7.8776588459e+01   -4.3952199830e+02    7.5930342383e+01    4.0079790000e+16    2.1314710570e-05    0.0000000000e+00    1.0000000000e+00    0.0000000000e+00
    1.2710633485e+06   -1.0695620743e+07   -2.0899913314e+06    4.4284755961e+00   -2.3065661897e+02   -2.8832492781e+01    4.0079790000e+16    2.1314710570e-05    0.0000000000e+00    1.0000000000e+00    0.0000000000e+00
   -8.2117294350e+06    7.6303563172e+06   -1.6973286714e+05   -1.8035865652e+02    1.5347568708e+02   -3.7468396227e+00    4.0079210000e+16    2.1314402122e-05    0.0000000000e+00    1.0000000000e+00    0.0000000000e+00
   -4.2571670630e+06   -1.6744239403e+05   -8.9234242466e+06   -9.6263044626e+01   -1.5301408311e+01   -1.7284409611e+02    4.0079210000e+16    2.1314402122e-05    0.0000000000e+00    1.0000000000e+00    0.0000000000e+00
   -1.3576261527e+06   -1.4214759766e+06    1.1421381455e+06   -1.2749001979e+01   -6.6683170797e+01    1.3266491395e+02    4.0079210000e+16    2.1314402122e-05    0.0000000000e+00    1.0000000000e+00    0.0000000000e+00
   -3.4025176626e+06   -1.5350736641e+06    1.6295880940e+06    3.9744588591e+01   -4.6919093256e+00    5.9417613827e+01    4.0078860000e+16    2.1314215990e-05    0.0000000000e+00    1.0000000000e+00    0.0000000000e+00
    2.4711295272e+06   -1.4288988499e+07   -4.5085889602e+06    4.5041689235e+01   -3.4415991801e+02   -1.0422528411e+02    4.0078860000e+16    2.1314215990e-05    0.0000000000e+00    1.0000000000e+00    0.0000000000e+00
   -6.9133314474e+06    4.6625021534e+06    5.9376886208e+06   -1.5017267215e+02    8.7019026134e+01    1.1324608452e+02    4.0078050000e+16    2.1313785226e-05    0.0000000000e+00    1.0000000000e+00    0.0000000000e+00
    3.5124354488e+06   -1.7321267091e+07    3.5691367999e+06    7.3394484369e+01   -4.3335007914e+02    8.3260801795e+01    4.0078050000e+16    2.1313785226e-05    0.0000000000e+00    1.0000000000e+00    0.0000000000e+00
    6.2014951539e+06   -2.1064381921e+07    3.5616622135e+06    1.4891715635e+02   -5.4257898013e+02    8.8968910420e+01    4.0078050000e+16    2.1313785226e-05    0.0000000000e+00    1.0000000000e+00    0.0000000000e+00
    1.2350330743e+06    1.4913150596e+05    8.3952973312e+05    3.0867571635e+02    1.0709579438e+02    2.7787919997e+00    4.0078050000e+16    2.1313785226e-05    0.0000000000e+00    1.0000000000e+00    0.0000000000e+00
    2.6356267020e+06   -1.3856991930e+07   -5.7147112593e+06    4.9908204978e+01   -3.3761611270e+02   -1.2819107128e+02    4.0078050000e+16    2.1313785226e-05    0.0000000000e+00    1.0000000000e+00    0.0000000000e+00
   -5.9611113204e+04   -9.5915019999e+06   -7.2506496811e+06   -1.5310157401e+01   -2.2511351078e+02   -1.4611695640e+02    4.0078050000e+16    2.1313785226e-05    0.0000000000e+00    1.0000000000e+00    0.0000000000e+00
    1.5445862468e+06    1.2666856706e+06    1.3819709808e+06   -1.5085493557e+02   -9.7832384117e+01    1.3359962116e+02    4.0076900000e+16    2.1313173648e-05    0.0000000000e+00    1.0000000000e+00    0.0000000000e+00
   -3.9806794998e+06   -7.9535355903e+05    8.3397355790e+05   -3.2458562632e+01    2.0365045180e+01    1.5506547910e+02    4.0076900000e+16    2.1313173648e-05    0.0000000000e+00    1.0000000000e+00    0.0000000000e+00
   -6.1859244293e+05   -8.5313705158e+06   -2.1118303179e+06   -3.8978000333e+01   -1.6342521667e+02   -5.1270782453e+00    4.0076900000e+16    2.1313173648e-05    0.0000000000e+00    1.0000000000e+00    0.0000000000e+00
    2.4502404356e+06   -1.4152124934e+07    2.7575255550e+06    4.2389702957e+01   -3.3759339282e+02    5.8730151360e+01    4.0076220000e+16    2.1312812019e-05    0.0000000000e+00    1.0000000000e+00    0.0000000000e+00
    6.2507247899e+06   -1.8982836537e+07   -8.5395192475e+06    1.5132788749e+02   -4.8877030678e+02   -2.1529038985e+02    4.0076220000e+16    2.1312812019e-05    0.0000000000e+00    1.0000000000e+00    0.0000000000e+00
    2.7487978552e+06   -1.4058511927e+07   -9.5549255685e+06    5.7986100952e+01   -3.5266036412e+02   -2.2913521262e+02    4.0076220000e+16    2.1312812019e-05    0.0000000000e+00    1.0000000000e+00    0.0000000000e+00
    1.8098971427e+06    1.2430265972e+06    1.2440036773e+06    1.1569919955e+02    1.0066135751e+02   -2.1994539910e+02    4.0076220000e+16    2.1312812019e-05    0.0000000000e+00    1.0000000000e+00    0.0000000000e+00
   -2.9256085246e+06   -4.3750402041e+06    6.5381453675e+06   -6.6673275515e+01   -9.9746197844e+01    9.4418049138e+01    4.0075760000e+16    2.1312567388e-05    0.0000000000e+00    1.0000000000e+00    0.0000000000e+00
   -4.0393891790e+06    5.4881794621e+06    9.7900334862e+04   -5.0460876175e+01    6.2164746696e+01   -2.9585374699e-01    4.0075760000e+16    2.1312567388e-05    0.0000000000e+00    1.0000000000e+00    0.0000000000e+00
    5.5360557211e+05   -6.5630235111e+05    1.7743341970e+06    1.3102001460e+02    3.9283598547e+01    6.4530012831e+01    4.0075760000e+16    2.1312567388e-05    0.0000000000e+00    1.0000000000e+00    0.0000000000e+00
    6.5415016244e+06   -2.4571502605e+07    1.0795749173e+07    1.6241619709e+02   -6.4582350266e+02    2.7828310557e+02    4.0075190000e+16    2.1312264258e-05    0.0000000000e+00    1.0000000000e+00    0.0000000000e+00
   -6.2071401794e+06    2.8633512819e+06   -1.1101515986e+07   -1.4953469009e+02    5.7622462544e+01   -2.5097924128e+02    4.0075190000e+16    2.1312264258e-05    0.0000000000e+00    1.0000000000e+00    0.0000000000e+00
    2.7980876462e+06   -1.4038984374e+07    2.9724257012e+05    4.8202222819e+01   -3.3131774142e+02    4.8971615184e+00    4.0075190000e+16    2.1312264258e-05    0.0000000000e+00    1.0000000000e+00    0.0000000000e+00
    4.0484055230e+05   -1.0383100014e+07   -4.5347414485e+06   -8.7318302831e+00   -2.3177165656e+02   -8.0507987901e+01    4.0075190000e+16    2.1312264258e-05    0.0000000000e+00    1.0000000000e+00    0.0000000000e+00
   -8.3587644876e+06    1.2537420312e+07    1.3859282492e+07   -2.1596088636e+02    3.1314264808e+02    3.5019709486e+02    4.0074620000e+16    2.1311961128e-05    0.0000000000e+00    1.0000000000e+00    0.0000000000e+00
    3.2742223827e+06   -1.5277539719e+07   -2.6194442392e+07    8.0721791855e+01   -4.0744208632e+02   -6.8558381434e+02    4.0074620000e+16    2.1311961128e-05    0.0000000000e+00    1.0000000000e+00    0.0000000000e+00
   -2.6540581793e+05   -6.6309093905e+06    8.5181788854e+06   -1.8682561012e+01   -1.5175526670e+02    1.7023564883e+02    4.0074050000e+16    2.1311657998e-05    0.0000000000e+00    1.0000000000e+00    0.0000000000e+00
    2.6329080647e+06   -1.6536500788e+07   -5.2782485920e+06    5.2018585380e+01   -4.1151540176e+02   -1.2635169516e+02    4.0074050000e+16    2.1311657998e-05    0.0000000000e+00    1.0000000000e+00    0.0000000000e+00
    5.9779791634e+06   -1.7629008769e+07    1.8278199394e+04    1.3790026023e+02   -4.4288408255e+02    9.7118509025e-01    4.0073600000e+16    2.1311418685e-05    0.0000000000e+00    1.0000000000e+00    0.0000000000e+00
   -3.1926153764e+06   -2.0921290411e+06    8.8158105015e+05   -2.4482733037e+02    1.8096366444e+02   -5.1519889980e+00    4.0073600000e+16    2.1311418685e-05    0.0000000000e+00    1.0000000000e+00    0.0000000000e+00
    4.2762929406e+06   -1.6580024499e+07    6.0950460283e+06    9.4134366833e+01   -4.1718316173e+02    1.4527261439e+02    4.0073490000e+16    2.1311360187e-05    0.0000000000e+00    1.0000000000e+00    0.0000000000e+00
    1.0699019154e+07   -2.8939622413e+07    2.1155330039e+07    2.7700269101e+02   -7.7112019459e+02    5.5945030859e+02    4.0073490000e+16    2.1311360187e-05    0.0000000000e+00    1.0000000000e+00    0.0000000000e+00
   -4.0884828900e+06   -4.5382124917e+05   -3.8455108773e+06   -5.2275774115e+01   -3.5606895156e+01   -2.3894013789e+00    4.0073490000e+16    2.1311360187e-05    0.0000000000e+00    1.0000000000e+00    0.0000000000e+00
    1.1626135482e+05   -9.1098588028e+06    2.5982181426e+05   -3.3769047457e+01   -1.6687621735e+02   -1.1672214217e+00    4.0073490000e+16    2.1311360187e-05    0.0000000000e+00    1.0000000000e+00    0.0000000000e+00
    7.5464613576e+06   -2.2039516486e+07   -9.3079550090e+05    1.8505279115e+02   -5.6966117647e+02   -2.5143732898e+01    4.0073490000e+16    2.1311360187e-05    0.0000000000e+00    1.0000000000e+00    0.0000000000e+00
    2.9083374615e+06   -1.6173012096e+07    5.6095818696e+06    5.8807810132e+01   -4.0175232318e+02    1.3101811582e+02    4.0072920000e+16    2.1311057057e-05    0.0000000000e+00    1.0000000000e+00    0.0000000000e+00
    2.6249707167e+06   -1.6072239305e+07    1.0590183984e+07    5.6768550872e+01   -4.1016910515e+02    2.6082424507e+02    4.0072300000e+16    2.1310727336e-05    0.0000000000e+00    1.0000000000e+00    0.0000000000e+00
    3.8459715769e+06   -1.5589468232e+07   -8.0379736959e+06    8.5484446121e+01   -3.9149076340e+02   -1.9417250897e+02    4.0072300000e+16    2.1310727336e-05    0.0000000000e+00    1.0000000000e+00    0.0000000000e+00
    9.5393719400e+05    1.3539166265e+06    5.8679791330e+04    1.5860946793e+02    1.5821358033e+02   -8.1103855242e+00    4.0072300000e+16    2.1310727336e-05    0.0000000000e+00    1.0000000000e+00    0.0000000000e+00
    2.1325352386e+06    9.5174463355e+05    1.0052406319e+04   -6.6272663328e+01   -3.9230370222e+02    6.6337611303e+01    4.0072300000e+16    2.1310727336e-05    0.0000000000e+00    1.0000000000e+00    0.0000000000e+00
   -3.1079592445e+06    2.8310704545e+06   -1.3491570611e+07   -7.8980389747e+01    6.2716869127e+01   -3.1483672041e+02    4.0072300000e+16    2.1310727336e-05    0.0000000000e+00    1.0000000000e+00    0.0000000000e+00
   -2.4533974035e+06   -2.0983130357e+06    1.0202070278e+06    4.2507476149e+01   -4.7821232509e+01   -7.1773911217e+01    4.0071240000e+16    2.1310163621e-05    0.0000000000e+00    1.0000000000e+00    0.0000000000e+00
    1.8533329546e+06   -9.5984100556e+06    6.9395261891e+06    2.9340627088e+01   -2.2595580448e+02    1.4021001045e+02    4.0071240000e+16    2.1310163621e-05    0.0000000000e+00    1.0000000000e+00    0.0000000000e+00
    2.6736647719e+06   -1.3156273158e+07    7.0513928243e+06    5.2737579418e+01   -3.2322174611e+02    1.5805257411e+02    4.0071240000e+16    2.1310163621e-05    0.0000000000e+00    1.0000000000e+00    0.0000000000e+00
    2.7810140415e+05   -6.3301344448e+06    2.4642327938e+07    1.9025052626e+00   -1.6902625625e+02    6.3752760576e+02    4.0070120000e+16    2.1309567997e-05    0.0000000000e+00    1.0000000000e+00    0.0000000000e+00
    1.9596599845e+06   -7.1027746546e+06   -3.3992794282e+07    4.7218876369e+01   -1.9236031202e+02   -8.9745809420e+02    4.0070120000e+16    2.1309567997e-05    0.0000000000e+00    1.0000000000e+00    0.0000000000e+00
    1.1150174122e+07   -2.8890784689e+07   -1.2954703194e+07    2.8739709262e+02   -7.6671047757e+02   -3.3980189148e+02    4.0070120000e+16    2.1309567997e-05    0.0000000000e+00    1.0000000000e+00    0.0000000000e+00
    1.5795420451e+06   -1.2556040880e+07    2.5711308571e+06    1.7307665257e+01   -2.8675107601e+02    5.2599453013e+01    4.0069710000e+16    2.1309349956e-05    0.0000000000e+00    1.0000000000e+00    0.0000000000e+00
   -9.6586346315e+05   -3.3541290830e+06   -2.9889006239e+06   -4.2062689501e+01   -3.1441928360e+01    3.6605070960e+01    4.0069710000e+16    2.1309349956e-05    0.0000000000e+00    1.0000000000e+00    0.0000000000e+00
   -2.6481742026e+06   -3.3322061455e+06    1.3555821796e+07   -6.9119626631e+01   -8.8794530548e+01    3.1573341498e+02    4.0069560000e+16    2.1309270185e-05    0.0000000000e+00    1.0000000000e+00    0.0000000000e+00
   -1.6906543207e+06   -4.9011769904e+06   -1.0392976339e+06   -1.0305645052e+02    6.6782959934e-01   -4.9143992430e+01    4.0069560000e+16    2.1309270185e-05    0.0000000000e+00    1.0000000000e+00    0.0000000000e+00
    2.4041552187e+06   -1.3940426049e+07    1.2196849381e+07    5.1784917637e+01   -3.5605172326e+02    2.9865585180e+02    4.0069560000e+16    2.1309270185e-05    0.0000000000e+00    1.0000000000e+00    0.0000000000e+00
    1.6391788994e+06   -1.2701801909e+07    1.4239431953e+05    1.6478432128e+01   -2.8758121649e+02    8.8331739812e+00    4.0069560000e+16    2.1309270185e-05    0.0000000000e+00    1.0000000000e+00    0.0000000000e+00
    3.2866988274e+06   -1.6869910156e+07   -1.0875360180e+07    7.3660121958e+01   -4.3315191903e+02   -2.6925929983e+02    4.0069560000e+16    2.1309270185e-05    0.0000000000e+00    1.0000000000e+00    0.0000000000e+00
   -3.2249437052e+06    1.8151957568e+06   -9.6297961259e+06   -7.6035184128e+01    3.3868164285e+01   -1.9352531636e+02    4.0069010000e+16    2.1308977691e-05    0.0000000000e+00    1.0000000000e+00    0.0000000000e+00
   -1.6669608561e+06   -5.4876114846e+06   -9.0454680613e+05   -9.9417248490e+01   -2.3258072973e+01   -3.2331228894e+01    4.0068450000e+16    2.1308679880e-05    0.0000000000e+00    1.0000000000e+00    0.0000000000e+00
    2.9123939357e+06   -1.6089805367e+07    5.3858167848e+06    6.0392940249e+01   -4.0172816054e+02    1.2640194970e+02    4.0068450000e+16    2.1308679880e-05    0.0000000000e+00    1.0000000000e+00    0.0000000000e+00
   -2.5468341855e+06    6.2252558645e+04   -2.3168966348e+06    9.3943824458e-01   -4.2089677754e+01    6.7115099633e+01    4.0068450000e+16    2.1308679880e-05    0.0000000000e+00    1.0000000000e+00    0.0000000000e+00
   -7.0756895336e+06    7.8446234273e+06   -2.3550227543e+07   -1.8837302880e+02    1.9902633600e+02   -6.1066245667e+02    4.0068450000e+16    2.1308679880e-05    0.0000000000e+00    1.0000000000e+00    0.0000000000e+00
    1.9712286282e+07   -3.8205366721e+07   -2.8120910081e+06    5.1831345988e+02   -1.0202554524e+03   -7.4961249863e+01    4.0068450000e+16    2.1308679880e-05    0.0000000000e+00    1.0000000000e+00    0.0000000000e+00
    5.0228109422e+06   -1.8590286037e+07    8.4313293486e+06    1.1868245353e+02   -4.7635021481e+02    2.1114257707e+02    4.0068420000e+16    2.1308663925e-05    0.0000000000e+00    1.0000000000e+00    0.0000000000e+00
   -5.5076502229e+06   -6.1678313509e+04    3.1681721505e+07   -1.4839566714e+02   -9.2707474199e+00    8.3377850935e+02    4.0067900000e+16    2.1308387386e-05    0.0000000000e+00    1.0000000000e+00    0.0000000000e+00
   -4.2178306719e+05   -6.1376795780e+06    7.2213699670e+06   -2.2851795977e+01   -1.3510614927e+02    1.2706261229e+02    4.0067900000e+16    2.1308387386e-05    0.0000000000e+00    1.0000000000e+00    0.0000000000e+00
   -3.9064974100e+06   -2.3360239207e+06    2.4106033083e+07   -1.0622480797e+02   -6.6335294861e+01    6.2151420860e+02    4.0067900000e+16    2.1308387386e-05    0.0000000000e+00    1.0000000000e+00    0.0000000000e+00
    6.9002543454e+05   -9.2336140507e+06    2.5333406267e+06   -9.9902245762e+00   -1.9026957290e+02    2.4344926730e+01    4.0067900000e+16    2.1308387386e-05    0.0000000000e+00    1.0000000000e+00    0.0000000000e+00
    3.0681107068e+05   -1.1619702886e+07    1.0256025326e+07   -3.0940793611e+00   -2.8906919219e+02    2.3794116416e+02    4.0067900000e+16    2.1308387386e-05    0.0000000000e+00    1.0000000000e+00    0.0000000000e+00
    6.6150175396e+06   -2.1190954263e+07    4.5917555604e+06    1.6007576902e+02   -5.4725140647e+02    1.1334006604e+02    4.0067900000e+16    2.1308387386e-05    0.0000000000e+00    1.0000000000e+00    0.0000000000e+00
    1.0378910593e+07   -3.0162018474e+07    1.3291699713e+07    2.6698043289e+02   -8.0109200988e+02    3.4933586700e+02    4.0067900000e+16    2.1308387386e-05    0.0000000000e+00    1.0000000000e+00    0.0000000000e+00
    7.8112137677e+06   -2.2967481433e+07    4.6911095451e+06    1.9244674489e+02   -5.9725116072e+02    1.1963581016e+02    4.0067900000e+16    2.1308387386e-05    0.0000000000e+00    1.0000000000e+00    0.0000000000e+00
    8.5613613975e+06   -2.5896107775e+07    5.6765804929e+06    2.1515465059e+02   -6.7934413211e+02    1.4733714940e+02    4.0067900000e+16    2.1308387386e-05    0.0000000000e+00    1.0000000000e+00    0.0000000000e+00
   -4.6967971536e+06   -2.3211231922e+06   -9.1637258172e+04   -8.0251935502e+01    3.1914012146e+01   -1.5554418039e+02    4.0067900000e+16    2.1308387386e-05    0.0000000000e+00    1.0000000000e+00    0.0000000000e+00
   -8.7551279629e+05   -4.3113432793e+06   -3.8866582504e+06   -3.5158217875e+01   -6.7992064803e+01   -4.0338384134e+00    4.0067900000e+16    2.1308387386e-05    0.0000000000e+00    1.0000000000e+00    0.0000000000e+00
    2.9179358634e+06   -1.6870803517e+07   -1.8190573846e+07    6.8944765921e+01   -4.4302613601e+02   -4.6727837339e+02    4.0067900000e+16    2.1308387386e-05    0.0000000000e+00    1.0000000000e+00    0.0000000000e+00
    6.3079653901e+06   -2.2180393200e+07   -1.3271460778e+07    1.5687730569e+02   -5.8237151435e+02   -3.4166035996e+02    4.0067900000e+16    2.1308387386e-05    0.0000000000e+00    1.0000000000e+00    0.0000000000e+00
    3.3069580520e+06   -1.3661585302e+07   -7.9928826605e+06    7.0830563469e+01   -3.4100159564e+02   -1.8406630461e+02    4.0067900000e+16    2.1308387386e-05    0.0000000000e+00    1.0000000000e+00    0.0000000000e+00
   -1.8661202259e+06   -5.1563970992e+06    6.6170547645e+05   -1.1040041636e+02   -9.9864854302e+00    3.0570683248e+01    4.0067900000e+16    2.1308387386e-05    0.0000000000e+00    1.0000000000e+00    0.0000000000e+00
    7.3722335488e+06   -2.2925568360e+07   -5.9859327609e+06    1.8290482794e+02   -5.9638496320e+02   -1.5340359927e+02    4.0067140000e+16    2.1307983212e-05    0.0000000000e+00    1.0000000000e+00    0.0000000000e+00
   -6.0317436622e+05   -9.3376823681e+06   -7.4953798547e+06   -2.7381577494e+01   -2.1458416633e+02   -1.5396648436e+02    4.0067140000e+16    2.1307983212e-05    0.0000000000e+00    1.0000000000e+00    0.0000000000e+00
