#   x1                  x2                  x3                  v1                  v2                  v3                  mass                rel_mass            mat0_frac           mat1_frac           mat2_frac
    6.4624427971e+06    2.8282832578e+07    1.1223650722e+04    1.7814332467e+02    7.0583088789e+02    9.9796441003e-01    1.1653649714e+24    9.0736405063e-01    8.0335300263e-01    1.9664699737e-01    0.0000000000e+00
   -6.5983501105e+07   -2.8781645126e+08    9.7297349808e+04   -1.8271565399e+03   -7.2072964517e+03    1.8402073415e+00    1.0895313067e+23    8.4831925101e-02    9.1831398689e-01    8.1686013107e-02    0.0000000000e+00
   -4.9118671853e+07   -1.7690648430e+08    3.2767633400e+06   -1.3383543931e+03   -4.3789052935e+03    1.4139691655e+01    6.0361912000e+20    4.6998348430e-04    1.0000000000e+00    0.0000000000e+00    0.0000000000e+00
   -4.9381014869e+07   -1.9725101399e+08    2.9881357493e+06   -1.3461447237e+03   -4.9628190504e+03    4.8475847191e+01    3.0510799000e+20    2.3755993055e-04    1.0000000000e+00    0.0000000000e+00    0.0000000000e+00
   -3.8931168602e+07   -8.1882572535e+07    3.0942719710e+06   -1.0257867660e+03   -1.6625729213e+03    7.0418346942e+01    2.2746203000e+20    1.7710406093e-04    1.0000000000e+00    0.0000000000e+00    0.0000000000e+00
   -5.1112140499e+07   -2.3791907812e+08    1.4379205611e+05   -1.4041701431e+03   -6.1364560379e+03    1.1423714708e+01    2.0302609000e+20    1.5807800982e-04    7.5258913768e-01    2.4741086232e-01    0.0000000000e+00
   -5.1215110568e+07   -2.3935741236e+08    4.7514211686e+06   -1.4405601426e+03   -6.1258537822e+03    1.2825367206e+02    1.5616598000e+20    1.2159229053e-04    1.0000000000e+00    0.0000000000e+00    0.0000000000e+00
   -5.1872156303e+07   -2.3519750707e+08    6.7473374838e+06   -1.4701703903e+03   -6.0799963443e+03    1.7191569314e+02    1.5401277000e+20    1.1991578112e-04    1.0000000000e+00    0.0000000000e+00    0.0000000000e+00
   -5.4296013844e+07   -2.5283919636e+08   -6.1708796123e+06   -1.5509473088e+03   -6.5895796516e+03   -1.5132151756e+02    1.5119515000e+20    1.1772195587e-04    1.0000000000e+00    0.0000000000e+00    0.0000000000e+00
   -3.9045495588e+07   -1.0801151053e+08    3.2393736024e+06   -1.0727803309e+03   -2.4500332208e+03    5.5223017478e+01    1.0132924000e+20    7.8895892623e-05    7.5003848840e-01    2.4996151160e-01    0.0000000000e+00
   -3.9503830345e+07   -7.2555477424e+07    4.9078435820e+06   -1.0008851742e+03   -1.4271378076e+03    1.2344350409e+02    1.0099219000e+20    7.8633462345e-05    7.5051219307e-01    2.4948780693e-01    0.0000000000e+00
   -5.5038259245e+07   -2.7226801953e+08   -3.9888614918e+06   -1.7143764082e+03   -7.3211362517e+03   -7.3584967790e+01    7.7007630000e+19    5.9958859926e-05    1.0000000000e+00    0.0000000000e+00    0.0000000000e+00
   -5.0750908644e+07   -2.0301590750e+08    2.7272536381e+06   -1.4082140802e+03   -5.0947592445e+03    5.5096167816e+01    7.6908250000e+19    5.9881481730e-05    1.0000000000e+00    0.0000000000e+00    0.0000000000e+00
   -5.3744909678e+07   -2.5363686406e+08   -2.0628859499e+06   -1.5100046352e+03   -6.6201530294e+03   -7.0224924387e+01    7.6608400000e+19    5.9648015720e-05    1.0000000000e+00    0.0000000000e+00    0.0000000000e+00
   -2.9943703147e+07   -3.8309340528e+07    2.5679059005e+05   -6.8863846092e+02   -2.7726556370e+02    1.0400845174e+01    7.6608400000e+19    5.9648015720e-05    1.0000000000e+00    0.0000000000e+00    0.0000000000e+00
   -4.1954433582e+07   -9.8918732453e+07    4.4200205164e+04   -1.0915513299e+03   -2.1836171160e+03   -2.1483947714e+01    7.6204550000e+19    5.9333574338e-05    1.0000000000e+00    0.0000000000e+00    0.0000000000e+00
   -4.3255797997e+07   -1.2435731111e+08    2.1131119942e+06   -1.1674156389e+03   -2.8973704573e+03    7.8710256186e+01    7.6204550000e+19    5.9333574338e-05    1.0000000000e+00    0.0000000000e+00    0.0000000000e+00
   -5.2173804980e+07   -2.2331747419e+08    4.2949911078e+06   -1.4144993480e+03   -5.6981001466e+03    1.1220958272e+02    7.5898510000e+19    5.9095288736e-05    1.0000000000e+00    0.0000000000e+00    0.0000000000e+00
   -3.9779545644e+07   -7.4510554780e+07    4.1380434690e+06   -1.0188532530e+03   -1.4338283233e+03    1.3062847412e+02    7.5898510000e+19    5.9095288736e-05    1.0000000000e+00    0.0000000000e+00    0.0000000000e+00
   -3.8875711328e+07   -9.9070541680e+07   -8.1355928686e+05   -1.0597168680e+03   -2.1707962350e+03    7.4642921138e+00    7.5898510000e+19    5.9095288736e-05    1.0000000000e+00    0.0000000000e+00    0.0000000000e+00
   -5.1624960201e+07   -2.2129883029e+08   -3.0568241119e+06   -1.4376843074e+03   -5.6189741688e+03   -1.4841789563e+02    7.5795870000e+19    5.9015372273e-05    1.0000000000e+00    0.0000000000e+00    0.0000000000e+00
   -4.8675328857e+07   -2.0317114453e+08   -3.7676140863e+06   -1.3196083888e+03   -5.1033112888e+03   -1.6517539772e+02    7.5795870000e+19    5.9015372273e-05    1.0000000000e+00    0.0000000000e+00    0.0000000000e+00
   -4.2375488372e+07   -1.0563410816e+08    1.7643173622e+06   -1.1090949959e+03   -2.3749435955e+03   -1.4417525575e+01    7.5795870000e+19    5.9015372273e-05    1.0000000000e+00    0.0000000000e+00    0.0000000000e+00
   -4.9905946178e+07   -2.3522307408e+08    5.7712731146e+06   -1.4066477253e+03   -6.0395329841e+03    1.8164869640e+02    7.5795870000e+19    5.9015372273e-05    1.0000000000e+00    0.0000000000e+00    0.0000000000e+00
   -3.8422518012e+07   -1.8672067512e+08   -8.1340940695e+06   -1.0895907811e+03   -4.6995524814e+03   -1.5453845585e+02    7.5795870000e+19    5.9015372273e-05    1.0000000000e+00    0.0000000000e+00    0.0000000000e+00
   -4.4398703180e+07   -2.2510856840e+08   -2.6409110874e+06   -1.2816896509e+03   -5.7153791760e+03    3.3718848384e+01    7.5795870000e+19    5.9015372273e-05    1.0000000000e+00    0.0000000000e+00    0.0000000000e+00
   -4.8995544775e+07   -2.0959103733e+08    1.4153110929e+06   -1.3912637707e+03   -5.2678512219e+03    1.1034428542e+02    7.5795870000e+19    5.9015372273e-05    1.0000000000e+00    0.0000000000e+00    0.0000000000e+00
   -3.8138543087e+07   -1.8733446695e+08   -7.9854441662e+06   -1.1187689955e+03   -4.5933626098e+03   -7.9762712737e+01    7.5795870000e+19    5.9015372273e-05    1.0000000000e+00    0.0000000000e+00    0.0000000000e+00
   -2.5473485365e+07   -1.2943179468e+07   -5.4747004612e+05   -3.6207484346e+02    6.3422106363e+02   -4.8698702547e+00    7.5692920000e+19    5.8935214442e-05    1.0000000000e+00    0.0000000000e+00    0.0000000000e+00
   -3.8067157952e+07   -1.1013443170e+08    4.1475634262e+06   -1.0488798268e+03   -2.4590827184e+03    6.7752531090e+01    7.5589660000e+19    5.8854815241e-05    1.0000000000e+00    0.0000000000e+00    0.0000000000e+00
   -3.8227910791e+07   -6.8188720819e+07   -3.7951056215e+06   -9.8438828469e+02   -1.2734011966e+03   -1.1687296720e+02    7.5589660000e+19    5.8854815241e-05    1.0000000000e+00    0.0000000000e+00    0.0000000000e+00
   -3.9055349053e+07   -1.2358315583e+08    2.1520055651e+06   -1.0849036939e+03   -2.8721643919e+03   -3.0873861681e+00    7.5173340000e+19    5.8530664601e-05    1.0000000000e+00    0.0000000000e+00    0.0000000000e+00
   -5.6777730998e+07   -2.6090000429e+08    1.4075379253e+06   -1.6409336809e+03   -6.8797879600e+03    1.8266845289e+01    7.5173340000e+19    5.8530664601e-05    1.0000000000e+00    0.0000000000e+00    0.0000000000e+00
   -3.1555907985e+07   -3.4927669667e+07    6.1025242495e+06   -6.9020396145e+02   -1.8807907435e+02    1.4258236891e+02    7.5173340000e+19    5.8530664601e-05    1.0000000000e+00    0.0000000000e+00    0.0000000000e+00
   -4.1806704588e+07   -1.7844356531e+08   -4.3024636234e+06   -1.1758894212e+03   -4.4207683267e+03   -2.1760939538e+01    7.5173340000e+19    5.8530664601e-05    1.0000000000e+00    0.0000000000e+00    0.0000000000e+00
   -2.7262153352e+07   -8.7363097426e+06    8.8052629436e+05   -3.3518113743e+02    7.4514280915e+02    9.6374900287e+01    7.4963170000e+19    5.8367024276e-05    1.0000000000e+00    0.0000000000e+00    0.0000000000e+00
   -3.9303847119e+07   -2.0022828332e+08   -4.9460439280e+06   -1.1450587373e+03   -5.0050702385e+03   -1.4373026566e+01    7.4963170000e+19    5.8367024276e-05    1.0000000000e+00    0.0000000000e+00    0.0000000000e+00
   -3.9513135258e+07   -2.4256897407e+08    8.8937538210e+04   -1.2311715272e+03   -6.1876141159e+03    1.2493529211e+02    7.4963170000e+19    5.8367024276e-05    1.0000000000e+00    0.0000000000e+00    0.0000000000e+00
   -4.6137573360e+07   -2.1801421558e+08   -1.3254663276e+06   -1.3257667272e+03   -5.5065654462e+03   -1.4552818208e+02    7.4857580000e+19    5.8284810916e-05    1.0000000000e+00    0.0000000000e+00    0.0000000000e+00
   -5.1232775030e+07   -2.3942474348e+08   -5.1896310831e+04   -1.5042997025e+03   -6.0674165485e+03   -1.4538096691e+02    7.4538680000e+19    5.8036512398e-05    1.0000000000e+00    0.0000000000e+00    0.0000000000e+00
   -2.9324656864e+07   -1.4024616220e+08   -2.0048330011e+07   -8.5398825281e+02   -3.3440347933e+03   -3.9902294213e+02    7.4538680000e+19    5.8036512398e-05    1.0000000000e+00    0.0000000000e+00    0.0000000000e+00
   -5.1363850231e+07   -2.6505306823e+08    3.7797853759e+07   -1.4495797661e+03   -6.6922407994e+03    7.0132460035e+02    7.4324280000e+19    5.7869578555e-05    1.0000000000e+00    0.0000000000e+00    0.0000000000e+00
   -4.8124912131e+07   -2.0768360337e+08   -3.1474905396e+06   -1.3816372171e+03   -5.2221708479e+03   -1.8716074088e+02    7.4216530000e+19    5.7785683399e-05    1.0000000000e+00    0.0000000000e+00    0.0000000000e+00
   -2.2627950893e+07   -6.3323640551e+07   -1.8704404600e+06   -6.4331919389e+02   -1.0798237378e+03    5.9191397801e+01    7.4216530000e+19    5.7785683399e-05    1.0000000000e+00    0.0000000000e+00    0.0000000000e+00
   -3.7602430099e+07   -8.2111214665e+07    2.6937762702e+06   -1.0093710431e+03   -1.6671440892e+03    1.8571597073e+02    7.4108410000e+19    5.7701500157e-05    1.0000000000e+00    0.0000000000e+00    0.0000000000e+00
   -4.0247155287e+07   -6.9127639520e+07    2.5164756912e+06   -1.0000366095e+03   -1.3335289293e+03    8.7038631039e+01    7.4108410000e+19    5.7701500157e-05    1.0000000000e+00    0.0000000000e+00    0.0000000000e+00
   -4.8962224869e+07   -2.3518620695e+08    2.6316348582e+06   -1.4395399652e+03   -6.0245245977e+03    2.0407402509e+02    7.4108410000e+19    5.7701500157e-05    1.0000000000e+00    0.0000000000e+00    0.0000000000e+00
   -4.0990090117e+07   -2.3602120257e+08   -1.4927365372e+06   -1.2455637329e+03   -6.0116049963e+03    1.0757697416e+02    7.4108410000e+19    5.7701500157e-05    1.0000000000e+00    0.0000000000e+00    0.0000000000e+00
   -5.1221731944e+07   -2.0613352615e+08   -4.4965377023e+06   -1.3862007782e+03   -5.1659509177e+03   -1.8181038850e+02    7.3891020000e+19    5.7532238273e-05    1.0000000000e+00    0.0000000000e+00    0.0000000000e+00
   -4.0885089346e+07   -1.2946397086e+08   -9.8844246975e+06   -1.1453516800e+03   -3.0481693200e+03   -2.7911359850e+02    7.3891020000e+19    5.7532238273e-05    1.0000000000e+00    0.0000000000e+00    0.0000000000e+00
   -2.3048276379e+07   -1.6819763137e+08    7.4625782759e+06   -7.3554293659e+02   -4.1260052131e+03    1.0641923259e+02    7.3891020000e+19    5.7532238273e-05    1.0000000000e+00    0.0000000000e+00    0.0000000000e+00
   -5.1587733011e+07   -1.3103464556e+08    2.8627062643e+07   -1.3885648572e+03   -3.1025768653e+03    5.8829295722e+02    7.3891020000e+19    5.7532238273e-05    1.0000000000e+00    0.0000000000e+00    0.0000000000e+00
   -3.2690817253e+07   -3.1853784097e+07   -4.8382966510e+06   -7.4437020538e+02   -9.3920626568e+01   -1.4193418745e+02    7.3891020000e+19    5.7532238273e-05    1.0000000000e+00    0.0000000000e+00    0.0000000000e+00
   -4.3793736512e+07   -1.0118258355e+08    5.7696565923e+07   -1.1799787636e+03   -2.3044218753e+03    1.2641321662e+03    7.3891020000e+19    5.7532238273e-05    1.0000000000e+00    0.0000000000e+00    0.0000000000e+00
   -5.0524543380e+07   -1.9826215797e+08    8.0015851666e+06   -1.4468345088e+03   -4.9580659947e+03    2.0135543958e+02    7.3891020000e+19    5.7532238273e-05    1.0000000000e+00    0.0000000000e+00    0.0000000000e+00
   -3.0714932780e+07   -9.3718796090e+07    1.2329469390e+07   -8.7378253541e+02   -2.0135814556e+03    3.3725122863e+02    7.3891020000e+19    5.7532238273e-05    1.0000000000e+00    0.0000000000e+00    0.0000000000e+00
   -3.9733075521e+07   -1.5283559719e+08   -5.7068346190e+06   -1.1181220475e+03   -3.7022344487e+03   -5.5019049806e+01    7.3891020000e+19    5.7532238273e-05    1.0000000000e+00    0.0000000000e+00    0.0000000000e+00
   -4.0318976988e+07   -2.5918516911e+07   -2.0542047240e+07   -8.1984264958e+02   -6.1790613069e+00   -3.3226712338e+02    2.8081250000e+19    2.1864323513e-05    0.0000000000e+00    1.0000000000e+00    0.0000000000e+00
   -1.3268120061e+07   -1.1397268884e+07    5.4271677515e+06   -2.1886896252e+02    8.3230165446e+02   -1.5290878427e+02    2.8050520000e+19    2.1840396848e-05    0.0000000000e+00    1.0000000000e+00    0.0000000000e+00
   -4.9546843816e+07   -1.0252578197e+08    1.2945600449e+07   -1.2747208833e+03   -2.2878701051e+03    2.7621085171e+02    2.8019810000e+19    2.1816485755e-05    0.0000000000e+00    1.0000000000e+00    0.0000000000e+00
   -5.1447476783e+07   -1.0531653541e+08   -4.8132581426e+06   -1.3261866653e+03   -2.3649985373e+03   -1.0576948626e+02    2.7713630000e+19    2.1578091148e-05    0.0000000000e+00    1.0000000000e+00    0.0000000000e+00
   -5.2366710083e+07   -1.2962332171e+08   -1.6567703698e+07   -1.3876189120e+03   -3.0601627629e+03   -3.5905323376e+02    2.7713630000e+19    2.1578091148e-05    0.0000000000e+00    1.0000000000e+00    0.0000000000e+00
   -3.8485091098e+07   -3.1408612101e+07   -3.0478439879e+06   -7.7837358270e+02   -1.1750279012e+02   -7.4355673573e+01    2.7469820000e+19    2.1388258405e-05    0.0000000000e+00    1.0000000000e+00    0.0000000000e+00
   -3.2581967633e+07   -8.1664881015e+07   -3.5458675850e+07   -8.7220300532e+02   -1.6934500181e+03   -7.4226476968e+02    2.7439400000e+19    2.1364573109e-05    0.0000000000e+00    1.0000000000e+00    0.0000000000e+00
   -2.9882357177e+07   -1.2664238283e+07    3.8969028420e+06   -4.1453891638e+02    5.6741915066e+02   -5.9097142808e+01    2.7317890000e+19    2.1269964288e-05    0.0000000000e+00    1.0000000000e+00    0.0000000000e+00
   -5.9621167448e+07   -1.8321503248e+08   -7.3264048216e+05   -1.5673668620e+03   -4.5490056162e+03   -6.8796634936e+00    2.7166270000e+19    2.1151911540e-05    0.0000000000e+00    1.0000000000e+00    0.0000000000e+00
   -6.7952332350e+07   -1.4714280722e+08   -6.2330975338e+07   -1.7928862348e+03   -3.5638559799e+03   -1.4777740626e+03    2.7105700000e+19    2.1104751172e-05    0.0000000000e+00    1.0000000000e+00    0.0000000000e+00
   -4.8972777357e+07   -4.7441273369e+07   -3.0832449645e+07   -1.1710436784e+03   -7.3647497680e+02   -5.4974319042e+02    2.7105700000e+19    2.1104751172e-05    0.0000000000e+00    1.0000000000e+00    0.0000000000e+00
   -4.9036814784e+07   -2.0076284920e+07   -1.3115755898e+07   -9.5550255794e+02    1.2560392805e+02   -2.3494093279e+02    2.7014940000e+19    2.1034084588e-05    0.0000000000e+00    1.0000000000e+00    0.0000000000e+00
   -7.5357535714e+07   -7.7413386494e+07   -2.0967510545e+07   -1.8739589547e+03   -1.6264104275e+03   -4.5358311969e+02    2.6984700000e+19    2.1010539442e-05    0.0000000000e+00    1.0000000000e+00    0.0000000000e+00
   -7.4734433982e+07   -1.8121469549e+08   -2.4328227790e+07   -1.9571803310e+03   -4.4868698701e+03   -5.7125396839e+02    2.6984700000e+19    2.1010539442e-05    0.0000000000e+00    1.0000000000e+00    0.0000000000e+00
   -5.8014068674e+07   -6.9273321390e+07   -1.3975514780e+07   -1.4242431068e+03   -1.3503452958e+03   -2.4617216795e+02    2.6984700000e+19    2.1010539442e-05    0.0000000000e+00    1.0000000000e+00    0.0000000000e+00
   -7.8300364269e+07   -2.1063460052e+08    4.4963297816e+07   -2.0533942769e+03   -5.2669278994e+03    1.0483917897e+03    2.6743180000e+19    2.0822489714e-05    0.0000000000e+00    1.0000000000e+00    0.0000000000e+00
   -8.1240721585e+07   -1.0697968870e+08    1.3407993790e+07   -2.0705199873e+03   -2.4496212526e+03    3.2053116191e+02    2.6743180000e+19    2.0822489714e-05    0.0000000000e+00    1.0000000000e+00    0.0000000000e+00
   -5.9814109593e+07   -6.1856472787e+07    1.8104708428e+07   -1.4412082393e+03   -1.1450930692e+03    3.6469499466e+02    2.6682880000e+19    2.0775539571e-05    0.0000000000e+00    1.0000000000e+00    0.0000000000e+00
   -4.2030086641e+07   -2.4781718577e+08   -1.1349918622e+08   -1.1851751641e+03   -6.2111851675e+03   -2.7611379769e+03    2.6682880000e+19    2.0775539571e-05    0.0000000000e+00    1.0000000000e+00    0.0000000000e+00
   -4.0691395932e+07   -1.2458092681e+08   -9.1760907234e+07   -1.1185826209e+03   -2.9713540678e+03   -2.1676455256e+03    2.6682880000e+19    2.0775539571e-05    0.0000000000e+00    1.0000000000e+00    0.0000000000e+00
   -4.2055905081e+07   -9.4787896095e+06    1.7509880782e+07   -6.9930920826e+02    4.5046490556e+02    1.5439963269e+02    2.6652750000e+19    2.0752080072e-05    0.0000000000e+00    1.0000000000e+00    0.0000000000e+00
   -6.2139240066e+07   -2.1152019885e+08   -2.7683169752e+07   -1.6555559515e+03   -5.3139998281e+03   -6.0091160612e+02    2.6562390000e+19    2.0681724932e-05    0.0000000000e+00    1.0000000000e+00    0.0000000000e+00
   -6.4307181979e+07   -5.7107372527e+07   -2.5030156501e+07   -1.5529705199e+03   -1.0459420322e+03   -4.5536356328e+02    2.6562390000e+19    2.0681724932e-05    0.0000000000e+00    1.0000000000e+00    0.0000000000e+00
   -5.3157302071e+06   -8.2220246041e+07   -7.7306734072e+07   -2.6504195246e+02   -1.8133272390e+03   -1.7096967209e+03    2.6502180000e+19    2.0634844864e-05    0.0000000000e+00    1.0000000000e+00    0.0000000000e+00
   -5.6821212212e+07   -5.3325234722e+07   -4.8382382391e+07   -1.3972342037e+03   -9.7664924124e+02   -9.7417121641e+02    2.6502180000e+19    2.0634844864e-05    0.0000000000e+00    1.0000000000e+00    0.0000000000e+00
   -6.1825914195e+07   -2.3517341011e+08   -2.1033754198e+07   -1.6362358713e+03   -5.9856142312e+03   -4.1900596182e+02    2.6442000000e+19    2.0587988154e-05    0.0000000000e+00    1.0000000000e+00    0.0000000000e+00
   -3.4806187168e+07   -1.8754565902e+08    6.2977227109e+07   -9.9544820637e+02   -4.6342404273e+03    1.4656735705e+03    2.6381850000e+19    2.0541154802e-05    0.0000000000e+00    1.0000000000e+00    0.0000000000e+00
   -5.6234655638e+07   -1.9065369112e+08    4.3093268207e+07   -1.5138202412e+03   -4.7254052028e+03    9.7226283772e+02    2.6381850000e+19    2.0541154802e-05    0.0000000000e+00    1.0000000000e+00    0.0000000000e+00
   -7.7378267841e+07   -2.8679846923e+08    3.1342113271e+07   -1.9448515470e+03   -7.1954996196e+03    4.8379879608e+02    2.6381850000e+19    2.0541154802e-05    0.0000000000e+00    1.0000000000e+00    0.0000000000e+00
   -4.9605246356e+07   -1.3655668187e+08   -1.4084656230e+07   -1.3189304416e+03   -3.2486161094e+03   -3.1621326632e+02    2.6351780000e+19    2.0517742019e-05    0.0000000000e+00    1.0000000000e+00    0.0000000000e+00
   -5.5269092194e+07   -2.7402500443e+08    7.8450730285e+06   -1.7397417409e+03   -7.3579614868e+03    2.1608735642e+02    2.6351780000e+19    2.0517742019e-05    0.0000000000e+00    1.0000000000e+00    0.0000000000e+00
   -7.3671453968e+07   -3.1284324984e+08    2.5192232650e+07   -1.8897212712e+03   -7.6853231768e+03    3.9728412471e+02    2.6321720000e+19    2.0494337022e-05    0.0000000000e+00    1.0000000000e+00    0.0000000000e+00
   -1.5295324863e+07   -5.3009740733e+07   -9.4305946085e+07   -5.0023279876e+02   -1.0902485187e+03   -2.0638366886e+03    2.6291660000e+19    2.0470932025e-05    0.0000000000e+00    1.0000000000e+00    0.0000000000e+00
   -4.2021604902e+06    1.8719332521e+07    1.8341118984e+07    8.5979020861e+01    1.3168036280e+03   -1.3092236853e+03    2.6261600000e+19    2.0447527029e-05    0.0000000000e+00    1.0000000000e+00    0.0000000000e+00
   -1.0562887870e+08   -3.3056874110e+08    3.0653171054e+07   -2.7013747619e+03   -8.2381923917e+03    7.0502864013e+02    2.6261600000e+19    2.0447527029e-05    0.0000000000e+00    1.0000000000e+00    0.0000000000e+00
   -1.0285337074e+08   -1.1788383330e+08    5.8458706657e+07   -2.6414746718e+03   -2.7987491270e+03    1.3463430991e+03    2.6201510000e+19    2.0400740393e-05    0.0000000000e+00    1.0000000000e+00    0.0000000000e+00
   -8.9639880152e+07   -1.1582590492e+08    5.4045875999e+07   -2.3060267126e+03   -2.7249536147e+03    1.2435737512e+03    2.6201510000e+19    2.0400740393e-05    0.0000000000e+00    1.0000000000e+00    0.0000000000e+00
   -4.3837852079e+06   -3.3738352174e+07   -4.8991161416e+07   -2.5446261895e+02   -3.6642037290e+02   -7.7712436744e+02    2.6201510000e+19    2.0400740393e-05    0.0000000000e+00    1.0000000000e+00    0.0000000000e+00
    3.2013678065e+07   -1.4769799677e+08   -1.3982262974e+08    6.7204589614e+02   -3.6271563195e+03   -3.4027784189e+03    2.6201510000e+19    2.0400740393e-05    0.0000000000e+00    1.0000000000e+00    0.0000000000e+00
    4.9623866487e+06    1.5617322790e+06   -3.7888673628e+07   -1.6820638286e+02    6.0018835172e+02    2.9067650448e+00    2.6171470000e+19    2.0377350969e-05    0.0000000000e+00    1.0000000000e+00    0.0000000000e+00
   -9.5660094836e+07   -3.2066043583e+08    3.7285600408e+07   -2.4530164132e+03   -7.9629016125e+03    8.0788073728e+02    2.6141430000e+19    2.0353961544e-05    0.0000000000e+00    1.0000000000e+00    0.0000000000e+00
   -4.1707808276e+07   -2.0809177446e+08   -3.6160603355e+07   -1.1763122553e+03   -5.2022655129e+03   -7.8222083958e+02    2.6141430000e+19    2.0353961544e-05    0.0000000000e+00    1.0000000000e+00    0.0000000000e+00
   -4.3561412616e+07    1.2285622049e+07   -8.1293518829e+05   -3.8692995711e+02    1.0062922017e+03   -3.5815275861e+01    2.5961290000e+19    2.0213702858e-05    0.0000000000e+00    1.0000000000e+00    0.0000000000e+00
   -9.6780916986e+07   -2.9171985561e+08    5.7535230592e+07   -2.4990316086e+03   -7.3079784962e+03    1.3012909133e+03    2.5931270000e+19    2.0190329006e-05    0.0000000000e+00    1.0000000000e+00    0.0000000000e+00
   -1.6917527387e+07   -1.4555850347e+08   -9.2103041120e+07   -5.5067417662e+02   -3.5292354575e+03   -2.1725134454e+03    2.5931270000e+19    2.0190329006e-05    0.0000000000e+00    1.0000000000e+00    0.0000000000e+00
   -9.5048401453e+07   -1.9480988809e+08    4.6568642240e+05   -2.4495768775e+03   -4.8509415082e+03    1.2882737900e+01    2.5901260000e+19    2.0166962939e-05    0.0000000000e+00    1.0000000000e+00    0.0000000000e+00
   -9.6085270897e+07   -2.5496089349e+08   -1.0482910246e+07   -2.3665180663e+03   -6.4766111354e+03   -1.9043567884e+02    2.5901260000e+19    2.0166962939e-05    0.0000000000e+00    1.0000000000e+00    0.0000000000e+00
   -9.3796607189e+07   -7.8578068936e+07   -2.9950736197e+07   -2.3395387080e+03   -1.7030434272e+03   -6.5466722180e+02    2.5901260000e+19    2.0166962939e-05    0.0000000000e+00    1.0000000000e+00    0.0000000000e+00
   -9.0525912731e+07   -8.6615473178e+07    1.2918763658e+07   -2.2568866711e+03   -1.9006030314e+03    2.8977645881e+02    2.5871250000e+19    2.0143596873e-05    0.0000000000e+00    1.0000000000e+00    0.0000000000e+00
   -9.9336971787e+07   -2.6538377177e+08    2.4848311962e+07   -2.4742915560e+03   -6.7190153125e+03    4.8875730472e+02    2.5841240000e+19    2.0120230807e-05    0.0000000000e+00    1.0000000000e+00    0.0000000000e+00
   -8.8757280001e+07   -9.9871954760e+07    1.3398174104e+07   -2.2483312773e+03   -2.2670297767e+03    2.7725387980e+02    2.5841240000e+19    2.0120230807e-05    0.0000000000e+00    1.0000000000e+00    0.0000000000e+00
   -4.0147101508e+07    2.0652823842e+07   -3.5976805631e+05   -1.3649216604e+02    1.1732609771e+03   -9.6500913629e+01    2.5841240000e+19    2.0120230807e-05    0.0000000000e+00    1.0000000000e+00    0.0000000000e+00
   -9.4658728660e+07   -1.3468402138e+08    3.4491277002e+06   -2.4280746810e+03   -3.2179530147e+03    9.1807168420e+01    2.5841240000e+19    2.0120230807e-05    0.0000000000e+00    1.0000000000e+00    0.0000000000e+00
   -6.6065968427e+07   -4.3024806724e+07   -9.4034361523e+06   -1.5144450606e+03   -6.2120380471e+02   -1.9621355535e+02    2.5841240000e+19    2.0120230807e-05    0.0000000000e+00    1.0000000000e+00    0.0000000000e+00
   -7.1628654035e+07   -1.3756034098e+08   -9.3088746392e+07   -1.8848079558e+03   -3.3186353726e+03   -2.2361893655e+03    2.5841240000e+19    2.0120230807e-05    0.0000000000e+00    1.0000000000e+00    0.0000000000e+00
   -1.2685471264e+08   -3.1129586756e+08    1.1139483499e+08   -3.3113490148e+03   -7.8194314636e+03    2.7474702584e+03    2.5781230000e+19    2.0073506460e-05    0.0000000000e+00    1.0000000000e+00    0.0000000000e+00
   -3.2591260614e+07   -2.2692449083e+08    1.2740274197e+08   -9.4268945305e+02   -5.6726671126e+03    3.1213721911e+03    2.5721220000e+19    2.0026782114e-05    0.0000000000e+00    1.0000000000e+00    0.0000000000e+00
   -1.1087932088e+08   -3.4426911646e+08   -7.4617609492e+06   -2.8465524540e+03   -8.5812645168e+03   -1.3697493234e+02    2.5721220000e+19    2.0026782114e-05    0.0000000000e+00    1.0000000000e+00    0.0000000000e+00
   -6.1228777172e+06    3.7308590643e+07    2.5244368500e+06    2.4169029704e+03    9.1529870275e+02    9.6836859991e+01    2.5721220000e+19    2.0026782114e-05    0.0000000000e+00    1.0000000000e+00    0.0000000000e+00
   -9.6865564600e+06   -2.0130271259e+08    1.2146124584e+08   -3.7061923764e+02   -5.0035082063e+03    2.9531269644e+03    2.5631200000e+19    1.9956691701e-05    0.0000000000e+00    1.0000000000e+00    0.0000000000e+00
   -4.9628743154e+07   -2.3865332767e+08    5.9427643623e+07   -1.3736966147e+03   -5.9932051076e+03    1.3524966125e+03    2.5631200000e+19    1.9956691701e-05    0.0000000000e+00    1.0000000000e+00    0.0000000000e+00
   -7.7323556250e+07   -1.7786475562e+07    1.3540191867e+07   -1.7020226622e+03   -1.1188872353e+01    2.0130695670e+02    2.5631200000e+19    1.9956691701e-05    0.0000000000e+00    1.0000000000e+00    0.0000000000e+00
   -6.9498551241e+07   -6.1894634938e+07   -3.6309601316e+06   -1.6687479218e+03   -1.1613385304e+03   -5.6961429629e+01    2.5631200000e+19    1.9956691701e-05    0.0000000000e+00    1.0000000000e+00    0.0000000000e+00
   -4.7607861388e+07   -1.7734723839e+08   -9.9955520108e+07   -1.3055712879e+03   -4.3726913144e+03   -2.4116735820e+03    2.5601200000e+19    1.9933333421e-05    0.0000000000e+00    1.0000000000e+00    0.0000000000e+00
   -1.1743838518e+08   -2.1232163168e+08   -9.6324113120e+07   -3.0553287559e+03   -5.2826012093e+03   -2.3421298076e+03    2.5571190000e+19    1.9909967355e-05    0.0000000000e+00    1.0000000000e+00    0.0000000000e+00
    2.8480769527e+06   -3.3318014596e+07    7.5216483799e+07   -1.1231142823e+02   -5.6598004631e+02    1.4389486481e+03    2.5541190000e+19    1.9886609074e-05    0.0000000000e+00    1.0000000000e+00    0.0000000000e+00
   -7.1307929271e+07   -5.5349288346e+07    2.7354936546e+07   -1.7123420222e+03   -1.0135046115e+03    5.4720970932e+02    2.5541190000e+19    1.9886609074e-05    0.0000000000e+00    1.0000000000e+00    0.0000000000e+00
   -7.5662290788e+07   -2.0753992155e+08    1.0844643588e+07   -1.9585922007e+03   -5.2097939024e+03    2.2368049119e+02    2.5541190000e+19    1.9886609074e-05    0.0000000000e+00    1.0000000000e+00    0.0000000000e+00
   -9.9262344189e+07   -1.8148910101e+08   -2.9174013263e+06   -2.5604082123e+03   -4.4933757922e+03   -4.9666649192e+01    2.5541190000e+19    1.9886609074e-05    0.0000000000e+00    1.0000000000e+00    0.0000000000e+00
   -8.2689806811e+07   -3.0155971686e+08   -3.6251234640e+07   -2.0944444768e+03   -7.5217662859e+03   -6.9686265555e+02    2.5541190000e+19    1.9886609074e-05    0.0000000000e+00    1.0000000000e+00    0.0000000000e+00
   -5.6019131801e+07   -2.3406959515e+08   -3.5644695215e+07   -1.5166504473e+03   -5.8928559308e+03   -7.4152958858e+02    2.5541190000e+19    1.9886609074e-05    0.0000000000e+00    1.0000000000e+00    0.0000000000e+00
   -7.6288911498e+07   -2.4628228582e+08   -4.5090450354e+07   -1.9979766127e+03   -6.2261362056e+03   -9.9245107248e+02    2.5541190000e+19    1.9886609074e-05    0.0000000000e+00    1.0000000000e+00    0.0000000000e+00
   -3.0068296145e+07    1.7954193886e+06    3.4051799284e+06   -2.3815071501e+02    1.0419594490e+03    1.2380791095e+01    2.5533150000e+19    1.9880349055e-05    0.0000000000e+00    1.0000000000e+00    0.0000000000e+00
   -2.7453413949e+07   -3.1911347626e+08   -3.1387859297e+07   -8.9844760636e+02   -7.9177689216e+03   -6.2051883519e+02    2.5533150000e+19    1.9880349055e-05    0.0000000000e+00    1.0000000000e+00    0.0000000000e+00
   -5.3526260240e+07    7.1459398813e+06   -7.4833394593e+06   -8.0551534587e+02    7.3024186232e+02    9.5453035700e+01    2.5511180000e+19    1.9863243008e-05    0.0000000000e+00    1.0000000000e+00    0.0000000000e+00
   -1.3266942501e+07   -1.2085486238e+08    4.4944176397e+07   -4.6228396195e+02   -2.8184461825e+03    9.8035189620e+02    2.5498440000e+19    1.9853323525e-05    0.0000000000e+00    1.0000000000e+00    0.0000000000e+00
   -3.2476150633e+07   -5.2914818141e+07   -4.9804510551e+06   -8.8115272072e+02   -7.7171179357e+02   -1.1570706544e+02    2.5498440000e+19    1.9853323525e-05    0.0000000000e+00    1.0000000000e+00    0.0000000000e+00
   -9.5785614013e+07   -3.0170606714e+08   -2.7935932730e+07   -2.3782079828e+03   -7.5060420532e+03   -5.3396078482e+02    2.5498440000e+19    1.9853323525e-05    0.0000000000e+00    1.0000000000e+00    0.0000000000e+00
   -9.3954997445e+07   -2.2063027934e+08   -4.9773382123e+07   -2.4396601887e+03   -5.5202660001e+03   -1.1435017241e+03    2.5481170000e+19    1.9839876942e-05    0.0000000000e+00    1.0000000000e+00    0.0000000000e+00
   -8.8063732101e+07   -2.8598308393e+08   -9.7749584416e+07   -2.3233946496e+03   -7.1680299762e+03   -2.3646214996e+03    2.5481170000e+19    1.9839876942e-05    0.0000000000e+00    1.0000000000e+00    0.0000000000e+00
    2.3422849773e+07   -2.0477999611e+07   -5.7964917321e+07    2.6370320222e+02   -1.3612342364e+02   -9.6099455934e+02    2.5481170000e+19    1.9839876942e-05    0.0000000000e+00    1.0000000000e+00    0.0000000000e+00
   -4.9193991041e+07   -9.4716705585e+07   -8.0612141346e+07   -1.3115936495e+03   -2.1638376590e+03   -1.8325353358e+03    2.5481170000e+19    1.9839876942e-05    0.0000000000e+00    1.0000000000e+00    0.0000000000e+00
   -4.9459350747e+07   -2.0960352217e+08    7.8469884815e+05   -1.3359429214e+03   -5.2787936367e+03    5.8679826718e+01    2.5463970000e+19    1.9826484861e-05    0.0000000000e+00    1.0000000000e+00    0.0000000000e+00
   -7.8825495598e+07   -3.1819718843e+08    1.0275633565e+07   -1.9677694552e+03   -7.7451616093e+03    9.4440313260e+01    2.5463970000e+19    1.9826484861e-05    0.0000000000e+00    1.0000000000e+00    0.0000000000e+00
   -4.4313986103e+07   -2.2034480512e+08   -1.3106127167e+03   -1.2959599144e+03   -5.5814759220e+03    1.2970373735e+02    2.5463970000e+19    1.9826484861e-05    0.0000000000e+00    1.0000000000e+00    0.0000000000e+00
   -4.9679286727e+07   -1.2422162556e+08    1.0989692241e+08   -1.3469220471e+03   -2.9835807099e+03    2.6126824409e+03    2.5451160000e+19    1.9816510876e-05    0.0000000000e+00    1.0000000000e+00    0.0000000000e+00
   -4.5810765119e+07   -1.5575348567e+08    2.0405002704e+06   -1.2663511593e+03   -3.7971295170e+03    4.3308298169e+01    2.5429740000e+19    1.9799833064e-05    0.0000000000e+00    1.0000000000e+00    0.0000000000e+00
   -3.2792307158e+07   -3.2091944047e+08    7.2828503234e+06   -1.0754107844e+03   -7.8671061888e+03    6.0225669360e+01    2.5429740000e+19    1.9799833064e-05    0.0000000000e+00    1.0000000000e+00    0.0000000000e+00
   -1.7660834027e+08   -3.2966775489e+08    1.2626509265e+07   -4.5416681023e+03   -8.2688404643e+03    2.9450008203e+02    2.5429740000e+19    1.9799833064e-05    0.0000000000e+00    1.0000000000e+00    0.0000000000e+00
    1.2567912174e+06   -1.4742489861e+08   -3.5234039878e+07   -1.3711868352e+02   -3.5548138326e+03   -7.6100886711e+02    2.5429740000e+19    1.9799833064e-05    0.0000000000e+00    1.0000000000e+00    0.0000000000e+00
   -9.9402484696e+07   -3.3492660306e+08   -6.4937366366e+06   -2.5336919714e+03   -8.2664379109e+03   -1.2038683322e+02    2.5429740000e+19    1.9799833064e-05    0.0000000000e+00    1.0000000000e+00    0.0000000000e+00
   -3.6964849869e+07   -2.5328567793e+08   -5.6907281159e+07   -1.0900425981e+03   -6.3494016802e+03   -1.2539030716e+03    2.5429740000e+19    1.9799833064e-05    0.0000000000e+00    1.0000000000e+00    0.0000000000e+00
   -1.0980738548e+07   -1.6971329516e+08    1.3106148666e+07   -4.3720428237e+02   -4.1568751725e+03    2.2856807939e+02    2.5395740000e+19    1.9773360346e-05    0.0000000000e+00    1.0000000000e+00    0.0000000000e+00
   -2.0426250971e+07   -2.0128332621e+08    5.4741706795e+07   -6.6138309616e+02   -5.0039661829e+03    1.2509018764e+03    2.5395740000e+19    1.9773360346e-05    0.0000000000e+00    1.0000000000e+00    0.0000000000e+00
   -4.0259634999e+07   -1.4227845487e+08   -2.7926141669e+06   -1.1273088948e+03   -3.4084531782e+03   -9.2737498458e+01    2.5395740000e+19    1.9773360346e-05    0.0000000000e+00    1.0000000000e+00    0.0000000000e+00
   -3.3716747548e+07   -3.0158865451e+08    3.4607098816e+07   -1.0760144301e+03   -7.4933173480e+03    6.4584197696e+02    2.5395740000e+19    1.9773360346e-05    0.0000000000e+00    1.0000000000e+00    0.0000000000e+00
   -5.9298849340e+07   -2.6369175346e+08    8.0809306247e+06   -1.7184783873e+03   -6.9910549743e+03    1.4568296492e+02    2.5395740000e+19    1.9773360346e-05    0.0000000000e+00    1.0000000000e+00    0.0000000000e+00
   -2.5950397279e+07   -1.6193452555e+07    3.6733515094e+06   -4.7257799822e+02    5.2304149092e+02    1.6746520551e+02    2.5395740000e+19    1.9773360346e-05    0.0000000000e+00    1.0000000000e+00    0.0000000000e+00
   -9.9625267690e+07   -2.7456810982e+08   -1.0571374736e+08   -2.6177184732e+03   -6.8798192488e+03   -2.5494793673e+03    2.5361970000e+19    1.9747066709e-05    0.0000000000e+00    1.0000000000e+00    0.0000000000e+00
   -5.4397001136e+07   -9.8732485630e+07    1.0223489086e+08   -1.4519062102e+03   -2.3146110087e+03    2.3764861421e+03    2.5361120000e+19    1.9746404891e-05    0.0000000000e+00    1.0000000000e+00    0.0000000000e+00
   -8.6216854923e+07   -1.4474941152e+08    9.9197664556e+07   -2.2568403376e+03   -3.5277345449e+03    2.3713446407e+03    2.5361120000e+19    1.9746404891e-05    0.0000000000e+00    1.0000000000e+00    0.0000000000e+00
   -2.6370303223e+07   -1.7880791563e+08    1.3232683163e+08   -7.8936492897e+02   -4.4299752022e+03    3.2116824457e+03    2.5361120000e+19    1.9746404891e-05    0.0000000000e+00    1.0000000000e+00    0.0000000000e+00
   -9.7225120730e+07   -2.0674292313e+08    6.0661109901e+07   -2.5335016878e+03   -5.1524127372e+03    1.4243360330e+03    2.5361120000e+19    1.9746404891e-05    0.0000000000e+00    1.0000000000e+00    0.0000000000e+00
   -4.8813075695e+07   -2.4477233076e+08   -5.3861663804e+05   -1.3272170475e+03   -6.2954373031e+03   -3.3999133702e+01    2.5361120000e+19    1.9746404891e-05    0.0000000000e+00    1.0000000000e+00    0.0000000000e+00
   -1.2980323037e+08   -2.0980258497e+08   -3.7202206993e+07   -3.3297974336e+03   -5.2188247683e+03   -8.8545535792e+02    2.5361120000e+19    1.9746404891e-05    0.0000000000e+00    1.0000000000e+00    0.0000000000e+00
   -3.8148367745e+07   -2.2479606304e+08    6.1277754328e+06   -1.1685513970e+03   -5.7028157428e+03    2.3136239619e+02    2.5328410000e+19    1.9720936579e-05    0.0000000000e+00    1.0000000000e+00    0.0000000000e+00
   -1.0931169543e+07   -8.1114614791e+06   -4.8246767434e+07   -3.4234077692e+02    2.7390051882e+02   -4.9570159360e+02    2.5328410000e+19    1.9720936579e-05    0.0000000000e+00    1.0000000000e+00    0.0000000000e+00
    2.3966635570e+07   -8.8742248604e+07   -1.4838476906e+08    4.5661821078e+02   -2.1247725826e+03   -3.5579427813e+03    2.5328410000e+19    1.9720936579e-05    0.0000000000e+00    1.0000000000e+00    0.0000000000e+00
   -2.7074409350e+06   -5.7580673409e+06    1.3201959685e+07   -1.9431549925e+02    1.0282585474e+03   -3.3552028568e+02    2.5301090000e+19    1.9699664972e-05    0.0000000000e+00    1.0000000000e+00    0.0000000000e+00
   -8.4702162866e+07   -2.5161816752e+08    8.7848944871e+05   -2.0858819766e+03   -6.4602679279e+03   -2.7968991256e+01    2.5301090000e+19    1.9699664972e-05    0.0000000000e+00    1.0000000000e+00    0.0000000000e+00
   -1.1877740099e+08   -2.3085217973e+08   -2.1099035834e+07   -3.0249932506e+03   -5.7870622646e+03   -5.0204689078e+02    2.5301090000e+19    1.9699664972e-05    0.0000000000e+00    1.0000000000e+00    0.0000000000e+00
   -7.8221682631e+06   -2.2725085178e+07   -4.5298293250e+06   -3.0896003273e+02    4.0712534232e+02   -1.6152452045e+02    2.5295080000e+19    1.9694985530e-05    0.0000000000e+00    1.0000000000e+00    0.0000000000e+00
    1.0964878719e+07   -1.5278736950e+08    9.5179090208e+07    1.2729873385e+02   -3.7290272465e+03    2.2492088884e+03    2.5295080000e+19    1.9694985530e-05    0.0000000000e+00    1.0000000000e+00    0.0000000000e+00
   -4.4914897094e+07   -2.4157189202e+08   -1.3670727441e+08   -1.2589683839e+03   -6.0516501017e+03   -3.3338390880e+03    2.5261950000e+19    1.9669190203e-05    0.0000000000e+00    1.0000000000e+00    0.0000000000e+00
   -8.6067072732e+07   -3.1933651483e+08   -3.5096926076e+07   -2.2140759919e+03   -7.9062495161e+03   -7.0579338559e+02    2.5261950000e+19    1.9669190203e-05    0.0000000000e+00    1.0000000000e+00    0.0000000000e+00
    5.5415973442e+07   -8.9336209012e+07    1.0851718432e+08    1.2235324376e+03   -2.1021926585e+03    2.5697235727e+03    2.5241030000e+19    1.9652901695e-05    0.0000000000e+00    1.0000000000e+00    0.0000000000e+00
   -1.1102049109e+08   -2.2961334184e+08    1.4358149122e+07   -2.8196892097e+03   -5.7615932296e+03    3.1964347544e+02    2.5241030000e+19    1.9652901695e-05    0.0000000000e+00    1.0000000000e+00    0.0000000000e+00
   -5.1303445909e+07   -1.8478249961e+08   -3.7784393584e+07   -1.3891584518e+03   -4.5714145848e+03   -8.4898356442e+02    2.5211000000e+19    1.9629520057e-05    0.0000000000e+00    1.0000000000e+00    0.0000000000e+00
   -6.6331883776e+07   -3.2751777143e+08   -5.0184067414e+07   -1.7754967623e+03   -8.1609180197e+03   -1.1094265843e+03    2.5211000000e+19    1.9629520057e-05    0.0000000000e+00    1.0000000000e+00    0.0000000000e+00
   -2.8224989861e+07    2.7780451752e+07    2.2942266865e+06    5.3925530619e+02    1.3672599062e+03    2.4171714237e+02    2.5211000000e+19    1.9629520057e-05    0.0000000000e+00    1.0000000000e+00    0.0000000000e+00
   -2.7173714543e+07   -1.3522016990e+08    8.3388405503e+05   -8.2984898327e+02   -3.2105274593e+03   -5.4801713540e+01    2.5196320000e+19    1.9618090072e-05    0.0000000000e+00    1.0000000000e+00    0.0000000000e+00
   -4.1170555421e+07   -2.0752860977e+08    3.6642238470e+05   -1.2218519101e+03   -5.2247562639e+03    8.6033583030e+01    2.5196320000e+19    1.9618090072e-05    0.0000000000e+00    1.0000000000e+00    0.0000000000e+00
   -5.7343250811e+07   -2.8959901332e+08    4.2395949837e+06   -2.4814328409e+03   -6.9199388840e+03    2.2330846812e+02    2.5196320000e+19    1.9618090072e-05    0.0000000000e+00    1.0000000000e+00    0.0000000000e+00
   -2.1925592911e+07    2.5674718093e+07   -1.0244359958e+06    8.6117984121e+02    1.5013673367e+03   -3.3126357417e+02    2.5180970000e+19    1.9606138418e-05    0.0000000000e+00    1.0000000000e+00    0.0000000000e+00
   -2.8387940488e+07    2.9765495382e+07   -2.9465676476e+06    5.4858572739e+02    1.3587076488e+03    1.4498203474e+02    2.5180970000e+19    1.9606138418e-05    0.0000000000e+00    1.0000000000e+00    0.0000000000e+00
   -1.0673857157e+08   -1.6932902009e+08   -2.5766432225e+07   -2.7496062670e+03   -4.1613365196e+03   -5.9728783154e+02    2.5180970000e+19    1.9606138418e-05    0.0000000000e+00    1.0000000000e+00    0.0000000000e+00
   -6.7740945913e+07   -2.5331375962e+07   -1.3829823851e+06   -1.4542953836e+03   -1.4310141562e+02    2.7641063836e+01    2.5180970000e+19    1.9606138418e-05    0.0000000000e+00    1.0000000000e+00    0.0000000000e+00
   -1.0046460118e+08   -2.4493278865e+08   -4.2214952941e+07   -2.5787992089e+03   -6.1703698193e+03   -9.6901615213e+02    2.5180970000e+19    1.9606138418e-05    0.0000000000e+00    1.0000000000e+00    0.0000000000e+00
   -9.4150384391e+07   -2.7822067516e+08   -4.9888888290e+07   -2.4132627297e+03   -6.9769852789e+03   -1.0949344044e+03    2.5180970000e+19    1.9606138418e-05    0.0000000000e+00    1.0000000000e+00    0.0000000000e+00
   -7.8461662160e+07   -3.7896600956e+08    1.4821202799e+08   -2.1016618111e+03   -9.5363660090e+03    3.6761982289e+03    2.5131490000e+19    1.9567612828e-05    0.0000000000e+00    1.0000000000e+00    0.0000000000e+00
   -5.1568013201e+07   -1.9831216157e+08    5.3842490335e+06   -1.4520066136e+03   -4.9803281292e+03    9.4271694539e+01    2.5131490000e+19    1.9567612828e-05    0.0000000000e+00    1.0000000000e+00    0.0000000000e+00
   -2.5325349632e+07   -3.7287571222e+07    7.2713732855e+06   -6.8063272938e+02   -2.3973346009e+02    1.5989743144e+02    2.5131490000e+19    1.9567612828e-05    0.0000000000e+00    1.0000000000e+00    0.0000000000e+00
   -6.8078832570e+07   -3.1976126416e+08    9.5583040177e+06   -1.7788866239e+03   -7.7159239288e+03    1.0025535774e+02    2.5131490000e+19    1.9567612828e-05    0.0000000000e+00    1.0000000000e+00    0.0000000000e+00
    3.2003618104e+06   -1.5571571125e+08   -1.6078219636e+06   -1.0243097684e+02   -3.7773021748e+03    4.0759717779e+01    2.5131490000e+19    1.9567612828e-05    0.0000000000e+00    1.0000000000e+00    0.0000000000e+00
   -9.4333512174e+07   -3.0530100008e+08   -4.4920120470e+07   -2.4187063072e+03   -7.6111887864e+03   -9.4858252820e+02    2.5131490000e+19    1.9567612828e-05    0.0000000000e+00    1.0000000000e+00    0.0000000000e+00
   -2.1889990579e+07   -2.6051895393e+08   -2.3150849321e+07   -7.9915890751e+02   -6.5868122306e+03   -4.1133660354e+02    2.5131490000e+19    1.9567612828e-05    0.0000000000e+00    1.0000000000e+00    0.0000000000e+00
    1.8182443692e+07   -2.3670094482e+08   -8.6567835798e+07    3.0203884967e+02   -5.9168225436e+03   -2.0604417588e+03    2.5131490000e+19    1.9567612828e-05    0.0000000000e+00    1.0000000000e+00    0.0000000000e+00
   -5.2184149000e+07   -2.1090058227e+08   -7.4285163657e+06   -1.4496854378e+03   -5.3303608412e+03   -1.9935354329e+02    2.5099370000e+19    1.9542603896e-05    0.0000000000e+00    1.0000000000e+00    0.0000000000e+00
   -2.6967029939e+07   -5.5173730951e+07   -1.1349070131e+07   -7.2411509135e+02   -8.4207713726e+02   -3.2993875762e+02    2.5099370000e+19    1.9542603896e-05    0.0000000000e+00    1.0000000000e+00    0.0000000000e+00
   -3.0688524921e+07   -2.7250759752e+08    1.5929469878e+07   -1.0833772938e+03   -6.8916809615e+03    1.7229688279e+02    2.5099370000e+19    1.9542603896e-05    0.0000000000e+00    1.0000000000e+00    0.0000000000e+00
   -6.2337576286e+07   -2.9295181541e+08    1.2405539406e+08   -1.6922284706e+03   -7.3510679294e+03    3.0154861455e+03    2.5099370000e+19    1.9542603896e-05    0.0000000000e+00    1.0000000000e+00    0.0000000000e+00
   -3.7991979807e+07   -1.5581165560e+08    4.0596337997e+06   -1.0904794044e+03   -3.7916276533e+03    1.3813614769e+02    2.5099370000e+19    1.9542603896e-05    0.0000000000e+00    1.0000000000e+00    0.0000000000e+00
   -2.4956524130e+07   -4.1706022089e+07    6.9123409099e+06   -6.5429153281e+02   -3.7641384848e+02    1.9253583032e+02    2.5099370000e+19    1.9542603896e-05    0.0000000000e+00    1.0000000000e+00    0.0000000000e+00
   -4.5870721862e+07   -2.1613388673e+08    1.0109818336e+07   -1.3417474723e+03   -5.4752317945e+03    2.9013905980e+02    2.5099370000e+19    1.9542603896e-05    0.0000000000e+00    1.0000000000e+00    0.0000000000e+00
   -8.5050230905e+05   -1.4708063034e+08   -1.6444126897e+07   -1.7633972505e+02   -3.5387672883e+03   -3.2825825828e+02    2.5099370000e+19    1.9542603896e-05    0.0000000000e+00    1.0000000000e+00    0.0000000000e+00
   -3.5086732194e+07   -4.9821560314e+07    1.0076432424e+08   -9.6002033287e+02   -1.0501190649e+03    2.2226253576e+03    2.5090840000e+19    1.9535962358e-05    0.0000000000e+00    1.0000000000e+00    0.0000000000e+00
   -8.7960920951e+07   -1.6553170834e+08    6.5261540683e+07   -2.2939021345e+03   -4.0588660700e+03    1.5356310489e+03    2.5090840000e+19    1.9535962358e-05    0.0000000000e+00    1.0000000000e+00    0.0000000000e+00
   -9.0659152603e+07   -3.1712524847e+08    5.0049588618e+07   -2.3483334924e+03   -7.8901637521e+03    1.1055433909e+03    2.5067430000e+19    1.9517735114e-05    0.0000000000e+00    1.0000000000e+00    0.0000000000e+00
    2.2755764268e+07   -2.1218237568e+08   -6.0073142742e+07    4.0477920893e+02   -5.2984781331e+03   -1.4040347395e+03    2.5067430000e+19    1.9517735114e-05    0.0000000000e+00    1.0000000000e+00    0.0000000000e+00
    9.0152618814e+06   -7.6066645972e+07   -5.0070194116e+06   -2.0976100989e+01   -1.4957715947e+03   -2.0222092255e+02    2.5004100000e+19    1.9468425784e-05    0.0000000000e+00    1.0000000000e+00    0.0000000000e+00
    2.6748702042e+07   -1.3485482931e+08    3.4800433378e+07    4.7147272024e+02   -3.2286603221e+03    7.4540909050e+02    2.5004100000e+19    1.9468425784e-05    0.0000000000e+00    1.0000000000e+00    0.0000000000e+00
   -4.6142951475e+07   -1.1997295373e+08    1.5269592565e+06   -1.2435351086e+03   -2.7917183686e+03   -2.4477795189e+01    2.5004100000e+19    1.9468425784e-05    0.0000000000e+00    1.0000000000e+00    0.0000000000e+00
   -8.6889193765e+07   -2.4826377998e+08   -2.6913256645e+06   -2.1535215160e+03   -6.3557461737e+03   -7.9933701892e+01    2.5004100000e+19    1.9468425784e-05    0.0000000000e+00    1.0000000000e+00    0.0000000000e+00
   -6.7052495273e+07   -1.3348991011e+08   -1.6349314081e+07   -1.7415000988e+03   -3.1667441841e+03   -3.4812852594e+02    2.5004100000e+19    1.9468425784e-05    0.0000000000e+00    1.0000000000e+00    0.0000000000e+00
   -1.0435154268e+08   -3.5111968166e+08    1.8192307086e+07   -2.6930274722e+03   -8.7128820829e+03    4.2789482382e+02    2.5004100000e+19    1.9468425784e-05    0.0000000000e+00    1.0000000000e+00    0.0000000000e+00
   -1.5906727018e+08   -3.6231888049e+08    2.0168726490e+07   -4.1046973723e+03   -9.0902678288e+03    5.2894860956e+02    2.5004100000e+19    1.9468425784e-05    0.0000000000e+00    1.0000000000e+00    0.0000000000e+00
   -9.3162336185e+06   -2.8533523047e+08   -4.9427236932e+07   -4.3057906717e+02   -7.1472743272e+03   -1.0838893509e+03    2.5004100000e+19    1.9468425784e-05    0.0000000000e+00    1.0000000000e+00    0.0000000000e+00
   -5.0060120151e+07   -1.2613903842e+08   -1.9209660878e+08   -1.3749434436e+03   -3.1150816713e+03   -4.7172494044e+03    2.5000670000e+19    1.9465755154e-05    0.0000000000e+00    1.0000000000e+00    0.0000000000e+00
    3.4483693995e+07   -1.6697037243e+08   -1.2016701775e+08    7.1269327381e+02   -4.1357100036e+03   -2.8921982132e+03    2.4972700000e+19    1.9443977451e-05    0.0000000000e+00    1.0000000000e+00    0.0000000000e+00
   -7.7140638266e+07   -3.4994000515e+08   -5.9597866970e+07   -2.0474050867e+03   -8.7268088009e+03   -1.3958512505e+03    2.4972700000e+19    1.9443977451e-05    0.0000000000e+00    1.0000000000e+00    0.0000000000e+00
   -4.3173764529e+07   -2.5005671518e+08   -4.0862009174e+06   -1.3528507556e+03   -6.4272835809e+03   -2.2578643294e+02    2.4941470000e+19    1.9419661481e-05    0.0000000000e+00    1.0000000000e+00    0.0000000000e+00
   -1.1690334374e+08   -1.6900447456e+08   -4.8032542752e+07   -3.0166459510e+03   -4.1566934932e+03   -1.1291663684e+03    2.4940530000e+19    1.9418929589e-05    0.0000000000e+00    1.0000000000e+00    0.0000000000e+00
   -7.0007229605e+06   -2.3980235825e+07    8.6910853324e+07   -3.1237619296e+02   -3.6831269217e+02    1.7312189274e+03    2.4910450000e+19    1.9395509020e-05    0.0000000000e+00    1.0000000000e+00    0.0000000000e+00
   -1.0308150877e+08   -2.1310630630e+08    6.1038197733e+07   -2.6703602242e+03   -5.3136080733e+03    1.4502535660e+03    2.4910450000e+19    1.9395509020e-05    0.0000000000e+00    1.0000000000e+00    0.0000000000e+00
   -9.8813806456e+07   -1.6978299661e+08    5.2561916036e+07   -2.5605577733e+03   -4.1684250607e+03    1.2452847433e+03    2.4910450000e+19    1.9395509020e-05    0.0000000000e+00    1.0000000000e+00    0.0000000000e+00
   -3.0902516940e+06   -4.6352425487e+07   -1.2807943550e+08   -2.1829914002e+02   -1.0310847447e+03   -2.9364487460e+03    2.4910450000e+19    1.9395509020e-05    0.0000000000e+00    1.0000000000e+00    0.0000000000e+00
   -3.6486394010e+07   -1.6781614747e+08   -1.4879800731e+08   -1.0374595223e+03   -4.1533548993e+03   -3.6300418182e+03    2.4910450000e+19    1.9395509020e-05    0.0000000000e+00    1.0000000000e+00    0.0000000000e+00
   -1.0647683445e+08   -9.9948386515e+07   -1.4057358431e+07   -2.6811035299e+03   -2.2844814118e+03   -3.5081902628e+02    2.4880360000e+19    1.9372080665e-05    0.0000000000e+00    1.0000000000e+00    0.0000000000e+00
   -1.0368643855e+08   -1.4114746814e+08   -7.3849938498e+07   -2.6828349113e+03   -3.4211998022e+03   -1.7495263326e+03    2.4880360000e+19    1.9372080665e-05    0.0000000000e+00    1.0000000000e+00    0.0000000000e+00
   -1.0134844628e+08   -7.7612922297e+07    1.8455696698e+07   -2.5155764437e+03   -1.6786856212e+03    4.0903125153e+02    2.4850270000e+19    1.9348652310e-05    0.0000000000e+00    1.0000000000e+00    0.0000000000e+00
   -7.0155250544e+07   -5.5715576643e+07   -5.3965319235e+07   -1.7378000401e+03   -1.0940251100e+03   -1.1135082633e+03    2.4850270000e+19    1.9348652310e-05    0.0000000000e+00    1.0000000000e+00    0.0000000000e+00
    5.2609452884e+07   -1.9131331350e+08    1.4282969612e+08    1.1856473795e+03   -4.7699815811e+03    3.4954462959e+03    2.4818240000e+19    1.9323713453e-05    0.0000000000e+00    1.0000000000e+00    0.0000000000e+00
   -5.1168156639e+07   -2.1675880691e+08   -3.6438889988e+06   -1.4381798471e+03   -5.5009270985e+03   -9.1519992862e+01    2.4818240000e+19    1.9323713453e-05    0.0000000000e+00    1.0000000000e+00    0.0000000000e+00
    6.2327219928e+06    2.1074971979e+07    5.8651808935e+06   -9.3588745781e+02    2.8919019451e+03   -2.3388240502e+03    2.4818240000e+19    1.9323713453e-05    0.0000000000e+00    1.0000000000e+00    0.0000000000e+00
   -9.5551085590e+06   -2.4314225444e+08    1.7389543715e+08   -3.6800892550e+02   -6.0912910210e+03    4.2869825918e+03    2.4818240000e+19    1.9323713453e-05    0.0000000000e+00    1.0000000000e+00    0.0000000000e+00
   -5.5779302431e+07   -2.4343173392e+08    4.2035552015e+06   -1.5430575121e+03   -6.2741593926e+03    7.8047398641e+01    2.4818240000e+19    1.9323713453e-05    0.0000000000e+00    1.0000000000e+00    0.0000000000e+00
   -9.2131127954e+07   -3.9045106237e+08    4.0349045716e+07   -2.4286497765e+03   -9.7550303679e+03    9.7881039204e+02    2.4818240000e+19    1.9323713453e-05    0.0000000000e+00    1.0000000000e+00    0.0000000000e+00
    1.5124427506e+06   -3.1318886612e+07    1.5411945456e+06   -2.3850931216e+02    4.5761045983e+01    1.3932980350e+02    2.4818240000e+19    1.9323713453e-05    0.0000000000e+00    1.0000000000e+00    0.0000000000e+00
